0 0.20861244019138755 0.302020202020202 0.03349282296650718 0.302020202020202 0.03301435406698565 0.030303030303030304 0.20861244019138755 0.029292929292929294 0.20909090909090908 0.301010101010101 0.20861244019138755 0.302020202020202
0 0.23636363636363636 0.7484848484848485 0.15311004784688995 0.7484848484848485 0.15263157894736842 0.30303030303030304 0.20861244019138755 0.302020202020202 0.20909090909090908 0.3090909090909091 0.23636363636363636 0.3101010101010101 0.23684210526315788 0.6101010101010101 0.20956937799043063 0.6111111111111112 0.20909090909090908 0.6181818181818182 0.23636363636363636 0.6191919191919192 0.23684210526315788 0.7474747474747475 0.23636363636363636 0.7484848484848485
0 0.09473684210526316 0.6070707070707071 0.03349282296650718 0.6070707070707071 0.03301435406698565 0.3111111111111111 0.14832535885167464 0.3101010101010101 0.14880382775119616 0.5656565656565656 0.09569377990430622 0.5666666666666667 0.09521531100478468 0.6060606060606061 0.09473684210526316 0.6070707070707071
0 0.3196172248803828 0.6494949494949495 0.28421052631578947 0.6494949494949495 0.28373205741626795 0.6121212121212121 0.23732057416267943 0.6111111111111112 0.23684210526315788 0.3111111111111111 0.32248803827751193 0.3101010101010101 0.3229665071770335 0.4222222222222222 0.3220095693779904 0.42424242424242425 0.3220095693779904 0.5333333333333333 0.32105263157894737 0.5353535353535354 0.32105263157894737 0.6464646464646465 0.3196172248803828 0.6494949494949495
0 0.43732057416267944 0.6494949494949495 0.32057416267942584 0.6494949494949495 0.32105263157894737 0.5777777777777777 0.35406698564593303 0.5767676767676768 0.35454545454545455 0.5151515151515151 0.33779904306220093 0.5141414141414141 0.3373205741626794 0.5676767676767677 0.3215311004784689 0.5686868686868687 0.32105263157894737 0.5353535353535354 0.3220095693779904 0.5333333333333333 0.3220095693779904 0.42424242424242425 0.3229665071770335 0.4222222222222222 0.3229665071770335 0.3111111111111111 0.43732057416267944 0.3101010101010101 0.43779904306220097 0.6484848484848484 0.43732057416267944 0.6494949494949495
0 0.523444976076555 0.4818181818181818 0.4421052631578947 0.4818181818181818 0.4416267942583732 0.3111111111111111 0.523444976076555 0.3101010101010101 0.5239234449760766 0.4808080808080808 0.523444976076555 0.4818181818181818
0 0.5818181818181818 0.4393939393939394 0.5282296650717704 0.4393939393939394 0.5277511961722487 0.3111111111111111 0.5818181818181818 0.3101010101010101 0.5822966507177033 0.4383838383838384 0.5818181818181818 0.4393939393939394
0 0.6373205741626794 0.4818181818181818 0.5866028708133971 0.4818181818181818 0.5861244019138756 0.3111111111111111 0.6373205741626794 0.3101010101010101 0.6377990430622009 0.4808080808080808 0.6373205741626794 0.4818181818181818
0 0.7473684210526316 0.7363636363636363 0.6727272727272727 0.7363636363636363 0.6722488038277512 0.3111111111111111 0.7473684210526316 0.3101010101010101 0.7478468899521531 0.7353535353535353 0.7473684210526316 0.7363636363636363
0 0.730622009569378 0.5717171717171717 0.730622009569378 0.494949494949495 0.707177033492823 0.49393939393939396 0.7066985645933014 0.5717171717171717 0.7301435406698564 0.5727272727272728 0.730622009569378 0.5717171717171717
0 0.8832535885167464 0.6333333333333333 0.7521531100478469 0.6333333333333333 0.7516746411483254 0.3111111111111111 0.8832535885167464 0.3101010101010101 0.8837320574162679 0.6323232323232323 0.8832535885167464 0.6333333333333333
0 0.9435406698564593 0.7747474747474747 0.8880382775119617 0.7747474747474747 0.8875598086124402 0.3111111111111111 0.9722488038277513 0.3101010101010101 0.9727272727272728 0.7353535353535353 0.9444976076555024 0.7363636363636363 0.9440191387559809 0.7737373737373737 0.9435406698564593 0.7747474747474747
0 0.6373205741626794 0.6313131313131313 0.5282296650717704 0.6313131313131313 0.5277511961722487 0.4484848484848485 0.5818181818181818 0.44747474747474747 0.5822966507177033 0.4888888888888889 0.6373205741626794 0.4898989898989899 0.6377990430622009 0.6303030303030303 0.6373205741626794 0.6313131313131313
0 0.523444976076555 0.6898989898989899 0.4421052631578947 0.6898989898989899 0.4416267942583732 0.4909090909090909 0.523444976076555 0.4898989898989899 0.5239234449760766 0.6888888888888889 0.523444976076555 0.6898989898989899
0 0.7301435406698564 0.5727272727272728 0.707177033492823 0.5727272727272728 0.7066985645933014 0.494949494949495 0.7301435406698564 0.49393939393939396 0.730622009569378 0.5717171717171717 0.7301435406698564 0.5727272727272728
0 0.35406698564593303 0.5767676767676768 0.3215311004784689 0.5767676767676768 0.32105263157894737 0.5696969696969697 0.3368421052631579 0.5686868686868687 0.3373205741626794 0.5151515151515151 0.35406698564593303 0.5141414141414141 0.35454545454545455 0.5757575757575758 0.35406698564593303 0.5767676767676768
0 0.14832535885167464 0.8595959595959596 0.03349282296650718 0.8595959595959596 0.03301435406698565 0.6161616161616161 0.09856459330143541 0.6151515151515151 0.09904306220095693 0.5757575757575758 0.14832535885167464 0.5747474747474748 0.14880382775119616 0.8585858585858586 0.14832535885167464 0.8595959595959596
0 0.3397129186602871 0.8595959595959596 0.24114832535885167 0.8595959595959596 0.24066985645933014 0.6202020202020202 0.2794258373205742 0.6191919191919192 0.2799043062200957 0.6545454545454545 0.3397129186602871 0.6555555555555556 0.3401913875598086 0.8585858585858586 0.3397129186602871 0.8595959595959596
0 0.6373205741626794 0.8595959595959596 0.5282296650717704 0.8595959595959596 0.5277511961722487 0.6404040404040404 0.6373205741626794 0.6393939393939394 0.6377990430622009 0.8585858585858586 0.6373205741626794 0.8595959595959596
0 0.8038277511961722 0.7363636363636363 0.7521531100478469 0.7363636363636363 0.7516746411483254 0.6424242424242425 0.8038277511961722 0.6414141414141414 0.8043062200956937 0.7353535353535353 0.8038277511961722 0.7363636363636363
0 0.8832535885167464 0.7363636363636363 0.8086124401913876 0.7363636363636363 0.808133971291866 0.6424242424242425 0.8832535885167464 0.6414141414141414 0.8837320574162679 0.7353535353535353 0.8832535885167464 0.7363636363636363
0 0.43732057416267944 0.8595959595959596 0.3444976076555024 0.8595959595959596 0.34401913875598084 0.6565656565656566 0.43732057416267944 0.6555555555555556 0.43779904306220097 0.8585858585858586 0.43732057416267944 0.8595959595959596
0 0.523444976076555 0.8595959595959596 0.4421052631578947 0.8595959595959596 0.4416267942583732 0.6989898989898989 0.523444976076555 0.697979797979798 0.5239234449760766 0.8585858585858586 0.523444976076555 0.8595959595959596
0 0.18564593301435406 0.8595959595959596 0.15311004784688995 0.8595959595959596 0.15263157894736842 0.7575757575757576 0.18564593301435406 0.7565656565656566 0.1861244019138756 0.8585858585858586 0.18564593301435406 0.8595959595959596
0 0.23636363636363636 0.8595959595959596 0.19043062200956937 0.8595959595959596 0.18995215311004784 0.7575757575757576 0.23636363636363636 0.7565656565656566 0.23684210526315788 0.8585858585858586 0.23636363636363636 0.8595959595959596