0 0.16753022452504318 0.35744234800838576 0.05699481865284974 0.35744234800838576 0.05613126079447323 0.2641509433962264 0.16753022452504318 0.2631027253668763 0.16839378238341968 0.35639412997903563 0.16753022452504318 0.35744234800838576
0 0.38687392055267705 0.5188679245283019 0.17616580310880828 0.5188679245283019 0.17530224525043178 0.2641509433962264 0.38687392055267705 0.2631027253668763 0.38773747841105355 0.5178197064989518 0.38687392055267705 0.5188679245283019
0 0.8203799654576857 0.6446540880503144 0.3955094991364421 0.6446540880503144 0.3946459412780656 0.5262054507337526 0.39291882556131263 0.5241090146750524 0.39291882556131263 0.2641509433962264 0.7098445595854922 0.2631027253668763 0.7107081174438687 0.5178197064989518 0.8203799654576857 0.5188679245283019 0.8212435233160622 0.6436058700209644 0.8203799654576857 0.6446540880503144
0 0.9395509499136442 0.5125786163522013 0.7150259067357513 0.5125786163522013 0.7141623488773747 0.2641509433962264 0.9395509499136442 0.2631027253668763 0.9404145077720207 0.5115303983228512 0.9395509499136442 0.5125786163522013
0 0.16580310880829016 0.4790356394129979 0.06217616580310881 0.4790356394129979 0.0613126079447323 0.3689727463312369 0.16580310880829016 0.36792452830188677 0.16666666666666666 0.4779874213836478 0.16580310880829016 0.4790356394129979
0 0.21934369602763384 0.6509433962264151 0.05699481865284974 0.6509433962264151 0.05613126079447323 0.49056603773584906 0.16753022452504318 0.48951781970649894 0.16839378238341968 0.5241090146750524 0.21934369602763384 0.5251572327044025 0.22020725388601037 0.649895178197065 0.21934369602763384 0.6509433962264151
0 0.9395509499136442 0.6572327044025157 0.8255613126079447 0.6572327044025157 0.8246977547495682 0.519916142557652 0.9395509499136442 0.5188679245283019 0.9404145077720207 0.6561844863731656 0.9395509499136442 0.6572327044025157
0 0.3177892918825561 0.8438155136268344 0.18307426597582038 0.8438155136268344 0.18221070811744386 0.6582809224318659 0.22452504317789293 0.6572327044025157 0.22538860103626943 0.5262054507337526 0.39378238341968913 0.5251572327044025 0.3946459412780656 0.6477987421383647 0.31951640759930916 0.6488469601677149 0.31865284974093266 0.8427672955974843 0.3177892918825561 0.8438155136268344
0 0.7098445595854922 0.8438155136268344 0.32469775474956825 0.8438155136268344 0.3238341968911917 0.7966457023060797 0.31951640759930916 0.7955974842767296 0.31865284974093266 0.649895178197065 0.39378238341968913 0.6488469601677149 0.3955094991364421 0.6446540880503144 0.8203799654576857 0.6446540880503144 0.8212435233160622 0.6561844863731656 0.7115716753022453 0.6572327044025157 0.7107081174438687 0.8427672955974843 0.7098445595854922 0.8438155136268344
0 0.17616580310880828 0.8438155136268344 0.05699481865284974 0.8438155136268344 0.05613126079447323 0.6750524109014675 0.07944732297063903 0.6740041928721174 0.08031088082901554 0.6582809224318659 0.1381692573402418 0.6572327044025157 0.13903281519861832 0.6729559748427673 0.17616580310880828 0.6740041928721174 0.1770293609671848 0.8427672955974843 0.17616580310880828 0.8438155136268344
0 0.9395509499136442 0.8438155136268344 0.7150259067357513 0.8438155136268344 0.7141623488773747 0.6624737945492662 0.9395509499136442 0.6614255765199162 0.9404145077720207 0.8427672955974843 0.9395509499136442 0.8438155136268344