0 0.9767441860465116 0.4389179755671902 0.5384615384615384 0.4389179755671902 0.537567084078712 0.16928446771378708 0.9767441860465116 0.16841186736474695 0.9776386404293381 0.43804537521815007 0.9767441860465116 0.4389179755671902
0 0.4847942754919499 0.6378708551483421 0.044722719141323794 0.6378708551483421 0.04382826475849732 0.17102966841186737 0.4847942754919499 0.17015706806282724 0.4856887298747764 0.6369982547993019 0.4847942754919499 0.6378708551483421
0 0.8568872987477638 0.6378708551483421 0.5384615384615384 0.6378708551483421 0.537567084078712 0.4467713787085515 0.8568872987477638 0.44589877835951136 0.8577817531305904 0.6369982547993019 0.8568872987477638 0.6378708551483421
0 0.9767441860465116 0.5314136125654451 0.8658318425760286 0.5314136125654451 0.8649373881932021 0.4467713787085515 0.9767441860465116 0.44589877835951136 0.9776386404293381 0.5305410122164049 0.9767441860465116 0.5314136125654451
0 0.9767441860465116 0.7373472949389179 0.8658318425760286 0.7373472949389179 0.8649373881932021 0.5392670157068062 0.9767441860465116 0.5383944153577661 0.9776386404293381 0.6457242582897034 0.9373881932021467 0.6465968586387435 0.9364937388193202 0.6771378708551483 0.9767441860465116 0.6780104712041884 0.9776386404293381 0.7364746945898778 0.9767441860465116 0.7373472949389179
0 0.2808586762075134 0.800174520069808 0.16457960644007155 0.800174520069808 0.16368515205724507 0.6387434554973822 0.23971377459749552 0.6378708551483421 0.240608228980322 0.6422338568935427 0.2808586762075134 0.6431064572425829 0.2817531305903399 0.7993019197207679 0.2808586762075134 0.800174520069808
0 0.15742397137745975 0.7181500872600349 0.044722719141323794 0.7181500872600349 0.04382826475849732 0.643979057591623 0.15742397137745975 0.6431064572425829 0.15831842576028624 0.7172774869109948 0.15742397137745975 0.7181500872600349
0 0.4847942754919499 0.8909249563699826 0.2880143112701252 0.8909249563699826 0.28711985688729874 0.643979057591623 0.4847942754919499 0.6431064572425829 0.4856887298747764 0.8900523560209425 0.4847942754919499 0.8909249563699826
0 0.8568872987477638 0.8909249563699826 0.5384615384615384 0.8909249563699826 0.537567084078712 0.6457242582897034 0.8568872987477638 0.6448516579406631 0.8577817531305904 0.8900523560209425 0.8568872987477638 0.8909249563699826
0 0.15742397137745975 0.8909249563699826 0.044722719141323794 0.8909249563699826 0.04382826475849732 0.7260034904013961 0.15742397137745975 0.725130890052356 0.15831842576028624 0.8900523560209425 0.15742397137745975 0.8909249563699826
0 0.9695885509838998 0.8856893542757417 0.8694096601073346 0.8856893542757417 0.868515205724508 0.7486910994764397 0.9695885509838998 0.7478184991273996 0.9704830053667263 0.8848167539267016 0.9695885509838998 0.8856893542757417
0 0.2808586762075134 0.8909249563699826 0.16457960644007155 0.8909249563699826 0.16368515205724507 0.806282722513089 0.2808586762075134 0.8054101221640488 0.2817531305903399 0.8900523560209425 0.2808586762075134 0.8909249563699826