0 0.4675 0.23406193078324225 0.0675 0.23406193078324225 0.06625 0.03278688524590164 0.4675 0.031876138433515486 0.46875 0.2331511839708561 0.4675 0.23406193078324225
0 0.675 0.1284153005464481 0.56 0.1284153005464481 0.55875 0.03460837887067395 0.675 0.033697632058287796 0.67625 0.12750455373406194 0.675 0.1284153005464481
0 0.9625 0.21584699453551912 0.6875 0.21584699453551912 0.68625 0.03460837887067395 0.9625 0.033697632058287796 0.96375 0.21493624772313297 0.9625 0.21584699453551912
0 0.6775 0.28506375227686703 0.56 0.28506375227686703 0.55875 0.1366120218579235 0.6775 0.13570127504553733 0.67875 0.28415300546448086 0.6775 0.28506375227686703
0 0.9625 0.31420765027322406 0.6875 0.31420765027322406 0.68625 0.2222222222222222 0.9625 0.22131147540983606 0.96375 0.3132969034608379 0.9625 0.31420765027322406
0 0.2375 0.43989071038251365 0.1475 0.43989071038251365 0.14625 0.37522768670309653 0.0675 0.3743169398907104 0.06625 0.25136612021857924 0.105 0.25045537340619306 0.10625 0.23497267759562843 0.4675 0.23406193078324225 0.46875 0.3151183970856102 0.35 0.31602914389799636 0.3475 0.31785063752276865 0.24 0.31785063752276865 0.23875 0.43897996357012753 0.2375 0.43989071038251365
0 0.765 0.4854280510018215 0.5625 0.4854280510018215 0.56125 0.3879781420765027 0.55875 0.3861566484517304 0.55875 0.29143897996357016 0.6775 0.290528233151184 0.67875 0.3205828779599271 0.765 0.3214936247723133 0.76625 0.48451730418943534 0.765 0.4854280510018215
0 0.4675 0.4854280510018215 0.2475 0.4854280510018215 0.24625 0.3224043715846995 0.3475 0.3214936247723133 0.35 0.3233151183970856 0.4675 0.3233151183970856 0.46875 0.48451730418943534 0.4675 0.4854280510018215
0 0.9625 0.4854280510018215 0.775 0.4854280510018215 0.77375 0.3224043715846995 0.9625 0.3214936247723133 0.96375 0.48451730418943534 0.9625 0.4854280510018215
0 0.1375 0.4854280510018215 0.0675 0.4854280510018215 0.06625 0.3806921675774135 0.1375 0.3797814207650273 0.13875 0.48451730418943534 0.1375 0.4854280510018215
0 0.2325 0.4854280510018215 0.1475 0.4854280510018215 0.14625 0.44808743169398907 0.2325 0.4471766848816029 0.23375 0.48451730418943534 0.2325 0.4854280510018215
0 0.1525 0.9626593806921676 0.0575 0.9626593806921676 0.05625 0.7905282331511839 0.1525 0.7896174863387978 0.15375 0.9617486338797814 0.1525 0.9626593806921676