0 0.16938110749185667 0.6096296296296296 0.019001085776330078 0.6096296296296296 0.018729641693811076 0.11851851851851852 0.16938110749185667 0.11777777777777777 0.16965255157437567 0.6088888888888889 0.16938110749185667 0.6096296296296296
0 0.21444082519001087 0.8451851851851852 0.1764386536373507 0.8451851851851852 0.1761672095548317 0.6251851851851852 0.19218241042345277 0.6244444444444445 0.19245385450597177 0.6103703703703703 0.1764386536373507 0.6096296296296296 0.1761672095548317 0.27555555555555555 0.24647122692725298 0.2748148148148148 0.24674267100977199 0.6088888888888889 0.20846905537459284 0.6096296296296296 0.20819761129207384 0.6237037037037036 0.21444082519001087 0.6244444444444445 0.21471226927252987 0.8444444444444444 0.21444082519001087 0.8451851851851852
0 0.3463626492942454 0.8451851851851852 0.31976112920738325 0.8451851851851852 0.31948968512486425 0.6251851851851852 0.3333333333333333 0.6244444444444445 0.3336047774158523 0.6103703703703703 0.250814332247557 0.6096296296296296 0.250542888165038 0.27555555555555555 0.36807817589576547 0.2748148148148148 0.36834961997828447 0.6088888888888889 0.3561346362649294 0.6096296296296296 0.3558631921824104 0.72 0.34310532030401736 0.7207407407407408 0.34283387622149836 0.7822222222222223 0.3463626492942454 0.782962962962963 0.3466340933767644 0.8444444444444444 0.3463626492942454 0.8451851851851852
0 0.47068403908794787 0.8451851851851852 0.3469055374592834 0.8451851851851852 0.3466340933767644 0.7837037037037037 0.34609120521172637 0.7822222222222223 0.34609120521172637 0.7333333333333333 0.36862106406080347 0.7325925925925926 0.3688925081433225 0.6251851851851852 0.3735070575461455 0.6244444444444445 0.3737785016286645 0.6103703703703703 0.3732356134636265 0.6088888888888889 0.3732356134636265 0.27555555555555555 0.47068403908794787 0.2748148148148148 0.47095548317046687 0.8444444444444444 0.47068403908794787 0.8451851851851852
0 0.3743213897937025 0.39111111111111113 0.3743213897937025 0.38666666666666666 0.3737785016286645 0.38666666666666666 0.3737785016286645 0.39111111111111113 0.3743213897937025 0.39111111111111113
0 0.8789359391965255 0.7266666666666667 0.7839305103148752 0.7266666666666667 0.7836590662323561 0.64 0.742128121606949 0.6392592592592593 0.74185667752443 0.6311111111111111 0.6872964169381107 0.6303703703703704 0.6870249728555917 0.6192592592592593 0.6802388707926167 0.6185185185185185 0.6799674267100977 0.6296296296296297 0.6264929424538545 0.6303703703703704 0.6262214983713354 0.5214814814814814 0.6796959826275787 0.5207407407407407 0.6799674267100977 0.5318518518518518 0.6867535287730727 0.5325925925925926 0.6870249728555917 0.2814814814814815 0.8496199782844734 0.28074074074074074 0.8498914223669924 0.5644444444444444 0.8534201954397395 0.5651851851851852 0.8536916395222585 0.2814814814814815 0.8789359391965255 0.28074074074074074 0.8792073832790445 0.5644444444444444 0.8827361563517915 0.5651851851851852 0.8830076004343105 0.5096296296296297 0.9104234527687296 0.5088888888888888 0.9106948968512486 0.6325925925925926 0.8398479913137894 0.6333333333333333 0.8398479913137894 0.6348148148148148 0.8789359391965255 0.6348148148148148 0.8792073832790445 0.725925925925926 0.8789359391965255 0.7266666666666667
0 0.9820846905537459 0.5 0.8832790445168295 0.5 0.8830076004343105 0.2814814814814815 0.9820846905537459 0.28074074074074074 0.9823561346362649 0.49925925925925924 0.9820846905537459 0.5
0 0.6243213897937026 0.6303703703703704 0.5320304017372421 0.6303703703703704 0.5317589576547231 0.28296296296296297 0.6796959826275787 0.2822222222222222 0.6799674267100977 0.5096296296296297 0.6248642779587406 0.5103703703703704 0.6245928338762216 0.6296296296296297 0.6243213897937026 0.6303703703703704
0 0.9820846905537459 0.6333333333333333 0.9142236699239956 0.6333333333333333 0.9139522258414766 0.5096296296296297 0.9820846905537459 0.5088888888888888 0.9823561346362649 0.6325925925925926 0.9820846905537459 0.6333333333333333
0 0.16938110749185667 0.8451851851851852 0.019001085776330078 0.8451851851851852 0.018729641693811076 0.6251851851851852 0.16938110749185667 0.6244444444444445 0.16965255157437567 0.8444444444444444 0.16938110749185667 0.8451851851851852
0 0.2698154180238871 0.6881481481481482 0.2182410423452769 0.6881481481481482 0.21796959826275789 0.6251851851851852 0.2698154180238871 0.6244444444444445 0.2700868621064061 0.6874074074074074 0.2698154180238871 0.6881481481481482
0 0.3127035830618892 0.8451851851851852 0.2736156351791531 0.8451851851851852 0.2733441910966341 0.6251851851851852 0.3127035830618892 0.6244444444444445 0.3129750271444082 0.8444444444444444 0.3127035830618892 0.8451851851851852
0 0.6796959826275787 0.8525925925925926 0.5320304017372421 0.8525925925925926 0.5317589576547231 0.64 0.6796959826275787 0.6392592592592593 0.6799674267100977 0.8518518518518519 0.6796959826275787 0.8525925925925926
0 0.8018458197611292 0.8525925925925926 0.6872964169381107 0.8525925925925926 0.6870249728555917 0.64 0.7833876221498371 0.6392592592592593 0.7836590662323561 0.725925925925926 0.7842019543973942 0.7274074074074074 0.7842019543973942 0.7362962962962963 0.8018458197611292 0.737037037037037 0.8021172638436482 0.8518518518518519 0.8018458197611292 0.8525925925925926
0 0.9820846905537459 0.8525925925925926 0.8832790445168295 0.8525925925925926 0.8830076004343105 0.642962962962963 0.9820846905537459 0.6422222222222222 0.9823561346362649 0.8518518518518519 0.9820846905537459 0.8525925925925926
0 0.2698154180238871 0.8451851851851852 0.2182410423452769 0.8451851851851852 0.21796959826275789 0.7007407407407408 0.2698154180238871 0.7 0.2700868621064061 0.8444444444444444 0.2698154180238871 0.8451851851851852
0 0.8403908794788274 0.8303703703703704 0.8067318132464713 0.8303703703703704 0.8064603691639523 0.7377777777777778 0.8403908794788274 0.737037037037037 0.8406623235613464 0.8296296296296296 0.8403908794788274 0.8303703703703704
0 0.8789359391965255 0.8525925925925926 0.8447339847991314 0.8525925925925926 0.8444625407166124 0.7377777777777778 0.8789359391965255 0.737037037037037 0.8792073832790445 0.8518518518518519 0.8789359391965255 0.8525925925925926