0 0.9365303244005642 0.221875 0.844851904090268 0.221875 0.8441466854724965 0.055 0.9365303244005642 0.054375 0.9372355430183357 0.22125 0.9365303244005642 0.221875
0 0.24118476727785615 0.498125 0.09167842031029619 0.498125 0.09097320169252468 0.2425 0.24400564174894218 0.241875 0.2447108603667137 0.42625 0.24188998589562766 0.4275 0.24188998589562766 0.4975 0.24118476727785615 0.498125
0 0.5077574047954866 0.448125 0.2552891396332863 0.448125 0.2545839210155148 0.2425 0.5077574047954866 0.241875 0.5084626234132581 0.4475 0.5077574047954866 0.448125
0 0.6995768688293371 0.448125 0.5190409026798307 0.448125 0.5183356840620592 0.2425 0.6995768688293371 0.241875 0.7002820874471086 0.4475 0.6995768688293371 0.448125
0 0.9365303244005642 0.519375 0.7108603667136812 0.519375 0.7101551480959097 0.2425 0.9365303244005642 0.241875 0.9372355430183357 0.51875 0.9365303244005642 0.519375
0 0.535966149506347 0.815625 0.2552891396332863 0.815625 0.2545839210155148 0.44875 0.41889985895627646 0.448125 0.41960507757404797 0.45625 0.535966149506347 0.456875 0.5366713681241185 0.49625 0.5458392101551481 0.496875 0.5465444287729196 0.59125 0.53737658674189 0.591875 0.5366713681241185 0.815 0.535966149506347 0.815625
0 0.6995768688293371 0.726875 0.5472496473906912 0.726875 0.5465444287729196 0.4975 0.5557122708039492 0.496875 0.5564174894217208 0.4575 0.6995768688293371 0.456875 0.7002820874471086 0.72625 0.6995768688293371 0.726875
0 0.24118476727785615 0.685625 0.09873060648801128 0.685625 0.09802538787023977 0.51 0.24118476727785615 0.509375 0.24188998589562766 0.685 0.24118476727785615 0.685625
0 0.8307475317348378 0.608125 0.7108603667136812 0.608125 0.7101551480959097 0.5275 0.8307475317348378 0.526875 0.8314527503526093 0.6075 0.8307475317348378 0.608125
0 0.9365303244005642 0.608125 0.840620592383639 0.608125 0.8399153737658674 0.5275 0.9365303244005642 0.526875 0.9372355430183357 0.6075 0.9365303244005642 0.608125
0 0.9365303244005642 0.815625 0.7108603667136812 0.815625 0.7101551480959097 0.61625 0.9365303244005642 0.615625 0.9372355430183357 0.815 0.9365303244005642 0.815625
0 0.24118476727785615 0.815625 0.09167842031029619 0.815625 0.09097320169252468 0.6975 0.24118476727785615 0.696875 0.24188998589562766 0.815 0.24118476727785615 0.815625
0 0.6995768688293371 0.815625 0.5472496473906912 0.815625 0.5465444287729196 0.73375 0.6995768688293371 0.733125 0.7002820874471086 0.815 0.6995768688293371 0.815625