0 0.39853300733496333 0.26859504132231404 0.27791361043194784 0.26859504132231404 0.2775061124694376 0.11216056670602124 0.28687856560717195 0.1115702479338843 0.28728606356968217 0.053128689492325853 0.378158109209454 0.0525383707201889 0.37856560717196414 0.11097992916174734 0.39853300733496333 0.1115702479338843 0.3989405052974735 0.2680047225501771 0.39853300733496333 0.26859504132231404
0 0.2632436837815811 0.307556080283353 0.13447432762836187 0.307556080283353 0.13406682966585168 0.11216056670602124 0.27709861450692747 0.1115702479338843 0.2775061124694376 0.2680047225501771 0.26405867970660146 0.26859504132231404 0.2636511817440913 0.3069657615112161 0.2632436837815811 0.307556080283353
0 0.7881010594947025 0.3181818181818182 0.7074164629176855 0.3181818181818182 0.7070089649551752 0.2892561983471074 0.7025264873675632 0.2886658795749705 0.702118989405053 0.31759149940968123 0.5753871230643847 0.3181818181818182 0.5749796251018745 0.12278630460448642 0.7881010594947025 0.12219598583234947 0.7885085574572127 0.31759149940968123 0.7881010594947025 0.3181818181818182
0 0.8361858190709046 0.3181818181818182 0.7913610431947841 0.3181818181818182 0.7909535452322738 0.12278630460448642 0.8361858190709046 0.12219598583234947 0.8365933170334149 0.31759149940968123 0.8361858190709046 0.3181818181818182
0 0.39853300733496333 0.7325855962219598 0.26894865525672373 0.7325855962219598 0.2685411572942135 0.2727272727272727 0.39853300733496333 0.27213695395513576 0.3989405052974735 0.731995277449823 0.39853300733496333 0.7325855962219598
0 0.1947840260798696 0.5625737898465171 0.13447432762836187 0.5625737898465171 0.13406682966585168 0.31286894923258557 0.2632436837815811 0.3122786304604486 0.2636511817440913 0.4911452184179457 0.19885900570497148 0.49173553719008267 0.19845150774246129 0.4628099173553719 0.19559902200489 0.46221959858323497 0.1951915240423798 0.5619834710743802 0.1947840260798696 0.5625737898465171
0 0.8378158109209454 0.5425029515938606 0.6405867970660146 0.5425029515938606 0.6401792991035045 0.3837072018890201 0.5729421352893236 0.38311688311688313 0.5725346373268133 0.3234946871310508 0.8378158109209454 0.32290436835891384 0.8382233088834555 0.5419126328217237 0.8378158109209454 0.5425029515938606
0 0.6373268133659332 0.5425029515938606 0.5729421352893236 0.5425029515938606 0.5725346373268133 0.3872491145218418 0.6373268133659332 0.38665879574970485 0.6377343113284434 0.5419126328217237 0.6373268133659332 0.5425029515938606
0 0.2632436837815811 0.5625737898465171 0.19885900570497148 0.5625737898465171 0.19845150774246129 0.4970484061393152 0.2632436837815811 0.4964580873671783 0.2636511817440913 0.5619834710743802 0.2632436837815811 0.5625737898465171
0 0.7881010594947025 0.7432113341204251 0.5753871230643847 0.7432113341204251 0.5749796251018745 0.5466351829988194 0.7017114914425427 0.5460448642266824 0.702118989405053 0.5749704840613932 0.706601466992665 0.5755608028335301 0.7070089649551752 0.5466351829988194 0.7881010594947025 0.5460448642266824 0.7885085574572127 0.7426210153482881 0.7881010594947025 0.7432113341204251
0 0.8361858190709046 0.7432113341204251 0.7921760391198044 0.7432113341204251 0.7917685411572942 0.5466351829988194 0.8361858190709046 0.5460448642266824 0.8365933170334149 0.7426210153482881 0.8361858190709046 0.7432113341204251
0 0.21597392013039934 0.8518299881936245 0.15403422982885084 0.8518299881936245 0.15362673186634065 0.7331759149940968 0.13447432762836187 0.7325855962219598 0.13406682966585168 0.5667060212514758 0.1947840260798696 0.5661157024793388 0.1951915240423798 0.7355371900826446 0.21597392013039934 0.7361275088547816 0.21638141809290953 0.8512396694214877 0.21597392013039934 0.8518299881936245
0 0.2632436837815811 0.6357733175914995 0.19885900570497148 0.6357733175914995 0.19845150774246129 0.5667060212514758 0.2632436837815811 0.5661157024793388 0.2636511817440913 0.6351829988193625 0.2632436837815811 0.6357733175914995
0 0.22575387123064386 0.7325855962219598 0.19885900570497148 0.7325855962219598 0.19845150774246129 0.6399055489964581 0.2632436837815811 0.6393152302243211 0.2636511817440913 0.730814639905549 0.2265688671556642 0.731404958677686 0.22575387123064386 0.7325855962219598
0 0.2917685411572942 0.845926800472255 0.21923390383048086 0.845926800472255 0.21882640586797067 0.7390791027154664 0.22575387123064386 0.7384887839433294 0.22616136919315402 0.731995277449823 0.2632436837815811 0.731404958677686 0.2636511817440913 0.7390791027154664 0.2917685411572942 0.7396694214876033 0.2921760391198044 0.8453364817001181 0.2917685411572942 0.845926800472255
0 0.3773431132844336 0.8494687131050768 0.30073349633251834 0.8494687131050768 0.3003259983700082 0.7414403778040142 0.3773431132844336 0.7408500590318772 0.37775061124694376 0.8488783943329398 0.3773431132844336 0.8494687131050768