0 0.9139307897071872 0.22578083642138697 0.642413487133984 0.22578083642138697 0.6419698314108252 0.05029115934356802 0.9139307897071872 0.05002646903123346 0.9143744454303461 0.2255161461090524 0.9139307897071872 0.22578083642138697
0 0.9139307897071872 0.3178930651138168 0.642413487133984 0.3178930651138168 0.6419698314108252 0.22869242985706723 0.9139307897071872 0.22842773954473267 0.9143744454303461 0.31762837480148226 0.9139307897071872 0.3178930651138168
0 0.3087843833185448 0.49470619375330865 0.22981366459627328 0.49470619375330865 0.22937000887311446 0.4637374272101641 0.2546583850931677 0.46347273689782953 0.25510204081632654 0.46161990471148756 0.19698314108251996 0.461355214399153 0.19653948535936114 0.44415034409740606 0.12688553682342502 0.44388565378507144 0.1264418811002662 0.4499735309687665 0.032830523513753325 0.45023822128110114 0.0323868677905945 0.34303864478560087 0.3087843833185448 0.34277395447326625 0.30922803904170365 0.49444150344097404 0.3087843833185448 0.49470619375330865
0 0.12599822537710736 0.49311805187930124 0.032830523513753325 0.49311805187930124 0.0323868677905945 0.4526204340921122 0.12599822537710736 0.45235574377977766 0.1264418811002662 0.49285336156696663 0.12599822537710736 0.49311805187930124
0 0.225377107364685 0.49470619375330865 0.15705412599822538 0.49470619375330865 0.15661047027506655 0.4669137109581789 0.1960958296362023 0.46664902064584435 0.19653948535936114 0.4647961884595024 0.225377107364685 0.4645314981471678 0.22582076308784382 0.49444150344097404 0.225377107364685 0.49470619375330865
0 0.12599822537710736 0.5555849655902594 0.032830523513753325 0.5555849655902594 0.0323868677905945 0.49761778718898886 0.08074534161490683 0.4973530968766543 0.08118899733806566 0.49602964531498145 0.12067435669920142 0.4957649550026469 0.12111801242236025 0.49708840656431974 0.12599822537710736 0.4973530968766543 0.1264418811002662 0.5553202752779248 0.12599822537710736 0.5555849655902594
0 0.225377107364685 0.553996823716252 0.13575865128660158 0.553996823716252 0.13531499556344276 0.49761778718898886 0.225377107364685 0.4973530968766543 0.22582076308784382 0.5537321334039175 0.225377107364685 0.553996823716252
0 0.3336291038154392 0.8991529910005294 0.23513753327417924 0.8991529910005294 0.23469387755102042 0.5542615140285866 0.22981366459627328 0.553996823716252 0.22937000887311446 0.49761778718898886 0.3087843833185448 0.4973530968766543 0.30922803904170365 0.7474854420328216 0.3336291038154392 0.7477501323451562 0.33407275953859805 0.7575436739015352 0.35758651286601595 0.7578083642138698 0.3580301685891748 0.8020116463737427 0.3380656610470275 0.8022763366860773 0.33762200532386866 0.7946003176283748 0.33451641526175685 0.7943356273160402 0.33407275953859805 0.8988883006881948 0.3336291038154392 0.8991529910005294
0 0.22981366459627328 0.6593435680254103 0.032830523513753325 0.6593435680254103 0.0323868677905945 0.5574377977766014 0.22981366459627328 0.5571731074642668 0.2302573203194321 0.6590788777130757 0.22981366459627328 0.6593435680254103
0 0.735581188997338 0.8700370566437269 0.5572315882874889 0.8700370566437269 0.5567879325643301 0.7548967707781895 0.5714285714285714 0.754632080465855 0.5718722271517303 0.7458973001588142 0.3132209405501331 0.7456326098464796 0.31277728482697426 0.6310217046056115 0.735581188997338 0.6307570142932769 0.7360248447204969 0.8697723663313923 0.735581188997338 0.8700370566437269
0 0.9263531499556344 0.6979883536262573 0.7453416149068323 0.6979883536262573 0.7448979591836735 0.6850185283218634 0.7781721384205856 0.6847538380095288 0.7786157941437445 0.6617257808364214 0.743566992014197 0.6614610905240869 0.7431233362910381 0.6310217046056115 0.9263531499556344 0.6307570142932769 0.9267968056787933 0.6977236633139227 0.9263531499556344 0.6979883536262573
0 0.22981366459627328 0.73928004235045 0.032830523513753325 0.73928004235045 0.0323868677905945 0.6622551614610905 0.22981366459627328 0.661990471148756 0.2302573203194321 0.7390153520381154 0.22981366459627328 0.73928004235045
0 0.9263531499556344 0.8700370566437269 0.7364685004436557 0.8700370566437269 0.7360248447204969 0.7776601376389625 0.7444543034605147 0.7773954473266278 0.7448979591836735 0.7061937533086289 0.9263531499556344 0.7059290629962943 0.9267968056787933 0.8697723663313923 0.9263531499556344 0.8700370566437269
0 0.10204081632653061 0.7953943885653785 0.032830523513753325 0.7953943885653785 0.0323868677905945 0.7421916357861302 0.10204081632653061 0.7419269454737957 0.10248447204968944 0.7951296982530439 0.10204081632653061 0.7953943885653785
0 0.22981366459627328 0.7953943885653785 0.1064773735581189 0.7953943885653785 0.10603371783496007 0.7421916357861302 0.22981366459627328 0.7419269454737957 0.2302573203194321 0.7951296982530439 0.22981366459627328 0.7953943885653785
0 0.4392191659272405 0.8022763366860773 0.35847382431233366 0.8022763366860773 0.3580301685891748 0.7946003176283748 0.36202307009760426 0.7943356273160402 0.3624667258207631 0.7548967707781895 0.4392191659272405 0.754632080465855 0.43966282165039927 0.8020116463737427 0.4392191659272405 0.8022763366860773
0 0.551907719609583 0.8700370566437269 0.3380656610470275 0.8700370566437269 0.33762200532386866 0.8046585494970884 0.4427684117125111 0.8043938591847538 0.44321206743566993 0.7548967707781895 0.551907719609583 0.754632080465855 0.5523513753327418 0.8697723663313923 0.551907719609583 0.8700370566437269
0 0.22981366459627328 0.8700370566437269 0.032830523513753325 0.8700370566437269 0.0323868677905945 0.7977766013763896 0.22981366459627328 0.7975119110640551 0.2302573203194321 0.8697723663313923 0.22981366459627328 0.8700370566437269
0 0.90150842945874 0.9314452091053468 0.7595385980479148 0.9314452091053468 0.7590949423247559 0.8734780307040763 0.90150842945874 0.8732133403917417 0.9019520851818988 0.9311805187930122 0.90150842945874 0.9314452091053468