0 0.4688741721854305 0.3703374777975133 0.31390728476821195 0.3703374777975133 0.3132450331125828 0.3197158081705151 0.22913907284768212 0.3188277087033748 0.22847682119205298 0.369449378330373 0.07682119205298013 0.3703374777975133 0.076158940397351 0.3641207815275311 0.06887417218543046 0.3632326820603908 0.06821192052980132 0.07282415630550622 0.4688741721854305 0.0719360568383659 0.4695364238410596 0.369449378330373 0.4688741721854305 0.3703374777975133
0 0.15496688741721854 0.5195381882770871 0.0728476821192053 0.5195381882770871 0.07218543046357616 0.39431616341030196 0.15496688741721854 0.39342806394316165 0.15562913907284767 0.5186500888099467 0.15496688741721854 0.5195381882770871
0 0.3152317880794702 0.7984014209591475 0.2304635761589404 0.7984014209591475 0.22980132450331126 0.6163410301953819 0.2675496688741722 0.6154529307282416 0.2682119205298013 0.7015985790408525 0.271523178807947 0.7024866785079928 0.2721854304635762 0.6092362344582594 0.2304635761589404 0.6083481349911191 0.22980132450331126 0.5381882770870338 0.16158940397350993 0.5373001776198935 0.1609271523178808 0.39431616341030196 0.2675496688741722 0.39342806394316165 0.2682119205298013 0.42451154529307283 0.3152317880794702 0.42539964476021314 0.31589403973509933 0.7975133214920072 0.3152317880794702 0.7984014209591475
0 0.3152317880794702 0.4200710479573712 0.2728476821192053 0.4200710479573712 0.2721854304635762 0.39431616341030196 0.3152317880794702 0.39342806394316165 0.31589403973509933 0.4191829484902309 0.3152317880794702 0.4200710479573712
0 0.46357615894039733 0.6101243339253997 0.3218543046357616 0.6101243339253997 0.3211920529801324 0.39431616341030196 0.46357615894039733 0.39342806394316165 0.4642384105960265 0.6092362344582594 0.46357615894039733 0.6101243339253997
0 0.6781456953642384 0.5248667850799289 0.552317880794702 0.5248667850799289 0.5516556291390728 0.4920071047957371 0.5258278145695364 0.4911190053285968 0.5251655629139073 0.39431616341030196 0.6821192052980133 0.39342806394316165 0.6827814569536423 0.48845470692717585 0.6794701986754967 0.48934280639431615 0.6788079470198676 0.5239786856127886 0.6781456953642384 0.5248667850799289
0 0.9218543046357616 0.6190053285968028 0.6847682119205298 0.6190053285968028 0.6834437086092715 0.6172291296625222 0.6158940397350994 0.6172291296625222 0.6152317880794702 0.5310834813499112 0.6821192052980133 0.5301953818827708 0.6827814569536423 0.39431616341030196 0.9218543046357616 0.39342806394316165 0.9225165562913907 0.6181172291296625 0.9218543046357616 0.6190053285968028
0 0.15496688741721854 0.6083481349911191 0.0728476821192053 0.6083481349911191 0.07218543046357616 0.5275310834813499 0.15496688741721854 0.5266429840142096 0.15562913907284767 0.6074600355239786 0.15496688741721854 0.6083481349911191
0 0.6105960264900663 0.6172291296625222 0.5258278145695364 0.6172291296625222 0.5251655629139073 0.5310834813499112 0.6105960264900663 0.5301953818827708 0.6112582781456953 0.6163410301953819 0.6105960264900663 0.6172291296625222
0 0.223841059602649 0.6083481349911191 0.16158940397350993 0.6083481349911191 0.1609271523178808 0.5435168738898757 0.223841059602649 0.5426287744227354 0.22450331125827813 0.6074600355239786 0.223841059602649 0.6083481349911191
0 0.7695364238410596 0.8126110124333925 0.7390728476821192 0.8126110124333925 0.7384105960264901 0.7744227353463587 0.6847682119205298 0.7735346358792184 0.6841059602649007 0.6198934280639432 0.7695364238410596 0.6190053285968028 0.7701986754966887 0.7087033747779752 0.7920529801324503 0.7095914742451155 0.7927152317880795 0.7726465364120781 0.7708609271523179 0.7735346358792184 0.7701986754966887 0.8117229129662522 0.7695364238410596 0.8126110124333925
0 0.9218543046357616 0.8126110124333925 0.7748344370860927 0.8126110124333925 0.7741721854304636 0.7779751332149201 0.7973509933774835 0.7770870337477798 0.7980132450331126 0.7069271758436945 0.7748344370860927 0.7060390763765542 0.7741721854304636 0.6252220248667851 0.7960264900662252 0.6243339253996447 0.7966887417218543 0.6198934280639432 0.9218543046357616 0.6190053285968028 0.9225165562913907 0.8117229129662522 0.9218543046357616 0.8126110124333925
0 0.6781456953642384 0.8126110124333925 0.5271523178807948 0.8126110124333925 0.5264900662251656 0.6269982238010657 0.5251655629139073 0.6252220248667851 0.6781456953642384 0.6243339253996447 0.6788079470198676 0.8117229129662522 0.6781456953642384 0.8126110124333925
0 0.7337748344370861 0.8126110124333925 0.6847682119205298 0.8126110124333925 0.6841059602649007 0.7779751332149201 0.7337748344370861 0.7770870337477798 0.7344370860927152 0.8117229129662522 0.7337748344370861 0.8126110124333925