0 0.45357142857142857 0.2406855439642325 0.29464285714285715 0.2406855439642325 0.29375 0.04769001490312966 0.45357142857142857 0.04694485842026826 0.4544642857142857 0.2399403874813711 0.45357142857142857 0.2406855439642325
0 0.675 0.2406855439642325 0.4607142857142857 0.2406855439642325 0.45982142857142855 0.04769001490312966 0.6660714285714285 0.04694485842026826 0.6669642857142857 0.12816691505216096 0.6714285714285714 0.13189269746646795 0.6758928571428572 0.13412816691505217 0.6758928571428572 0.2399403874813711 0.675 0.2406855439642325
0 0.8607142857142858 0.3539493293591654 0.6767857142857143 0.3539493293591654 0.6758928571428572 0.13561847988077497 0.6821428571428572 0.13934426229508196 0.6910714285714286 0.1453055141579732 0.69375 0.14605067064083457 0.6946428571428571 0.1482861400894188 0.7053571428571429 0.1557377049180328 0.7178571428571429 0.1646795827123696 0.7267857142857143 0.1706408345752608 0.8607142857142858 0.1706408345752608 0.8616071428571429 0.353204172876304 0.8607142857142858 0.3539493293591654
0 0.19285714285714287 0.23323397913561847 0.02857142857142857 0.23323397913561847 0.027678571428571427 0.13710879284649777 0.19285714285714287 0.13636363636363635 0.19375 0.23248882265275708 0.19285714285714287 0.23323397913561847
0 0.28214285714285714 0.23323397913561847 0.2 0.23323397913561847 0.19910714285714284 0.13710879284649777 0.28214285714285714 0.13636363636363635 0.2830357142857143 0.23248882265275708 0.28214285714285714 0.23323397913561847
0 0.5607142857142857 0.4180327868852459 0.4642857142857143 0.4180327868852459 0.46339285714285716 0.29806259314456035 0.3875 0.29731743666169896 0.38660714285714287 0.2459016393442623 0.5053571428571428 0.2451564828614009 0.50625 0.2414307004470939 0.675 0.2406855439642325 0.6758928571428572 0.2757078986587183 0.6696428571428571 0.27645305514157975 0.66875 0.28315946348733234 0.6410714285714286 0.28390461997019373 0.6401785714285714 0.31296572280178836 0.6678571428571428 0.3137108792846498 0.66875 0.36065573770491804 0.5625 0.36140089418777943 0.5616071428571429 0.4172876304023845 0.5607142857142857 0.4180327868852459
0 0.275 0.4970193740685544 0.02857142857142857 0.4970193740685544 0.027678571428571427 0.2429210134128167 0.275 0.2421758569299553 0.27589285714285716 0.496274217585693 0.275 0.4970193740685544
0 0.38035714285714284 0.29731743666169896 0.29464285714285715 0.29731743666169896 0.29375 0.2459016393442623 0.38035714285714284 0.2451564828614009 0.38125 0.2965722801788376 0.38035714285714284 0.29731743666169896
0 0.45714285714285713 0.4180327868852459 0.29464285714285715 0.4180327868852459 0.29375 0.3025335320417288 0.45714285714285713 0.30178837555886734 0.45803571428571427 0.4172876304023845 0.45714285714285713 0.4180327868852459
0 0.6678571428571428 0.4180327868852459 0.5678571428571428 0.4180327868852459 0.5669642857142857 0.368107302533532 0.6678571428571428 0.36736214605067063 0.66875 0.4172876304023845 0.6678571428571428 0.4180327868852459
0 0.39285714285714285 0.6445603576751118 0.30714285714285716 0.6445603576751118 0.30625 0.5543964232488823 0.39285714285714285 0.5536512667660208 0.39375 0.6438152011922503 0.39285714285714285 0.6445603576751118
0 0.48392857142857143 0.6341281669150521 0.4017857142857143 0.6341281669150521 0.40089285714285716 0.5543964232488823 0.48392857142857143 0.5536512667660208 0.48482142857142857 0.6333830104321908 0.48392857142857143 0.6341281669150521
0 0.5642857142857143 0.9113263785394933 0.4625 0.9113263785394933 0.4616071428571429 0.7228017883755589 0.4705357142857143 0.7153502235469449 0.47946428571428573 0.706408345752608 0.48839285714285713 0.6974664679582713 0.4901785714285714 0.6944858420268256 0.4901785714285714 0.5543964232488823 0.6571428571428571 0.5536512667660208 0.6580357142857143 0.6259314456035767 0.6616071428571428 0.6289120715350224 0.6625 0.6311475409836066 0.6732142857142858 0.6385991058122206 0.6776785714285715 0.6408345752608048 0.6785714285714286 0.643070044709389 0.6910714285714286 0.6520119225037257 0.69375 0.6527570789865872 0.6964285714285714 0.6564828614008942 0.7080357142857143 0.6646795827123696 0.6776785714285715 0.6915052160953801 0.6732142857142858 0.6967213114754098 0.6705357142857142 0.6974664679582713 0.6705357142857142 0.7824143070044709 0.5660714285714286 0.7831594634873323 0.5651785714285714 0.910581222056632 0.5642857142857143 0.9113263785394933
0 0.45535714285714285 0.7473919523099851 0.30714285714285716 0.7473919523099851 0.30625 0.6497764530551415 0.4 0.6490312965722802 0.40089285714285716 0.6408345752608048 0.48392857142857143 0.6400894187779433 0.48482142857142857 0.6915052160953801 0.48125 0.6944858420268256 0.47232142857142856 0.7034277198211625 0.46517857142857144 0.7108792846497765 0.45625 0.7198211624441133 0.45625 0.7466467958271237 0.45535714285714285 0.7473919523099851
0 0.11071428571428571 0.732488822652757 0.03571428571428571 0.732488822652757 0.03482142857142857 0.6438152011922503 0.11071428571428571 0.643070044709389 0.11160714285714286 0.7317436661698957 0.11071428571428571 0.732488822652757
0 0.2767857142857143 0.732488822652757 0.11964285714285715 0.732488822652757 0.11875 0.6438152011922503 0.2767857142857143 0.643070044709389 0.27767857142857144 0.7317436661698957 0.2767857142857143 0.732488822652757
0 0.8535714285714285 0.8472429210134128 0.6785714285714286 0.8472429210134128 0.6776785714285715 0.7004470938897168 0.6866071428571429 0.6929955290611028 0.6875 0.6907600596125186 0.69375 0.6870342771982116 0.7142857142857143 0.6684053651266766 0.7214285714285714 0.6743666169895678 0.8535714285714285 0.6743666169895678 0.8544642857142857 0.8464977645305514 0.8535714285714285 0.8472429210134128
0 0.45535714285714285 0.9113263785394933 0.30714285714285716 0.9113263785394933 0.30625 0.7526080476900149 0.45535714285714285 0.7518628912071535 0.45625 0.910581222056632 0.45535714285714285 0.9113263785394933
0 0.6625 0.9113263785394933 0.5714285714285714 0.9113263785394933 0.5705357142857143 0.7883755588673621 0.6392857142857142 0.7876304023845008 0.6401785714285714 0.812220566318927 0.6696428571428571 0.8129657228017884 0.6705357142857142 0.8464977645305514 0.6642857142857143 0.8472429210134128 0.6633928571428571 0.910581222056632 0.6625 0.9113263785394933