0 0.8131868131868132 0.35038167938931297 0.2893772893772894 0.35038167938931297 0.2875457875457875 0.29465648854961835 0.04395604395604396 0.29389312977099236 0.04212454212454213 0.20305343511450383 0.8131868131868132 0.20229007633587787 0.815018315018315 0.34961832061068704 0.8131868131868132 0.35038167938931297
0 0.2857142857142857 0.4083969465648855 0.04395604395604396 0.4083969465648855 0.04212454212454213 0.29465648854961835 0.2783882783882784 0.29389312977099236 0.2802197802197802 0.37709923664122136 0.2875457875457875 0.3786259541984733 0.2875457875457875 0.4076335877862595 0.2857142857142857 0.4083969465648855
0 0.2857142857142857 0.37786259541984735 0.2802197802197802 0.37709923664122136 0.2802197802197802 0.29465648854961835 0.2857142857142857 0.29389312977099236 0.2875457875457875 0.37709923664122136 0.2857142857142857 0.37786259541984735
0 0.3992673992673993 0.5580152671755725 0.23443223443223443 0.5580152671755725 0.2326007326007326 0.40916030534351144 0.2857142857142857 0.4083969465648855 0.2875457875457875 0.3511450381679389 0.3992673992673993 0.35038167938931297 0.4010989010989011 0.5572519083969466 0.3992673992673993 0.5580152671755725
0 0.8131868131868132 0.466412213740458 0.4139194139194139 0.466412213740458 0.41208791208791207 0.35572519083969467 0.8131868131868132 0.3549618320610687 0.815018315018315 0.46564885496183206 0.8131868131868132 0.466412213740458
0 0.21978021978021978 0.46030534351145036 0.04395604395604396 0.46030534351145036 0.04212454212454213 0.4152671755725191 0.21978021978021978 0.41450381679389314 0.2216117216117216 0.4595419847328244 0.21978021978021978 0.46030534351145036
0 0.21978021978021978 0.5717557251908397 0.04395604395604396 0.5717557251908397 0.04212454212454213 0.46412213740458014 0.21978021978021978 0.4633587786259542 0.2216117216117216 0.5709923664122137 0.21978021978021978 0.5717557251908397
0 0.8131868131868132 0.5992366412213741 0.4139194139194139 0.5992366412213741 0.41208791208791207 0.4717557251908397 0.8131868131868132 0.47099236641221376 0.815018315018315 0.5984732824427481 0.8131868131868132 0.5992366412213741
0 0.3992673992673993 0.5992366412213741 0.23443223443223443 0.5992366412213741 0.2326007326007326 0.5633587786259542 0.3992673992673993 0.5625954198473282 0.4010989010989011 0.5984732824427481 0.3992673992673993 0.5992366412213741
0 0.21978021978021978 0.6389312977099236 0.04395604395604396 0.6389312977099236 0.04212454212454213 0.5770992366412214 0.21978021978021978 0.5763358778625954 0.2216117216117216 0.6381679389312978 0.21978021978021978 0.6389312977099236
0 0.23443223443223443 0.7519083969465649 0.04395604395604396 0.7519083969465649 0.04212454212454213 0.648854961832061 0.23443223443223443 0.6480916030534352 0.23626373626373626 0.751145038167939 0.23443223443223443 0.7519083969465649