0 0.4604904632152589 0.43250950570342206 0.22888283378746593 0.43250950570342206 0.22752043596730245 0.3269961977186312 0.05449591280653951 0.32604562737642584 0.05313351498637602 0.013307984790874524 0.21525885558583105 0.012357414448669201 0.21662125340599456 0.24714828897338403 0.22070844686648503 0.24809885931558937 0.2220708446866485 0.009505703422053232 0.9536784741144414 0.008555133079847909 0.9550408719346049 0.30988593155893535 0.7166212534059946 0.3108365019011407 0.715258855585831 0.26425855513307983 0.6049046321525886 0.2633079847908745 0.603542234332425 0.30988593155893535 0.46321525885558584 0.3108365019011407 0.46185286103542234 0.43155893536121676 0.4604904632152589 0.43250950570342206
0 0.8092643051771117 0.6131178707224335 0.7220708446866485 0.6131178707224335 0.720708446866485 0.5722433460076045 0.48501362397820164 0.5712927756653993 0.48365122615803813 0.32509505703422054 0.9400544959128065 0.32414448669201523 0.94141689373297 0.5703422053231939 0.8119891008174387 0.5712927756653993 0.8106267029972752 0.6121673003802282 0.8092643051771117 0.6131178707224335
0 0.22070844686648503 0.3526615969581749 0.05449591280653951 0.3526615969581749 0.05313351498637602 0.33269961977186313 0.22070844686648503 0.33174904942965777 0.2220708446866485 0.3517110266159696 0.22070844686648503 0.3526615969581749
0 0.20708446866485014 0.41539923954372626 0.05449591280653951 0.41539923954372626 0.05313351498637602 0.3669201520912547 0.20708446866485014 0.3659695817490494 0.20844686648501362 0.4144486692015209 0.20708446866485014 0.41539923954372626
0 0.20708446866485014 0.5256653992395437 0.05449591280653951 0.5256653992395437 0.05313351498637602 0.4220532319391635 0.20708446866485014 0.4211026615969582 0.20844686648501362 0.5247148288973384 0.20708446866485014 0.5256653992395437
0 0.3188010899182561 0.6188212927756654 0.21525885558583105 0.6188212927756654 0.21389645776566757 0.4467680608365019 0.47411444141689374 0.4458174904942966 0.47547683923705725 0.5760456273764258 0.3814713896457766 0.5769961977186312 0.3801089918256131 0.6102661596958175 0.3215258855585831 0.6112167300380228 0.3201634877384196 0.6178707224334601 0.3188010899182561 0.6188212927756654
0 0.20708446866485014 0.7309885931558935 0.05449591280653951 0.7309885931558935 0.05313351498637602 0.5304182509505704 0.20708446866485014 0.529467680608365 0.20844686648501362 0.7300380228136882 0.20708446866485014 0.7309885931558935
0 0.662125340599455 0.8127376425855514 0.48501362397820164 0.8127376425855514 0.48365122615803813 0.7319391634980988 0.21525885558583105 0.7309885931558935 0.21389645776566757 0.6254752851711026 0.32697547683923706 0.6245247148288974 0.32833787465940056 0.6178707224334601 0.3787465940054496 0.6169201520912547 0.3801089918256131 0.623574144486692 0.3869209809264305 0.6245247148288974 0.388283378746594 0.5836501901140685 0.47411444141689374 0.5826996197718631 0.47547683923705725 0.623574144486692 0.4822888283378747 0.6245247148288974 0.48365122615803813 0.5722433460076045 0.6457765667574932 0.5712927756653993 0.6471389645776566 0.5760456273764258 0.7111716621253406 0.5769961977186312 0.7125340599455041 0.6482889733840305 0.6648501362397821 0.6492395437262357 0.6634877384196185 0.811787072243346 0.662125340599455 0.8127376425855514
0 0.9400544959128065 0.6492395437262357 0.8201634877384196 0.6492395437262357 0.8188010899182562 0.5779467680608364 0.9400544959128065 0.5769961977186312 0.94141689373297 0.6482889733840305 0.9400544959128065 0.6492395437262357
0 0.9400544959128065 0.8906844106463878 0.6730245231607629 0.8906844106463878 0.6716621253405994 0.655893536121673 0.7193460490463215 0.6549429657794676 0.720708446866485 0.6197718631178707 0.8092643051771117 0.6188212927756654 0.8106267029972752 0.6539923954372624 0.9400544959128065 0.6549429657794676 0.94141689373297 0.8897338403041825 0.9400544959128065 0.8906844106463878
0 0.329700272479564 0.9686311787072244 0.05449591280653951 0.9686311787072244 0.05313351498637602 0.7376425855513308 0.329700272479564 0.7366920152091255 0.3310626702997275 0.967680608365019 0.329700272479564 0.9686311787072244
0 0.47411444141689374 0.8127376425855514 0.3405994550408719 0.8127376425855514 0.33923705722070846 0.7376425855513308 0.47411444141689374 0.7366920152091255 0.47547683923705725 0.811787072243346 0.47411444141689374 0.8127376425855514
0 0.47411444141689374 0.8906844106463878 0.3405994550408719 0.8906844106463878 0.33923705722070846 0.8193916349809885 0.47411444141689374 0.8184410646387833 0.47547683923705725 0.8897338403041825 0.47411444141689374 0.8906844106463878
0 0.662125340599455 0.8906844106463878 0.48501362397820164 0.8906844106463878 0.48365122615803813 0.8193916349809885 0.662125340599455 0.8184410646387833 0.6634877384196185 0.8897338403041825 0.662125340599455 0.8906844106463878