0 0.3058823529411765 0.2702448210922787 0.2 0.2702448210922787 0.19934640522875818 0.1977401129943503 0.2235294117647059 0.16290018832391714 0.2758169934640523 0.16290018832391714 0.2797385620915033 0.16854990583804144 0.28169934640522876 0.1694915254237288 0.2823529411764706 0.17231638418079095 0.2849673202614379 0.17419962335216574 0.2869281045751634 0.1751412429378531 0.2875816993464052 0.17796610169491525 0.2928104575163399 0.18361581920903955 0.29477124183006537 0.18455743879472694 0.2954248366013072 0.1873822975517891 0.3006535947712418 0.19303201506591336 0.3065359477124183 0.19962335216572505 0.3065359477124183 0.2693032015065913 0.3058823529411765 0.2702448210922787
0 0.1934640522875817 0.5150659133709982 0.047058823529411764 0.5150659133709982 0.046405228758169936 0.2297551789077213 0.1934640522875817 0.2288135593220339 0.19411764705882353 0.5141242937853108 0.1934640522875817 0.5150659133709982
0 0.42483660130718953 0.5527306967984934 0.31241830065359477 0.5527306967984934 0.31176470588235294 0.2297551789077213 0.42483660130718953 0.2288135593220339 0.42549019607843136 0.551789077212806 0.42483660130718953 0.5527306967984934
0 0.9163398692810457 0.6186440677966102 0.7516339869281046 0.6186440677966102 0.7509803921568627 0.416195856873823 0.5398692810457516 0.4152542372881356 0.5392156862745098 0.23163841807909605 0.9163398692810457 0.23069679849340866 0.9169934640522875 0.6177024482109228 0.9163398692810457 0.6186440677966102
0 0.24444444444444444 0.4133709981167608 0.2 0.4133709981167608 0.19934640522875818 0.2787193973634652 0.24444444444444444 0.2777777777777778 0.24509803921568626 0.4124293785310734 0.24444444444444444 0.4133709981167608
0 0.3058823529411765 0.5866290018832392 0.2 0.5866290018832392 0.19934640522875818 0.4218455743879473 0.24836601307189543 0.4209039548022599 0.24901960784313726 0.2787193973634652 0.3058823529411765 0.2777777777777778 0.3065359477124183 0.5856873822975518 0.3058823529411765 0.5866290018832392
0 0.7503267973856209 0.6186440677966102 0.5398692810457516 0.6186440677966102 0.5392156862745098 0.416195856873823 0.7503267973856209 0.4152542372881356 0.7509803921568627 0.6177024482109228 0.7503267973856209 0.6186440677966102
0 0.1934640522875817 0.7711864406779662 0.047058823529411764 0.7711864406779662 0.046405228758169936 0.5235404896421846 0.1934640522875817 0.5225988700564972 0.19411764705882353 0.7702448210922788 0.1934640522875817 0.7711864406779662
0 0.42483660130718953 0.7711864406779662 0.2 0.7711864406779662 0.19934640522875818 0.5969868173258004 0.3111111111111111 0.596045197740113 0.31176470588235294 0.559322033898305 0.42483660130718953 0.5583804143126178 0.42549019607843136 0.7702448210922788 0.42483660130718953 0.7711864406779662
0 0.6928104575163399 0.7749529190207156 0.5398692810457516 0.7749529190207156 0.5392156862745098 0.6195856873822976 0.6928104575163399 0.6186440677966102 0.6934640522875817 0.7740112994350282 0.6928104575163399 0.7749529190207156
0 0.7712418300653595 0.7749529190207156 0.6941176470588235 0.7749529190207156 0.6934640522875817 0.6195856873822976 0.7712418300653595 0.6186440677966102 0.7718954248366013 0.7740112994350282 0.7712418300653595 0.7749529190207156
0 0.9163398692810457 0.7749529190207156 0.7725490196078432 0.7749529190207156 0.7718954248366013 0.6195856873822976 0.9163398692810457 0.6186440677966102 0.9169934640522875 0.7740112994350282 0.9163398692810457 0.7749529190207156