0 0.25903203817314246 0.4561091340450771 0.12065439672801637 0.4561091340450771 0.12031356509884117 0.12099644128113879 0.1196319018404908 0.11981020166073547 0.25903203817314246 0.11921708185053381 0.25937286980231766 0.4555160142348754 0.25903203817314246 0.4561091340450771
0 0.45194274028629855 0.45729537366548045 0.26448534423994546 0.45729537366548045 0.26414451261077027 0.11981020166073547 0.45194274028629855 0.11921708185053381 0.45228357191547375 0.45670225385527874 0.45194274028629855 0.45729537366548045
0 0.9502385821404227 0.8096085409252669 0.874573960463531 0.8096085409252669 0.8742331288343558 0.3487544483985765 0.9502385821404227 0.34816132858837484 0.9505794137695979 0.5990510083036773 0.9338786639400136 0.599644128113879 0.9335378323108384 0.6061684460260973 0.9502385821404227 0.6067615658362989 0.9505794137695979 0.8090154211150652 0.9502385821404227 0.8096085409252669
0 0.6789366053169734 0.6269276393831554 0.676209952283572 0.6269276393831554 0.6758691206543967 0.561091340450771 0.656441717791411 0.5604982206405694 0.6557600545330606 0.5581257413997628 0.6503067484662577 0.5581257413997628 0.6499659168370825 0.3594306049822064 0.7736877982276755 0.35883748517200476 0.7740286298568507 0.6251482799525504 0.6796182685753238 0.6257413997627521 0.6789366053169734 0.6269276393831554
0 0.8595773687798227 0.6269276393831554 0.7798227675528289 0.6269276393831554 0.7794819359236537 0.3594306049822064 0.8595773687798227 0.35883748517200476 0.8599182004089979 0.6263345195729537 0.8595773687798227 0.6269276393831554
0 0.4614860259032038 0.7526690391459074 0.4601226993865031 0.7526690391459074 0.4597818677573279 0.6037959667852907 0.20995228357191548 0.603202846975089 0.20961145194274028 0.46619217081850534 0.3878663940013633 0.4655990510083037 0.3882072256305385 0.4578884934756821 0.45194274028629855 0.45729537366548045 0.45262440354464895 0.45848161328588377 0.4614860259032038 0.45848161328588377 0.461826857532379 0.7520759193357058 0.4614860259032038 0.7526690391459074
0 0.6557600545330606 0.802491103202847 0.4839809134287662 0.802491103202847 0.483640081799591 0.7532621589561092 0.4621676891615542 0.7526690391459074 0.461826857532379 0.45907473309608543 0.6496250852079073 0.45848161328588377 0.6499659168370825 0.5575326215895611 0.6557600545330606 0.5581257413997628 0.6561008861622358 0.8018979833926453 0.6557600545330606 0.802491103202847
0 0.20449897750511248 0.603202846975089 0.12338104976141787 0.603202846975089 0.12304021813224267 0.46619217081850534 0.20449897750511248 0.4655990510083037 0.20483980913428765 0.6026097271648873 0.20449897750511248 0.603202846975089
0 0.2603953646898432 0.902135231316726 0.12065439672801637 0.902135231316726 0.12031356509884117 0.6132858837485172 0.1196319018404908 0.6120996441281139 0.2603953646898432 0.6115065243179122 0.2607361963190184 0.9015421115065243 0.2603953646898432 0.902135231316726
0 0.3715064758009543 0.902135231316726 0.2658486707566462 0.902135231316726 0.26550783912747106 0.6120996441281139 0.3715064758009543 0.6115065243179122 0.3718473074301295 0.9015421115065243 0.3715064758009543 0.902135231316726
0 0.45330606680299934 0.7526690391459074 0.3769597818677573 0.7526690391459074 0.37661895023858216 0.6120996441281139 0.45330606680299934 0.6115065243179122 0.4536468984321745 0.7520759193357058 0.45330606680299934 0.7526690391459074
0 0.7450579413769598 0.7953736654804271 0.6625766871165644 0.7953736654804271 0.6622358554873893 0.6571767497034401 0.6755282890252216 0.6565836298932385 0.6758691206543967 0.6358244365361803 0.7491479209270621 0.6352313167259787 0.7494887525562373 0.727164887307236 0.7457396046353102 0.7277580071174378 0.745398773006135 0.7947805456702254 0.7450579413769598 0.7953736654804271
0 0.8595773687798227 0.7953736654804271 0.7552828902522154 0.7953736654804271 0.7549420586230402 0.6358244365361803 0.8595773687798227 0.6352313167259787 0.8599182004089979 0.7947805456702254 0.8595773687798227 0.7953736654804271