0 0.22253521126760564 0.6205936920222634 0.13802816901408452 0.6205936920222634 0.13732394366197184 0.26159554730983303 0.3 0.2606679035250464 0.30070422535211266 0.5120593692022264 0.3126760563380282 0.512987012987013 0.31338028169014087 0.575139146567718 0.223943661971831 0.5760667903525046 0.22323943661971832 0.6196660482374768 0.22253521126760564 0.6205936920222634
0 0.46056338028169014 0.5018552875695733 0.3084507042253521 0.5018552875695733 0.3077464788732394 0.26159554730983303 0.46056338028169014 0.2606679035250464 0.4612676056338028 0.5009276437847866 0.46056338028169014 0.5018552875695733
0 0.8225352112676056 0.6038961038961039 0.6084507042253521 0.6038961038961039 0.6077464788732394 0.45083487940630795 0.5 0.44990723562152135 0.4992957746478873 0.26159554730983303 0.8225352112676056 0.2606679035250464 0.8232394366197183 0.6029684601113172 0.8225352112676056 0.6038961038961039
0 0.6 0.6632653061224489 0.5 0.6632653061224489 0.4992957746478873 0.45083487940630795 0.5647887323943662 0.44990723562152135 0.5654929577464789 0.45640074211502785 0.6 0.45732838589981445 0.6007042253521127 0.6623376623376623 0.6 0.6632653061224489
0 0.46056338028169014 0.7912801484230055 0.32253521126760565 0.7912801484230055 0.321830985915493 0.5139146567717996 0.37464788732394366 0.512987012987013 0.37535211267605634 0.6122448979591837 0.46056338028169014 0.6131725417439703 0.4612676056338028 0.7903525046382189 0.46056338028169014 0.7912801484230055
0 0.46056338028169014 0.6057513914656771 0.38309859154929576 0.6057513914656771 0.3823943661971831 0.5139146567717996 0.46056338028169014 0.512987012987013 0.4612676056338028 0.6048237476808905 0.46056338028169014 0.6057513914656771
0 0.3126760563380282 0.7912801484230055 0.23098591549295774 0.7912801484230055 0.23028169014084507 0.5862708719851577 0.3126760563380282 0.5853432282003711 0.31338028169014087 0.7903525046382189 0.3126760563380282 0.7912801484230055
0 0.8225352112676056 0.7931354359925789 0.6859154929577465 0.7931354359925789 0.6852112676056338 0.7476808905380334 0.6774647887323944 0.7467532467532467 0.6767605633802817 0.7922077922077922 0.6084507042253521 0.7931354359925789 0.6077464788732394 0.6048237476808905 0.8225352112676056 0.6038961038961039 0.8232394366197183 0.7922077922077922 0.8225352112676056 0.7931354359925789
0 0.22253521126760564 0.7912801484230055 0.13802816901408452 0.7912801484230055 0.13732394366197184 0.6289424860853432 0.22253521126760564 0.6280148423005566 0.22323943661971832 0.7903525046382189 0.22253521126760564 0.7912801484230055
0 0.6 0.7931354359925789 0.5 0.7931354359925789 0.4992957746478873 0.673469387755102 0.6 0.6725417439703154 0.6007042253521127 0.7922077922077922 0.6 0.7931354359925789
0 0.6704225352112676 0.9471243042671614 0.5 0.9471243042671614 0.4992957746478873 0.8033395176252319 0.6704225352112676 0.8024118738404453 0.6711267605633803 0.9461966604823747 0.6704225352112676 0.9471243042671614