0 0.40693430656934304 0.3342749529190207 0.25547445255474455 0.3342749529190207 0.2545620437956204 0.07156308851224105 0.4781021897810219 0.07062146892655367 0.479014598540146 0.2975517890772128 0.40875912408759124 0.2984934086629002 0.40784671532846717 0.3333333333333333 0.40693430656934304 0.3342749529190207
0 0.15328467153284672 0.2777777777777778 0.03832116788321168 0.2777777777777778 0.037408759124087594 0.1694915254237288 0.15328467153284672 0.16854990583804144 0.1541970802919708 0.2768361581920904 0.15328467153284672 0.2777777777777778
0 0.24817518248175183 0.22128060263653485 0.1624087591240876 0.22128060263653485 0.16149635036496351 0.1694915254237288 0.24817518248175183 0.16854990583804144 0.2490875912408759 0.22033898305084745 0.24817518248175183 0.22128060263653485
0 0.2116788321167883 0.4472693032015066 0.1624087591240876 0.4472693032015066 0.16149635036496351 0.2297551789077213 0.24817518248175183 0.2288135593220339 0.2490875912408759 0.3408662900188324 0.3029197080291971 0.3418079096045198 0.30383211678832117 0.4444444444444444 0.21350364963503649 0.4453860640301318 0.2116788321167883 0.4472693032015066
0 0.15328467153284672 0.4472693032015066 0.03832116788321168 0.4472693032015066 0.037408759124087594 0.2900188323917137 0.15328467153284672 0.2890772128060264 0.1541970802919708 0.4463276836158192 0.15328467153284672 0.4472693032015066
0 0.7572992700729927 0.5790960451977402 0.5547445255474452 0.5790960451977402 0.5538321167883211 0.5725047080979284 0.531021897810219 0.571563088512241 0.5301094890510949 0.5480225988700564 0.5237226277372263 0.5470809792843692 0.5228102189781022 0.5781544256120528 0.4142335766423358 0.5790960451977402 0.41332116788321166 0.3069679849340866 0.7572992700729927 0.3060263653483992 0.7582116788321168 0.5781544256120528 0.7572992700729927 0.5790960451977402
0 0.40693430656934304 0.4152542372881356 0.31204379562043794 0.4152542372881356 0.31113138686131386 0.3427495291902072 0.40693430656934304 0.3418079096045198 0.40784671532846717 0.4143126177024482 0.40693430656934304 0.4152542372881356
0 0.40693430656934304 0.571563088512241 0.21350364963503649 0.571563088512241 0.2125912408759124 0.4463276836158192 0.3029197080291971 0.4453860640301318 0.30383211678832117 0.4218455743879473 0.40693430656934304 0.4209039548022599 0.40784671532846717 0.5706214689265536 0.40693430656934304 0.571563088512241
0 0.28284671532846717 0.8502824858757062 0.03832116788321168 0.8502824858757062 0.037408759124087594 0.6986817325800376 0.12043795620437957 0.6977401129943502 0.12135036496350365 0.6911487758945386 0.03832116788321168 0.6902071563088512 0.037408759124087594 0.4519774011299435 0.2062043795620438 0.4510357815442561 0.2071167883211679 0.655367231638418 0.12226277372262774 0.6563088512241054 0.12135036496350365 0.6610169491525424 0.2062043795620438 0.6619585687382298 0.2071167883211679 0.696798493408663 0.28284671532846717 0.6977401129943502 0.28375912408759124 0.8493408662900188 0.28284671532846717 0.8502824858757062
0 0.5529197080291971 0.5790960451977402 0.5237226277372263 0.5790960451977402 0.5228102189781022 0.5480225988700564 0.5291970802919708 0.5470809792843692 0.5301094890510949 0.5706214689265536 0.5529197080291971 0.571563088512241 0.5538321167883211 0.5781544256120528 0.5529197080291971 0.5790960451977402
0 0.9635036496350365 0.7580037664783428 0.7645985401459854 0.7580037664783428 0.7636861313868614 0.5480225988700564 0.9635036496350365 0.5470809792843692 0.9644160583941606 0.7570621468926554 0.9635036496350365 0.7580037664783428
0 0.7572992700729927 0.6902071563088512 0.21350364963503649 0.6902071563088512 0.2125912408759124 0.5800376647834274 0.7572992700729927 0.5790960451977402 0.7582116788321168 0.6892655367231638 0.7572992700729927 0.6902071563088512
0 0.7572992700729927 0.8502824858757062 0.5291970802919708 0.8502824858757062 0.5282846715328468 0.6911487758945386 0.7572992700729927 0.6902071563088512 0.7582116788321168 0.8493408662900188 0.7572992700729927 0.8502824858757062
0 0.36313868613138683 0.803201506591337 0.29014598540145986 0.803201506591337 0.2892335766423358 0.6986817325800376 0.36313868613138683 0.6977401129943502 0.36405109489051096 0.8022598870056498 0.36313868613138683 0.803201506591337
0 0.5200729927007299 0.803201506591337 0.3722627737226277 0.803201506591337 0.37135036496350365 0.6986817325800376 0.5200729927007299 0.6977401129943502 0.5209854014598541 0.8022598870056498 0.5200729927007299 0.803201506591337
0 0.9635036496350365 0.8502824858757062 0.7645985401459854 0.8502824858757062 0.7636861313868614 0.7645951035781544 0.9635036496350365 0.763653483992467 0.9644160583941606 0.8493408662900188 0.9635036496350365 0.8502824858757062