0 0.411231884057971 0.33217592592592593 0.23007246376811594 0.33217592592592593 0.22916666666666666 0.14814814814814814 0.411231884057971 0.14699074074074073 0.4121376811594203 0.33101851851851855 0.411231884057971 0.33217592592592593
0 0.47282608695652173 0.21412037037037038 0.4166666666666667 0.21412037037037038 0.4157608695652174 0.14814814814814814 0.47282608695652173 0.14699074074074073 0.473731884057971 0.21296296296296297 0.47282608695652173 0.21412037037037038
0 0.5543478260869565 0.3645833333333333 0.5253623188405797 0.3645833333333333 0.5244565217391305 0.3333333333333333 0.4782608695652174 0.33217592592592593 0.4773550724637681 0.14814814814814814 0.5543478260869565 0.14699074074074073 0.5552536231884058 0.36342592592592593 0.5543478260869565 0.3645833333333333
0 0.6594202898550725 0.3645833333333333 0.5597826086956522 0.3645833333333333 0.5588768115942029 0.14814814814814814 0.6594202898550725 0.14699074074074073 0.6603260869565217 0.36342592592592593 0.6594202898550725 0.3645833333333333
0 0.8460144927536232 0.3645833333333333 0.6648550724637681 0.3645833333333333 0.6639492753623188 0.14814814814814814 0.8460144927536232 0.14699074074074073 0.8469202898550725 0.36342592592592593 0.8460144927536232 0.3645833333333333
0 0.47282608695652173 0.3645833333333333 0.4528985507246377 0.3645833333333333 0.4519927536231884 0.3333333333333333 0.4166666666666667 0.33217592592592593 0.4157608695652174 0.2175925925925926 0.47282608695652173 0.21643518518518517 0.473731884057971 0.36342592592592593 0.47282608695652173 0.3645833333333333
0 0.411231884057971 0.42476851851851855 0.3496376811594203 0.42476851851851855 0.348731884057971 0.33564814814814814 0.411231884057971 0.33449074074074076 0.4121376811594203 0.4236111111111111 0.411231884057971 0.42476851851851855
0 0.4492753623188406 0.3645833333333333 0.4166666666666667 0.3645833333333333 0.4157608695652174 0.33564814814814814 0.4492753623188406 0.33449074074074076 0.45018115942028986 0.36342592592592593 0.4492753623188406 0.3645833333333333
0 0.6141304347826086 0.5428240740740741 0.4166666666666667 0.5428240740740741 0.4157608695652174 0.3680555555555556 0.48731884057971014 0.36689814814814814 0.4882246376811594 0.33564814814814814 0.519927536231884 0.33449074074074076 0.5208333333333334 0.36574074074074076 0.6141304347826086 0.36689814814814814 0.615036231884058 0.5416666666666666 0.6141304347826086 0.5428240740740741
0 0.717391304347826 0.4895833333333333 0.6177536231884058 0.4895833333333333 0.6168478260869565 0.3680555555555556 0.717391304347826 0.36689814814814814 0.7182971014492754 0.48842592592592593 0.717391304347826 0.4895833333333333
0 0.8460144927536232 0.5428240740740741 0.7210144927536232 0.5428240740740741 0.720108695652174 0.3680555555555556 0.8460144927536232 0.36689814814814814 0.8469202898550725 0.5416666666666666 0.8460144927536232 0.5428240740740741
0 0.411231884057971 0.5428240740740741 0.3496376811594203 0.5428240740740741 0.348731884057971 0.4305555555555556 0.411231884057971 0.42939814814814814 0.4121376811594203 0.5416666666666666 0.411231884057971 0.5428240740740741
0 0.6666666666666666 0.5428240740740741 0.6177536231884058 0.5428240740740741 0.6168478260869565 0.4930555555555556 0.6666666666666666 0.49189814814814814 0.667572463768116 0.5416666666666666 0.6666666666666666 0.5428240740740741
0 0.717391304347826 0.5428240740740741 0.6721014492753623 0.5428240740740741 0.6711956521739131 0.4930555555555556 0.717391304347826 0.49189814814814814 0.7182971014492754 0.5416666666666666 0.717391304347826 0.5428240740740741
0 0.48007246376811596 0.7511574074074074 0.3496376811594203 0.7511574074074074 0.348731884057971 0.5486111111111112 0.48007246376811596 0.5474537037037037 0.48097826086956524 0.75 0.48007246376811596 0.7511574074074074
0 0.4148550724637681 0.8553240740740741 0.3496376811594203 0.8553240740740741 0.348731884057971 0.7546296296296297 0.39855072463768115 0.7534722222222222 0.39945652173913043 0.7592592592592593 0.4257246376811594 0.7604166666666666 0.4266304347826087 0.7847222222222222 0.4166666666666667 0.7858796296296297 0.4157608695652174 0.8541666666666666 0.4148550724637681 0.8553240740740741
0 0.48007246376811596 0.8553240740740741 0.42028985507246375 0.8553240740740741 0.41938405797101447 0.7893518518518519 0.42934782608695654 0.7881944444444444 0.4302536231884058 0.7546296296296297 0.48007246376811596 0.7534722222222222 0.48097826086956524 0.8541666666666666 0.48007246376811596 0.8553240740740741