0 0.6076294277929155 0.41524216524216523 0.1335149863760218 0.41524216524216523 0.13215258855585832 0.16381766381766383 0.6076294277929155 0.1631054131054131 0.6089918256130791 0.41452991452991456 0.6076294277929155 0.41524216524216523
0 0.9536784741144414 0.2955840455840456 0.6185286103542235 0.2955840455840456 0.6171662125340599 0.16381766381766383 0.9536784741144414 0.1631054131054131 0.9550408719346049 0.2948717948717949 0.9536784741144414 0.2955840455840456
0 0.7683923705722071 0.3839031339031339 0.6457765667574932 0.3839031339031339 0.6444141689373297 0.3732193732193732 0.6185286103542235 0.37250712250712253 0.6171662125340599 0.301994301994302 0.7683923705722071 0.30128205128205127 0.7697547683923706 0.3831908831908832 0.7683923705722071 0.3839031339031339
0 0.9482288828337875 0.3839031339031339 0.782016348773842 0.3839031339031339 0.7806539509536785 0.301994301994302 0.9482288828337875 0.30128205128205127 0.9495912806539509 0.3831908831908832 0.9482288828337875 0.3839031339031339
0 0.7275204359673024 0.4807692307692308 0.6185286103542235 0.4807692307692308 0.6171662125340599 0.4131054131054131 0.6430517711171662 0.41239316239316237 0.6444141689373297 0.3903133903133903 0.7275204359673024 0.3896011396011396 0.728882833787466 0.48005698005698005 0.7275204359673024 0.4807692307692308
0 0.9482288828337875 0.4807692307692308 0.7411444141689373 0.4807692307692308 0.7397820163487738 0.3903133903133903 0.9482288828337875 0.3896011396011396 0.9495912806539509 0.48005698005698005 0.9482288828337875 0.4807692307692308
0 0.6076294277929155 0.5576923076923077 0.40054495912806537 0.5576923076923077 0.3991825613079019 0.48005698005698005 0.4713896457765668 0.4793447293447293 0.47275204359673023 0.41595441595441596 0.6076294277929155 0.41524216524216523 0.6089918256130791 0.5569800569800569 0.6076294277929155 0.5576923076923077
0 0.4604904632152589 0.47364672364672367 0.3242506811989101 0.47364672364672367 0.3228882833787466 0.42165242165242167 0.4604904632152589 0.42094017094017094 0.46185286103542234 0.47293447293447294 0.4604904632152589 0.47364672364672367
0 0.30517711171662126 0.47364672364672367 0.1444141689373297 0.47364672364672367 0.14305177111716622 0.42450142450142453 0.30517711171662126 0.4237891737891738 0.3065395095367847 0.47293447293447294 0.30517711171662126 0.47364672364672367
0 0.3869209809264305 0.6189458689458689 0.1335149863760218 0.6189458689458689 0.13215258855585832 0.48005698005698005 0.3869209809264305 0.4793447293447293 0.388283378746594 0.6182336182336182 0.3869209809264305 0.6189458689458689
0 0.9536784741144414 0.6189458689458689 0.6185286103542235 0.6189458689458689 0.6171662125340599 0.48717948717948717 0.9482288828337875 0.48646723646723644 0.9495912806539509 0.48005698005698005 0.9536784741144414 0.4793447293447293 0.9550408719346049 0.6182336182336182 0.9536784741144414 0.6189458689458689
0 0.6076294277929155 0.6189458689458689 0.40054495912806537 0.6189458689458689 0.3991825613079019 0.5641025641025641 0.6076294277929155 0.5633903133903134 0.6089918256130791 0.6182336182336182 0.6076294277929155 0.6189458689458689
0 0.9618528610354223 0.7443019943019943 0.7629427792915532 0.7443019943019943 0.7615803814713896 0.6267806267806267 0.9618528610354223 0.6260683760683761 0.9632152588555858 0.7435897435897436 0.9618528610354223 0.7443019943019943
0 0.9618528610354223 0.9878917378917379 0.7138964577656676 0.9878917378917379 0.7125340599455041 0.7521367521367521 0.9618528610354223 0.7514245014245015 0.9632152588555858 0.9871794871794872 0.9618528610354223 0.9878917378917379