0 0.532319391634981 0.47549591598599766 0.3060836501901141 0.47549591598599766 0.3051330798479088 0.2613768961493582 0.5437262357414449 0.26079346557759625 0.5446768060836502 0.2952158693115519 0.5342205323193916 0.2957992998833139 0.5332699619771863 0.4749124854142357 0.532319391634981 0.47549591598599766
0 0.6787072243346007 0.5070011668611435 0.4695817490494297 0.5070011668611435 0.4686311787072243 0.49008168028004667 0.45817490494296575 0.4836639439906651 0.4448669201520912 0.4766627771295216 0.44201520912547526 0.47607934655775963 0.532319391634981 0.47549591598599766 0.5332699619771863 0.29638273045507585 0.5437262357414449 0.2957992998833139 0.5456273764258555 0.29463243873978995 0.7338403041825095 0.29463243873978995 0.7347908745247148 0.4177362893815636 0.7100760456273765 0.4329054842473746 0.6796577946768061 0.45274212368728123 0.6796577946768061 0.5064177362893816 0.6787072243346007 0.5070011668611435
0 0.8517110266159695 0.39964994165694284 0.7433460076045627 0.39964994165694284 0.7423954372623575 0.2952158693115519 0.8517110266159695 0.29463243873978995 0.8526615969581749 0.3990665110851809 0.8517110266159695 0.39964994165694284
0 0.8517110266159695 0.470828471411902 0.7433460076045627 0.470828471411902 0.7423954372623575 0.4049008168028005 0.8517110266159695 0.4043173862310385 0.8526615969581749 0.47024504084014 0.8517110266159695 0.470828471411902
0 0.7338403041825095 0.5070011668611435 0.6863117870722434 0.5070011668611435 0.685361216730038 0.45507584597432904 0.7024714828897338 0.44457409568261375 0.7034220532319392 0.4428238039673279 0.7100760456273765 0.43990665110851807 0.7338403041825095 0.4241540256709452 0.7347908745247148 0.5064177362893816 0.7338403041825095 0.5070011668611435
0 0.8517110266159695 0.5396732788798133 0.7357414448669202 0.5396732788798133 0.7347908745247148 0.5122520420070011 0.7452471482889734 0.5116686114352392 0.7461977186311787 0.47607934655775963 0.8517110266159695 0.47549591598599766 0.8526615969581749 0.5390898483080513 0.8517110266159695 0.5396732788798133
0 0.4923954372623574 0.6108518086347725 0.3060836501901141 0.6108518086347725 0.3051330798479088 0.4795799299883314 0.4372623574144487 0.4789964994165694 0.44106463878326996 0.4813302217036173 0.45627376425855515 0.4894982497082847 0.4610266159695818 0.4912485414235706 0.4610266159695818 0.5600933488914819 0.4923954372623574 0.5606767794632439 0.49334600760456276 0.6102683780630105 0.4923954372623574 0.6108518086347725
0 0.629277566539924 0.6563593932322054 0.5418250950570342 0.6563593932322054 0.5408745247148289 0.6114352392065344 0.5 0.6108518086347725 0.4990494296577947 0.5612602100350058 0.5399239543726235 0.5606767794632439 0.5408745247148289 0.5577596266044341 0.4695817490494297 0.5571761960326721 0.4686311787072243 0.5075845974329055 0.532319391634981 0.5070011668611435 0.5332699619771863 0.5099183197199533 0.629277566539924 0.5105017502917153 0.6302281368821293 0.6557759626604434 0.629277566539924 0.6563593932322054
0 0.7262357414448669 0.558343057176196 0.6368821292775665 0.558343057176196 0.6359315589353612 0.5110851808634772 0.7262357414448669 0.5105017502917153 0.7271863117870723 0.5577596266044341 0.7262357414448669 0.558343057176196
0 0.8517110266159695 0.7100350058343057 0.6368821292775665 0.7100350058343057 0.6359315589353612 0.5624270711785297 0.7338403041825095 0.5618436406067678 0.7347908745247148 0.544924154025671 0.8517110266159695 0.5443407234539089 0.8526615969581749 0.7094515752625438 0.8517110266159695 0.7100350058343057
0 0.532319391634981 0.7100350058343057 0.3060836501901141 0.7100350058343057 0.3051330798479088 0.6149358226371062 0.532319391634981 0.6143523920653442 0.5332699619771863 0.7094515752625438 0.532319391634981 0.7100350058343057
0 0.6273764258555133 0.7100350058343057 0.5437262357414449 0.7100350058343057 0.5427756653992395 0.662777129521587 0.6273764258555133 0.6621936989498249 0.6283269961977186 0.7094515752625438 0.6273764258555133 0.7100350058343057
0 0.5551330798479087 0.7975495915985997 0.45627376425855515 0.7975495915985997 0.4553231939163498 0.7269544924154026 0.5551330798479087 0.7263710618436406 0.5560836501901141 0.7969661610268378 0.5551330798479087 0.7975495915985997