0 0.47719298245614034 0.5921828908554573 0.056140350877192984 0.5921828908554573 0.054385964912280704 0.30973451327433627 0.47719298245614034 0.3089970501474926 0.4789473684210526 0.5914454277286135 0.47719298245614034 0.5921828908554573
0 0.7684210526315789 0.43289085545722716 0.4807017543859649 0.43289085545722716 0.4789473684210526 0.30973451327433627 0.7684210526315789 0.3089970501474926 0.7701754385964912 0.43215339233038347 0.7684210526315789 0.43289085545722716
0 0.9789473684210527 0.4196165191740413 0.7859649122807018 0.4196165191740413 0.7842105263157895 0.30973451327433627 0.9789473684210527 0.3089970501474926 0.980701754385965 0.41887905604719766 0.9789473684210527 0.4196165191740413
0 0.9789473684210527 0.5228613569321534 0.7859649122807018 0.5228613569321534 0.7842105263157895 0.42625368731563423 0.9789473684210527 0.42551622418879054 0.980701754385965 0.5221238938053098 0.9789473684210527 0.5228613569321534
0 0.7684210526315789 0.5921828908554573 0.4807017543859649 0.5921828908554573 0.4789473684210526 0.4336283185840708 0.7684210526315789 0.43289085545722716 0.7701754385964912 0.5914454277286135 0.7684210526315789 0.5921828908554573
0 0.968421052631579 0.609882005899705 0.7964912280701755 0.609882005899705 0.7947368421052632 0.5339233038348082 0.968421052631579 0.5331858407079646 0.9701754385964912 0.6091445427728613 0.968421052631579 0.609882005899705
0 0.6175438596491228 0.7632743362831859 0.41403508771929826 0.7632743362831859 0.41228070175438597 0.5929203539823009 0.519298245614035 0.5921828908554573 0.5210526315789473 0.5973451327433629 0.6175438596491228 0.5980825958702065 0.6192982456140351 0.7625368731563422 0.6175438596491228 0.7632743362831859
0 0.39649122807017545 0.8252212389380531 0.056140350877192984 0.8252212389380531 0.054385964912280704 0.5988200589970502 0.39649122807017545 0.5980825958702065 0.39824561403508774 0.8244837758112095 0.39649122807017545 0.8252212389380531
0 0.8210526315789474 0.6836283185840708 0.6350877192982456 0.6836283185840708 0.6333333333333333 0.5988200589970502 0.7684210526315789 0.5980825958702065 0.7701754385964912 0.6194690265486725 0.8210526315789474 0.6202064896755162 0.8228070175438597 0.6828908554572272 0.8210526315789474 0.6836283185840708
0 0.9789473684210527 0.6836283185840708 0.8385964912280702 0.6836283185840708 0.8368421052631579 0.6209439528023599 0.9789473684210527 0.6202064896755162 0.980701754385965 0.6828908554572272 0.9789473684210527 0.6836283185840708
0 0.9789473684210527 0.8252212389380531 0.6350877192982456 0.8252212389380531 0.6333333333333333 0.6887905604719764 0.9789473684210527 0.6880530973451328 0.980701754385965 0.8244837758112095 0.9789473684210527 0.8252212389380531
0 0.6175438596491228 0.8252212389380531 0.41403508771929826 0.8252212389380531 0.41228070175438597 0.7699115044247787 0.6175438596491228 0.7691740412979351 0.6192982456140351 0.8244837758112095 0.6175438596491228 0.8252212389380531
0 0.12982456140350876 0.9328908554572272 0.05964912280701754 0.9328908554572272 0.05789473684210526 0.8348082595870207 0.12982456140350876 0.834070796460177 0.13157894736842105 0.9321533923303835 0.12982456140350876 0.9328908554572272