0 0.1996779388083736 0.5538321167883211 0.04669887278582931 0.5538321167883211 0.04589371980676329 0.14233576642335766 0.1996779388083736 0.14142335766423358 0.20048309178743962 0.5529197080291971 0.1996779388083736 0.5538321167883211
0 0.6892109500805152 0.5684306569343066 0.4669887278582931 0.5684306569343066 0.46618357487922707 0.5547445255474452 0.392914653784219 0.5538321167883211 0.392109500805153 0.36313868613138683 0.2222222222222222 0.36222627737226276 0.2214170692431562 0.1478102189781022 0.6892109500805152 0.1468978102189781 0.6900161030595813 0.5675182481751825 0.6892109500805152 0.5684306569343066
0 0.9082125603864735 0.8731751824817519 0.6972624798711755 0.8731751824817519 0.6964573268921095 0.1478102189781022 0.9082125603864735 0.1468978102189781 0.9090177133655395 0.8722627737226277 0.9082125603864735 0.8731751824817519
0 0.391304347826087 0.5538321167883211 0.39049919484702095 0.36678832116788324 0.3832528180354267 0.3658759124087591 0.3824476650563607 0.5529197080291971 0.2222222222222222 0.5538321167883211 0.2214170692431562 0.36313868613138683 0.391304347826087 0.36222627737226276 0.392109500805153 0.5529197080291971 0.391304347826087 0.5538321167883211
0 0.1996779388083736 0.8932481751824818 0.05314009661835749 0.8932481751824818 0.05233494363929147 0.8868613138686131 0.04669887278582931 0.8859489051094891 0.04589371980676329 0.5620437956204379 0.1996779388083736 0.5611313868613139 0.20048309178743962 0.8923357664233577 0.1996779388083736 0.8932481751824818
0 0.37359098228663445 0.7782846715328468 0.2222222222222222 0.7782846715328468 0.2214170692431562 0.5620437956204379 0.37037037037037035 0.5611313868613139 0.3711755233494364 0.7262773722627737 0.3743961352657005 0.7281021897810219 0.3743961352657005 0.7773722627737226 0.37359098228663445 0.7782846715328468
0 0.6892109500805152 0.8166058394160584 0.5700483091787439 0.8166058394160584 0.5692431561996779 0.5693430656934306 0.6892109500805152 0.5684306569343066 0.6900161030595813 0.8156934306569343 0.6892109500805152 0.8166058394160584
0 0.48148148148148145 0.718065693430657 0.38164251207729466 0.718065693430657 0.3808373590982287 0.5821167883211679 0.48148148148148145 0.5812043795620438 0.4822866344605475 0.7171532846715328 0.48148148148148145 0.718065693430657
0 0.5603864734299517 0.718065693430657 0.4927536231884058 0.718065693430657 0.4919484702093398 0.5821167883211679 0.5603864734299517 0.5812043795620438 0.5611916264090178 0.7171532846715328 0.5603864734299517 0.718065693430657
0 0.5603864734299517 0.8658759124087592 0.38164251207729466 0.8658759124087592 0.3808373590982287 0.7281021897810219 0.5603864734299517 0.7271897810218978 0.5611916264090178 0.864963503649635 0.5603864734299517 0.8658759124087592
0 0.37359098228663445 0.8731751824817519 0.2222222222222222 0.8731751824817519 0.2214170692431562 0.7846715328467153 0.37359098228663445 0.7837591240875912 0.3743961352657005 0.8722627737226277 0.37359098228663445 0.8731751824817519
0 0.6892109500805152 0.8731751824817519 0.5700483091787439 0.8731751824817519 0.5692431561996779 0.8248175182481752 0.6892109500805152 0.823905109489051 0.6900161030595813 0.8722627737226277 0.6892109500805152 0.8731751824817519