0 0.13837209302325582 0.41533180778032036 0.06162790697674419 0.41533180778032036 0.061046511627906974 0.07093821510297482 0.14069767441860465 0.06979405034324943 0.14127906976744187 0.2402745995423341 0.13895348837209304 0.2425629290617849 0.13895348837209304 0.41418764302059496 0.13837209302325582 0.41533180778032036
0 0.48255813953488375 0.41533180778032036 0.36627906976744184 0.41533180778032036 0.36511627906976746 0.41304347826086957 0.30930232558139537 0.41304347826086957 0.3081395348837209 0.41533180778032036 0.25 0.41533180778032036 0.24941860465116278 0.07093821510297482 0.48255813953488375 0.06979405034324943 0.4831395348837209 0.41418764302059496 0.48255813953488375 0.41533180778032036
0 0.6988372093023256 0.41762013729977115 0.5325581395348837 0.41762013729977115 0.5319767441860465 0.07322654462242563 0.7186046511627907 0.07208237986270023 0.7191860465116279 0.2929061784897025 0.7 0.2940503432494279 0.6994186046511628 0.41647597254004576 0.6988372093023256 0.41762013729977115
0 0.9523255813953488 0.41762013729977115 0.7244186046511628 0.41762013729977115 0.7238372093023255 0.07322654462242563 0.9523255813953488 0.07208237986270023 0.952906976744186 0.41647597254004576 0.9523255813953488 0.41762013729977115
0 0.24302325581395348 0.2414187643020595 0.14186046511627906 0.2414187643020595 0.14127906976744187 0.12356979405034325 0.14418604651162792 0.12242562929061784 0.1447674418604651 0.07780320366132723 0.24302325581395348 0.07665903890160183 0.2436046511627907 0.2402745995423341 0.24302325581395348 0.2414187643020595
0 0.22906976744186047 0.41533180778032036 0.14534883720930233 0.41533180778032036 0.1447674418604651 0.2517162471395881 0.24302325581395348 0.2505720823798627 0.2436046511627907 0.3157894736842105 0.2302325581395349 0.3169336384439359 0.22965116279069767 0.41418764302059496 0.22906976744186047 0.41533180778032036
0 0.386046511627907 0.683066361556064 0.2930232558139535 0.683066361556064 0.2924418604651163 0.6109839816933639 0.25 0.6098398169336384 0.24941860465116278 0.425629290617849 0.3081395348837209 0.4244851258581236 0.30872093023255814 0.41418764302059496 0.36511627906976746 0.41304347826086957 0.3656976744186046 0.4233409610983982 0.48255813953488375 0.4244851258581236 0.4831395348837209 0.6086956521739131 0.3872093023255814 0.6098398169336384 0.3866279069767442 0.6819221967963387 0.386046511627907 0.683066361556064
0 0.22674418604651161 0.7745995423340961 0.06162790697674419 0.7745995423340961 0.061046511627906974 0.425629290617849 0.24302325581395348 0.4244851258581236 0.2436046511627907 0.6086956521739131 0.22790697674418606 0.6098398169336384 0.22732558139534884 0.7734553775743707 0.22674418604651161 0.7745995423340961
0 0.6767441860465117 0.7745995423340961 0.5325581395348837 0.7745995423340961 0.5319767441860465 0.4279176201372998 0.6465116279069767 0.4267734553775744 0.647093023255814 0.528604118993135 0.6767441860465117 0.5297482837528604 0.6773255813953488 0.7734553775743707 0.6767441860465117 0.7745995423340961
0 0.9523255813953488 0.6075514874141876 0.7686046511627908 0.6075514874141876 0.7540697674418605 0.5766590389016019 0.7511627906976744 0.568649885583524 0.7494186046511628 0.5675057208237986 0.7267441860465116 0.5205949656750573 0.6523255813953488 0.5205949656750573 0.6517441860465116 0.4279176201372998 0.9523255813953488 0.4267734553775744 0.952906976744186 0.6064073226544623 0.9523255813953488 0.6075514874141876
0 0.7627906976744186 0.7036613272311213 0.6825581395348838 0.7036613272311213 0.6819767441860465 0.5308924485125858 0.7232558139534884 0.5297482837528604 0.7290697674418605 0.5411899313501144 0.7308139534883721 0.5423340961098398 0.7633720930232558 0.6086956521739131 0.7633720930232558 0.7025171624713958 0.7627906976744186 0.7036613272311213
0 0.9523255813953488 0.7745995423340961 0.7686046511627908 0.7745995423340961 0.7680232558139535 0.6178489702517163 0.9523255813953488 0.6167048054919908 0.952906976744186 0.7734553775743707 0.9523255813953488 0.7745995423340961
0 0.28837209302325584 0.7745995423340961 0.2313953488372093 0.7745995423340961 0.23081395348837208 0.620137299771167 0.28837209302325584 0.6189931350114416 0.288953488372093 0.7734553775743707 0.28837209302325584 0.7745995423340961
0 0.48255813953488375 0.7745995423340961 0.3918604651162791 0.7745995423340961 0.39127906976744187 0.620137299771167 0.48255813953488375 0.6189931350114416 0.4831395348837209 0.7734553775743707 0.48255813953488375 0.7745995423340961
0 0.386046511627907 0.7745995423340961 0.2930232558139535 0.7745995423340961 0.2924418604651163 0.6979405034324943 0.386046511627907 0.6967963386727689 0.3866279069767442 0.7734553775743707 0.386046511627907 0.7745995423340961
0 0.7627906976744186 0.7745995423340961 0.6825581395348838 0.7745995423340961 0.6819767441860465 0.7116704805491991 0.7627906976744186 0.7105263157894737 0.7633720930232558 0.7734553775743707 0.7627906976744186 0.7745995423340961