0 0.162109375 0.3815104166666667 0.0703125 0.3815104166666667 0.0693359375 0.23697916666666666 0.162109375 0.23567708333333334 0.1630859375 0.3802083333333333 0.162109375 0.3815104166666667
0 0.236328125 0.3815104166666667 0.169921875 0.3815104166666667 0.1689453125 0.23697916666666666 0.236328125 0.23567708333333334 0.2373046875 0.3802083333333333 0.236328125 0.3815104166666667
0 0.328125 0.31640625 0.244140625 0.31640625 0.2431640625 0.23697916666666666 0.328125 0.23567708333333334 0.3291015625 0.3151041666666667 0.328125 0.31640625
0 0.419921875 0.4518229166666667 0.3984375 0.4518229166666667 0.3974609375 0.4166666666666667 0.328125 0.4153645833333333 0.3271484375 0.3177083333333333 0.3291015625 0.3151041666666667 0.3291015625 0.23697916666666666 0.419921875 0.23567708333333334 0.4208984375 0.4505208333333333 0.419921875 0.4518229166666667
0 0.59375 0.48828125 0.541015625 0.48828125 0.5400390625 0.4505208333333333 0.4296875 0.44921875 0.4287109375 0.23697916666666666 0.6640625 0.23567708333333334 0.6650390625 0.4479166666666667 0.595703125 0.44921875 0.5947265625 0.4869791666666667 0.59375 0.48828125
0 0.7734375 0.44921875 0.671875 0.44921875 0.6708984375 0.23697916666666666 0.78515625 0.23567708333333334 0.7861328125 0.2734375 0.796875 0.2747395833333333 0.7978515625 0.3307291666666667 0.775390625 0.33203125 0.7744140625 0.4479166666666667 0.7734375 0.44921875
0 0.931640625 0.50390625 0.8046875 0.50390625 0.8037109375 0.4505208333333333 0.78125 0.44921875 0.7802734375 0.3411458333333333 0.802734375 0.33984375 0.8037109375 0.2682291666666667 0.79296875 0.2669270833333333 0.7919921875 0.23697916666666666 0.931640625 0.23567708333333334 0.9326171875 0.5026041666666666 0.931640625 0.50390625
0 0.3203125 0.4153645833333333 0.244140625 0.4153645833333333 0.2431640625 0.3255208333333333 0.3203125 0.32421875 0.3212890625 0.4140625 0.3203125 0.4153645833333333
0 0.236328125 0.7278645833333334 0.0703125 0.7278645833333334 0.0693359375 0.3932291666666667 0.162109375 0.3919270833333333 0.1630859375 0.4453125 0.236328125 0.4466145833333333 0.2373046875 0.7265625 0.236328125 0.7278645833333334
0 0.236328125 0.4388020833333333 0.169921875 0.4388020833333333 0.1689453125 0.3932291666666667 0.236328125 0.3919270833333333 0.2373046875 0.4375 0.236328125 0.4388020833333333
0 0.3203125 0.4908854166666667 0.244140625 0.4908854166666667 0.2431640625 0.4244791666666667 0.3203125 0.4231770833333333 0.3212890625 0.4895833333333333 0.3203125 0.4908854166666667
0 0.388671875 0.4908854166666667 0.328125 0.4908854166666667 0.3271484375 0.4244791666666667 0.388671875 0.4231770833333333 0.3896484375 0.4895833333333333 0.388671875 0.4908854166666667
0 0.623046875 0.7278645833333334 0.3984375 0.7278645833333334 0.3974609375 0.4609375 0.427734375 0.4596354166666667 0.4287109375 0.4505208333333333 0.5234375 0.44921875 0.5244140625 0.4947916666666667 0.623046875 0.49609375 0.6240234375 0.7265625 0.623046875 0.7278645833333334
0 0.796875 0.6184895833333334 0.6875 0.6184895833333334 0.6865234375 0.5572916666666666 0.708984375 0.5559895833333334 0.7099609375 0.5494791666666666 0.625 0.5481770833333334 0.6240234375 0.4973958333333333 0.525390625 0.49609375 0.5244140625 0.4505208333333333 0.5390625 0.44921875 0.5400390625 0.4869791666666667 0.59375 0.48828125 0.5947265625 0.4505208333333333 0.638671875 0.44921875 0.6396484375 0.4557291666666667 0.796875 0.45703125 0.7978515625 0.6171875 0.796875 0.6184895833333334
0 0.388671875 0.7278645833333334 0.244140625 0.7278645833333334 0.2431640625 0.5 0.388671875 0.4986979166666667 0.3896484375 0.7265625 0.388671875 0.7278645833333334
0 0.931640625 0.7278645833333334 0.8046875 0.7278645833333334 0.8037109375 0.5130208333333334 0.931640625 0.51171875 0.9326171875 0.7265625 0.931640625 0.7278645833333334
0 0.6796875 0.6731770833333334 0.630859375 0.6731770833333334 0.6298828125 0.5572916666666666 0.6796875 0.5559895833333334 0.6806640625 0.671875 0.6796875 0.6731770833333334
0 0.796875 0.6731770833333334 0.6875 0.6731770833333334 0.6865234375 0.6276041666666666 0.796875 0.6263020833333334 0.7978515625 0.671875 0.796875 0.6731770833333334