0 0.43243243243243246 0.43989547038327526 0.277992277992278 0.43989547038327526 0.27702702702702703 0.2073170731707317 0.43243243243243246 0.20644599303135888 0.4333976833976834 0.43902439024390244 0.43243243243243246 0.43989547038327526
0 0.6602316602316602 0.4259581881533101 0.4420849420849421 0.4259581881533101 0.4411196911196911 0.2073170731707317 0.806949806949807 0.20644599303135888 0.8079150579150579 0.32578397212543553 0.6621621621621622 0.32665505226480834 0.6611969111969112 0.4250871080139373 0.6602316602316602 0.4259581881533101
0 0.916988416988417 0.2970383275261324 0.8146718146718147 0.2970383275261324 0.8137065637065637 0.2073170731707317 0.916988416988417 0.20644599303135888 0.917953667953668 0.2961672473867596 0.916988416988417 0.2970383275261324
0 0.9111969111969112 0.4294425087108014 0.8146718146718147 0.4294425087108014 0.8137065637065637 0.30313588850174217 0.9111969111969112 0.30226480836236935 0.9121621621621622 0.42857142857142855 0.9111969111969112 0.4294425087108014
0 0.806949806949807 0.46602787456445993 0.7722007722007722 0.46602787456445993 0.7702702702702703 0.4642857142857143 0.6621621621621622 0.4642857142857143 0.6611969111969112 0.32752613240418116 0.806949806949807 0.32665505226480834 0.8079150579150579 0.4651567944250871 0.806949806949807 0.46602787456445993
0 0.5038610038610039 0.6454703832752613 0.4420849420849421 0.6454703832752613 0.4411196911196911 0.4268292682926829 0.6602316602316602 0.4259581881533101 0.6611969111969112 0.4634146341463415 0.7702702702702703 0.4642857142857143 0.7712355212355212 0.5383275261324042 0.525096525096525 0.539198606271777 0.5241312741312741 0.5435540069686411 0.5222007722007722 0.5452961672473867 0.5222007722007722 0.5522648083623694 0.5202702702702703 0.554006968641115 0.5202702702702703 0.5662020905923345 0.5183397683397684 0.5679442508710801 0.5183397683397684 0.5749128919860628 0.5164092664092664 0.5766550522648084 0.5164092664092664 0.5836236933797909 0.5144787644787645 0.5853658536585366 0.5144787644787645 0.5940766550522648 0.5125482625482626 0.5958188153310104 0.5125482625482626 0.6062717770034843 0.5106177606177607 0.60801393728223 0.5106177606177607 0.6149825783972126 0.5086872586872587 0.6167247386759582 0.5086872586872587 0.6254355400696864 0.5067567567567568 0.627177700348432 0.5067567567567568 0.6341463414634146 0.5048262548262549 0.6358885017421603 0.5048262548262549 0.6445993031358885 0.5038610038610039 0.6454703832752613
0 0.916988416988417 0.539198606271777 0.777992277992278 0.539198606271777 0.777027027027027 0.4721254355400697 0.8127413127413128 0.4712543554006969 0.8137065637065637 0.4355400696864111 0.916988416988417 0.4346689895470383 0.917953667953668 0.5383275261324042 0.916988416988417 0.539198606271777
0 0.2548262548262548 0.7273519163763066 0.09266409266409266 0.7273519163763066 0.0916988416988417 0.44076655052264807 0.2548262548262548 0.43989547038327526 0.2557915057915058 0.7264808362369338 0.2548262548262548 0.7273519163763066
0 0.34942084942084944 0.5252613240418118 0.277992277992278 0.5252613240418118 0.27702702702702703 0.445993031358885 0.34942084942084944 0.4451219512195122 0.3503861003861004 0.524390243902439 0.34942084942084944 0.5252613240418118
0 0.43243243243243246 0.5252613240418118 0.3590733590733591 0.5252613240418118 0.3581081081081081 0.445993031358885 0.43243243243243246 0.4451219512195122 0.4333976833976834 0.524390243902439 0.43243243243243246 0.5252613240418118
0 0.4305019305019305 0.7081881533101045 0.277992277992278 0.7081881533101045 0.27702702702702703 0.5331010452961672 0.4305019305019305 0.5322299651567944 0.4314671814671815 0.7073170731707317 0.4305019305019305 0.7081881533101045
0 0.6872586872586872 0.7081881533101045 0.5135135135135135 0.7081881533101045 0.5144787644787645 0.6376306620209059 0.5164092664092664 0.6358885017421603 0.5164092664092664 0.6289198606271778 0.5183397683397684 0.627177700348432 0.5183397683397684 0.6184668989547039 0.5202702702702703 0.6167247386759582 0.5202702702702703 0.6045296167247387 0.5222007722007722 0.6027874564459931 0.5222007722007722 0.5958188153310104 0.5241312741312741 0.5940766550522648 0.5241312741312741 0.5853658536585366 0.5260617760617761 0.5836236933797909 0.5260617760617761 0.5749128919860628 0.527992277992278 0.573170731707317 0.527992277992278 0.5627177700348432 0.5299227799227799 0.5609756097560976 0.5299227799227799 0.554006968641115 0.5318532818532818 0.5522648083623694 0.5318532818532818 0.5470383275261324 0.6872586872586872 0.5461672473867596 0.6882239382239382 0.7073170731707317 0.6872586872586872 0.7081881533101045
0 0.916988416988417 0.7081881533101045 0.696911196911197 0.7081881533101045 0.6959459459459459 0.5470383275261324 0.916988416988417 0.5461672473867596 0.917953667953668 0.7073170731707317 0.916988416988417 0.7081881533101045
0 0.5115830115830116 0.7081881533101045 0.4420849420849421 0.7081881533101045 0.4411196911196911 0.6533101045296167 0.5057915057915058 0.6524390243902439 0.5067567567567568 0.705574912891986 0.5115830115830116 0.7064459930313589 0.5115830115830116 0.7081881533101045
0 0.918918918918919 0.8928571428571429 0.7741312741312741 0.8928571428571429 0.7731660231660231 0.794425087108014 0.918918918918919 0.7935540069686411 0.9198841698841699 0.89198606271777 0.918918918918919 0.8928571428571429