0 0.5649918962722853 0.18769136558481322 0.38217179902755266 0.18769136558481322 0.3820097244732577 0.01837109614206981 0.5649918962722853 0.018064911206368647 0.5651539708265803 0.18738518064911205 0.5649918962722853 0.18769136558481322
0 0.1659643435980551 0.46631965707287204 0.023987034035656402 0.46631965707287204 0.023824959481361426 0.21187997550520515 0.1659643435980551 0.21157379056950398 0.16612641815235007 0.46601347213717087 0.1659643435980551 0.46631965707287204
0 0.2353322528363047 0.4669320269442743 0.16985413290113452 0.4669320269442743 0.16969205834683954 0.21187997550520515 0.2353322528363047 0.21157379056950398 0.23549432739059967 0.46662584200857316 0.2353322528363047 0.4669320269442743
0 0.38217179902755266 0.4669320269442743 0.23987034035656402 0.4669320269442743 0.23970826580226903 0.21187997550520515 0.38217179902755266 0.21157379056950398 0.38233387358184767 0.46662584200857316 0.38217179902755266 0.4669320269442743
0 0.4460291734197731 0.47121861604409065 0.3854132901134522 0.47121861604409065 0.3852512155591572 0.21187997550520515 0.48525121555915723 0.21157379056950398 0.4854132901134522 0.3306797305572566 0.4463533225283631 0.33098591549295775 0.44619124797406806 0.4709124311083895 0.4460291734197731 0.47121861604409065
0 0.5588330632090762 0.32853643600734844 0.4904376012965964 0.32853643600734844 0.49027552674230146 0.21187997550520515 0.5588330632090762 0.21157379056950398 0.5589951377633712 0.32823025107164727 0.5588330632090762 0.32853643600734844
0 0.7183144246353322 0.47611757501530927 0.5649918962722853 0.47611757501530927 0.5648298217179902 0.21187997550520515 0.7183144246353322 0.21157379056950398 0.7184764991896272 0.4758113900796081 0.7183144246353322 0.47611757501530927
0 0.5588330632090762 0.47550520514390693 0.4904376012965964 0.47550520514390693 0.49027552674230146 0.3404776484996938 0.5588330632090762 0.34017146356399264 0.5589951377633712 0.47519902020820576 0.5588330632090762 0.47550520514390693
0 0.48525121555915723 0.47550520514390693 0.4505672609400324 0.47550520514390693 0.45040518638573745 0.34109001837109615 0.48525121555915723 0.340783833435395 0.4854132901134522 0.47519902020820576 0.48525121555915723 0.47550520514390693
0 0.8314424635332253 0.5483772198407838 0.7685575364667747 0.5483772198407838 0.7683954619124798 0.3429271279853031 0.8314424635332253 0.34262094304960194 0.8316045380875202 0.5480710349050827 0.8314424635332253 0.5483772198407838
0 0.9675850891410048 0.7700551132884262 0.9672609400324149 0.7688303735456216 0.8363047001620746 0.7688303735456216 0.8361426256077796 0.3429271279853031 0.9675850891410048 0.34262094304960194 0.9677471636952998 0.769748928352725 0.9675850891410048 0.7700551132884262
0 0.13808752025931928 0.7951622780159217 0.13776337115072934 0.7945499081445193 0.09108589951377634 0.7945499081445193 0.09092382495948136 0.7930189834660135 0.09043760129659643 0.79210042865891 0.08995137763371151 0.7917942437232088 0.08946515397082658 0.790263319044703 0.08897893030794166 0.7899571341090018 0.08816855753646677 0.7878138395590937 0.08768233387358185 0.7875076546233926 0.08687196110210697 0.7853643600734844 0.08638573743922204 0.7850581751377832 0.08589951377633712 0.7835272504592774 0.0854132901134522 0.7832210655235763 0.08460291734197731 0.7810777709736682 0.08411669367909239 0.7807715860379669 0.08363047001620745 0.7792406613594611 0.08282009724473258 0.7783221065523577 0.08233387358184766 0.7767911818738518 0.08184764991896272 0.7764849969381507 0.08184764991896272 0.775260257195346 0.08119935170178282 0.7740355174525413 0.08103727714748785 0.7731169626454378 0.08022690437601297 0.7721984078383344 0.08006482982171799 0.7712798530312308 0.07893030794165316 0.769748928352725 0.07876823338735818 0.7688303735456216 0.07763371150729335 0.7672994488671158 0.07747163695299839 0.7663808940600122 0.0766612641815235 0.7654623392529087 0.07649918962722853 0.7645437844458053 0.0753646677471637 0.7630128597672995 0.07520259319286872 0.7620943049601959 0.07423014586709886 0.7608695652173914 0.07374392220421394 0.7605633802816901 0.07309562398703404 0.7587262706674831 0.07293354943273905 0.7578077158603796 0.023987034035656402 0.7578077158603796 0.023824959481361426 0.4739742804654011 0.2959481361426256 0.47366809552969996 0.29611021069692056 0.5554194733619106 0.29643435980551053 0.5560318432333129 0.29643435980551053 0.7593386405388854 0.22690437601296595 0.7590324556031843 0.22658022690437601 0.7578077158603796 0.15688816855753646 0.7578077158603796 0.15623987034035655 0.7596448254745867 0.15575364667747163 0.7599510104102878 0.15494327390599677 0.7620943049601959 0.15445705024311182 0.7624004898958971 0.1539708265802269 0.763931414574403 0.15316045380875204 0.7648499693815064 0.1526742301458671 0.7663808940600122 0.15218800648298217 0.7666870789957134 0.15170178282009725 0.7682180036742192 0.15089141004862236 0.7691365584813227 0.15040518638573744 0.7706674831598286 0.14959481361426255 0.771586037966932 0.14910858995137763 0.7731169626454378 0.1486223662884927 0.7734231475811391 0.1481361426256078 0.7749540722596449 0.14764991896272286 0.775260257195346 0.14764991896272286 0.7764849969381507 0.14700162074554296 0.7777097366809553 0.14683954619124798 0.7786282914880588 0.14570502431118315 0.7801592161665646 0.14554294975688817 0.7810777709736682 0.14457050243111833 0.7823025107164727 0.14408427876823338 0.782608695652174 0.14343598055105347 0.7844458052663809 0.14327390599675852 0.7853643600734844 0.14230145867098865 0.786589099816289 0.14181523500810372 0.7868952847519902 0.14100486223662884 0.7890385793018984 0.14051863857374391 0.7893447642375995 0.139870340356564 0.7911818738518065 0.13970826580226905 0.79210042865891 0.13873581847649918 0.7933251684017146 0.13824959481361426 0.7936313533374157 0.13824959481361426 0.7948560930802204 0.13808752025931928 0.7951622780159217
0 0.45024311183144244 0.6414574402939376 0.3008103727714749 0.6414574402939376 0.3006482982171799 0.5560318432333129 0.2962722852512156 0.5557256582976118 0.29611021069692056 0.4739742804654011 0.38217179902755266 0.47366809552969996 0.38233387358184767 0.47948560930802203 0.4460291734197731 0.4797917942437232 0.44619124797406806 0.5425597060624617 0.45024311183144244 0.5428658909981628 0.45040518638573745 0.6411512553582364 0.45024311183144244 0.6414574402939376
0 0.59935170178282 0.7633190447030006 0.5990275526742301 0.7620943049601959 0.5251215559157212 0.7620943049601959 0.5247974068071313 0.7614819350887936 0.4505672609400324 0.7614819350887936 0.45040518638573745 0.484996938150643 0.48427876823338734 0.4846907532149418 0.48444084278768235 0.5425597060624617 0.500162074554295 0.5428658909981628 0.5003241491085899 0.484996938150643 0.59935170178282 0.4846907532149418 0.5995137763371151 0.7630128597672995 0.59935170178282 0.7633190447030006
0 0.7183144246353322 0.7645437844458053 0.7176661264181523 0.763931414574403 0.6612641815235009 0.763931414574403 0.6609400324149108 0.7633190447030006 0.6038897893030795 0.7633190447030006 0.6037277147487844 0.484996938150643 0.7183144246353322 0.4846907532149418 0.7184764991896272 0.7642375995101041 0.7183144246353322 0.7645437844458053
0 0.8314424635332253 0.7688303735456216 0.7685575364667747 0.7688303735456216 0.7683954619124798 0.5572565829761176 0.8314424635332253 0.5569503980404165 0.8316045380875202 0.7685241886099204 0.8314424635332253 0.7688303735456216
0 0.3815235008103728 0.7608695652173914 0.38103727714748786 0.7605633802816901 0.38087520259319285 0.7596448254745867 0.300162074554295 0.7596448254745867 0.3 0.6503368034292712 0.3815235008103728 0.6500306184935701 0.38168557536466774 0.7605633802816901 0.3815235008103728 0.7608695652173914
0 0.4460291734197731 0.7614819350887936 0.4453808752025932 0.7608695652173914 0.3857374392220421 0.7608695652173914 0.38557536466774717 0.6503368034292712 0.4460291734197731 0.6500306184935701 0.44619124797406806 0.7611757501530925 0.4460291734197731 0.7614819350887936