0 0.4364705882352941 0.5879712746858169 0.36470588235294116 0.5879712746858169 0.3635294117647059 0.5861759425493717 0.14 0.5861759425493717 0.13941176470588235 0.38240574506283664 0.14823529411764705 0.36894075403949733 0.15 0.36804308797127466 0.1635294117647059 0.34560143626570916 0.1652941176470588 0.34470377019748655 0.17882352941176471 0.322262118491921 0.18058823529411766 0.3213644524236984 0.19411764705882353 0.2989228007181329 0.19588235294117648 0.2980251346499102 0.20941176470588235 0.2755834829443447 0.2111764705882353 0.2746858168761221 0.22470588235294117 0.25224416517055653 0.22647058823529412 0.2513464991023339 0.24 0.2289048473967684 0.24176470588235294 0.22800718132854578 0.25529411764705884 0.20556552962298025 0.2570588235294118 0.20466786355475763 0.29764705882352943 0.14093357271095153 0.2994117647058824 0.1400359066427289 0.3129411764705882 0.11759425493716337 0.31470588235294117 0.11669658886894076 0.32823529411764707 0.09425493716337523 0.33 0.0933572710951526 0.34352941176470586 0.07091561938958707 0.3452941176470588 0.07001795332136446 0.3458823529411765 0.06732495511669659 0.44941176470588234 0.06732495511669659 0.45 0.3267504488330341 0.4376470588235294 0.3276481149012567 0.4370588235294118 0.5870736086175943 0.4364705882352941 0.5879712746858169
0 0.6082352941176471 0.322262118491921 0.46 0.322262118491921 0.45941176470588235 0.06822262118491922 0.6388235294117647 0.06732495511669659 0.6394117647058823 0.1561938958707361 0.6094117647058823 0.1570915619389587 0.6088235294117647 0.3213644524236984 0.6082352941176471 0.322262118491921
0 0.8647058823529412 0.322262118491921 0.6764705882352942 0.322262118491921 0.6758823529411765 0.15798922800718132 0.6458823529411765 0.1570915619389587 0.6452941176470588 0.06822262118491922 0.8647058823529412 0.06732495511669659 0.8652941176470588 0.3213644524236984 0.8647058823529412 0.322262118491921
0 0.6717647058823529 0.322262118491921 0.6141176470588235 0.322262118491921 0.6135294117647059 0.1651705565529623 0.6541176470588236 0.16427289048473967 0.6547058823529411 0.19030520646319568 0.6717647058823529 0.19120287253141832 0.6723529411764706 0.3213644524236984 0.6717647058823529 0.322262118491921
0 0.6717647058823529 0.5879712746858169 0.4376470588235294 0.5879712746858169 0.4370588235294118 0.32854578096947934 0.6717647058823529 0.3276481149012567 0.6723529411764706 0.5870736086175943 0.6717647058823529 0.5879712746858169
0 0.8647058823529412 0.5879712746858169 0.6788235294117647 0.5879712746858169 0.678235294117647 0.32854578096947934 0.8647058823529412 0.3276481149012567 0.8652941176470588 0.5870736086175943 0.8647058823529412 0.5879712746858169
0 0.45176470588235296 0.8716337522441652 0.36823529411764705 0.8716337522441652 0.36764705882352944 0.7307001795332136 0.36470588235294116 0.729802513464991 0.36411764705882355 0.5888689407540395 0.5117647058823529 0.5879712746858169 0.5123529411764706 0.6876122082585279 0.45294117647058824 0.6885098743267505 0.45235294117647057 0.8707360861759426 0.45176470588235296 0.8716337522441652
0 0.35764705882352943 0.8716337522441652 0.3023529411764706 0.8716337522441652 0.30176470588235293 0.8258527827648114 0.28 0.8249551166965888 0.27941176470588236 0.8707360861759426 0.14 0.8716337522441652 0.13941176470588235 0.5960502692998204 0.3635294117647059 0.5951526032315978 0.36411764705882355 0.6642728904847397 0.3588235294117647 0.6651705565529623 0.35823529411764704 0.8707360861759426 0.35764705882352943 0.8716337522441652
0 0.5847058823529412 0.6885098743267505 0.5176470588235295 0.6885098743267505 0.5170588235294118 0.5960502692998204 0.5847058823529412 0.5951526032315978 0.5852941176470589 0.6876122082585279 0.5847058823529412 0.6885098743267505
0 0.8647058823529412 0.8716337522441652 0.6788235294117647 0.8716337522441652 0.678235294117647 0.5960502692998204 0.8647058823529412 0.5951526032315978 0.8652941176470588 0.8707360861759426 0.8647058823529412 0.8716337522441652
0 0.6717647058823529 0.7190305206463196 0.591764705882353 0.7190305206463196 0.5911764705882353 0.5978456014362658 0.668235294117647 0.5969479353680431 0.6688235294117647 0.6678635547576302 0.6717647058823529 0.6687612208258528 0.6723529411764706 0.718132854578097 0.6717647058823529 0.7190305206463196
0 0.6717647058823529 0.8716337522441652 0.6164705882352941 0.8716337522441652 0.6158823529411764 0.822262118491921 0.5952941176470589 0.8213644524236984 0.5947058823529412 0.8707360861759426 0.4611764705882353 0.8716337522441652 0.46058823529411763 0.7307001795332136 0.45647058823529413 0.729802513464991 0.45588235294117646 0.696588868940754 0.5847058823529412 0.6956912028725314 0.5852941176470589 0.7271095152603232 0.6717647058823529 0.7280071813285458 0.6723529411764706 0.8707360861759426 0.6717647058823529 0.8716337522441652