0 0.6814268142681427 0.23974358974358975 0.6027060270602707 0.23974358974358975 0.602091020910209 0.1076923076923077 0.6420664206642066 0.1064102564102564 0.6432964329643296 0.10384615384615385 0.6814268142681427 0.10384615384615385 0.6820418204182042 0.23846153846153847 0.6814268142681427 0.23974358974358975
0 0.11685116851168512 0.4269230769230769 0.02952029520295203 0.4269230769230769 0.02890528905289053 0.2512820512820513 0.11685116851168512 0.25 0.11746617466174662 0.4256410256410256 0.11685116851168512 0.4269230769230769
0 0.23493234932349324 0.391025641025641 0.12300123001230012 0.391025641025641 0.12238622386223862 0.2512820512820513 0.23493234932349324 0.25 0.23554735547355474 0.38974358974358975 0.23493234932349324 0.391025641025641
0 0.36039360393603936 0.43205128205128207 0.24108241082410825 0.43205128205128207 0.24046740467404673 0.2512820512820513 0.36039360393603936 0.25 0.36100861008610086 0.4307692307692308 0.36039360393603936 0.43205128205128207
0 0.4157441574415744 0.46025641025641023 0.36531365313653136 0.46025641025641023 0.36469864698646987 0.2512820512820513 0.47601476014760147 0.25 0.47662976629766296 0.3384615384615385 0.43788437884378845 0.33974358974358976 0.43296432964329645 0.35 0.4231242312423124 0.367948717948718 0.41635916359163594 0.37948717948717947 0.41635916359163594 0.45897435897435895 0.4157441574415744 0.46025641025641023
0 0.8105781057810578 0.43205128205128207 0.7466174661746617 0.43205128205128207 0.7453874538745388 0.42948717948717946 0.6027060270602707 0.42948717948717946 0.602091020910209 0.2512820512820513 0.7330873308733087 0.25 0.7337023370233703 0.36153846153846153 0.7552275522755227 0.3628205128205128 0.7558425584255842 0.3871794871794872 0.8105781057810578 0.38846153846153847 0.8111931119311193 0.4307692307692308 0.8105781057810578 0.43205128205128207
0 0.8105781057810578 0.38076923076923075 0.7601476014760148 0.38076923076923075 0.7595325953259533 0.3564102564102564 0.7392373923739237 0.35512820512820514 0.7386223862238622 0.2512820512820513 0.8105781057810578 0.25 0.8111931119311193 0.37948717948717947 0.8105781057810578 0.38076923076923075
0 0.965559655596556 0.42435897435897435 0.8400984009840098 0.42435897435897435 0.8394833948339483 0.4153846153846154 0.8351783517835178 0.41410256410256413 0.8345633456334564 0.4230769230769231 0.8167281672816729 0.42435897435897435 0.8161131611316114 0.3487179487179487 0.8327183271832719 0.3474358974358974 0.8333333333333334 0.3384615384615385 0.8118081180811808 0.3371794871794872 0.8111931119311193 0.2512820512820513 0.8339483394833949 0.25 0.8351783517835178 0.2551282051282051 0.8388683886838868 0.2551282051282051 0.8400984009840098 0.25 0.965559655596556 0.25 0.9661746617466175 0.4230769230769231 0.965559655596556 0.42435897435897435
0 0.47601476014760147 0.491025641025641 0.4218942189421894 0.491025641025641 0.42127921279212793 0.382051282051282 0.4317343173431734 0.3628205128205128 0.43911439114391143 0.35 0.47601476014760147 0.35 0.47662976629766296 0.4897435897435897 0.47601476014760147 0.491025641025641
0 0.23493234932349324 0.7756410256410257 0.12300123001230012 0.7756410256410257 0.12238622386223862 0.4 0.23493234932349324 0.39871794871794874 0.23554735547355474 0.7743589743589744 0.23493234932349324 0.7756410256410257
0 0.8450184501845018 0.7756410256410257 0.6027060270602707 0.7756410256410257 0.602091020910209 0.4307692307692308 0.7453874538745388 0.42948717948717946 0.7466174661746617 0.43205128205128207 0.8462484624846248 0.43205128205128207 0.8474784747847478 0.4346153846153846 0.8794587945879458 0.4346153846153846 0.8800738007380073 0.5384615384615384 0.8462484624846248 0.5397435897435897 0.8456334563345633 0.7743589743589744 0.8450184501845018 0.7756410256410257
0 0.8794587945879458 0.4346153846153846 0.8474784747847478 0.4346153846153846 0.8474784747847478 0.43205128205128207 0.8794587945879458 0.43205128205128207 0.8794587945879458 0.4346153846153846
0 0.965559655596556 0.5397435897435897 0.8856088560885609 0.5397435897435897 0.8849938499384994 0.43333333333333335 0.931119311193112 0.43205128205128207 0.9317343173431735 0.4897435897435897 0.9360393603936039 0.491025641025641 0.9366543665436654 0.45384615384615384 0.965559655596556 0.45256410256410257 0.9661746617466175 0.5384615384615384 0.965559655596556 0.5397435897435897
0 0.36039360393603936 0.7756410256410257 0.24108241082410825 0.7756410256410257 0.24046740467404673 0.441025641025641 0.36039360393603936 0.43974358974358974 0.36100861008610086 0.7743589743589744 0.36039360393603936 0.7756410256410257
0 0.47601476014760147 0.7756410256410257 0.36531365313653136 0.7756410256410257 0.36469864698646987 0.4717948717948718 0.4157441574415744 0.4705128205128205 0.41635916359163594 0.49743589743589745 0.47601476014760147 0.4987179487179487 0.47662976629766296 0.7743589743589744 0.47601476014760147 0.7756410256410257
0 0.965559655596556 0.7756410256410257 0.8511685116851169 0.7756410256410257 0.8505535055350554 0.5512820512820513 0.965559655596556 0.55 0.9661746617466175 0.7743589743589744 0.965559655596556 0.7756410256410257