0 0.5255813953488372 0.4852216748768473 0.38372093023255816 0.4852216748768473 0.3825581395348837 0.19047619047619047 0.8488372093023255 0.1896551724137931 0.85 0.48111658456486045 0.7162790697674418 0.4819376026272578 0.713953488372093 0.48357963875205257 0.5279069767441861 0.48357963875205257 0.5255813953488372 0.4852216748768473
0 0.313953488372093 0.5262725779967159 0.07906976744186046 0.5262725779967159 0.07790697674418605 0.3136288998357964 0.37209302325581395 0.312807881773399 0.3732558139534884 0.48440065681444994 0.31627906976744186 0.4852216748768473 0.31511627906976747 0.5254515599343186 0.313953488372093 0.5262725779967159
0 0.8488372093023255 0.48357963875205257 0.7162790697674418 0.48357963875205257 0.7162790697674418 0.4819376026272578 0.8488372093023255 0.4819376026272578 0.8488372093023255 0.48357963875205257
0 0.5255813953488372 0.7463054187192119 0.38372093023255816 0.7463054187192119 0.3825581395348837 0.5270935960591133 0.32558139534883723 0.5262725779967159 0.3244186046511628 0.49261083743842365 0.3813953488372093 0.4917898193760263 0.3825581395348837 0.4860426929392447 0.5255813953488372 0.4852216748768473 0.5267441860465116 0.5862068965517241 0.5837209302325581 0.5870279146141215 0.5848837209302326 0.6617405582922824 0.5279069767441861 0.6625615763546798 0.5267441860465116 0.7454844006568144 0.5255813953488372 0.7463054187192119
0 0.713953488372093 0.6609195402298851 0.5953488372093023 0.6609195402298851 0.5941860465116279 0.5812807881773399 0.5372093023255814 0.5804597701149425 0.536046511627907 0.4909688013136289 0.713953488372093 0.49014778325123154 0.7151162790697675 0.6600985221674877 0.713953488372093 0.6609195402298851
0 0.8418604651162791 0.6182266009852216 0.7255813953488373 0.6182266009852216 0.7244186046511628 0.49261083743842365 0.8418604651162791 0.4917898193760263 0.8430232558139535 0.6174055829228243 0.8418604651162791 0.6182266009852216
0 0.24883720930232558 0.6165845648604269 0.07906976744186046 0.6165845648604269 0.07790697674418605 0.5336617405582923 0.24883720930232558 0.5328407224958949 0.25 0.6157635467980296 0.24883720930232558 0.6165845648604269
0 0.37209302325581395 0.6165845648604269 0.26046511627906976 0.6165845648604269 0.2593023255813954 0.5336617405582923 0.37209302325581395 0.5328407224958949 0.3732558139534884 0.6157635467980296 0.37209302325581395 0.6165845648604269
0 0.3488372093023256 0.8760262725779967 0.07906976744186046 0.8760262725779967 0.07790697674418605 0.6223316912972086 0.37209302325581395 0.6215106732348111 0.3732558139534884 0.7454844006568144 0.3511627906976744 0.7463054187192119 0.35 0.8752052545155994 0.3488372093023256 0.8760262725779967
0 0.8488372093023255 0.8760262725779967 0.5372093023255814 0.8760262725779967 0.536046511627907 0.6683087027914614 0.7209302325581395 0.6674876847290641 0.7220930232558139 0.6272577996715928 0.8488372093023255 0.6264367816091954 0.85 0.8752052545155994 0.8488372093023255 0.8760262725779967
0 0.5255813953488372 0.8760262725779967 0.3581395348837209 0.8760262725779967 0.3569767441860465 0.7520525451559934 0.5255813953488372 0.7512315270935961 0.5267441860465116 0.8752052545155994 0.5255813953488372 0.8760262725779967