0 0.22701949860724233 0.8388671875 0.057103064066852366 0.8388671875 0.056406685236768804 0.126953125 0.22701949860724233 0.1259765625 0.2277158774373259 0.837890625 0.22701949860724233 0.8388671875
0 0.31197771587743733 0.3662109375 0.23537604456824512 0.3662109375 0.23467966573816157 0.228515625 0.31197771587743733 0.2275390625 0.3126740947075209 0.365234375 0.31197771587743733 0.3662109375
0 0.3955431754874652 0.3603515625 0.318941504178273 0.3603515625 0.31824512534818944 0.228515625 0.3955431754874652 0.2275390625 0.39623955431754876 0.359375 0.3955431754874652 0.3603515625
0 0.6225626740947076 0.5849609375 0.403899721448468 0.5849609375 0.4032033426183844 0.228515625 0.5891364902506964 0.2275390625 0.5898328690807799 0.4609375 0.6225626740947076 0.4619140625 0.6232590529247911 0.583984375 0.6225626740947076 0.5849609375
0 0.724233983286908 0.4521484375 0.5974930362116991 0.4521484375 0.5967966573816156 0.228515625 0.724233983286908 0.2275390625 0.7249303621169917 0.451171875 0.724233983286908 0.4521484375
0 0.871866295264624 0.5283203125 0.7325905292479109 0.5283203125 0.7318941504178273 0.228515625 0.871866295264624 0.2275390625 0.8725626740947076 0.52734375 0.871866295264624 0.5283203125
0 0.3955431754874652 0.6064453125 0.23537604456824512 0.6064453125 0.23467966573816157 0.462890625 0.31058495821727017 0.4619140625 0.3112813370473538 0.375 0.31754874651810583 0.3740234375 0.31824512534818944 0.361328125 0.3955431754874652 0.3603515625 0.39623955431754876 0.60546875 0.3955431754874652 0.6064453125
0 0.3050139275766017 0.4560546875 0.23537604456824512 0.4560546875 0.23467966573816157 0.375 0.3050139275766017 0.3740234375 0.30571030640668523 0.455078125 0.3050139275766017 0.4560546875
0 0.724233983286908 0.7255859375 0.6239554317548747 0.7255859375 0.6232590529247911 0.462890625 0.724233983286908 0.4619140625 0.7249303621169917 0.724609375 0.724233983286908 0.7255859375
0 0.7966573816155988 0.6376953125 0.7325905292479109 0.6376953125 0.7318941504178273 0.5390625 0.7966573816155988 0.5380859375 0.7973537604456824 0.63671875 0.7966573816155988 0.6376953125
0 0.871866295264624 0.6376953125 0.8050139275766016 0.6376953125 0.8043175487465181 0.5390625 0.871866295264624 0.5380859375 0.8725626740947076 0.63671875 0.871866295264624 0.6376953125
0 0.616991643454039 0.8388671875 0.403899721448468 0.8388671875 0.4032033426183844 0.595703125 0.5334261838440112 0.5947265625 0.5341225626740947 0.5859375 0.5877437325905293 0.5849609375 0.5884401114206128 0.59375 0.616991643454039 0.5947265625 0.6176880222841226 0.837890625 0.616991643454039 0.8388671875
0 0.3955431754874652 0.8388671875 0.23537604456824512 0.8388671875 0.23467966573816157 0.615234375 0.3955431754874652 0.6142578125 0.39623955431754876 0.837890625 0.3955431754874652 0.8388671875
0 0.871866295264624 0.8388671875 0.7325905292479109 0.8388671875 0.7318941504178273 0.646484375 0.871866295264624 0.6455078125 0.8725626740947076 0.837890625 0.871866295264624 0.8388671875
0 0.724233983286908 0.8388671875 0.6239554317548747 0.8388671875 0.6232590529247911 0.734375 0.724233983286908 0.7333984375 0.7249303621169917 0.837890625 0.724233983286908 0.8388671875