0 0.23600605143721634 0.28757062146892653 0.06959152798789713 0.28757062146892653 0.06883509833585477 0.18531073446327684 0.23600605143721634 0.1847457627118644 0.2367624810892587 0.28700564971751413 0.23600605143721634 0.28757062146892653
0 0.4856278366111952 0.4209039548022599 0.24659606656580937 0.4209039548022599 0.245839636913767 0.18531073446327684 0.3767019667170953 0.1847457627118644 0.3774583963691377 0.288135593220339 0.4947049924357035 0.2887005649717514 0.49546142208774585 0.37740112994350283 0.48714069591527986 0.37796610169491524 0.4863842662632375 0.42033898305084744 0.4856278366111952 0.4209039548022599
0 0.8668683812405447 0.5011299435028248 0.5627836611195158 0.5011299435028248 0.5620272314674736 0.4293785310734463 0.4962178517397882 0.4288135593220339 0.49546142208774585 0.28926553672316385 0.37821482602118 0.2887005649717514 0.3774583963691377 0.18531073446327684 0.8668683812405447 0.1847457627118644 0.867624810892587 0.5005649717514125 0.8668683812405447 0.5011299435028248
0 0.23600605143721634 0.4966101694915254 0.06959152798789713 0.4966101694915254 0.06883509833585477 0.29491525423728815 0.23600605143721634 0.2943502824858757 0.2367624810892587 0.496045197740113 0.23600605143721634 0.4966101694915254
0 0.3691376701966717 0.53954802259887 0.24659606656580937 0.53954802259887 0.245839636913767 0.4293785310734463 0.3691376701966717 0.4288135593220339 0.3698940998487141 0.5389830508474577 0.3691376701966717 0.53954802259887
0 0.5612708018154312 0.6864406779661016 0.37972768532526474 0.6864406779661016 0.3789712556732224 0.4293785310734463 0.5612708018154312 0.4288135593220339 0.5620272314674736 0.6858757062146893 0.5612708018154312 0.6864406779661016
0 0.3691376701966717 0.7847457627118644 0.06959152798789713 0.7847457627118644 0.06883509833585477 0.503954802259887 0.23600605143721634 0.5033898305084745 0.2367624810892587 0.5457627118644067 0.3691376701966717 0.5463276836158192 0.3698940998487141 0.784180790960452 0.3691376701966717 0.7847457627118644
0 0.7034795763993948 0.5915254237288136 0.573373676248109 0.5915254237288136 0.5726172465960666 0.5084745762711864 0.7034795763993948 0.507909604519774 0.7042360060514372 0.5909604519774011 0.7034795763993948 0.5915254237288136
0 0.8668683812405447 0.5915254237288136 0.7140695915279879 0.5915254237288136 0.7133131618759455 0.5084745762711864 0.8668683812405447 0.507909604519774 0.867624810892587 0.5909604519774011 0.8668683812405447 0.5915254237288136
0 0.8668683812405447 0.7847457627118644 0.573373676248109 0.7847457627118644 0.5726172465960666 0.5988700564971752 0.8668683812405447 0.5983050847457627 0.867624810892587 0.784180790960452 0.8668683812405447 0.7847457627118644
0 0.5612708018154312 0.7847457627118644 0.37972768532526474 0.7847457627118644 0.3789712556732224 0.6949152542372882 0.5612708018154312 0.6943502824858757 0.5620272314674736 0.784180790960452 0.5612708018154312 0.7847457627118644
0 0.4145234493192133 0.93954802259887 0.27685325264750377 0.93954802259887 0.2760968229954614 0.8090395480225989 0.4145234493192133 0.8084745762711865 0.4152798789712557 0.9389830508474576 0.4145234493192133 0.93954802259887