0 0.7698744769874477 0.4599609375 0.6401673640167364 0.4599609375 0.6391213389121339 0.44921875 0.6317991631799164 0.4482421875 0.6307531380753139 0.265625 0.7698744769874477 0.2646484375 0.7709205020920502 0.458984375 0.7698744769874477 0.4599609375
0 0.9225941422594143 0.4873046875 0.8389121338912134 0.4873046875 0.8378661087866108 0.4609375 0.7740585774058577 0.4599609375 0.7730125523012552 0.265625 0.9225941422594143 0.2646484375 0.9236401673640168 0.486328125 0.9225941422594143 0.4873046875
0 0.4393305439330544 0.5537109375 0.28661087866108786 0.5537109375 0.28556485355648537 0.267578125 0.5690376569037657 0.2666015625 0.5700836820083682 0.416015625 0.44142259414225943 0.4169921875 0.44037656903765693 0.552734375 0.4393305439330544 0.5537109375
0 0.5564853556485355 0.5927734375 0.4435146443514644 0.5927734375 0.4424686192468619 0.56640625 0.44037656903765693 0.564453125 0.44037656903765693 0.41796875 0.5690376569037657 0.4169921875 0.5700836820083682 0.580078125 0.5585774058577406 0.5810546875 0.5575313807531381 0.591796875 0.5564853556485355 0.5927734375
0 0.8326359832635983 0.5498046875 0.6317991631799164 0.5498046875 0.6307531380753139 0.46484375 0.8326359832635983 0.4638671875 0.8336820083682008 0.548828125 0.8326359832635983 0.5498046875
0 0.891213389121339 0.5498046875 0.8389121338912134 0.5498046875 0.8378661087866108 0.490234375 0.9225941422594143 0.4892578125 0.9236401673640168 0.52734375 0.893305439330544 0.5283203125 0.8922594142259415 0.548828125 0.891213389121339 0.5498046875
0 0.26778242677824265 0.5712890625 0.17154811715481172 0.5712890625 0.1705020920502092 0.494140625 0.26778242677824265 0.4931640625 0.2688284518828452 0.5703125 0.26778242677824265 0.5712890625
0 0.7698744769874477 0.6943359375 0.6317991631799164 0.6943359375 0.6307531380753139 0.56640625 0.6548117154811716 0.5654296875 0.6558577405857741 0.552734375 0.7698744769874477 0.5517578125 0.7709205020920502 0.693359375 0.7698744769874477 0.6943359375
0 0.8410041841004184 0.6943359375 0.7740585774058577 0.6943359375 0.7730125523012552 0.560546875 0.7866108786610879 0.5595703125 0.7876569037656904 0.552734375 0.9225941422594143 0.5517578125 0.9236401673640168 0.609375 0.8661087866108786 0.6103515625 0.8629707112970711 0.61328125 0.858786610878661 0.619140625 0.854602510460251 0.625 0.850418410041841 0.630859375 0.8462343096234309 0.63671875 0.8441422594142259 0.640625 0.8420502092050209 0.64453125 0.8420502092050209 0.693359375 0.8410041841004184 0.6943359375
0 0.4393305439330544 0.6376953125 0.28661087866108786 0.6376953125 0.28556485355648537 0.56640625 0.3158995815899582 0.5654296875 0.3169456066945607 0.556640625 0.3682008368200837 0.5556640625 0.3702928870292887 0.5537109375 0.4393305439330544 0.5537109375 0.44037656903765693 0.63671875 0.4393305439330544 0.6376953125
0 0.3138075313807531 0.9580078125 0.11715481171548117 0.9580078125 0.11610878661087866 0.953125 0.11820083682008369 0.951171875 0.11820083682008369 0.919921875 0.11610878661087866 0.91796875 0.11610878661087866 0.865234375 0.11820083682008369 0.86328125 0.11820083682008369 0.578125 0.26778242677824265 0.5771484375 0.2688284518828452 0.703125 0.27615062761506276 0.7041015625 0.27719665271966526 0.763671875 0.4476987447698745 0.7646484375 0.448744769874477 0.705078125 0.4686192468619247 0.7041015625 0.4696652719665272 0.794921875 0.3158995815899582 0.7958984375 0.3148535564853556 0.95703125 0.3138075313807531 0.9580078125
0 0.5690376569037657 0.6943359375 0.4497907949790795 0.6943359375 0.448744769874477 0.681640625 0.4435146443514644 0.6806640625 0.4424686192468619 0.595703125 0.5690376569037657 0.5947265625 0.5700836820083682 0.693359375 0.5690376569037657 0.6943359375
0 0.9163179916317992 0.6904296875 0.8493723849372385 0.6904296875 0.8483263598326359 0.64453125 0.852510460251046 0.640625 0.856694560669456 0.634765625 0.8608786610878661 0.62890625 0.8650627615062761 0.623046875 0.8702928870292888 0.6162109375 0.9163179916317992 0.6162109375 0.9173640167364017 0.689453125 0.9163179916317992 0.6904296875
0 0.3598326359832636 0.6943359375 0.2928870292887029 0.6943359375 0.2918410041841004 0.681640625 0.28661087866108786 0.6806640625 0.28556485355648537 0.640625 0.3598326359832636 0.6396484375 0.3608786610878661 0.693359375 0.3598326359832636 0.6943359375
0 0.4393305439330544 0.6943359375 0.36401673640167365 0.6943359375 0.36297071129707115 0.640625 0.4393305439330544 0.6396484375 0.44037656903765693 0.693359375 0.4393305439330544 0.6943359375