0 0.9298345693097547 0.6023076923076923 0.6873930405019966 0.6023076923076923 0.6871078151739874 0.3984615384615385 0.6343411294922989 0.3976923076923077 0.6340559041642898 0.052307692307692305 0.7353108956075299 0.05153846153846154 0.735596120935539 0.13538461538461538 0.7199087278950371 0.13615384615384615 0.719623502567028 0.23846153846153847 0.7221905305191101 0.23923076923076922 0.7224757558471192 0.14307692307692307 0.8220193953223046 0.1423076923076923 0.8223046206503137 0.3076923076923077 0.9298345693097547 0.30846153846153845 0.9301197946377638 0.3923076923076923 0.9306902452937821 0.39384615384615385 0.9301197946377638 0.3953846153846154 0.9301197946377638 0.6015384615384616 0.9298345693097547 0.6023076923076923
0 0.13804905875641757 0.3992307692307692 0.023958927552766685 0.3992307692307692 0.023673702224757558 0.05384615384615385 0.13804905875641757 0.05307692307692308 0.1383342840844267 0.3984615384615385 0.13804905875641757 0.3992307692307692
0 0.257843696520251 0.3453846153846154 0.14204221334854536 0.3453846153846154 0.1417569880205362 0.05384615384615385 0.257843696520251 0.05307692307692308 0.25812892184826014 0.3446153846153846 0.257843696520251 0.3453846153846154
0 0.30633200228180263 0.34692307692307695 0.26183685111237875 0.34692307692307695 0.26155162578436963 0.05384615384615385 0.42213348545350826 0.05307692307692308 0.4224187107815174 0.28307692307692306 0.39132915002852253 0.28384615384615386 0.3910439247005134 0.3415384615384615 0.30690245293782087 0.3423076923076923 0.30661722760981175 0.34615384615384615 0.30633200228180263 0.34692307692307695
0 0.553907586993725 0.2423076923076923 0.4877353108956075 0.2423076923076923 0.4874500855675984 0.2169230769230769 0.4255561893896178 0.21615384615384614 0.4252709640616087 0.05384615384615385 0.553907586993725 0.05307692307692308 0.5541928123217341 0.24153846153846154 0.553907586993725 0.2423076923076923
0 0.9292641186537365 0.30230769230769233 0.8254420992584142 0.30230769230769233 0.825156873930405 0.14307692307692307 0.9292641186537365 0.1423076923076923 0.9295493439817456 0.30153846153846153 0.9292641186537365 0.30230769230769233
0 0.9823160296634341 0.3946153846153846 0.9338277239018825 0.3946153846153846 0.9335424985738734 0.31076923076923074 0.9329720479178552 0.30923076923076925 0.9335424985738734 0.3076923076923077 0.9335424985738734 0.3030769230769231 0.9329720479178552 0.30153846153846153 0.9329720479178552 0.14461538461538462 0.9324015972618368 0.14307692307692307 0.9823160296634341 0.1423076923076923 0.9826012549914432 0.39384615384615385 0.9823160296634341 0.3946153846153846
0 0.4837421563034798 0.3776923076923077 0.44209925841414716 0.3776923076923077 0.44181403308613804 0.31846153846153846 0.4255561893896178 0.3176923076923077 0.4252709640616087 0.22615384615384615 0.4837421563034798 0.22538461538461538 0.4840273816314889 0.3769230769230769 0.4837421563034798 0.3776923076923077
0 0.553907586993725 0.4623076923076923 0.4877353108956075 0.4623076923076923 0.4874500855675984 0.2523076923076923 0.553907586993725 0.25153846153846154 0.5541928123217341 0.46153846153846156 0.553907586993725 0.4623076923076923
0 0.3827723901882487 0.8315384615384616 0.26354820308043353 0.8315384615384616 0.2632629777524244 0.7523076923076923 0.26183685111237875 0.7515384615384615 0.26155162578436963 0.42153846153846153 0.26041072447233315 0.42 0.26041072447233315 0.36 0.26155162578436963 0.35846153846153844 0.26155162578436963 0.3476923076923077 0.30633200228180263 0.34692307692307695 0.30661722760981175 0.3507692307692308 0.42213348545350826 0.3515384615384615 0.4224187107815174 0.7538461538461538 0.38334284084426695 0.7546153846153846 0.38305761551625783 0.8307692307692308 0.3827723901882487 0.8315384615384616
0 0.19566457501426127 0.4469230769230769 0.16600114090131204 0.4469230769230769 0.1657159155733029 0.41384615384615386 0.1426126640045636 0.41307692307692306 0.14232743867655448 0.4 0.1417569880205362 0.3984615384615385 0.1417569880205362 0.3553846153846154 0.19566457501426127 0.3546153846153846 0.19594980034227039 0.4461538461538462 0.19566457501426127 0.4469230769230769
0 0.25841414717626926 0.5546153846153846 0.1990872789503708 0.5546153846153846 0.19880205362236167 0.3553846153846154 0.257843696520251 0.3546153846153846 0.25812892184826014 0.35846153846153844 0.26012549914432403 0.35923076923076924 0.26041072447233315 0.42 0.2589845978322875 0.4207692307692308 0.2586993725042784 0.5538461538461539 0.25841414717626926 0.5546153846153846
0 0.4837421563034798 0.4623076923076923 0.4255561893896178 0.4623076923076923 0.4252709640616087 0.40307692307692305 0.4415288077581289 0.4023076923076923 0.44181403308613804 0.38769230769230767 0.4837421563034798 0.3869230769230769 0.4840273816314889 0.46153846153846156 0.4837421563034798 0.4623076923076923
0 0.19566457501426127 0.5546153846153846 0.1426126640045636 0.5546153846153846 0.14232743867655448 0.42153846153846153 0.16257843696520252 0.4207692307692308 0.16286366229321164 0.4707692307692308 0.16543069024529378 0.4715384615384615 0.1657159155733029 0.4553846153846154 0.19566457501426127 0.4546153846153846 0.19594980034227039 0.5538461538461539 0.19566457501426127 0.5546153846153846
0 0.553907586993725 0.7546153846153846 0.4255561893896178 0.7546153846153846 0.4252709640616087 0.4723076923076923 0.553907586993725 0.4715384615384615 0.5541928123217341 0.7538461538461538 0.553907586993725 0.7546153846153846
0 0.25841414717626926 0.7515384615384615 0.1426126640045636 0.7515384615384615 0.14232743867655448 0.5661538461538461 0.25841414717626926 0.5653846153846154 0.2586993725042784 0.7507692307692307 0.25841414717626926 0.7515384615384615