0 0.45341159207630227 0.3116458704693999 0.3008070432868672 0.3116458704693999 0.3004402054292003 0.21687462863933452 0.45341159207630227 0.21657754010695188 0.45377842993396916 0.3113487819370172 0.45341159207630227 0.3116458704693999
0 0.8862802641232576 0.339572192513369 0.7336757153338225 0.339572192513369 0.7333088774761556 0.2192513368983957 0.8862802641232576 0.21895424836601307 0.8866471019809244 0.3392751039809863 0.8862802641232576 0.339572192513369
0 0.3756419662509171 0.494058229352347 0.1371973587674248 0.494058229352347 0.1368305209097579 0.27629233511586454 0.289068231841526 0.2759952465834819 0.28943506969919297 0.42305407011289364 0.32134996331621424 0.4233511586452763 0.3246515040352164 0.42602495543672014 0.3275862068965517 0.42899584076054664 0.32795304475421866 0.4298871063576946 0.3290535583272194 0.43018419489007725 0.33125458547322084 0.4325609031491384 0.33272193690388846 0.43434343434343436 0.3330887747615554 0.4352346999405823 0.33492296404988997 0.43612596553773025 0.3371239911958914 0.4385026737967914 0.34152604548789434 0.44266191325014853 0.3459280997798973 0.44682115270350564 0.3473954512105649 0.44860368389780153 0.34849596478356565 0.4500891265597148 0.3495964783565664 0.4503862150920974 0.3517975055025679 0.45276292335115864 0.35546588407923696 0.4563279857397504 0.35840058694057225 0.4592988710635769 0.3628026412325752 0.46345811051693403 0.3664710198092443 0.46702317290552586 0.36793837123991197 0.46880570409982175 0.3716067498165811 0.47237076648841353 0.376008804108584 0.47653000594177064 0.376008804108584 0.49376114081996436 0.3756419662509171 0.494058229352347
0 0.7226705796038151 0.3900772430184195 0.5685986793837124 0.3900772430184195 0.5682318415260454 0.2786690433749257 0.7226705796038151 0.27837195484254307 0.723037417461482 0.3897801544860368 0.7226705796038151 0.3900772430184195
0 0.45341159207630227 0.4197860962566845 0.3008070432868672 0.4197860962566845 0.3004402054292003 0.3155080213903743 0.45341159207630227 0.3152109328579917 0.45377842993396916 0.41948900772430187 0.45341159207630227 0.4197860962566845
0 0.8862802641232576 0.4982174688057041 0.7336757153338225 0.4982174688057041 0.7333088774761556 0.3434343434343434 0.8862802641232576 0.3431372549019608 0.8866471019809244 0.4979203802733215 0.8862802641232576 0.4982174688057041
0 0.6522377109317682 0.4328579916815211 0.5685986793837124 0.4328579916815211 0.5682318415260454 0.3939393939393939 0.6522377109317682 0.3936423054070113 0.6526045487894351 0.4325609031491384 0.6522377109317682 0.4328579916815211
0 0.7226705796038151 0.5522875816993464 0.6581071166544388 0.5522875816993464 0.6577402787967719 0.49910873440285203 0.5685986793837124 0.4988116458704694 0.5682318415260454 0.43672014260249553 0.6566397652237711 0.4364230540701129 0.657006603081438 0.3939393939393939 0.7226705796038151 0.3936423054070113 0.723037417461482 0.5519904931669638 0.7226705796038151 0.5522875816993464
0 0.45341159207630227 0.494058229352347 0.38004402054292 0.494058229352347 0.37967718268525313 0.47474747474747475 0.37820983125458546 0.47355912061794414 0.37674247982391784 0.47177658942364825 0.3756419662509171 0.470291146761735 0.3745414526779164 0.46999405822935236 0.3730741012472487 0.4682115270350565 0.3694057226705796 0.46464646464646464 0.3657373440939105 0.46108140225787286 0.3620689655172414 0.45751633986928103 0.3606016140865737 0.45573380867498514 0.359501100513573 0.4542483660130719 0.35840058694057225 0.45395127748068925 0.3561995597945708 0.45157456922162803 0.3517975055025679 0.4474153297682709 0.3495964783565664 0.44503862150920975 0.3492296404988995 0.4441473559120618 0.3473954512105649 0.44325609031491386 0.3459280997798973 0.4414735591206179 0.3422597212032282 0.43790849673202614 0.3393250183418929 0.43493761140819964 0.33492296404988997 0.43077837195484253 0.33125458547322084 0.42721330956625075 0.32978723404255317 0.42543077837195487 0.32868672046955244 0.4239453357100416 0.3275862068965517 0.4236482471776589 0.3261188554658841 0.42186571598336303 0.3246515040352164 0.42008318478906714 0.45341159207630227 0.4197860962566845 0.45377842993396916 0.49376114081996436 0.45341159207630227 0.494058229352347
0 0.2553191489361702 0.5796197266785502 0.1371973587674248 0.5796197266785502 0.1368305209097579 0.5169340463458111 0.1504035216434336 0.5166369578134284 0.15077035950110051 0.49732620320855614 0.28980190755685986 0.4970291146761735 0.29016874541452675 0.5597147950089126 0.25605282465150403 0.5600118835412953 0.25568598679383714 0.5793226381461676 0.2553191489361702 0.5796197266785502
0 0.3756419662509171 0.5861556743909685 0.30154071900220103 0.5861556743909685 0.30117388114453414 0.4979203802733215 0.3756419662509171 0.4976232917409388 0.376008804108584 0.5858585858585859 0.3756419662509171 0.5861556743909685
0 0.45341159207630227 0.5409982174688057 0.38004402054292 0.5409982174688057 0.37967718268525313 0.4979203802733215 0.45341159207630227 0.4976232917409388 0.45377842993396916 0.5407011289364231 0.45341159207630227 0.5409982174688057
0 0.652971386647102 0.5522875816993464 0.5685986793837124 0.5522875816993464 0.5682318415260454 0.5240641711229946 0.5810711665443874 0.523767082590612 0.5814380044020543 0.5020796197266786 0.652971386647102 0.5017825311942959 0.6533382245047689 0.5519904931669638 0.652971386647102 0.5522875816993464
0 0.8862802641232576 0.589126559714795 0.7336757153338225 0.589126559714795 0.7333088774761556 0.5020796197266786 0.8782098312545855 0.5017825311942959 0.8785766691122524 0.5121806298276886 0.8862802641232576 0.5124777183600713 0.8866471019809244 0.5888294711824124 0.8862802641232576 0.589126559714795
0 0.45341159207630227 0.5861556743909685 0.38004402054292 0.5861556743909685 0.37967718268525313 0.5442661913250149 0.45341159207630227 0.5439691027926322 0.45377842993396916 0.5858585858585859 0.45341159207630227 0.5861556743909685
0 0.7226705796038151 0.648544266191325 0.5685986793837124 0.648544266191325 0.5682318415260454 0.5561497326203209 0.698459280997799 0.5558526440879382 0.6988261188554659 0.5787284610814023 0.7226705796038151 0.5790255496137849 0.723037417461482 0.6482471776589424 0.7226705796038151 0.648544266191325
0 0.28980190755685986 0.5796197266785502 0.25972120322817316 0.5796197266785502 0.2593543653705062 0.5638740344622698 0.28980190755685986 0.563576945929887 0.29016874541452675 0.5793226381461676 0.28980190755685986 0.5796197266785502
0 0.20029347028613353 0.6437908496732027 0.1371973587674248 0.6437908496732027 0.1368305209097579 0.5834818775995246 0.20029347028613353 0.583184789067142 0.20066030814380045 0.64349376114082 0.20029347028613353 0.6437908496732027
0 0.28980190755685986 0.6437908496732027 0.20542920029347028 0.6437908496732027 0.20506236243580336 0.5834818775995246 0.28980190755685986 0.583184789067142 0.29016874541452675 0.64349376114082 0.28980190755685986 0.6437908496732027
0 0.417461482024945 0.9456327985739751 0.22743947175348497 0.9456327985739751 0.22707263389581805 0.8247177658942365 0.417461482024945 0.8244206773618539 0.4178283198826119 0.9453357100415924 0.417461482024945 0.9456327985739751
0 0.22083639031548055 0.9444444444444444 0.13279530447542187 0.9444444444444444 0.13242846661775495 0.8294711824123588 0.22083639031548055 0.8291740938799762 0.22120322817314747 0.9441473559120618 0.22083639031548055 0.9444444444444444