0 0.349009900990099 0.5221822541966427 0.18316831683168316 0.5221822541966427 0.18254950495049505 0.24100719424460432 0.349009900990099 0.24040767386091128 0.3496287128712871 0.5215827338129496 0.349009900990099 0.5221822541966427
0 0.6101485148514851 0.5221822541966427 0.35767326732673266 0.5221822541966427 0.35705445544554454 0.24100719424460432 0.6101485148514851 0.24040767386091128 0.6107673267326733 0.5215827338129496 0.6101485148514851 0.5221822541966427
0 0.8316831683168316 0.4670263788968825 0.6633663366336634 0.4670263788968825 0.6627475247524752 0.4196642685851319 0.6398514851485149 0.41906474820143885 0.6392326732673267 0.4460431654676259 0.6113861386138614 0.44664268585131894 0.6107673267326733 0.24100719424460432 0.8316831683168316 0.24040767386091128 0.8323019801980198 0.46642685851318944 0.8316831683168316 0.4670263788968825
0 0.724009900990099 0.632494004796163 0.6188118811881188 0.632494004796163 0.6181930693069307 0.4748201438848921 0.724009900990099 0.47422062350119903 0.7246287128712872 0.63189448441247 0.724009900990099 0.632494004796163
0 0.8316831683168316 0.5941247002398081 0.7326732673267327 0.5941247002398081 0.7320544554455446 0.4748201438848921 0.8316831683168316 0.47422062350119903 0.8323019801980198 0.5935251798561151 0.8316831683168316 0.5941247002398081
0 0.6101485148514851 0.7284172661870504 0.5321782178217822 0.7284172661870504 0.531559405940594 0.5227817745803357 0.6101485148514851 0.5221822541966427 0.6107673267326733 0.7278177458033573 0.6101485148514851 0.7284172661870504
0 0.5247524752475248 0.6241007194244604 0.4566831683168317 0.6241007194244604 0.4560643564356436 0.5287769784172662 0.5247524752475248 0.5281774580335732 0.5253712871287128 0.6235011990407674 0.5247524752475248 0.6241007194244604
0 0.44554455445544555 0.6241007194244604 0.18316831683168316 0.6241007194244604 0.18254950495049505 0.5323741007194245 0.44554455445544555 0.5317745803357314 0.44616336633663367 0.6235011990407674 0.44554455445544555 0.6241007194244604
0 0.8316831683168316 0.8435251798561151 0.6188118811881188 0.8435251798561151 0.6181930693069307 0.6390887290167866 0.7314356435643564 0.6384892086330936 0.7320544554455446 0.6019184652278178 0.8316831683168316 0.6013189448441247 0.8323019801980198 0.842925659472422 0.8316831683168316 0.8435251798561151
0 0.5222772277227723 0.7272182254196643 0.4566831683168317 0.7272182254196643 0.4560643564356436 0.63189448441247 0.5222772277227723 0.6312949640287769 0.5228960396039604 0.7266187050359713 0.5222772277227723 0.7272182254196643
0 0.45544554455445546 0.9646282973621103 0.17326732673267325 0.9646282973621103 0.17264851485148514 0.6438848920863309 0.43564356435643564 0.6432853717026379 0.43626237623762376 0.8621103117505995 0.45544554455445546 0.8627098321342925 0.4560643564356436 0.9640287769784173 0.45544554455445546 0.9646282973621103
0 0.6101485148514851 0.8435251798561151 0.4566831683168317 0.8435251798561151 0.4560643564356436 0.7350119904076738 0.6101485148514851 0.7344124700239808 0.6107673267326733 0.842925659472422 0.6101485148514851 0.8435251798561151