0 0.700187969924812 0.16472457627118645 0.5695488721804511 0.16472457627118645 0.569078947368421 0.1239406779661017 0.700187969924812 0.12341101694915255 0.7006578947368421 0.1641949152542373 0.700187969924812 0.16472457627118645
0 0.9652255639097744 0.17002118644067796 0.8355263157894737 0.17002118644067796 0.8350563909774437 0.1239406779661017 0.9652255639097744 0.12341101694915255 0.9656954887218046 0.1694915254237288 0.9652255639097744 0.17002118644067796
0 0.8280075187969925 0.21133474576271186 0.706766917293233 0.21133474576271186 0.706296992481203 0.17372881355932204 0.7072368421052632 0.17266949152542374 0.7072368421052632 0.1281779661016949 0.8280075187969925 0.12764830508474576 0.8284774436090225 0.2108050847457627 0.8280075187969925 0.21133474576271186
0 0.2941729323308271 0.4454449152542373 0.18890977443609022 0.4454449152542373 0.18843984962406016 0.3538135593220339 0.18421052631578946 0.3532838983050847 0.1837406015037594 0.4449152542372881 0.039473684210526314 0.4454449152542373 0.03900375939849624 0.13029661016949154 0.24906015037593984 0.12976694915254236 0.24953007518796994 0.2680084745762712 0.35620300751879697 0.2685381355932203 0.3566729323308271 0.3654661016949153 0.29887218045112784 0.3659957627118644 0.2984022556390977 0.3527542372881356 0.2951127819548872 0.3522245762711864 0.29464285714285715 0.4449152542372881 0.2941729323308271 0.4454449152542373
0 0.35714285714285715 0.2632415254237288 0.25281954887218044 0.2632415254237288 0.2523496240601504 0.13029661016949154 0.35620300751879697 0.12976694915254236 0.3566729323308271 0.13241525423728814 0.3576127819548872 0.13347457627118645 0.3576127819548872 0.2627118644067797 0.35714285714285715 0.2632415254237288
0 0.42951127819548873 0.2028601694915254 0.3656015037593985 0.2028601694915254 0.3651315789473684 0.13347457627118645 0.42951127819548873 0.1329449152542373 0.4299812030075188 0.20233050847457626 0.42951127819548873 0.2028601694915254
0 0.7030075187969925 0.2833686440677966 0.5704887218045113 0.2833686440677966 0.5700187969924813 0.17372881355932204 0.7030075187969925 0.1731991525423729 0.7034774436090225 0.2828389830508475 0.7030075187969925 0.2833686440677966
0 0.9624060150375939 0.2505296610169492 0.831766917293233 0.2505296610169492 0.831296992481203 0.17796610169491525 0.9624060150375939 0.1774364406779661 0.962875939849624 0.25 0.9624060150375939 0.2505296610169492
0 0.42951127819548873 0.2854872881355932 0.3618421052631579 0.2854872881355932 0.36137218045112784 0.211864406779661 0.42951127819548873 0.21133474576271186 0.4299812030075188 0.2849576271186441 0.42951127819548873 0.2854872881355932
0 0.8280075187969925 0.4422669491525424 0.706766917293233 0.4422669491525424 0.706296992481203 0.21610169491525424 0.8280075187969925 0.2155720338983051 0.8284774436090225 0.4417372881355932 0.8280075187969925 0.4422669491525424
0 0.9624060150375939 0.3956567796610169 0.831766917293233 0.3956567796610169 0.831296992481203 0.2552966101694915 0.9624060150375939 0.2547669491525424 0.962875939849624 0.3951271186440678 0.9624060150375939 0.3956567796610169
0 0.7030075187969925 0.392478813559322 0.5704887218045113 0.392478813559322 0.5700187969924813 0.2870762711864407 0.7030075187969925 0.2865466101694915 0.7034774436090225 0.3919491525423729 0.7030075187969925 0.392478813559322
0 0.4332706766917293 0.4454449152542373 0.3543233082706767 0.4454449152542373 0.35385338345864664 0.3707627118644068 0.3609022556390977 0.3702330508474576 0.3618421052631579 0.3691737288135593 0.3975563909774436 0.3691737288135593 0.3980263157894737 0.3675847457627119 0.3618421052631579 0.3670550847457627 0.36137218045112784 0.2913135593220339 0.4332706766917293 0.2907838983050847 0.43374060150375937 0.4449152542372881 0.4332706766917293 0.4454449152542373
0 0.34868421052631576 0.4454449152542373 0.29887218045112784 0.4454449152542373 0.2984022556390977 0.3707627118644068 0.34868421052631576 0.3702330508474576 0.3491541353383459 0.4449152542372881 0.34868421052631576 0.4454449152542373
0 0.6992481203007519 0.4465042372881356 0.5667293233082706 0.4465042372881356 0.5662593984962406 0.4353813559322034 0.5671992481203008 0.4343220338983051 0.5671992481203008 0.399364406779661 0.6992481203007519 0.3988347457627119 0.6997180451127819 0.4459745762711864 0.6992481203007519 0.4465042372881356
0 0.9652255639097744 0.4465042372881356 0.8355263157894737 0.4465042372881356 0.8350563909774437 0.4014830508474576 0.9652255639097744 0.4009533898305085 0.9656954887218046 0.4459745762711864 0.9652255639097744 0.4465042372881356
0 0.29605263157894735 0.5365466101694916 0.17669172932330826 0.5365466101694916 0.1762218045112782 0.4544491525423729 0.29605263157894735 0.4539194915254237 0.29652255639097747 0.5360169491525424 0.29605263157894735 0.5365466101694916
0 0.4642857142857143 0.8871822033898306 0.3176691729323308 0.8871822033898306 0.31719924812030076 0.8177966101694916 0.31625939849624063 0.8167372881355932 0.4483082706766917 0.816207627118644 0.44877819548872183 0.809322033898305 0.3167293233082707 0.808792372881356 0.31625939849624063 0.6578389830508474 0.4642857142857143 0.6573093220338984 0.46475563909774437 0.8866525423728814 0.4642857142857143 0.8871822033898306
0 0.5714285714285714 0.9666313559322034 0.47368421052631576 0.9666313559322034 0.4732142857142857 0.6578389830508474 0.5714285714285714 0.6573093220338984 0.5718984962406015 0.9661016949152542 0.5714285714285714 0.9666313559322034
0 0.7058270676691729 0.9666313559322034 0.5808270676691729 0.9666313559322034 0.5803571428571429 0.6578389830508474 0.7058270676691729 0.6573093220338984 0.706296992481203 0.9661016949152542 0.7058270676691729 0.9666313559322034
0 0.4642857142857143 0.9666313559322034 0.3176691729323308 0.9666313559322034 0.31719924812030076 0.8983050847457628 0.4642857142857143 0.8977754237288136 0.46475563909774437 0.9661016949152542 0.4642857142857143 0.9666313559322034