0 0.26194144838212635 0.23538011695906433 0.19722650231124808 0.23538011695906433 0.19645608628659475 0.07017543859649122 0.275808936825886 0.06871345029239766 0.2765793528505393 0.14327485380116958 0.27503852080123264 0.14619883040935672 0.27349768875192604 0.15204678362573099 0.27195685670261943 0.15789473684210525 0.26887519260400616 0.16666666666666666 0.26733436055469956 0.17251461988304093 0.2657935285053929 0.1783625730994152 0.2627118644067797 0.1871345029239766 0.2627118644067797 0.23391812865497075 0.26194144838212635 0.23538011695906433
0 0.3189522342064715 0.2880116959064328 0.2665639445300462 0.2880116959064328 0.2657935285053929 0.19298245614035087 0.26887519260400616 0.1871345029239766 0.27041602465331277 0.18128654970760233 0.27195685670261943 0.17543859649122806 0.27349768875192604 0.1695906432748538 0.2765793528505393 0.1608187134502924 0.2781201848998459 0.15497076023391812 0.2796610169491525 0.14912280701754385 0.2796610169491525 0.07017543859649122 0.34822804314329736 0.06871345029239766 0.3489984591679507 0.22514619883040934 0.3389830508474576 0.22660818713450293 0.33513097072419107 0.23684210526315788 0.3320493066255778 0.24561403508771928 0.3305084745762712 0.25146198830409355 0.3274268104776579 0.260233918128655 0.3258859784283513 0.26608187134502925 0.32434514637904466 0.2719298245614035 0.32126348228043144 0.2807017543859649 0.3189522342064715 0.2880116959064328
0 0.35285053929121724 0.22660818713450293 0.35208012326656396 0.07017543859649122 0.35362095531587057 0.07017543859649122 0.35362095531587057 0.22514619883040934 0.35285053929121724 0.22660818713450293
0 0.40215716486902925 0.22660818713450293 0.3543913713405239 0.22660818713450293 0.35362095531587057 0.07017543859649122 0.39907550077041604 0.06871345029239766 0.3998459167950693 0.0847953216374269 0.4029275808936826 0.08771929824561403 0.4029275808936826 0.22514619883040934 0.40215716486902925 0.22660818713450293
0 0.48073959938366717 0.22660818713450293 0.4036979969183359 0.22660818713450293 0.4029275808936826 0.08771929824561403 0.40446841294298924 0.0847953216374269 0.40446841294298924 0.07017543859649122 0.48073959938366717 0.06871345029239766 0.4815100154083205 0.22514619883040934 0.48073959938366717 0.22660818713450293
0 0.7164869029275809 0.26169590643274854 0.650231124807396 0.26169590643274854 0.6494607087827426 0.07309941520467836 0.7380585516178737 0.07163742690058479 0.7388289676425269 0.21637426900584794 0.7326656394453005 0.22807017543859648 0.7164869029275809 0.26169590643274854
0 0.7981510015408321 0.2149122807017544 0.7426810477657936 0.2149122807017544 0.7419106317411402 0.07309941520467836 0.7981510015408321 0.07163742690058479 0.7989214175654854 0.2134502923976608 0.7981510015408321 0.2149122807017544
0 0.9352850539291218 0.24707602339181287 0.802773497688752 0.24707602339181287 0.8020030816640986 0.07309941520467836 0.9352850539291218 0.07163742690058479 0.9360554699537751 0.24561403508771928 0.9352850539291218 0.24707602339181287
0 0.1694915254237288 0.5599415204678363 0.08628659476117104 0.5599415204678363 0.08551617873651772 0.2222222222222222 0.1926040061633282 0.22076023391812866 0.1933744221879815 0.38596491228070173 0.17103235747303544 0.38742690058479534 0.17026194144838214 0.5584795321637427 0.1694915254237288 0.5599415204678363
0 0.7981510015408321 0.4283625730994152 0.7519260400616333 0.4283625730994152 0.75115562403698 0.3830409356725146 0.539291217257319 0.3815789473684211 0.5385208012326657 0.2222222222222222 0.6440677966101694 0.22076023391812866 0.6448382126348228 0.26900584795321636 0.7180277349768875 0.27046783625730997 0.7419106317411402 0.22514619883040934 0.7426810477657936 0.22076023391812866 0.7981510015408321 0.22076023391812866 0.7989214175654854 0.4269005847953216 0.7981510015408321 0.4283625730994152
0 0.3852080123266564 0.7002923976608187 0.28043143297380585 0.7002923976608187 0.2796610169491525 0.4824561403508772 0.28197226502311246 0.4780701754385965 0.29275808936825887 0.4605263157894737 0.30277349768875195 0.4444444444444444 0.30277349768875195 0.39766081871345027 0.3405238828967643 0.3961988304093567 0.34129429892141755 0.3888888888888889 0.3035439137134052 0.38742690058479534 0.30277349768875195 0.2982456140350877 0.3204930662557781 0.29678362573099415 0.32434514637904466 0.2894736842105263 0.3274268104776579 0.2807017543859649 0.3289676425269646 0.27485380116959063 0.3320493066255778 0.26608187134502925 0.33359013867488446 0.260233918128655 0.33513097072419107 0.2543859649122807 0.33821263482280434 0.24561403508771928 0.33975346687211094 0.23976608187134502 0.3405238828967643 0.23538011695906433 0.37596302003081666 0.23538011695906433 0.37673343605546994 0.47076023391812866 0.3852080123266564 0.4722222222222222 0.3859784283513097 0.6988304093567251 0.3852080123266564 0.7002923976608187
0 0.5038520801232665 0.46345029239766083 0.40061633281972264 0.46345029239766083 0.3998459167950693 0.4327485380116959 0.38058551617873654 0.43128654970760233 0.3798151001540832 0.23684210526315788 0.48073959938366717 0.23538011695906433 0.4815100154083205 0.38596491228070173 0.4830508474576271 0.3888888888888889 0.4830508474576271 0.42105263157894735 0.5038520801232665 0.42251461988304095 0.5046224961479199 0.4619883040935672 0.5038520801232665 0.46345029239766083
0 0.29738058551617874 0.38742690058479534 0.19722650231124808 0.38742690058479534 0.19645608628659475 0.24561403508771928 0.26194144838212635 0.24415204678362573 0.2627118644067797 0.2953216374269006 0.29738058551617874 0.29678362573099415 0.2981510015408321 0.38596491228070173 0.29738058551617874 0.38742690058479534
0 0.9583975346687211 0.6973684210526315 0.7627118644067796 0.6973684210526315 0.7619414483821263 0.4766081871345029 0.7519260400616333 0.47514619883040937 0.75115562403698 0.4298245614035088 0.7981510015408321 0.4283625730994152 0.7989214175654854 0.24853801169590642 0.9352850539291218 0.24707602339181287 0.9360554699537751 0.3888888888888889 0.9583975346687211 0.39035087719298245 0.9591679506933745 0.695906432748538 0.9583975346687211 0.6973684210526315
0 0.6702619414483821 0.4780701754385965 0.6255778120184899 0.4780701754385965 0.6248073959938367 0.3888888888888889 0.6856702619414484 0.38742690058479534 0.6864406779661016 0.47368421052631576 0.6718027734976888 0.47514619883040937 0.6702619414483821 0.4780701754385965
0 0.7473035439137135 0.47514619883040937 0.6887519260400616 0.47514619883040937 0.6879815100154083 0.3888888888888889 0.7473035439137135 0.38742690058479534 0.7480739599383667 0.47368421052631576 0.7473035439137135 0.47514619883040937
0 0.23420647149460708 0.48391812865497075 0.17411402157164868 0.48391812865497075 0.17334360554699538 0.39766081871345027 0.23420647149460708 0.3961988304093567 0.2349768875192604 0.4824561403508772 0.23420647149460708 0.48391812865497075
0 0.27426810477657937 0.48391812865497075 0.24036979969183359 0.48391812865497075 0.23959938366718028 0.39766081871345027 0.29738058551617874 0.3961988304093567 0.2981510015408321 0.4415204678362573 0.29121725731895226 0.4546783625730994 0.28197226502311246 0.4692982456140351 0.27503852080123264 0.47953216374269003 0.27426810477657937 0.48391812865497075
0 0.5038520801232665 0.7002923976608187 0.3913713405238829 0.7002923976608187 0.39060092449922956 0.47368421052631576 0.5038520801232665 0.4722222222222222 0.5046224961479199 0.6988304093567251 0.5038520801232665 0.7002923976608187
0 0.7580893682588598 0.6973684210526315 0.6255778120184899 0.6973684210526315 0.6248073959938367 0.47953216374269003 0.6702619414483821 0.4780701754385965 0.6718027734976888 0.48391812865497075 0.7580893682588598 0.48391812865497075 0.7588597842835131 0.695906432748538 0.7580893682588598 0.6973684210526315
0 0.27426810477657937 0.7002923976608187 0.17411402157164868 0.7002923976608187 0.17334360554699538 0.49415204678362573 0.27426810477657937 0.4926900584795322 0.27503852080123264 0.6988304093567251 0.27426810477657937 0.7002923976608187
0 0.1694915254237288 0.8903508771929824 0.07858243451463791 0.8903508771929824 0.07781201848998459 0.7280701754385965 0.0847457627118644 0.7266081871345029 0.08551617873651772 0.5701754385964912 0.1694915254237288 0.5687134502923976 0.17026194144838214 0.8888888888888888 0.1694915254237288 0.8903508771929824