0 0.46845289541918755 0.21138669673055244 0.35177182368193605 0.21138669673055244 0.35133967156439067 0.12288613303269448 0.46845289541918755 0.12232243517474634 0.46888504753673294 0.21082299887260428 0.46845289541918755 0.21138669673055244
0 0.6024200518582541 0.34892897406989853 0.5946413137424373 0.34892897406989853 0.594209161624892 0.34498308906426156 0.547104580812446 0.34441939120631343 0.5466724286949006 0.12288613303269448 0.6594641313742438 0.12232243517474634 0.6598962834917891 0.27395715896279593 0.6024200518582541 0.34892897406989853
0 0.5419187554019015 0.2294250281848929 0.4736387208297321 0.2294250281848929 0.4732065687121867 0.1273957158962796 0.5419187554019015 0.12683201803833147 0.5423509075194468 0.22886133032694475 0.5419187554019015 0.2294250281848929
0 0.4969749351771824 0.34892897406989853 0.3975799481417459 0.34892897406989853 0.39714779602420053 0.3201803833145434 0.39325842696629215 0.3196166854565953 0.39282627484874677 0.3483652762119504 0.35177182368193605 0.34892897406989853 0.35133967156439067 0.21645997745208567 0.46845289541918755 0.21589627959413754 0.46888504753673294 0.24464487034949267 0.4727744165946413 0.2452085682074408 0.4732065687121867 0.23562570462232243 0.5419187554019015 0.2350620067643743 0.5423509075194468 0.2818489289740699 0.5194468452895419 0.28241262683201807 0.5185825410544511 0.2835400225479143 0.517286084701815 0.28410372040586246 0.5159896283491789 0.28692220969560317 0.5146931719965427 0.2874859075535513 0.5133967156439067 0.290304396843292 0.5121002592912706 0.29086809470124014 0.5116681071737251 0.29255918827508454 0.5095073465859983 0.294250281848929 0.49740708729472777 0.3111612175873732 0.49740708729472777 0.3483652762119504 0.4969749351771824 0.34892897406989853
0 0.8245462402765773 0.4650507328072153 0.5704407951598963 0.4650507328072153 0.5700086430423509 0.35400225479143177 0.6041486603284356 0.35343855693348364 0.6633535004321521 0.2762119503945885 0.6633535004321521 0.2649379932356257 0.8245462402765773 0.26437429537767754 0.8249783923941227 0.4644870349492672 0.8245462402765773 0.4650507328072153
0 0.5419187554019015 0.34892897406989853 0.5012964563526361 0.34892897406989853 0.5008643042350908 0.3134160090191657 0.5038893690579084 0.30947012401352875 0.5051858254105445 0.3089064261555806 0.5185825410544511 0.290304396843292 0.5198789974070873 0.2897406989853439 0.5211754537597234 0.28692220969560317 0.5419187554019015 0.28692220969560317 0.5423509075194468 0.3483652762119504 0.5419187554019015 0.34892897406989853
0 0.5090751944684528 0.4943630214205186 0.35177182368193605 0.4943630214205186 0.35133967156439067 0.35400225479143177 0.564390665514261 0.35343855693348364 0.5648228176318064 0.40022547914317924 0.5358686257562663 0.4007891770011274 0.5345721694036301 0.4024802705749718 0.5341400172860847 0.4041713641488162 0.5319792566983578 0.40586245772266066 0.5315471045808124 0.40755355129650506 0.5293863439930856 0.4092446448703495 0.5289541918755402 0.4109357384441939 0.5267934312878133 0.41262683201803835 0.526361279170268 0.41431792559188274 0.524200518582541 0.4160090191657272 0.5237683664649957 0.4177001127395716 0.5198789974070873 0.42164599774520856 0.5194468452895419 0.423337091319053 0.517286084701815 0.4250281848928974 0.5168539325842697 0.42671927846674185 0.5146931719965427 0.42841037204058624 0.5142610198789974 0.4301014656144307 0.5121002592912706 0.4317925591882751 0.5116681071737251 0.43348365276211953 0.5095073465859983 0.4351747463359639 0.5095073465859983 0.49379932356257045 0.5090751944684528 0.4943630214205186
0 0.564390665514261 0.4943630214205186 0.5142610198789974 0.4943630214205186 0.513828867761452 0.4374295377677565 0.5371650821089023 0.4069898534385569 0.5375972342264477 0.40529875986471253 0.564390665514261 0.40529875986471253 0.5648228176318064 0.49379932356257045 0.564390665514261 0.4943630214205186
0 0.3388072601555748 0.8686583990980834 0.07605877268798616 0.8686583990980834 0.0756266205704408 0.5963923337091319 0.29559204840103714 0.5958286358511837 0.2960242005185825 0.4464487034949267 0.3388072601555748 0.4458850056369786 0.33923941227312016 0.8680947012401353 0.3388072601555748 0.8686583990980834
0 0.28522039757994816 0.5822998872604284 0.08556611927398444 0.5822998872604284 0.08513396715643906 0.4588500563697858 0.28522039757994816 0.45828635851183763 0.28565254969749354 0.5817361894024803 0.28522039757994816 0.5822998872604284
0 0.6387208297320657 0.673618940248027 0.5635263612791702 0.673618940248027 0.5630942091616249 0.5963923337091319 0.41832324978392393 0.5958286358511837 0.41789109766637855 0.5028184892897407 0.5695764909248056 0.5022547914317925 0.5700086430423509 0.46561443066516345 0.6387208297320657 0.4650507328072153 0.6391529818496111 0.673055242390079 0.6387208297320657 0.673618940248027
0 0.7588591184096802 0.7818489289740699 0.6439066551426103 0.7818489289740699 0.6434745030250648 0.608793686583991 0.6395851339671564 0.6082299887260428 0.6391529818496111 0.46561443066516345 0.7588591184096802 0.4650507328072153 0.7592912705272256 0.7812852311161218 0.7588591184096802 0.7818489289740699
0 0.4140017286084702 0.5958286358511837 0.35177182368193605 0.5958286358511837 0.35133967156439067 0.5028184892897407 0.4140017286084702 0.5022547914317925 0.41443388072601556 0.5952649379932357 0.4140017286084702 0.5958286358511837
0 0.4580812445980985 0.7818489289740699 0.35177182368193605 0.7818489289740699 0.35133967156439067 0.6009019165727171 0.4580812445980985 0.6003382187147689 0.4585133967156439 0.7812852311161218 0.4580812445980985 0.7818489289740699
0 0.5592048401037165 0.7818489289740699 0.46240276577355227 0.7818489289740699 0.4619706136560069 0.6009019165727171 0.5592048401037165 0.6003382187147689 0.5596369922212618 0.7812852311161218 0.5592048401037165 0.7818489289740699
0 0.6387208297320657 0.7818489289740699 0.5635263612791702 0.7818489289740699 0.5630942091616249 0.6786922209695603 0.6387208297320657 0.6781285231116122 0.6391529818496111 0.7812852311161218 0.6387208297320657 0.7818489289740699