0 0.9519685039370078 0.43985270049099834 0.7149606299212599 0.43985270049099834 0.7145669291338582 0.29705400981996727 0.7385826771653543 0.2966448445171849 0.738976377952756 0.265139116202946 0.7448818897637796 0.26472995090016366 0.7452755905511811 0.25941080196399346 0.8007874015748031 0.2590016366612111 0.8011811023622047 0.26432078559738137 0.9519685039370078 0.26472995090016366 0.9523622047244095 0.43944353518821605 0.9519685039370078 0.43985270049099834
0 0.26456692913385826 0.48404255319148937 0.09370078740157481 0.48404255319148937 0.09330708661417322 0.29623567921440264 0.27795275590551183 0.2958265139116203 0.2783464566929134 0.265139116202946 0.37559055118110235 0.26472995090016366 0.37598425196850394 0.37643207855973815 0.33779527559055117 0.37684124386252044 0.3374015748031496 0.4607201309328969 0.26535433070866143 0.4611292962356792 0.26496062992125985 0.483633387888707 0.26456692913385826 0.48404255319148937
0 0.4905511811023622 0.37684124386252044 0.3850393700787402 0.37684124386252044 0.3846456692913386 0.265139116202946 0.4905511811023622 0.26472995090016366 0.49094488188976376 0.37643207855973815 0.4905511811023622 0.37684124386252044
0 0.7070866141732284 0.5094108019639935 0.5937007874015748 0.5094108019639935 0.5933070866141732 0.4828150572831424 0.5559055118110237 0.48240589198036005 0.555511811023622 0.29705400981996727 0.7141732283464567 0.2966448445171849 0.7145669291338582 0.4402618657937807 0.7078740157480315 0.440671031096563 0.7074803149606299 0.5090016366612111 0.7070866141732284 0.5094108019639935
0 0.49291338582677163 0.5102291325695582 0.3905511811023622 0.5102291325695582 0.384251968503937 0.5036824877250409 0.3830708661417323 0.5032733224222586 0.37716535433070864 0.49631751227495907 0.37598425196850394 0.4959083469721768 0.37401574803149606 0.4930441898527005 0.37283464566929136 0.49263502454991814 0.3669291338582677 0.48567921440261863 0.365748031496063 0.48527004909983634 0.3598425196850394 0.47831423895253683 0.35866141732283463 0.4779050736497545 0.35669291338582676 0.47504091653027825 0.35551181102362206 0.4746317512274959 0.352755905511811 0.470949263502455 0.3515748031496063 0.4705400981996727 0.34960629921259845 0.4676759410801964 0.3484251968503937 0.4672667757774141 0.34448818897637795 0.4623567921440262 0.34448818897637795 0.38461538461538464 0.49291338582677163 0.3842062193126023 0.4933070866141732 0.5098199672667758 0.49291338582677163 0.5102291325695582
0 0.9519685039370078 0.6387070376432079 0.7645669291338583 0.6387070376432079 0.7614173228346457 0.6346153846153846 0.7598425196850394 0.63379705400982 0.75748031496063 0.6321603927986906 0.7562992125984253 0.6317512274959084 0.7559055118110236 0.6305237315875614 0.7543307086614173 0.6305237315875614 0.7535433070866142 0.6297054009819967 0.7523622047244094 0.6292962356792144 0.7519685039370079 0.6280687397708674 0.7496062992125985 0.6264320785597381 0.7480314960629921 0.6264320785597381 0.7464566929133858 0.6247954173486089 0.7452755905511811 0.6243862520458265 0.7448818897637796 0.6231587561374795 0.7433070866141732 0.6231587561374795 0.7409448818897638 0.6207037643207856 0.7393700787401575 0.619885433715221 0.7370078740157481 0.6182487725040916 0.7338582677165354 0.6157937806873978 0.7322834645669292 0.6157937806873978 0.7299212598425197 0.6133387888707038 0.7283464566929134 0.6125204582651391 0.7259842519685039 0.6108837970540099 0.7248031496062992 0.6104746317512275 0.7244094488188977 0.6092471358428805 0.7228346456692913 0.6084288052373159 0.721259842519685 0.6084288052373159 0.7204724409448819 0.6067921440261865 0.7181102362204724 0.6051554828150573 0.7165354330708661 0.6043371522094927 0.7145669291338582 0.6031096563011457 0.7145669291338582 0.4402618657937807 0.9519685039370078 0.43985270049099834 0.9523622047244095 0.6382978723404256 0.9519685039370078 0.6387070376432079
0 0.378740157480315 0.7319967266775778 0.2755905511811024 0.7319967266775778 0.2751968503937008 0.47217675941080195 0.33858267716535434 0.47176759410801966 0.3858267716535433 0.5208674304418985 0.49291338582677163 0.5208674304418985 0.4933070866141732 0.6342062193126022 0.3795275590551181 0.6346153846153846 0.37913385826771656 0.7315875613747954 0.378740157480315 0.7319967266775778
0 0.26456692913385826 0.8588379705400983 0.09370078740157481 0.8588379705400983 0.09330708661417322 0.4950900163666121 0.26456692913385826 0.4946808510638298 0.26496062992125985 0.8584288052373159 0.26456692913385826 0.8588379705400983
0 0.6236220472440945 0.601063829787234 0.5559055118110237 0.601063829787234 0.555511811023622 0.5171849427168577 0.6236220472440945 0.5167757774140753 0.6240157480314961 0.6006546644844517 0.6236220472440945 0.601063829787234
0 0.7070866141732284 0.601063829787234 0.631496062992126 0.601063829787234 0.6311023622047244 0.5171849427168577 0.7070866141732284 0.5167757774140753 0.7074803149606299 0.6006546644844517 0.7070866141732284 0.601063829787234
0 0.7244094488188977 0.8547463175122749 0.5559055118110237 0.8547463175122749 0.555511811023622 0.6088379705400983 0.710236220472441 0.6084288052373159 0.7110236220472441 0.6100654664484452 0.7133858267716535 0.6117021276595744 0.7149606299212599 0.6125204582651391 0.7188976377952756 0.6157937806873978 0.7204724409448819 0.6157937806873978 0.7228346456692913 0.6182487725040916 0.7251968503937007 0.619885433715221 0.7267716535433071 0.6207037643207856 0.7279527559055118 0.6211129296235679 0.7283464566929134 0.6223404255319149 0.7299212598425197 0.6231587561374795 0.731496062992126 0.6231587561374795 0.7322834645669292 0.6247954173486089 0.7346456692913386 0.6264320785597381 0.7362204724409449 0.6272504091653028 0.7401574803149606 0.6305237315875614 0.7417322834645669 0.6305237315875614 0.7440944881889764 0.6329787234042553 0.7456692913385827 0.63379705400982 0.7480314960629921 0.6354337152209493 0.7492125984251968 0.6358428805237316 0.7496062992125985 0.6370703764320785 0.7511811023622047 0.6378887070376432 0.7535433070866142 0.6395253682487725 0.7551181102362204 0.6403436988543372 0.7562992125984253 0.6407528641571195 0.7562992125984253 0.6472995090016367 0.7570866141732283 0.6481178396072013 0.7570866141732283 0.823240589198036 0.7251968503937007 0.8236497545008183 0.7248031496062992 0.8543371522094927 0.7244094488188977 0.8547463175122749
0 0.49291338582677163 0.7213584288052373 0.38740157480314963 0.7213584288052373 0.38700787401574804 0.6456628477905073 0.49291338582677163 0.6452536824877251 0.4933070866141732 0.720949263502455 0.49291338582677163 0.7213584288052373
0 0.9519685039370078 0.8236497545008183 0.7645669291338583 0.8236497545008183 0.7641732283464567 0.6481178396072013 0.9519685039370078 0.647708674304419 0.9523622047244095 0.823240589198036 0.9519685039370078 0.8236497545008183
0 0.4559055118110236 0.8310147299509002 0.39448818897637794 0.8310147299509002 0.39409448818897636 0.82569558101473 0.38740157480314963 0.8252864157119476 0.38700787401574804 0.7283142389525368 0.49291338582677163 0.7279050736497545 0.4933070866141732 0.8248772504091653 0.4566929133858268 0.8252864157119476 0.4562992125984252 0.8306055646481179 0.4559055118110236 0.8310147299509002
0 0.378740157480315 0.8310147299509002 0.3188976377952756 0.8310147299509002 0.318503937007874 0.82569558101473 0.2755905511811024 0.8252864157119476 0.2751968503937008 0.7397708674304418 0.378740157480315 0.7393617021276596 0.37913385826771656 0.8306055646481179 0.378740157480315 0.8310147299509002