0 0.23789473684210527 0.553076923076923 0.061052631578947365 0.553076923076923 0.06 0.2630769230769231 0.23789473684210527 0.2623076923076923 0.23894736842105263 0.5523076923076923 0.23789473684210527 0.553076923076923
0 0.4168421052631579 0.49153846153846154 0.2505263157894737 0.49153846153846154 0.24947368421052632 0.2630769230769231 0.4168421052631579 0.2623076923076923 0.41789473684210526 0.4907692307692308 0.4168421052631579 0.49153846153846154
0 0.8926315789473684 0.9253846153846154 0.8252631578947368 0.9253846153846154 0.8242105263157895 0.7461538461538462 0.7410526315789474 0.7453846153846154 0.74 0.6646153846153846 0.5389473684210526 0.6638461538461539 0.5378947368421053 0.2676923076923077 0.8926315789473684 0.26692307692307693 0.8936842105263157 0.9246153846153846 0.8926315789473684 0.9253846153846154
0 0.33473684210526317 0.8315384615384616 0.2505263157894737 0.8315384615384616 0.24947368421052632 0.5 0.33473684210526317 0.49923076923076926 0.3357894736842105 0.8307692307692308 0.33473684210526317 0.8315384615384616
0 0.4168421052631579 0.7315384615384616 0.3452631578947368 0.7315384615384616 0.34421052631578947 0.5 0.4168421052631579 0.49923076923076926 0.41789473684210526 0.6215384615384615 0.40842105263157896 0.6223076923076923 0.4073684210526316 0.6307692307692307 0.4168421052631579 0.6315384615384615 0.41789473684210526 0.7307692307692307 0.4168421052631579 0.7315384615384616
0 0.23789473684210527 0.6253846153846154 0.061052631578947365 0.6253846153846154 0.06 0.5615384615384615 0.23789473684210527 0.5607692307692308 0.23894736842105263 0.6246153846153846 0.23789473684210527 0.6253846153846154
0 0.23789473684210527 0.7623076923076924 0.061052631578947365 0.7623076923076924 0.06 0.703076923076923 0.10947368421052632 0.7023076923076923 0.11052631578947368 0.6707692307692308 0.061052631578947365 0.67 0.06 0.6338461538461538 0.23789473684210527 0.6330769230769231 0.23894736842105263 0.7615384615384615 0.23789473684210527 0.7623076923076924
0 0.7305263157894737 0.7453846153846154 0.5389473684210526 0.7453846153846154 0.5378947368421053 0.6907692307692308 0.6063157894736843 0.69 0.6073684210526316 0.6707692307692308 0.7305263157894737 0.67 0.7315789473684211 0.7446153846153846 0.7305263157894737 0.7453846153846154
0 0.4168421052631579 0.9192307692307692 0.21473684210526317 0.9192307692307692 0.21368421052631578 0.8384615384615385 0.3431578947368421 0.8376923076923077 0.34421052631578947 0.7384615384615385 0.4168421052631579 0.7376923076923076 0.41789473684210526 0.9184615384615384 0.4168421052631579 0.9192307692307692
0 0.8147368421052632 0.9253846153846154 0.5389473684210526 0.9253846153846154 0.5378947368421053 0.7538461538461538 0.8147368421052632 0.7530769230769231 0.8157894736842105 0.9246153846153846 0.8147368421052632 0.9253846153846154
0 0.23789473684210527 0.8315384615384616 0.21473684210526317 0.8315384615384616 0.21368421052631578 0.816923076923077 0.061052631578947365 0.8161538461538461 0.06 0.7692307692307693 0.23789473684210527 0.7684615384615384 0.23894736842105263 0.8307692307692308 0.23789473684210527 0.8315384615384616
0 0.2 0.9192307692307692 0.06736842105263158 0.9192307692307692 0.06631578947368422 0.823076923076923 0.2 0.8223076923076923 0.20105263157894737 0.9184615384615384 0.2 0.9192307692307692