0 0.5450381679389313 0.14781746031746032 0.4732824427480916 0.14781746031746032 0.4725190839694656 0.06944444444444445 0.5450381679389313 0.06845238095238096 0.5458015267175572 0.14682539682539683 0.5450381679389313 0.14781746031746032
0 0.5893129770992367 0.14781746031746032 0.5526717557251909 0.14781746031746032 0.5519083969465649 0.06944444444444445 0.5893129770992367 0.06845238095238096 0.5900763358778626 0.14682539682539683 0.5893129770992367 0.14781746031746032
0 0.5893129770992367 0.25892857142857145 0.4732824427480916 0.25892857142857145 0.4725190839694656 0.15674603174603174 0.5893129770992367 0.15575396825396826 0.5900763358778626 0.25793650793650796 0.5893129770992367 0.25892857142857145
0 0.5893129770992367 0.3978174603174603 0.4732824427480916 0.3978174603174603 0.4725190839694656 0.26785714285714285 0.5893129770992367 0.26686507936507936 0.5900763358778626 0.3968253968253968 0.5893129770992367 0.3978174603174603
0 0.3068702290076336 0.564484126984127 0.15877862595419848 0.564484126984127 0.15801526717557252 0.33134920634920634 0.3068702290076336 0.33035714285714285 0.30763358778625954 0.5634920634920635 0.3068702290076336 0.564484126984127
0 0.4595419847328244 0.564484126984127 0.3114503816793893 0.564484126984127 0.31068702290076333 0.33134920634920634 0.4595419847328244 0.33035714285714285 0.46030534351145036 0.5634920634920635 0.4595419847328244 0.564484126984127
0 0.6900763358778625 0.564484126984127 0.6595419847328244 0.564484126984127 0.6587786259541984 0.33134920634920634 0.6900763358778625 0.33035714285714285 0.6908396946564885 0.5634920634920635 0.6900763358778625 0.564484126984127
0 0.9221374045801527 0.564484126984127 0.8122137404580153 0.564484126984127 0.8114503816793893 0.5119047619047619 0.8091603053435115 0.5109126984126984 0.8083969465648855 0.5634920634920635 0.6946564885496184 0.564484126984127 0.6938931297709924 0.33134920634920634 0.8076335877862595 0.33035714285714285 0.8083969465648855 0.38492063492063494 0.8106870229007633 0.38591269841269843 0.8114503816793893 0.3333333333333333 0.9221374045801527 0.3323412698412698 0.9229007633587786 0.5634920634920635 0.9221374045801527 0.564484126984127
0 0.9526717557251908 0.8482142857142857 0.9282442748091603 0.8482142857142857 0.9274809160305344 0.3333333333333333 0.9526717557251908 0.3323412698412698 0.9534351145038168 0.8472222222222222 0.9526717557251908 0.8482142857142857
0 0.5893129770992367 0.7172619047619048 0.4732824427480916 0.7172619047619048 0.4725190839694656 0.40476190476190477 0.5893129770992367 0.4037698412698413 0.5900763358778626 0.7162698412698413 0.5893129770992367 0.7172619047619048
0 0.3618320610687023 0.7986111111111112 0.3114503816793893 0.7986111111111112 0.31068702290076333 0.6666666666666666 0.15877862595419848 0.6656746031746031 0.15801526717557252 0.5694444444444444 0.38625954198473283 0.5684523809523809 0.38702290076335877 0.75 0.36335877862595417 0.7509920634920635 0.36259541984732824 0.7976190476190477 0.3618320610687023 0.7986111111111112
0 0.4595419847328244 0.6378968253968254 0.39236641221374047 0.6378968253968254 0.3916030534351145 0.5694444444444444 0.4595419847328244 0.5684523809523809 0.46030534351145036 0.6369047619047619 0.4595419847328244 0.6378968253968254
0 0.8458015267175573 0.6716269841269841 0.6595419847328244 0.6716269841269841 0.6587786259541984 0.5694444444444444 0.8458015267175573 0.5684523809523809 0.8465648854961833 0.6706349206349206 0.8458015267175573 0.6716269841269841
0 0.9221374045801527 0.6716269841269841 0.850381679389313 0.6716269841269841 0.849618320610687 0.5694444444444444 0.9221374045801527 0.5684523809523809 0.9229007633587786 0.6706349206349206 0.9221374045801527 0.6716269841269841
0 0.4549618320610687 0.7509920634920635 0.39236641221374047 0.7509920634920635 0.3916030534351145 0.6448412698412699 0.4549618320610687 0.6438492063492064 0.45572519083969465 0.75 0.4549618320610687 0.7509920634920635
0 0.3068702290076336 0.8382936507936508 0.15877862595419848 0.8382936507936508 0.15801526717557252 0.6726190476190477 0.3068702290076336 0.6716269841269841 0.30763358778625954 0.8373015873015873 0.3068702290076336 0.8382936507936508
0 0.732824427480916 0.8482142857142857 0.6595419847328244 0.8482142857142857 0.6587786259541984 0.6785714285714286 0.732824427480916 0.6775793650793651 0.733587786259542 0.8472222222222222 0.732824427480916 0.8482142857142857
0 0.9221374045801527 0.8482142857142857 0.7374045801526717 0.8482142857142857 0.7366412213740458 0.6785714285714286 0.9221374045801527 0.6775793650793651 0.9229007633587786 0.8472222222222222 0.9221374045801527 0.8482142857142857
0 0.4595419847328244 0.8382936507936508 0.36793893129770994 0.8382936507936508 0.36717557251908395 0.7559523809523809 0.4595419847328244 0.7549603174603174 0.46030534351145036 0.8373015873015873 0.4595419847328244 0.8382936507936508
0 0.3618320610687023 0.8382936507936508 0.3114503816793893 0.8382936507936508 0.31068702290076333 0.8055555555555556 0.3618320610687023 0.8045634920634921 0.36259541984732824 0.8373015873015873 0.3618320610687023 0.8382936507936508