0 0.35 0.18958333333333333 0.218125 0.18958333333333333 0.2178125 0.028333333333333332 0.373125 0.027916666666666666 0.3734375 0.09 0.350625 0.09041666666666667 0.3503125 0.18916666666666668 0.35 0.18958333333333333
0 0.508125 0.18958333333333333 0.355625 0.18958333333333333 0.3553125 0.0975 0.37875 0.09708333333333333 0.3790625 0.028333333333333332 0.508125 0.027916666666666666 0.5084375 0.18916666666666668 0.508125 0.18958333333333333
0 0.7825 0.26708333333333334 0.513125 0.26708333333333334 0.5128125 0.26 0.5075 0.25958333333333333 0.5071875 0.19666666666666666 0.513125 0.19625 0.5134375 0.028333333333333332 0.7825 0.027916666666666666 0.7828125 0.26666666666666666 0.7825 0.26708333333333334
0 0.306875 0.25958333333333333 0.218125 0.25958333333333333 0.2178125 0.19666666666666666 0.306875 0.19625 0.3071875 0.25916666666666666 0.306875 0.25958333333333333
0 0.5075 0.34458333333333335 0.426875 0.34458333333333335 0.4265625 0.26 0.313125 0.25958333333333333 0.3128125 0.19666666666666666 0.506875 0.19625 0.5071875 0.25916666666666666 0.5078125 0.26 0.5078125 0.3441666666666667 0.5075 0.34458333333333335
0 0.371875 0.42041666666666666 0.218125 0.42041666666666666 0.2178125 0.26666666666666666 0.371875 0.26625 0.3721875 0.42 0.371875 0.42041666666666666
0 0.42125 0.34458333333333335 0.3775 0.34458333333333335 0.3771875 0.26666666666666666 0.42125 0.26625 0.4215625 0.3441666666666667 0.42125 0.34458333333333335
0 0.7825 0.42041666666666666 0.513125 0.42041666666666666 0.5128125 0.2675 0.7825 0.26708333333333334 0.7828125 0.42 0.7825 0.42041666666666666
0 0.5075 0.42041666666666666 0.3775 0.42041666666666666 0.3771875 0.3516666666666667 0.5075 0.35125 0.5078125 0.42 0.5075 0.42041666666666666
0 0.305625 0.5320833333333334 0.218125 0.5320833333333334 0.2178125 0.4275 0.305625 0.4270833333333333 0.3059375 0.5316666666666666 0.305625 0.5320833333333334
0 0.3475 0.5995833333333334 0.31125 0.5995833333333334 0.3109375 0.4275 0.430625 0.4270833333333333 0.4309375 0.5516666666666666 0.348125 0.5520833333333334 0.3478125 0.5991666666666666 0.3475 0.5995833333333334
0 0.305625 0.6320833333333333 0.218125 0.6320833333333333 0.2178125 0.5391666666666667 0.305625 0.53875 0.3059375 0.6316666666666667 0.305625 0.6320833333333333
0 0.430625 0.6320833333333333 0.353125 0.6320833333333333 0.3528125 0.5591666666666667 0.430625 0.55875 0.4309375 0.6316666666666667 0.430625 0.6320833333333333
0 0.430625 0.7204166666666667 0.218125 0.7204166666666667 0.2178125 0.6391666666666667 0.430625 0.63875 0.4309375 0.72 0.430625 0.7204166666666667
0 0.430625 0.8870833333333333 0.218125 0.8870833333333333 0.2178125 0.7275 0.430625 0.7270833333333333 0.4309375 0.8866666666666667 0.430625 0.8870833333333333