0 0.21474358974358973 0.36019417475728155 0.028846153846153848 0.36019417475728155 0.028044871794871796 0.03495145631067961 0.21474358974358973 0.03398058252427184 0.2155448717948718 0.3592233009708738 0.21474358974358973 0.36019417475728155
0 0.46153846153846156 0.45922330097087377 0.22756410256410256 0.45922330097087377 0.2267628205128205 0.03495145631067961 0.46153846153846156 0.03398058252427184 0.4623397435897436 0.458252427184466 0.46153846153846156 0.45922330097087377
0 0.9326923076923077 0.06310679611650485 0.5112179487179487 0.06310679611650485 0.5104166666666666 0.040776699029126215 0.5088141025641025 0.038834951456310676 0.9326923076923077 0.037864077669902914 0.9334935897435898 0.062135922330097085 0.9326923076923077 0.06310679611650485
0 0.7371794871794872 0.45922330097087377 0.5288461538461539 0.45922330097087377 0.5280448717948718 0.3825242718446602 0.5112179487179487 0.38155339805825245 0.5104166666666666 0.07572815533980583 0.7371794871794872 0.07475728155339806 0.7379807692307693 0.458252427184466 0.7371794871794872 0.45922330097087377
0 0.9326923076923077 0.45922330097087377 0.7467948717948718 0.45922330097087377 0.7459935897435898 0.07572815533980583 0.9326923076923077 0.07475728155339806 0.9334935897435898 0.458252427184466 0.9326923076923077 0.45922330097087377
0 0.125 0.45922330097087377 0.046474358974358976 0.45922330097087377 0.04567307692307692 0.37475728155339805 0.125 0.3737864077669903 0.12580128205128205 0.458252427184466 0.125 0.45922330097087377
0 0.21474358974358973 0.45922330097087377 0.13782051282051283 0.45922330097087377 0.13701923076923078 0.37475728155339805 0.21474358974358973 0.3737864077669903 0.2155448717948718 0.458252427184466 0.21474358974358973 0.45922330097087377
0 0.21474358974358973 0.7135922330097088 0.028846153846153848 0.7135922330097088 0.028044871794871796 0.47378640776699027 0.21474358974358973 0.4728155339805825 0.2155448717948718 0.7126213592233009 0.21474358974358973 0.7135922330097088
0 0.34935897435897434 0.7135922330097088 0.22596153846153846 0.7135922330097088 0.22516025641025642 0.6310679611650486 0.26282051282051283 0.6300970873786408 0.2636217948717949 0.6174757281553398 0.22756410256410256 0.616504854368932 0.2267628205128205 0.47378640776699027 0.34935897435897434 0.4728155339805825 0.3501602564102564 0.5572815533980583 0.3814102564102564 0.558252427184466 0.38221153846153844 0.6174757281553398 0.35096153846153844 0.6184466019417476 0.3501602564102564 0.7126213592233009 0.34935897435897434 0.7135922330097088
0 0.46153846153846156 0.7135922330097088 0.35096153846153844 0.7135922330097088 0.3501602564102564 0.6194174757281553 0.3814102564102564 0.6184466019417476 0.38221153846153844 0.5592233009708738 0.35096153846153844 0.558252427184466 0.3501602564102564 0.47378640776699027 0.46153846153846156 0.4728155339805825 0.4623397435897436 0.7126213592233009 0.46153846153846156 0.7135922330097088
0 0.6602564102564102 0.5951456310679611 0.5112179487179487 0.5951456310679611 0.5104166666666666 0.47378640776699027 0.6602564102564102 0.4728155339805825 0.6610576923076923 0.5941747572815534 0.6602564102564102 0.5951456310679611
0 0.9326923076923077 0.7174757281553398 0.8365384615384616 0.7174757281553398 0.8357371794871795 0.570873786407767 0.6730769230769231 0.5699029126213592 0.6722756410256411 0.47378640776699027 0.9326923076923077 0.4728155339805825 0.9334935897435898 0.7165048543689321 0.9326923076923077 0.7174757281553398
0 0.8237179487179487 0.7174757281553398 0.5112179487179487 0.7174757281553398 0.5104166666666666 0.6097087378640776 0.6714743589743589 0.6087378640776699 0.6722756410256411 0.5844660194174758 0.8237179487179487 0.583495145631068 0.8245192307692307 0.7165048543689321 0.8237179487179487 0.7174757281553398
0 0.46634615384615385 0.8339805825242719 0.2644230769230769 0.8339805825242719 0.2636217948717949 0.7359223300970874 0.46634615384615385 0.7349514563106796 0.4671474358974359 0.8330097087378641 0.46634615384615385 0.8339805825242719