0 0.15782664941785252 0.1991869918699187 0.0646830530401035 0.1991869918699187 0.06403622250970246 0.06666666666666667 0.15782664941785252 0.06585365853658537 0.15847347994825356 0.1983739837398374 0.15782664941785252 0.1991869918699187
0 0.3182406209573092 0.2886178861788618 0.16429495472186287 0.2886178861788618 0.16364812419146182 0.06666666666666667 0.3182406209573092 0.06585365853658537 0.3188874514877102 0.28780487804878047 0.3182406209573092 0.2886178861788618
0 0.15782664941785252 0.37642276422764226 0.06727037516170763 0.37642276422764226 0.0666235446313066 0.2048780487804878 0.15782664941785252 0.2040650406504065 0.15847347994825356 0.375609756097561 0.15782664941785252 0.37642276422764226
0 0.3182406209573092 0.5097560975609756 0.26390685640362227 0.5097560975609756 0.2632600258732212 0.5040650406504065 0.20051746442432083 0.5032520325203252 0.1998706338939198 0.48292682926829267 0.16429495472186287 0.4821138211382114 0.16364812419146182 0.2959349593495935 0.3182406209573092 0.2951219512195122 0.3188874514877102 0.5089430894308943 0.3182406209573092 0.5097560975609756
0 0.15782664941785252 0.5032520325203252 0.06727037516170763 0.5032520325203252 0.0666235446313066 0.3821138211382114 0.15782664941785252 0.38130081300813007 0.15847347994825356 0.5024390243902439 0.15782664941785252 0.5032520325203252
0 0.2574385510996119 0.6707317073170732 0.0646830530401035 0.6707317073170732 0.06403622250970246 0.510569105691057 0.2574385510996119 0.5097560975609756 0.25808538163001293 0.6699186991869919 0.2574385510996119 0.6707317073170732
0 0.37516170763260026 0.7552845528455284 0.3040103492884864 0.7552845528455284 0.30336351875808537 0.6764227642276422 0.26390685640362227 0.675609756097561 0.2632600258732212 0.510569105691057 0.5316946959896507 0.5097560975609756 0.5323415265200517 0.734959349593496 0.37645536869340235 0.7357723577235772 0.3758085381630013 0.7544715447154472 0.37516170763260026 0.7552845528455284
0 0.6494178525226391 0.7357723577235772 0.538163001293661 0.7357723577235772 0.53751617076326 0.510569105691057 0.6494178525226391 0.5097560975609756 0.6500646830530401 0.734959349593496 0.6494178525226391 0.7357723577235772
0 0.7930142302716688 0.6219512195121951 0.6584734799482536 0.6219512195121951 0.6578266494178525 0.510569105691057 0.7930142302716688 0.5097560975609756 0.7936610608020699 0.6211382113821138 0.7930142302716688 0.6219512195121951
0 0.96248382923674 0.8268292682926829 0.8020698576972833 0.8268292682926829 0.8014230271668823 0.510569105691057 0.96248382923674 0.5097560975609756 0.963130659767141 0.8260162601626017 0.96248382923674 0.8268292682926829
0 0.7930142302716688 0.7585365853658537 0.6584734799482536 0.7585365853658537 0.6578266494178525 0.6308943089430894 0.7930142302716688 0.6300813008130082 0.7936610608020699 0.7577235772357723 0.7930142302716688 0.7585365853658537
0 0.1888745148771022 0.7471544715447155 0.0646830530401035 0.7471544715447155 0.06403622250970246 0.6764227642276422 0.1888745148771022 0.675609756097561 0.18952134540750323 0.7463414634146341 0.1888745148771022 0.7471544715447155
0 0.3027166882276843 0.8382113821138212 0.19404915912031048 0.8382113821138212 0.19340232858990944 0.6764227642276422 0.3027166882276843 0.675609756097561 0.30336351875808537 0.8373983739837398 0.3027166882276843 0.8382113821138212
0 0.5316946959896507 0.9439024390243902 0.3078913324708926 0.9439024390243902 0.3072445019404916 0.7609756097560976 0.33247089262613194 0.7601626016260162 0.333117723156533 0.7560975609756098 0.37516170763260026 0.7552845528455284 0.3758085381630013 0.7723577235772358 0.38033635187580855 0.7731707317073171 0.3809831824062096 0.7414634146341463 0.46183699870633893 0.740650406504065 0.46248382923674 0.7723577235772358 0.46571798188874514 0.7731707317073171 0.4663648124191462 0.7414634146341463 0.5148771021992238 0.740650406504065 0.5155239327296248 0.8016260162601626 0.5058214747736093 0.802439024390244 0.5051746442432082 0.808130081300813 0.5316946959896507 0.8089430894308943 0.5323415265200517 0.943089430894309 0.5316946959896507 0.9439024390243902
0 0.6494178525226391 0.9439024390243902 0.538163001293661 0.9439024390243902 0.53751617076326 0.7414634146341463 0.6494178525226391 0.740650406504065 0.6500646830530401 0.943089430894309 0.6494178525226391 0.9439024390243902
0 0.2147477360931436 0.9439024390243902 0.0646830530401035 0.9439024390243902 0.06403622250970246 0.7528455284552845 0.1888745148771022 0.7520325203252033 0.18952134540750323 0.8439024390243902 0.2147477360931436 0.8447154471544716 0.21539456662354464 0.943089430894309 0.2147477360931436 0.9439024390243902
0 0.3027166882276843 0.9439024390243902 0.21992238033635186 0.9439024390243902 0.21927554980595085 0.8455284552845529 0.3027166882276843 0.8447154471544716 0.30336351875808537 0.943089430894309 0.3027166882276843 0.9439024390243902