0 0.26697892271662765 0.40007163323782235 0.05893832943013271 0.40007163323782235 0.05874316939890711 0.35888252148997135 0.02654176424668228 0.3585243553008596 0.026346604215456676 0.2027220630372493 0.26697892271662765 0.20236389684813755 0.26717408274785326 0.3997134670487106 0.26697892271662765 0.40007163323782235
0 0.3450429352068696 0.7267191977077364 0.27088212334113976 0.7267191977077364 0.27068696330991415 0.6368194842406877 0.2720530835284934 0.6364613180515759 0.272248243559719 0.5193409742120344 0.27088212334113976 0.5189828080229226 0.27068696330991415 0.4054441260744986 0.2720530835284934 0.4050859598853868 0.272248243559719 0.2027220630372493 0.3294301327088212 0.20236389684813755 0.3296252927400468 0.3431232091690544 0.33118657298985166 0.3459885386819484 0.3327478532396565 0.3495702005730659 0.3337236533957845 0.35207736389684813 0.33430913348946134 0.3524355300859599 0.33430913348946134 0.3538681948424069 0.33548009367681497 0.3553008595988539 0.337431693989071 0.35959885386819485 0.33899297423887587 0.3631805157593123 0.33918813427010147 0.3642550143266476 0.3397736143637783 0.3646131805157593 0.3409445745511319 0.3674785100286533 0.34153005464480873 0.36926934097421205 0.34250585480093676 0.37034383954154726 0.34250585480093676 0.37177650429799425 0.3436768149882904 0.37320916905444124 0.34523809523809523 0.37679083094555876 0.3467993754879001 0.38037249283667623 0.3473848555815769 0.38216332378223494 0.3479703356752537 0.3825214899713467 0.34914129586260734 0.3853868194842407 0.34972677595628415 0.3871776504297994 0.35031225604996097 0.3875358166189112 0.3518735362997658 0.39111747851002865 0.35343481654957065 0.3946991404011461 0.3549960967993755 0.3982808022922636 0.3551912568306011 0.39935530085959886 0.3561670569867291 0.4004297994269341 0.3581186572989852 0.4047277936962751 0.35967993754879 0.40830945558739257 0.3598750975800156 0.4093839541547278 0.36046057767369244 0.40974212034383956 0.36163153786104607 0.41260744985673353 0.36163153786104607 0.4992836676217765 0.35792349726775957 0.4996418338108882 0.35753317720530836 0.5003581661891118 0.35636221701795473 0.5003581661891118 0.3559718969555035 0.5010744985673352 0.3548009367681499 0.5025071633237822 0.35402029664324747 0.5032234957020058 0.35343481654957065 0.5035816618911175 0.35323965651834505 0.5046561604584527 0.3524590163934426 0.5053724928366762 0.351288056206089 0.5068051575931232 0.3505074160811866 0.5075214899713467 0.34914129586260734 0.5093123209169055 0.3479703356752537 0.5121776504297995 0.3475800156128025 0.5136103151862464 0.34640905542544886 0.5164756446991404 0.34562841530054644 0.5186246418338109 0.34523809523809523 0.5200573065902578 0.34523809523809523 0.7263610315186246 0.3450429352068696 0.7267191977077364
0 0.3766588602654176 0.4036532951289398 0.3633879781420765 0.4036532951289398 0.3629976580796253 0.40222063037249284 0.36163153786104607 0.4004297994269341 0.36007025761124123 0.3968481375358166 0.3585089773614364 0.39326647564469913 0.3583138173302108 0.3921919770773639 0.35772833723653397 0.39183381088825214 0.3561670569867291 0.38825214899713467 0.3559718969555035 0.3871776504297994 0.3549960967993755 0.3861031518624642 0.35343481654957065 0.3825214899713467 0.3518735362997658 0.37893982808022925 0.351288056206089 0.3771489971346705 0.3507025761124122 0.37679083094555876 0.3507025761124122 0.3753581661891118 0.35011709601873536 0.3742836676217765 0.34914129586260734 0.37320916905444124 0.3479703356752537 0.37034383954154726 0.3477751756440281 0.36926934097421205 0.3471896955503513 0.36891117478510027 0.34562841530054644 0.3653295128939828 0.3436768149882904 0.36103151862464183 0.3430913348946136 0.35924068767908307 0.34250585480093676 0.35888252148997135 0.34250585480093676 0.35744985673352436 0.3409445745511319 0.3553008595988539 0.3393832943013271 0.3517191977077364 0.33782201405152223 0.34813753581661894 0.33762685402029663 0.34706303724928367 0.3370413739266198 0.3467048710601719 0.33548009367681497 0.3431232091690544 0.33528493364558937 0.3420487106017192 0.33430913348946134 0.34097421203438394 0.33430913348946134 0.2027220630372493 0.3766588602654176 0.20236389684813755 0.3768540202966432 0.4032951289398281 0.3766588602654176 0.4036532951289398
0 0.45940671350507417 0.26396848137535817 0.3793911007025761 0.26396848137535817 0.3791959406713505 0.2027220630372493 0.45940671350507417 0.20236389684813755 0.4596018735362998 0.2636103151862464 0.45940671350507417 0.26396848137535817
0 0.656128024980484 0.3864613180515759 0.5491803278688525 0.3864613180515759 0.5489851678376269 0.20630372492836677 0.5485948477751756 0.20558739255014327 0.656128024980484 0.20522922636103152 0.6563231850117096 0.3861031518624642 0.656128024980484 0.3864613180515759
0 0.7201405152224825 0.31840974212034384 0.660031225604996 0.31840974212034384 0.6598360655737705 0.20558739255014327 0.7201405152224825 0.20522922636103152 0.720335675253708 0.31805157593123207 0.7201405152224825 0.31840974212034384
0 0.8786104605776737 0.4416189111747851 0.660031225604996 0.4416189111747851 0.6598360655737705 0.32449856733524357 0.7232630757220921 0.3241404011461318 0.7234582357533177 0.20558739255014327 0.8501170960187353 0.20522922636103152 0.850312256049961 0.3502865329512894 0.8507025761124122 0.3510028653295129 0.8508977361436377 0.35207736389684813 0.8518735362997658 0.3531518624641834 0.8520686963309914 0.3542263610315186 0.8534348165495707 0.3560171919770774 0.8536299765807962 0.3570916905444126 0.8546057767369243 0.35816618911174786 0.8548009367681498 0.35924068767908307 0.8561670569867291 0.36103151862464183 0.8563622170179547 0.3621060171919771 0.8571428571428571 0.3628223495702006 0.857728337236534 0.3631805157593123 0.8579234972677595 0.3642550143266476 0.8588992974238876 0.3653295128939828 0.8594847775175644 0.36712034383954156 0.8604605776736924 0.3681948424068768 0.860655737704918 0.36926934097421205 0.8616315378610461 0.37034383954154726 0.8622170179547228 0.372134670487106 0.8631928181108509 0.37320916905444124 0.8633879781420765 0.3742836676217765 0.8653395784543325 0.3771489971346705 0.8659250585480094 0.37750716332378226 0.8665105386416861 0.37929799426934097 0.867096018735363 0.37965616045845274 0.868071818891491 0.38216332378223494 0.8686572989851679 0.3825214899713467 0.8692427790788446 0.3843123209169054 0.8698282591725215 0.3846704871060172 0.8708040593286495 0.3871776504297994 0.8782201405152225 0.40007163323782235 0.8788056206088993 0.4004297994269341 0.8788056206088993 0.44126074498567336 0.8786104605776737 0.4416189111747851
0 0.9804839968774395 0.3964899713467049 0.8809523809523809 0.3964899713467049 0.8801717408274785 0.3943409742120344 0.8795862607338018 0.3939828080229226 0.8790007806401249 0.3921919770773639 0.8780249804839969 0.39111747851002865 0.87743950039032 0.38932664756446994 0.8768540202966433 0.38896848137535817 0.8762685402029664 0.3871776504297994 0.8752927400468384 0.3861031518624642 0.8747072599531616 0.3843123209169054 0.8731459797033567 0.38216332378223494 0.87256049960968 0.3818051575931232 0.8704137392661982 0.3771489971346705 0.8698282591725215 0.37679083094555876 0.8676814988290398 0.372134670487106 0.8602654176424668 0.35924068767908307 0.857728337236534 0.3553008595988539 0.8575331772053083 0.3542263610315186 0.8534348165495707 0.34742120343839544 0.8534348165495707 0.20558739255014327 0.9804839968774395 0.20522922636103152 0.9806791569086651 0.3961318051575931 0.9804839968774395 0.3964899713467049
0 0.45940671350507417 0.4036532951289398 0.3793911007025761 0.4036532951289398 0.3791959406713505 0.2693409742120344 0.45940671350507417 0.2689828080229226 0.4596018735362998 0.4032951289398281 0.45940671350507417 0.4036532951289398
0 0.13505074160811867 0.7274355300859598 0.02849336455893833 0.7274355300859598 0.028298204527712725 0.4075931232091691 0.02654176424668228 0.4072349570200573 0.026346604215456676 0.3646131805157593 0.05542544886807182 0.3642550143266476 0.05562060889929742 0.4061604584527221 0.13505074160811867 0.4065186246418338 0.13524590163934427 0.7270773638968482 0.13505074160811867 0.7274355300859598
0 0.656128024980484 0.5598137535816619 0.5491803278688525 0.5598137535816619 0.5489851678376269 0.39255014326647564 0.656128024980484 0.3921919770773639 0.6563231850117096 0.5594555873925502 0.656128024980484 0.5598137535816619
0 0.9804839968774395 0.46454154727793695 0.8821233411397346 0.46454154727793695 0.881928181108509 0.40257879656160456 0.9804839968774395 0.40222063037249284 0.9806791569086651 0.46418338108882523 0.9804839968774395 0.46454154727793695
0 0.4574551131928181 0.4996418338108882 0.36455893832943015 0.4996418338108882 0.36436377829820454 0.41045845272206305 0.40085870413739266 0.4101002865329513 0.40105386416861827 0.4040114613180516 0.43989071038251365 0.4036532951289398 0.44008587041373926 0.40974212034383956 0.4574551131928181 0.4101002865329513 0.4576502732240437 0.4992836676217765 0.4574551131928181 0.4996418338108882
0 0.26697892271662765 0.5827363896848138 0.13934426229508196 0.5827363896848138 0.13914910226385635 0.4068767908309456 0.26697892271662765 0.4065186246418338 0.26717408274785326 0.582378223495702 0.26697892271662765 0.5827363896848138
0 0.7790788446526151 0.7976361031518625 0.660031225604996 0.7976361031518625 0.6598360655737705 0.44197707736389685 0.6924277907884465 0.4416189111747851 0.6926229508196722 0.5888252148997135 0.812256049960968 0.5891833810888252 0.8124512099921936 0.44197707736389685 0.8786104605776737 0.4416189111747851 0.8788056206088993 0.4699140401146132 0.9804839968774395 0.4702722063037249 0.9806791569086651 0.7285100286532952 0.7794691647150663 0.7288681948424068 0.7792740046838408 0.7972779369627507 0.7790788446526151 0.7976361031518625
0 0.812256049960968 0.5891833810888252 0.6928181108508977 0.5891833810888252 0.6926229508196722 0.44197707736389685 0.812256049960968 0.4416189111747851 0.8124512099921936 0.5888252148997135 0.812256049960968 0.5891833810888252
0 0.3825136612021858 0.6643982808022922 0.34933645589383294 0.6643982808022922 0.34914129586260734 0.5222063037249284 0.34953161592505855 0.5214899713467048 0.34972677595628415 0.5204154727793696 0.35031225604996097 0.5200573065902578 0.3507025761124122 0.5186246418338109 0.3514832162373146 0.5164756446991404 0.3518735362997658 0.5150429799426934 0.3520686963309914 0.5139684813753582 0.35323965651834505 0.5125358166189111 0.3548009367681499 0.5103868194842407 0.35675253708040594 0.5075214899713467 0.3590944574551132 0.5075214899713467 0.3594847775175644 0.5068051575931232 0.36143637782982047 0.5068051575931232 0.3618266978922717 0.5060888252148997 0.4574551131928181 0.5060888252148997 0.4576502732240437 0.6081661891117478 0.3708040593286495 0.6085243553008596 0.3706088992974239 0.6153295128939829 0.3825136612021858 0.6156876790830945 0.3827088212334114 0.6640401146131805 0.3825136612021858 0.6643982808022922
0 0.656128024980484 0.7288681948424068 0.5491803278688525 0.7288681948424068 0.5489851678376269 0.5666189111747851 0.656128024980484 0.5662607449856734 0.6563231850117096 0.7285100286532952 0.656128024980484 0.7288681948424068
0 0.25604996096799376 0.7962034383954155 0.13934426229508196 0.7962034383954155 0.13914910226385635 0.589541547277937 0.26697892271662765 0.5891833810888252 0.26717408274785326 0.7263610315186246 0.25644028103044497 0.7267191977077364 0.25624512099921937 0.7958452722063037 0.25604996096799376 0.7962034383954155
0 0.45511319281811086 0.7209885386819485 0.38836846213895393 0.7209885386819485 0.3881733021077283 0.6210601719197708 0.45511319281811086 0.620702005730659 0.45530835284933646 0.7206303724928367 0.45511319281811086 0.7209885386819485
0 0.3825136612021858 0.7267191977077364 0.34933645589383294 0.7267191977077364 0.34914129586260734 0.6697707736389685 0.3825136612021858 0.6694126074498568 0.3827088212334114 0.7263610315186246 0.3825136612021858 0.7267191977077364