0 0.9378806333739342 0.4173728813559322 0.7417783191230207 0.4173728813559322 0.741169305724726 0.16666666666666666 0.9378806333739342 0.16596045197740114 0.938489646772229 0.4166666666666667 0.9378806333739342 0.4173728813559322
0 0.4238733252131547 0.4597457627118644 0.12667478684531058 0.4597457627118644 0.12606577344701583 0.1709039548022599 0.4238733252131547 0.17019774011299435 0.42448233861144946 0.4590395480225989 0.4238733252131547 0.4597457627118644
0 0.7271619975639464 0.5331920903954802 0.4336175395858709 0.5331920903954802 0.4330085261875761 0.1709039548022599 0.7271619975639464 0.17019774011299435 0.7277710109622412 0.5324858757062146 0.7271619975639464 0.5331920903954802
0 0.7880633373934226 0.5388418079096046 0.7442143727161997 0.5388418079096046 0.743605359317905 0.4251412429378531 0.8526187576126675 0.4244350282485876 0.8532277710109623 0.5254237288135594 0.7892813641900122 0.5261299435028248 0.7886723507917174 0.538135593220339 0.7880633373934226 0.5388418079096046
0 0.9378806333739342 0.5261299435028248 0.8611449451887941 0.5261299435028248 0.8605359317904994 0.4251412429378531 0.9378806333739342 0.4244350282485876 0.938489646772229 0.5254237288135594 0.9378806333739342 0.5261299435028248
0 0.5943970767356882 0.6504237288135594 0.4336175395858709 0.6504237288135594 0.4330085261875761 0.6002824858757062 0.12667478684531058 0.5995762711864406 0.12606577344701583 0.4717514124293785 0.27161997563946405 0.471045197740113 0.27222898903775883 0.5310734463276836 0.3337393422655298 0.5317796610169492 0.3343483556638246 0.4717514124293785 0.4238733252131547 0.471045197740113 0.42448233861144946 0.5437853107344632 0.5943970767356882 0.5444915254237288 0.595006090133983 0.6497175141242938 0.5943970767356882 0.6504237288135594
0 0.3313032886723508 0.528954802259887 0.27649208282582216 0.528954802259887 0.2758830694275274 0.4717514124293785 0.3313032886723508 0.471045197740113 0.33191230207064554 0.5282485875706214 0.3313032886723508 0.528954802259887
0 0.11327649208282582 0.7436440677966102 0.047503045066991476 0.7436440677966102 0.04689403166869671 0.4901129943502825 0.11327649208282582 0.4894067796610169 0.11388550548112059 0.7429378531073446 0.11327649208282582 0.7436440677966102
0 0.7941534713763703 0.6800847457627118 0.682095006090134 0.6800847457627118 0.6814859926918392 0.617231638418079 0.6772228989037758 0.6165254237288136 0.6760048721071864 0.6179378531073446 0.6004872107186358 0.6179378531073446 0.5998781973203411 0.5508474576271186 0.7429963459196103 0.5501412429378532 0.743605359317905 0.5451977401129944 0.7880633373934226 0.5444915254237288 0.7886723507917174 0.5494350282485876 0.8258221680876979 0.5501412429378532 0.8264311814859927 0.6059322033898306 0.7953714981729598 0.606638418079096 0.794762484774665 0.6793785310734464 0.7941534713763703 0.6800847457627118
0 0.18879415347137637 0.681497175141243 0.12667478684531058 0.681497175141243 0.12606577344701583 0.6101694915254238 0.18879415347137637 0.6094632768361582 0.18940316686967112 0.6807909604519774 0.18879415347137637 0.681497175141243
0 0.2984165651644336 0.681497175141243 0.19366626065773446 0.681497175141243 0.1930572472594397 0.6101694915254238 0.2984165651644336 0.6094632768361582 0.2990255785627284 0.6807909604519774 0.2984165651644336 0.681497175141243
0 0.4043848964677223 0.6772598870056498 0.30572472594397077 0.6772598870056498 0.305115712545676 0.6101694915254238 0.4043848964677223 0.6094632768361582 0.4049939098660171 0.6765536723163842 0.4043848964677223 0.6772598870056498
0 0.6760048721071864 0.6800847457627118 0.6004872107186358 0.6800847457627118 0.5998781973203411 0.6228813559322034 0.6760048721071864 0.6221751412429378 0.6766138855054811 0.6793785310734464 0.6760048721071864 0.6800847457627118
0 0.587088915956151 0.9074858757062146 0.4348355663824604 0.9074858757062146 0.4342265529841656 0.6624293785310734 0.587088915956151 0.661723163841808 0.5876979293544458 0.9067796610169492 0.587088915956151 0.9074858757062146
0 0.4226552984165652 0.9074858757062146 0.30572472594397077 0.9074858757062146 0.305115712545676 0.6836158192090396 0.4092570036540804 0.682909604519774 0.40986601705237513 0.6680790960451978 0.4226552984165652 0.6673728813559322 0.4232643118148599 0.9067796610169492 0.4226552984165652 0.9074858757062146
0 0.2984165651644336 0.9074858757062146 0.12667478684531058 0.9074858757062146 0.12606577344701583 0.6864406779661016 0.2984165651644336 0.6857344632768362 0.2990255785627284 0.9067796610169492 0.2984165651644336 0.9074858757062146