0 0.43021680216802166 0.29271844660194174 0.24525745257452575 0.29271844660194174 0.24491869918699186 0.13106796116504854 0.24661246612466126 0.12961165048543688 0.24796747967479674 0.12961165048543688 0.2486449864498645 0.12864077669902912 0.25 0.12864077669902912 0.2506775067750677 0.12766990291262137 0.25203252032520324 0.12766990291262137 0.252710027100271 0.12669902912621359 0.25474254742547425 0.12669902912621359 0.255420054200542 0.12572815533980583 0.2567750677506775 0.12572815533980583 0.25745257452574527 0.12475728155339806 0.2588075880758808 0.12475728155339806 0.2594850948509485 0.12378640776699029 0.26151761517615174 0.12378640776699029 0.2621951219512195 0.12281553398058252 0.26355013550135503 0.12184466019417475 0.2676151761517615 0.12184466019417475 0.2682926829268293 0.12087378640776698 0.27371273712737126 0.12087378640776698 0.27439024390243905 0.11990291262135923 0.2777777777777778 0.11990291262135923 0.2784552845528455 0.11893203883495146 0.28387533875338755 0.11893203883495146 0.2845528455284553 0.11796116504854369 0.29132791327913277 0.11796116504854369 0.29200542005420055 0.11893203883495146 0.3008130081300813 0.11893203883495146 0.30149051490514905 0.11990291262135923 0.3075880758807588 0.11990291262135923 0.30826558265582654 0.12087378640776698 0.3116531165311653 0.12087378640776698 0.31233062330623307 0.12184466019417475 0.3136856368563686 0.12184466019417475 0.3143631436314363 0.12281553398058252 0.3157181571815718 0.12378640776699029 0.3170731707317073 0.12378640776699029 0.31775067750677505 0.12475728155339806 0.31910569105691056 0.12475728155339806 0.31978319783197834 0.12572815533980583 0.32113821138211385 0.12572815533980583 0.3218157181571816 0.12669902912621359 0.3231707317073171 0.12766990291262137 0.3245257452574526 0.12766990291262137 0.3252032520325203 0.12864077669902912 0.3265582655826558 0.12864077669902912 0.32723577235772355 0.12961165048543688 0.32859078590785906 0.13058252427184466 0.32994579945799457 0.13058252427184466 0.33028455284552843 0.1796116504854369 0.42953929539295393 0.18009708737864077 0.4298780487804878 0.19902912621359223 0.45426829268292684 0.23398058252427184 0.45359078590785906 0.23495145631067962 0.4532520325203252 0.23640776699029126 0.45223577235772355 0.23689320388349513 0.4518970189701897 0.2383495145631068 0.4502032520325203 0.23980582524271846 0.44986449864498645 0.2412621359223301 0.4488482384823848 0.24174757281553397 0.4305555555555556 0.2689320388349515 0.4305555555555556 0.2922330097087379 0.43021680216802166 0.29271844660194174
0 0.5433604336043361 0.279126213592233 0.4830623306233062 0.279126213592233 0.48272357723577236 0.18155339805825244 0.5840108401084011 0.18106796116504853 0.584349593495935 0.26407766990291265 0.5440379403794038 0.2645631067961165 0.5436991869918699 0.27864077669902915 0.5433604336043361 0.279126213592233
0 0.6964769647696477 0.4305825242718447 0.5467479674796748 0.4305825242718447 0.5464092140921409 0.33106796116504855 0.5724932249322493 0.33058252427184465 0.5728319783197832 0.30970873786407765 0.5867208672086721 0.3092233009708738 0.587059620596206 0.18155339805825244 0.7621951219512195 0.18106796116504853 0.7625338753387534 0.2922330097087379 0.6314363143631436 0.29271844660194174 0.6310975609756098 0.3262135922330097 0.6544715447154471 0.32669902912621357 0.6548102981029811 0.32427184466019415 0.6334688346883469 0.3237864077669903 0.633130081300813 0.2961165048543689 0.6788617886178862 0.29563106796116506 0.67920054200542 0.4029126213592233 0.6964769647696477 0.4033980582524272 0.6968157181571816 0.4300970873786408 0.6964769647696477 0.4305825242718447
0 0.24254742547425473 0.29271844660194174 0.1524390243902439 0.29271844660194174 0.15210027100271004 0.27475728155339807 0.12703252032520326 0.23883495145631067 0.13380758807588075 0.22815533980582525 0.13414634146341464 0.2266990291262136 0.13516260162601626 0.2262135922330097 0.143970189701897 0.21262135922330097 0.1443089430894309 0.2111650485436893 0.14532520325203252 0.21067961165048543 0.15210027100271004 0.2 0.15210027100271004 0.1825242718446602 0.24254742547425473 0.1820388349514563 0.24288617886178862 0.2922330097087379 0.24254742547425473 0.29271844660194174
0 0.5704607046070461 0.32669902912621357 0.5467479674796748 0.32669902912621357 0.5464092140921409 0.2689320388349515 0.5840108401084011 0.2684466019417476 0.584349593495935 0.3058252427184466 0.5711382113821138 0.3063106796116505 0.57079945799458 0.3262135922330097 0.5704607046070461 0.32669902912621357
0 0.5433604336043361 0.4179611650485437 0.4830623306233062 0.4179611650485437 0.48272357723577236 0.28446601941747574 0.5433604336043361 0.28398058252427183 0.5436991869918699 0.4174757281553398 0.5433604336043361 0.4179611650485437
0 0.3448509485094851 0.4305825242718447 0.2588075880758808 0.4305825242718447 0.25846883468834686 0.34271844660194173 0.27439024390243905 0.3422330097087379 0.2747289972899729 0.29320388349514565 0.3448509485094851 0.29271844660194174 0.345189701897019 0.4300970873786408 0.3448509485094851 0.4305825242718447
0 0.1937669376693767 0.4305825242718447 0.1524390243902439 0.4305825242718447 0.15210027100271004 0.2970873786407767 0.20257452574525744 0.2966019417475728 0.20291327913279134 0.3378640776699029 0.19444444444444445 0.3383495145631068 0.19410569105691056 0.4300970873786408 0.1937669376693767 0.4305825242718447
0 0.24322493224932248 0.3383495145631068 0.20596205962059622 0.3383495145631068 0.20562330623306233 0.2970873786407767 0.24322493224932248 0.2966019417475728 0.24356368563685638 0.3378640776699029 0.24322493224932248 0.3383495145631068
0 0.27168021680216803 0.3383495145631068 0.24525745257452575 0.3383495145631068 0.24491869918699186 0.2970873786407767 0.27168021680216803 0.2966019417475728 0.2720189701897019 0.3378640776699029 0.27168021680216803 0.3383495145631068
0 0.43021680216802166 0.36941747572815536 0.34823848238482386 0.36941747572815536 0.34789972899729 0.2970873786407767 0.43021680216802166 0.2966019417475728 0.4305555555555556 0.36893203883495146 0.43021680216802166 0.36941747572815536
0 0.7621951219512195 0.3995145631067961 0.6822493224932249 0.3995145631067961 0.681910569105691 0.2970873786407767 0.7621951219512195 0.2966019417475728 0.7625338753387534 0.3990291262135922 0.7621951219512195 0.3995145631067961
0 0.255420054200542 0.4305825242718447 0.19647696476964768 0.4305825242718447 0.19613821138211382 0.34271844660194173 0.255420054200542 0.3422330097087379 0.2557588075880759 0.4300970873786408 0.255420054200542 0.4305825242718447
0 0.43021680216802166 0.5014563106796116 0.3611111111111111 0.5014563106796116 0.36077235772357724 0.43106796116504853 0.34823848238482386 0.4305825242718447 0.34789972899729 0.3737864077669903 0.43021680216802166 0.3733009708737864 0.4305555555555556 0.5009708737864078 0.43021680216802166 0.5014563106796116
0 0.7621951219512195 0.5014563106796116 0.6998644986449865 0.5014563106796116 0.6995257452574526 0.40388349514563104 0.7621951219512195 0.4033980582524272 0.7625338753387534 0.5009708737864078 0.7621951219512195 0.5014563106796116
0 0.5433604336043361 0.4305825242718447 0.4830623306233062 0.4305825242718447 0.48272357723577236 0.4223300970873786 0.5433604336043361 0.42184466019417477 0.5436991869918699 0.4300970873786408 0.5433604336043361 0.4305825242718447
0 0.3367208672086721 0.45 0.31639566395663954 0.45 0.3160569105691057 0.43398058252427185 0.3367208672086721 0.43349514563106795 0.337059620596206 0.4495145631067961 0.3367208672086721 0.45
0 0.3584010840108401 0.45 0.33875338753387535 0.45 0.3384146341463415 0.43398058252427185 0.3584010840108401 0.43349514563106795 0.358739837398374 0.4495145631067961 0.3584010840108401 0.45
0 0.6964769647696477 0.5014563106796116 0.6504065040650406 0.5014563106796116 0.6500677506775068 0.4368932038834951 0.6964769647696477 0.43640776699029127 0.6968157181571816 0.5009708737864078 0.6964769647696477 0.5014563106796116
0 0.3584010840108401 0.5014563106796116 0.31639566395663954 0.5014563106796116 0.3160569105691057 0.4524271844660194 0.3584010840108401 0.4519417475728155 0.358739837398374 0.5009708737864078 0.3584010840108401 0.5014563106796116
0 0.497289972899729 0.708252427184466 0.41395663956639567 0.708252427184466 0.4136178861788618 0.6359223300970874 0.37330623306233063 0.6354368932038835 0.37296747967479676 0.5980582524271845 0.41192411924119243 0.5975728155339806 0.4122628726287263 0.5475728155339806 0.41395663956639567 0.5461165048543689 0.4153116531165312 0.5461165048543689 0.4159891598915989 0.5451456310679612 0.4173441734417344 0.5451456310679612 0.4180216802168022 0.5441747572815534 0.42005420054200543 0.5441747572815534 0.42073170731707316 0.5432038834951456 0.42276422764227645 0.5432038834951456 0.4234417344173442 0.5422330097087379 0.4247967479674797 0.5422330097087379 0.4254742547425474 0.5412621359223301 0.4275067750677507 0.5412621359223301 0.4281842818428184 0.5402912621359224 0.42953929539295393 0.5402912621359224 0.43021680216802166 0.5393203883495146 0.43224932249322495 0.5393203883495146 0.4329268292682927 0.5383495145631068 0.4349593495934959 0.5383495145631068 0.4356368563685637 0.5373786407766991 0.4369918699186992 0.5373786407766991 0.43766937669376693 0.5364077669902912 0.43970189701897017 0.5364077669902912 0.44037940379403795 0.5354368932038835 0.4708672086720867 0.5354368932038835 0.4715447154471545 0.5364077669902912 0.4735772357723577 0.5364077669902912 0.4742547425474255 0.5373786407766991 0.47560975609756095 0.5373786407766991 0.47628726287262874 0.5383495145631068 0.47831978319783197 0.5383495145631068 0.47899728997289975 0.5393203883495146 0.481029810298103 0.5393203883495146 0.4817073170731707 0.5402912621359224 0.4830623306233062 0.5402912621359224 0.483739837398374 0.5412621359223301 0.48644986449864497 0.5412621359223301 0.48712737127371275 0.5422330097087379 0.48848238482384826 0.5422330097087379 0.489159891598916 0.5432038834951456 0.4905149051490515 0.5432038834951456 0.4911924119241192 0.5441747572815534 0.49390243902439024 0.5441747572815534 0.494579945799458 0.5451456310679612 0.4959349593495935 0.5451456310679612 0.49661246612466126 0.5461165048543689 0.49762872628726285 0.5466019417475728 0.49762872628726285 0.7077669902912621 0.497289972899729 0.708252427184466
0 0.5941734417344173 0.708252427184466 0.5006775067750677 0.708252427184466 0.5003387533875339 0.596116504854369 0.5941734417344173 0.595631067961165 0.5945121951219512 0.6135922330097088 0.5951897018970189 0.6145631067961165 0.5955284552845529 0.6160194174757282 0.5972222222222222 0.6174757281553398 0.5975609756097561 0.6189320388349514 0.5985772357723578 0.6194174757281553 0.5989159891598916 0.620873786407767 0.600609756097561 0.6223300970873786 0.6009485094850948 0.6237864077669902 0.6019647696476965 0.6242718446601941 0.6023035230352304 0.6257281553398059 0.6039972899728997 0.6271844660194175 0.6043360433604336 0.6286407766990292 0.6053523035230353 0.629126213592233 0.6056910569105691 0.6305825242718447 0.6073848238482384 0.6320388349514563 0.6077235772357723 0.633495145631068 0.6094173441734417 0.6349514563106796 0.6097560975609756 0.6364077669902912 0.6107723577235772 0.6368932038834951 0.6111111111111112 0.6383495145631068 0.6128048780487805 0.6398058252427185 0.6131436314363143 0.6412621359223301 0.614159891598916 0.641747572815534 0.6144986449864499 0.6432038834951457 0.6161924119241192 0.6446601941747573 0.6165311653116531 0.6461165048543689 0.6175474254742548 0.6466019417475728 0.6178861788617886 0.6480582524271845 0.6189024390243902 0.6485436893203883 0.5945121951219512 0.6844660194174758 0.5945121951219512 0.7077669902912621 0.5941734417344173 0.708252427184466
0 0.3529810298102981 0.7101941747572815 0.31842818428184283 0.7101941747572815 0.31808943089430897 0.6883495145631068 0.31233062330623307 0.6800970873786408 0.30149051490514905 0.6655339805825242 0.3004742547425474 0.6650485436893204 0.30013550135501355 0.6635922330097087 0.2991192411924119 0.6631067961165048 0.29878048780487804 0.6616504854368932 0.2923441734417344 0.6533980582524271 0.31808943089430897 0.616504854368932 0.31808943089430897 0.5980582524271845 0.3699186991869919 0.5975728155339806 0.37025745257452575 0.7087378640776699 0.35365853658536583 0.7092233009708738 0.3529810298102981 0.7101941747572815
0 0.4105691056910569 0.679126213592233 0.37330623306233063 0.679126213592233 0.37296747967479676 0.6398058252427185 0.4105691056910569 0.6393203883495145 0.4109078590785908 0.6786407766990291 0.4105691056910569 0.679126213592233
0 0.4105691056910569 0.7548543689320388 0.37330623306233063 0.7548543689320388 0.37296747967479676 0.683495145631068 0.4105691056910569 0.683009708737864 0.4109078590785908 0.7543689320388349 0.4105691056910569 0.7548543689320388
0 0.4342818428184282 0.7548543689320388 0.41395663956639567 0.7548543689320388 0.4136178861788618 0.7116504854368932 0.4342818428184282 0.7111650485436893 0.43462059620596205 0.7543689320388349 0.4342818428184282 0.7548543689320388
0 0.45867208672086723 0.7548543689320388 0.4369918699186992 0.7548543689320388 0.4366531165311653 0.7116504854368932 0.45867208672086723 0.7111650485436893 0.4590108401084011 0.7543689320388349 0.45867208672086723 0.7548543689320388
0 0.4898373983739837 0.8451456310679611 0.37330623306233063 0.8451456310679611 0.37296747967479676 0.7592233009708738 0.46070460704607047 0.7587378640776699 0.46104336043360433 0.7116504854368932 0.4898373983739837 0.7111650485436893 0.49017615176151763 0.7436893203883496 0.49254742547425473 0.7441747572815534 0.4928861788617886 0.7135922330097088 0.5128726287262872 0.7131067961165048 0.5132113821138211 0.8155339805825242 0.4905149051490515 0.8160194174757281 0.49017615176151763 0.8446601941747572 0.4898373983739837 0.8451456310679611
0 0.5941734417344173 0.9160194174757281 0.5169376693766937 0.9160194174757281 0.5165989159891599 0.7135922330097088 0.5941734417344173 0.7131067961165048 0.5945121951219512 0.9155339805825242 0.5941734417344173 0.9160194174757281
0 0.3407859078590786 0.8451456310679611 0.31842818428184283 0.8451456310679611 0.31808943089430897 0.7145631067961165 0.3699186991869919 0.7140776699029127 0.37025745257452575 0.7834951456310679 0.34146341463414637 0.7839805825242718 0.34112466124661245 0.8446601941747572 0.3407859078590786 0.8451456310679611
0 0.3699186991869919 0.8451456310679611 0.34417344173441733 0.8451456310679611 0.34383468834688347 0.7883495145631068 0.3699186991869919 0.787864077669903 0.37025745257452575 0.8446601941747572 0.3699186991869919 0.8451456310679611
0 0.5128726287262872 0.8451456310679611 0.494579945799458 0.8451456310679611 0.4942411924119241 0.8223300970873786 0.5128726287262872 0.8218446601941748 0.5132113821138211 0.8446601941747572 0.5128726287262872 0.8451456310679611
0 0.5128726287262872 0.9160194174757281 0.483739837398374 0.9160194174757281 0.4834010840108401 0.8504854368932039 0.5128726287262872 0.85 0.5132113821138211 0.9155339805825242 0.5128726287262872 0.9160194174757281