0 0.2847682119205298 0.36741573033707864 0.07781456953642384 0.36741573033707864 0.07698675496688742 0.11910112359550562 0.2847682119205298 0.11797752808988764 0.2855960264900662 0.36629213483146067 0.2847682119205298 0.36741573033707864
0 0.40894039735099336 0.36741573033707864 0.2913907284768212 0.36741573033707864 0.2905629139072848 0.11910112359550562 0.40894039735099336 0.11797752808988764 0.4097682119205298 0.36629213483146067 0.40894039735099336 0.36741573033707864
0 0.49834437086092714 0.2348314606741573 0.4155629139072848 0.2348314606741573 0.4147350993377483 0.11910112359550562 0.49834437086092714 0.11797752808988764 0.4991721854304636 0.23370786516853934 0.49834437086092714 0.2348314606741573
0 0.7003311258278145 0.36741573033707864 0.6059602649006622 0.36741573033707864 0.6051324503311258 0.11910112359550562 0.7003311258278145 0.11797752808988764 0.7011589403973509 0.36629213483146067 0.7003311258278145 0.36741573033707864
0 0.5943708609271523 0.24831460674157305 0.5066225165562914 0.24831460674157305 0.5057947019867549 0.12359550561797752 0.5943708609271523 0.12247191011235956 0.5951986754966887 0.24719101123595505 0.5943708609271523 0.24831460674157305
0 0.597682119205298 0.36741573033707864 0.5066225165562914 0.36741573033707864 0.5057947019867549 0.25842696629213485 0.597682119205298 0.2573033707865168 0.5985099337748344 0.36629213483146067 0.597682119205298 0.36741573033707864
0 0.49834437086092714 0.36741573033707864 0.4155629139072848 0.36741573033707864 0.4147350993377483 0.27640449438202247 0.49834437086092714 0.2752808988764045 0.4991721854304636 0.36629213483146067 0.49834437086092714 0.36741573033707864
0 0.9354304635761589 0.5921348314606741 0.7831125827814569 0.5921348314606741 0.7822847682119205 0.45393258426966293 0.7839403973509934 0.451685393258427 0.7839403973509934 0.3146067415730337 0.9354304635761589 0.31348314606741573 0.9362582781456954 0.5910112359550562 0.9354304635761589 0.5921348314606741
0 0.28807947019867547 0.7741573033707865 0.07781456953642384 0.7741573033707865 0.07698675496688742 0.3752808988764045 0.28807947019867547 0.3741573033707865 0.2889072847682119 0.4651685393258427 0.2855960264900662 0.46741573033707867 0.2855960264900662 0.5820224719101124 0.2889072847682119 0.5842696629213483 0.2889072847682119 0.7730337078651686 0.28807947019867547 0.7741573033707865
0 0.4685430463576159 0.4797752808988764 0.2947019867549669 0.4797752808988764 0.29387417218543044 0.46741573033707867 0.2897350993377483 0.46629213483146065 0.2889072847682119 0.3752808988764045 0.4685430463576159 0.3741573033707865 0.4693708609271523 0.4786516853932584 0.4685430463576159 0.4797752808988764
0 0.5529801324503312 0.6123595505617978 0.4718543046357616 0.6123595505617978 0.47102649006622516 0.48089887640449436 0.4693708609271523 0.4786516853932584 0.4693708609271523 0.3752808988764045 0.597682119205298 0.3741573033707865 0.5985099337748344 0.48089887640449436 0.554635761589404 0.4820224719101124 0.5538079470198676 0.6112359550561798 0.5529801324503312 0.6123595505617978
0 0.7003311258278145 0.4820224719101124 0.6043046357615894 0.4820224719101124 0.6034768211920529 0.3752808988764045 0.7003311258278145 0.3741573033707865 0.7011589403973509 0.48089887640449436 0.7003311258278145 0.4820224719101124
0 0.4652317880794702 0.7741573033707865 0.2897350993377483 0.7741573033707865 0.2889072847682119 0.5842696629213483 0.29304635761589404 0.5831460674157304 0.29387417218543044 0.48764044943820223 0.4652317880794702 0.48651685393258426 0.46605960264900664 0.7730337078651686 0.4652317880794702 0.7741573033707865
0 0.7003311258278145 0.7764044943820225 0.5596026490066225 0.7764044943820225 0.5587748344370861 0.4898876404494382 0.7003311258278145 0.4887640449438202 0.7011589403973509 0.7752808988764045 0.7003311258278145 0.7764044943820225
0 0.9354304635761589 0.9584269662921349 0.7831125827814569 0.9584269662921349 0.7822847682119205 0.597752808988764 0.9354304635761589 0.596629213483146 0.9362582781456954 0.9573033707865168 0.9354304635761589 0.9584269662921349
0 0.5529801324503312 0.7067415730337079 0.4718543046357616 0.7067415730337079 0.47102649006622516 0.6202247191011236 0.5529801324503312 0.6191011235955056 0.5538079470198676 0.7056179775280899 0.5529801324503312 0.7067415730337079