0 0.5524193548387096 0.2706185567010309 0.05040322580645161 0.2706185567010309 0.04939516129032258 0.14432989690721648 0.5504032258064516 0.14347079037800686 0.5514112903225806 0.20618556701030927 0.5534274193548387 0.20790378006872853 0.5534274193548387 0.2697594501718213 0.5524193548387096 0.2706185567010309
0 0.7298387096774194 0.35137457044673537 0.5645161290322581 0.35137457044673537 0.563508064516129 0.2800687285223368 0.7298387096774194 0.27920962199312716 0.7308467741935484 0.35051546391752575 0.7298387096774194 0.35137457044673537
0 0.907258064516129 0.35137457044673537 0.7379032258064516 0.35137457044673537 0.7368951612903226 0.2800687285223368 0.907258064516129 0.27920962199312716 0.9082661290322581 0.35051546391752575 0.907258064516129 0.35137457044673537
0 0.22580645161290322 0.47680412371134023 0.06854838709677419 0.47680412371134023 0.06754032258064516 0.4484536082474227 0.05443548387096774 0.4475945017182131 0.05342741935483871 0.29037800687285226 0.22580645161290322 0.28951890034364264 0.22681451612903225 0.47594501718213056 0.22580645161290322 0.47680412371134023
0 0.5403225806451613 0.552405498281787 0.17338709677419356 0.552405498281787 0.17237903225806453 0.48281786941580757 0.23387096774193547 0.48195876288659795 0.23487903225806453 0.29037800687285226 0.5403225806451613 0.28951890034364264 0.5413306451612904 0.35051546391752575 0.5372983870967742 0.35223367697594504 0.5372983870967742 0.359106529209622 0.5413306451612904 0.36082474226804123 0.5413306451612904 0.5515463917525774 0.5403225806451613 0.552405498281787
0 0.9193548387096774 0.6812714776632303 0.5604838709677419 0.6812714776632303 0.5594758064516129 0.6494845360824743 0.561491935483871 0.647766323024055 0.561491935483871 0.5532646048109966 0.563508064516129 0.5515463917525774 0.563508064516129 0.4570446735395189 0.5655241935483871 0.45532646048109965 0.5655241935483871 0.36082474226804123 0.9193548387096774 0.3599656357388316 0.9203629032258065 0.6804123711340206 0.9193548387096774 0.6812714776632303
0 0.16733870967741934 0.729381443298969 0.05443548387096774 0.729381443298969 0.05342741935483871 0.48281786941580757 0.16733870967741934 0.48195876288659795 0.16834677419354838 0.7285223367697594 0.16733870967741934 0.729381443298969
0 0.26411290322580644 0.6554982817869416 0.17338709677419356 0.6554982817869416 0.17237903225806453 0.5532646048109966 0.5403225806451613 0.552405498281787 0.5413306451612904 0.6512027491408935 0.2701612903225806 0.6520618556701031 0.2691532258064516 0.6219931271477663 0.2661290322580645 0.6211340206185567 0.2651209677419355 0.654639175257732 0.26411290322580644 0.6554982817869416
0 0.2600806451612903 0.813573883161512 0.17338709677419356 0.813573883161512 0.17237903225806453 0.6563573883161512 0.26411290322580644 0.6554982817869416 0.2651209677419355 0.7079037800687286 0.3004032258064516 0.7087628865979382 0.3014112903225806 0.7731958762886598 0.2620967741935484 0.7740549828178694 0.2610887096774194 0.8127147766323024 0.2600806451612903 0.813573883161512
0 0.5403225806451613 0.813573883161512 0.3064516129032258 0.813573883161512 0.30544354838709675 0.7044673539518901 0.2701612903225806 0.7036082474226805 0.2691532258064516 0.6563573883161512 0.5403225806451613 0.6554982817869416 0.5413306451612904 0.8127147766323024 0.5403225806451613 0.813573883161512
0 0.16733870967741934 0.813573883161512 0.05443548387096774 0.813573883161512 0.05342741935483871 0.7336769759450171 0.16733870967741934 0.7328178694158075 0.16834677419354838 0.8127147766323024 0.16733870967741934 0.813573883161512
0 0.3004032258064516 0.813573883161512 0.2661290322580645 0.813573883161512 0.2651209677419355 0.7783505154639175 0.3004032258064516 0.7774914089347079 0.3014112903225806 0.8127147766323024 0.3004032258064516 0.813573883161512