0 0.1227106227106227 0.361083984375 0.031135531135531136 0.361083984375 0.030952380952380953 0.1982421875 0.1227106227106227 0.197998046875 0.12289377289377289 0.36083984375 0.1227106227106227 0.361083984375
0 0.17582417582417584 0.361083984375 0.13003663003663005 0.361083984375 0.12985347985347986 0.1982421875 0.3 0.197998046875 0.30018315018315017 0.322265625 0.1761904761904762 0.322509765625 0.17600732600732602 0.36083984375 0.17582417582417584 0.361083984375
0 0.4827838827838828 0.413818359375 0.306959706959707 0.413818359375 0.3067765567765568 0.1982421875 0.4827838827838828 0.197998046875 0.48296703296703297 0.41357421875 0.4827838827838828 0.413818359375
0 0.6919413919413919 0.415283203125 0.5241758241758242 0.415283203125 0.523992673992674 0.1982421875 0.6919413919413919 0.197998046875 0.6921245421245421 0.4150390625 0.6919413919413919 0.415283203125
0 0.7435897435897436 0.279541015625 0.6992673992673992 0.279541015625 0.699084249084249 0.1982421875 0.7435897435897436 0.197998046875 0.7437728937728938 0.279296875 0.7435897435897436 0.279541015625
0 0.8120879120879121 0.366455078125 0.7505494505494505 0.366455078125 0.7503663003663004 0.1982421875 0.8120879120879121 0.197998046875 0.8122710622710623 0.29345703125 0.7827838827838828 0.293701171875 0.7826007326007326 0.302734375 0.8120879120879121 0.302978515625 0.8122710622710623 0.3662109375 0.8120879120879121 0.366455078125
0 0.7725274725274726 0.828369140625 0.5241758241758242 0.828369140625 0.523992673992674 0.42431640625 0.7761904761904762 0.424072265625 0.7763736263736264 0.41455078125 0.8120879120879121 0.414306640625 0.8122710622710623 0.423828125 0.8666666666666667 0.424072265625 0.8668498168498169 0.41552734375 0.8194139194139194 0.415283203125 0.8192307692307692 0.1982421875 0.9695970695970696 0.197998046875 0.9697802197802198 0.7294921875 0.7798534798534799 0.729736328125 0.7796703296703297 0.49755859375 0.8666666666666667 0.497314453125 0.8668498168498169 0.48876953125 0.7728937728937729 0.488525390625 0.7727106227106227 0.828125 0.7725274725274726 0.828369140625
0 0.7435897435897436 0.366455078125 0.6992673992673992 0.366455078125 0.699084249084249 0.2890625 0.7435897435897436 0.288818359375 0.7437728937728938 0.3662109375 0.7435897435897436 0.366455078125
0 0.21978021978021978 0.413818359375 0.163003663003663 0.413818359375 0.16282051282051282 0.37060546875 0.18315018315018314 0.370361328125 0.18333333333333332 0.33154296875 0.21978021978021978 0.331298828125 0.21996336996336996 0.41357421875 0.21978021978021978 0.413818359375
0 0.3 0.413818359375 0.22673992673992674 0.413818359375 0.22655677655677656 0.33154296875 0.3 0.331298828125 0.30018315018315017 0.41357421875 0.3 0.413818359375
0 0.08937728937728938 0.498291015625 0.031135531135531136 0.498291015625 0.030952380952380953 0.37060546875 0.15604395604395604 0.370361328125 0.15622710622710623 0.48876953125 0.08974358974358974 0.489013671875 0.08956043956043956 0.498046875 0.08937728937728938 0.498291015625
0 0.4827838827838828 0.489013671875 0.163003663003663 0.489013671875 0.16282051282051282 0.4228515625 0.4827838827838828 0.422607421875 0.48296703296703297 0.48876953125 0.4827838827838828 0.489013671875
0 0.40512820512820513 0.729736328125 0.35714285714285715 0.729736328125 0.35695970695970697 0.6904296875 0.28827838827838825 0.690185546875 0.28809523809523807 0.564453125 0.031135531135531136 0.564208984375 0.030952380952380953 0.49853515625 0.40512820512820513 0.498291015625 0.4053113553113553 0.7294921875 0.40512820512820513 0.729736328125
0 0.4827838827838828 0.729736328125 0.41208791208791207 0.729736328125 0.4119047619047619 0.49853515625 0.4827838827838828 0.498291015625 0.48296703296703297 0.7294921875 0.4827838827838828 0.729736328125
0 0.28095238095238095 0.827392578125 0.031135531135531136 0.827392578125 0.030952380952380953 0.57373046875 0.28095238095238095 0.573486328125 0.28113553113553114 0.8271484375 0.28095238095238095 0.827392578125
0 0.35018315018315016 0.729736328125 0.28827838827838825 0.729736328125 0.28809523809523807 0.69921875 0.35018315018315016 0.698974609375 0.35036630036630034 0.7294921875 0.35018315018315016 0.729736328125