0 0.1656441717791411 0.5869565217391305 0.10429447852760736 0.5869565217391305 0.10385626643295355 0.286634460547504 0.1901840490797546 0.285829307568438 0.19062226117440842 0.5394524959742351 0.1730937773882559 0.571658615136876 0.17177914110429449 0.5756843800322061 0.16958808063102543 0.5780998389694042 0.16827344434706398 0.5821256038647343 0.16695880806310254 0.5829307568438004 0.1656441717791411 0.5869565217391305
0 0.27169149868536374 0.5370370370370371 0.19544259421560034 0.5370370370370371 0.19500438212094653 0.286634460547504 0.3067484662576687 0.285829307568438 0.30718667835232255 0.45410628019323673 0.30455740578439966 0.45893719806763283 0.30105170902716916 0.4669887278582931 0.29754601226993865 0.4750402576489533 0.29491673970201576 0.48148148148148145 0.29141104294478526 0.4895330112721417 0.28790534618755476 0.4975845410628019 0.28439964943032425 0.5056360708534622 0.28264680105170903 0.5104669887278583 0.2791411042944785 0.5185185185185185 0.275635407537248 0.5265700483091788 0.2721297107800175 0.534621578099839 0.27169149868536374 0.5370370370370371
0 0.530236634531113 0.6320450885668277 0.4609991235758107 0.6320450885668277 0.46056091148115685 0.5362318840579711 0.2787028921998247 0.535426731078905 0.2791411042944785 0.5314009661835749 0.28264680105170903 0.5249597423510467 0.2852760736196319 0.5185185185185185 0.2857142857142857 0.5161030595813204 0.28702892199824714 0.5152979066022544 0.2887817703768624 0.5104669887278583 0.2892199824715162 0.5080515297906603 0.29053461875547765 0.5072463768115942 0.2922874671340929 0.5024154589371981 0.29666958808063104 0.4927536231884058 0.29842243645924627 0.48792270531400966 0.2988606485539001 0.4855072463768116 0.30017528483786154 0.48470209339774556 0.30192813321647677 0.47987117552334946 0.3023663453111306 0.4774557165861514 0.30368098159509205 0.47665056360708535 0.30543382997370727 0.4718196457326892 0.30806310254163016 0.46537842190016104 0.30850131463628394 0.46296296296296297 0.3098159509202454 0.46215780998389694 0.31156879929886067 0.4573268921095008 0.31156879929886067 0.286634460547504 0.4601226993865031 0.285829307568438 0.46056091148115685 0.4492753623188406 0.530236634531113 0.4500805152979066 0.5306748466257669 0.6312399355877617 0.530236634531113 0.6320450885668277
0 0.6853637160385626 0.30998389694041867 0.5766871165644172 0.30998389694041867 0.5762489044697634 0.2898550724637681 0.6853637160385626 0.2890499194847021 0.6858019281332165 0.30917874396135264 0.6853637160385626 0.30998389694041867
0 0.8124452234881683 0.6529790660225443 0.7493426818580193 0.6529790660225443 0.7489044697633654 0.6360708534621579 0.6950043821209465 0.6352657004830918 0.6945661700262927 0.2898550724637681 0.813321647677476 0.2890499194847021 0.8137598597721297 0.30917874396135264 0.8128834355828221 0.3107890499194847 0.8128834355828221 0.6521739130434783 0.8124452234881683 0.6529790660225443
0 0.9307624890446976 0.30998389694041867 0.8220858895705522 0.30998389694041867 0.8216476774758983 0.2898550724637681 0.9307624890446976 0.2890499194847021 0.9312007011393515 0.30917874396135264 0.9307624890446976 0.30998389694041867
0 0.6914986853637161 0.5676328502415459 0.5968448729184925 0.5676328502415459 0.5964066608238388 0.5507246376811594 0.5766871165644172 0.5499194847020934 0.5762489044697634 0.3252818035426731 0.6914986853637161 0.3244766505636071 0.6919368974583698 0.5668276972624798 0.6914986853637161 0.5676328502415459
0 0.9307624890446976 0.538647342995169 0.8168273444347064 0.538647342995169 0.8163891323400526 0.3252818035426731 0.9307624890446976 0.3244766505636071 0.9312007011393515 0.537842190016103 0.9307624890446976 0.538647342995169
0 0.09728308501314636 0.5869565217391305 0.03242769500438212 0.5869565217391305 0.031989482909728306 0.4492753623188406 0.09728308501314636 0.44847020933977455 0.09772129710780017 0.5861513687600645 0.09728308501314636 0.5869565217391305
0 0.27344434706397897 0.678743961352657 0.1691498685363716 0.678743961352657 0.1687116564417178 0.5925925925925926 0.1765994741454864 0.5780998389694042 0.17703768624014024 0.5756843800322061 0.1792287467134093 0.573268921095008 0.18054338299737072 0.5692431561996779 0.1827344434706398 0.5668276972624798 0.18404907975460122 0.5628019323671497 0.18536371603856266 0.5619967793880838 0.1936897458369851 0.5450885668276972 0.27344434706397897 0.5450885668276972 0.275635407537248 0.5410628019323671 0.27607361963190186 0.538647342995169 0.2773882559158633 0.537842190016103 0.2778264680105171 0.535426731078905 0.31638913234005256 0.535426731078905 0.3168273444347064 0.6537842190016103 0.34005258545135847 0.6545893719806763 0.34005258545135847 0.6561996779388084 0.2787028921998247 0.6561996779388084 0.2778264680105171 0.6545893719806763 0.2743207712532866 0.6545893719806763 0.2738825591586328 0.677938808373591 0.27344434706397897 0.678743961352657
0 0.4601226993865031 0.7962962962962963 0.3453111305872042 0.7962962962962963 0.3448729184925504 0.6553945249597424 0.3172655565293602 0.6545893719806763 0.3168273444347064 0.5362318840579711 0.4601226993865031 0.535426731078905 0.46056091148115685 0.7954911433172303 0.4601226993865031 0.7962962962962963
0 0.9307624890446976 0.7592592592592593 0.8168273444347064 0.7592592592592593 0.8163891323400526 0.5475040257648953 0.9307624890446976 0.5466988727858293 0.9312007011393515 0.7584541062801933 0.9307624890446976 0.7592592592592593
0 0.6687116564417178 0.7592592592592593 0.5766871165644172 0.7592592592592593 0.5762489044697634 0.5893719806763285 0.595968448729185 0.5885668276972624 0.5964066608238388 0.573268921095008 0.6914986853637161 0.572463768115942 0.6919368974583698 0.6344605475040258 0.6695880806310254 0.6352657004830918 0.6691498685363716 0.7584541062801933 0.6687116564417178 0.7592592592592593
0 0.10078878177037687 0.7914653784219001 0.03680981595092025 0.7914653784219001 0.036371603856266435 0.5958132045088567 0.16389132340052587 0.5950080515297906 0.16432953549517967 0.6602254428341385 0.1016652059596845 0.6610305958132046 0.10122699386503067 0.7906602254428341 0.10078878177037687 0.7914653784219001
0 0.7458369851007888 0.7592592592592593 0.6722173531989483 0.7592592592592593 0.6717791411042945 0.6409017713365539 0.7458369851007888 0.6400966183574879 0.7462751971954426 0.7584541062801933 0.7458369851007888 0.7592592592592593
0 0.34005258545135847 0.7962962962962963 0.2787028921998247 0.7962962962962963 0.2782646801051709 0.6570048309178744 0.34005258545135847 0.6561996779388084 0.34049079754601225 0.7954911433172303 0.34005258545135847 0.7962962962962963
0 0.8124452234881683 0.7962962962962963 0.7493426818580193 0.7962962962962963 0.7489044697633654 0.6602254428341385 0.8124452234881683 0.6594202898550725 0.8128834355828221 0.7954911433172303 0.8124452234881683 0.7962962962962963
0 0.15950920245398773 0.7914653784219001 0.10955302366345311 0.7914653784219001 0.1091148115687993 0.6763285024154589 0.16038562664329536 0.6755233494363929 0.16082383873794917 0.7326892109500805 0.15994741454864153 0.7342995169082126 0.15994741454864153 0.7906602254428341 0.15950920245398773 0.7914653784219001
0 0.20946538124452235 0.7962962962962963 0.16827344434706398 0.7962962962962963 0.16783523225241018 0.7922705314009661 0.1687116564417178 0.7906602254428341 0.1687116564417178 0.6876006441223832 0.20946538124452235 0.6867954911433173 0.20990359333917616 0.7954911433172303 0.20946538124452235 0.7962962962962963
0 0.27344434706397897 0.7962962962962963 0.2147239263803681 0.7962962962962963 0.21428571428571427 0.6876006441223832 0.27344434706397897 0.6867954911433173 0.2738825591586328 0.7954911433172303 0.27344434706397897 0.7962962962962963
0 0.740578439964943 0.7962962962962963 0.5766871165644172 0.7962962962962963 0.5762489044697634 0.7745571658615137 0.740578439964943 0.7737520128824477 0.7410166520595969 0.7954911433172303 0.740578439964943 0.7962962962962963
0 0.9307624890446976 0.7962962962962963 0.8220858895705522 0.7962962962962963 0.8216476774758983 0.7745571658615137 0.9307624890446976 0.7737520128824477 0.9312007011393515 0.7954911433172303 0.9307624890446976 0.7962962962962963