0 0.3716535433070866 0.31875 0.13700787401574804 0.31875 0.13661417322834646 0.1675 0.3716535433070866 0.16708333333333333 0.3720472440944882 0.31833333333333336 0.3716535433070866 0.31875
0 0.5267716535433071 0.30125 0.38346456692913383 0.30125 0.3830708661417323 0.17416666666666666 0.5267716535433071 0.17375 0.5271653543307087 0.30083333333333334 0.5267716535433071 0.30125
0 0.5858267716535434 0.24791666666666667 0.531496062992126 0.24791666666666667 0.5311023622047244 0.17416666666666666 0.5858267716535434 0.17375 0.5862204724409449 0.2475 0.5858267716535434 0.24791666666666667
0 0.6692913385826772 0.30125 0.5905511811023622 0.30125 0.5901574803149606 0.17416666666666666 0.6692913385826772 0.17375 0.6696850393700787 0.30083333333333334 0.6692913385826772 0.30125
0 0.8330708661417323 0.27625 0.7614173228346457 0.27625 0.761023622047244 0.17416666666666666 0.8330708661417323 0.17375 0.8334645669291338 0.2758333333333333 0.8330708661417323 0.27625
0 0.7559055118110236 0.27625 0.6763779527559055 0.27625 0.675984251968504 0.18 0.7559055118110236 0.17958333333333334 0.7562992125984253 0.2758333333333333 0.7559055118110236 0.27625
0 0.5858267716535434 0.30125 0.531496062992126 0.30125 0.5311023622047244 0.2525 0.5858267716535434 0.2520833333333333 0.5862204724409449 0.30083333333333334 0.5858267716535434 0.30125
0 0.8330708661417323 0.5704166666666667 0.705511811023622 0.5704166666666667 0.7051181102362205 0.49083333333333334 0.6070866141732284 0.49041666666666667 0.6066929133858268 0.4425 0.6566929133858268 0.44208333333333333 0.6570866141732283 0.4375 0.6385826771653543 0.4370833333333333 0.6381889763779528 0.4241666666666667 0.6566929133858268 0.42375 0.6570866141732283 0.42083333333333334 0.6354330708661418 0.42041666666666666 0.6350393700787401 0.4375 0.6039370078740157 0.4379166666666667 0.6035433070866142 0.4866666666666667 0.5582677165354331 0.4870833333333333 0.5578740157480315 0.43333333333333335 0.48976377952755906 0.43291666666666667 0.4893700787401575 0.30666666666666664 0.6755905511811023 0.30625 0.675984251968504 0.2808333333333333 0.8330708661417323 0.28041666666666665 0.8334645669291338 0.57 0.8330708661417323 0.5704166666666667
0 0.484251968503937 0.46625 0.38346456692913383 0.46625 0.3830708661417323 0.30666666666666664 0.484251968503937 0.30625 0.48464566929133857 0.4658333333333333 0.484251968503937 0.46625
0 0.5551181102362205 0.46625 0.48976377952755906 0.46625 0.4893700787401575 0.43833333333333335 0.5551181102362205 0.4379166666666667 0.555511811023622 0.4658333333333333 0.5551181102362205 0.46625
0 0.705511811023622 0.7729166666666667 0.5582677165354331 0.7729166666666667 0.5578740157480315 0.49083333333333334 0.7047244094488189 0.49041666666666667 0.7051181102362205 0.57 0.7059055118110236 0.5708333333333333 0.7059055118110236 0.7725 0.705511811023622 0.7729166666666667
0 0.8330708661417323 0.7729166666666667 0.7110236220472441 0.7729166666666667 0.7106299212598425 0.575 0.8330708661417323 0.5745833333333333 0.8334645669291338 0.7725 0.8330708661417323 0.7729166666666667