0 0.5720720720720721 0.3930379746835443 0.466966966966967 0.3930379746835443 0.46621621621621623 0.3886075949367089 0.052552552552552555 0.3879746835443038 0.0518018018018018 0.11265822784810127 0.5780780780780781 0.1120253164556962 0.5788288288288288 0.22784810126582278 0.5735735735735735 0.22848101265822784 0.5728228228228228 0.3924050632911392 0.5720720720720721 0.3930379746835443
0 0.8888888888888888 0.38544303797468354 0.5855855855855856 0.38544303797468354 0.5848348348348348 0.2291139240506329 0.5795795795795796 0.22848101265822784 0.5788288288288288 0.11265822784810127 0.8888888888888888 0.1120253164556962 0.8896396396396397 0.3848101265822785 0.8888888888888888 0.38544303797468354
0 0.6516516516516516 0.55 0.466966966966967 0.55 0.46621621621621623 0.39367088607594936 0.5720720720720721 0.3930379746835443 0.5735735735735735 0.39556962025316456 0.6516516516516516 0.39556962025316456 0.6524024024024024 0.549367088607595 0.6516516516516516 0.55
0 0.8888888888888888 0.5550632911392405 0.6666666666666666 0.5550632911392405 0.6659159159159159 0.3962025316455696 0.8888888888888888 0.39556962025316456 0.8896396396396397 0.5544303797468354 0.8888888888888888 0.5550632911392405
0 0.35585585585585583 0.5449367088607595 0.2057057057057057 0.5449367088607595 0.20495495495495494 0.39746835443037976 0.35585585585585583 0.3968354430379747 0.3566066066066066 0.5443037974683544 0.35585585585585583 0.5449367088607595
0 0.45495495495495497 0.5449367088607595 0.36786786786786785 0.5449367088607595 0.36711711711711714 0.39746835443037976 0.45495495495495497 0.3968354430379747 0.45570570570570573 0.5443037974683544 0.45495495495495497 0.5449367088607595
0 0.1921921921921922 0.539873417721519 0.06756756756756757 0.539873417721519 0.06681681681681682 0.3987341772151899 0.1891891891891892 0.3981012658227848 0.18993993993993993 0.46582278481012657 0.19294294294294295 0.4670886075949367 0.19294294294294295 0.5392405063291139 0.1921921921921922 0.539873417721519
0 0.6516516516516516 0.7943037974683544 0.5135135135135135 0.7943037974683544 0.5127627627627628 0.6455696202531646 0.4624624624624625 0.6449367088607595 0.4617117117117117 0.5531645569620253 0.46546546546546547 0.5525316455696202 0.466966966966967 0.55 0.6516516516516516 0.55 0.6524024024024024 0.7936708860759494 0.6516516516516516 0.7943037974683544
0 0.2012012012012012 0.6449367088607595 0.052552552552552555 0.6449367088607595 0.0518018018018018 0.5531645569620253 0.2012012012012012 0.5525316455696202 0.20195195195195195 0.6443037974683544 0.2012012012012012 0.6449367088607595
0 0.46096096096096095 0.6449367088607595 0.2132132132132132 0.6449367088607595 0.21246246246246248 0.5531645569620253 0.46096096096096095 0.5525316455696202 0.4617117117117117 0.6443037974683544 0.46096096096096095 0.6449367088607595
0 0.8888888888888888 0.9120253164556962 0.6666666666666666 0.9120253164556962 0.6659159159159159 0.5670886075949367 0.8888888888888888 0.5664556962025317 0.8896396396396397 0.9113924050632911 0.8888888888888888 0.9120253164556962
0 0.29429429429429427 0.9120253164556962 0.052552552552552555 0.9120253164556962 0.0518018018018018 0.6556962025316456 0.29429429429429427 0.6550632911392406 0.29504504504504503 0.9113924050632911 0.29429429429429427 0.9120253164556962
0 0.5 0.9120253164556962 0.3078078078078078 0.9120253164556962 0.30705705705705705 0.6556962025316456 0.5 0.6550632911392406 0.5007507507507507 0.8037974683544303 0.49924924924924924 0.8050632911392405 0.5007507507507507 0.8063291139240506 0.5007507507507507 0.9113924050632911 0.5 0.9120253164556962
0 0.6516516516516516 0.8829113924050633 0.5135135135135135 0.8829113924050633 0.5127627627627628 0.8050632911392405 0.6516516516516516 0.8044303797468354 0.6524024024024024 0.8822784810126583 0.6516516516516516 0.8829113924050633