0 0.1823956442831216 0.4676320272572402 0.10163339382940109 0.4676320272572402 0.10117967332123412 0.1788756388415673 0.1823956442831216 0.17802385008517888 0.18284936479128858 0.46678023850085176 0.1823956442831216 0.4676320272572402
0 0.294010889292196 0.4676320272572402 0.1869328493647913 0.4676320272572402 0.18647912885662432 0.1788756388415673 0.294010889292196 0.17802385008517888 0.294464609800363 0.46678023850085176 0.294010889292196 0.4676320272572402
0 0.5117967332123412 0.580068143100511 0.4437386569872958 0.580068143100511 0.44328493647912887 0.4787052810902896 0.2985480943738657 0.4778534923339012 0.2980943738656987 0.1788756388415673 0.4437386569872958 0.17802385008517888 0.4441923774954628 0.3679727427597956 0.5117967332123412 0.368824531516184 0.5122504537205081 0.5792163543441227 0.5117967332123412 0.580068143100511
0 0.7604355716878403 0.6890971039182283 0.691470054446461 0.6890971039182283 0.691016333938294 0.1788756388415673 0.8248638838475499 0.17802385008517888 0.8253176043557169 0.545144804088586 0.7613430127041743 0.5459965928449745 0.7608892921960072 0.6882453151618398 0.7604355716878403 0.6890971039182283
0 0.029945553539019964 0.19165247018739354 0.029491833030852996 0.1839863713798978 0.034482758620689655 0.18313458262350937 0.032667876588021776 0.18824531516183987 0.029945553539019964 0.19165247018739354
0 0.09618874773139746 0.3364565587734242 0.029945553539019964 0.3364565587734242 0.029491833030852996 0.20272572402044292 0.03176043557168784 0.19846678023850084 0.03720508166969147 0.1899488926746167 0.03856624319419238 0.1890971039182283 0.03901996370235935 0.18654173764906304 0.041742286751361164 0.18313458262350937 0.08711433756805807 0.18313458262350937 0.09210526315789473 0.19250425894378195 0.09664246823956443 0.20272572402044292 0.09664246823956443 0.33560477001703576 0.09618874773139746 0.3364565587734242
0 0.09618874773139746 0.1899488926746167 0.09482758620689655 0.1890971039182283 0.09437386569872959 0.18654173764906304 0.09210526315789473 0.1839863713798978 0.09618874773139746 0.18313458262350937 0.09664246823956443 0.1890971039182283 0.09618874773139746 0.1899488926746167
0 0.6860254083484574 0.3841567291311755 0.558076225045372 0.3841567291311755 0.558529945553539 0.22998296422487224 0.6860254083484574 0.22913117546848383 0.6864791288566243 0.3833049403747871 0.6860254083484574 0.3841567291311755
0 0.9745916515426497 0.4727427597955707 0.8294010889292196 0.4727427597955707 0.8289473684210527 0.22998296422487224 0.9745916515426497 0.22913117546848383 0.9750453720508166 0.47189097103918226 0.9745916515426497 0.4727427597955707
0 0.09528130671506352 0.46252129471890974 0.029038112522686024 0.46252129471890974 0.028584392014519056 0.3475298126064736 0.09528130671506352 0.34667802385008517 0.09573502722323049 0.4616695059625213 0.09528130671506352 0.46252129471890974
0 0.6860254083484574 0.7231686541737649 0.558076225045372 0.7231686541737649 0.5576225045372051 0.39182282793867124 0.6860254083484574 0.3909710391822828 0.6864791288566243 0.7223168654173765 0.6860254083484574 0.7231686541737649
0 0.10072595281306715 0.5715502555366269 0.02722323049001815 0.5715502555366269 0.02676950998185118 0.4787052810902896 0.10072595281306715 0.4778534923339012 0.10117967332123412 0.5706984667802385 0.10072595281306715 0.5715502555366269
0 0.29310344827586204 0.7742759795570698 0.2295825771324864 0.7742759795570698 0.22912885662431942 0.686541737649063 0.1588021778584392 0.6856899488926746 0.15834845735027223 0.5724020442930153 0.10617059891107078 0.5715502555366269 0.10571687840290381 0.4787052810902896 0.29764065335753176 0.4778534923339012 0.2980943738656987 0.5724020442930153 0.294010889292196 0.5732538330494037 0.29355716878402904 0.7734241908006815 0.29310344827586204 0.7742759795570698
0 0.4437386569872958 0.7742759795570698 0.2985480943738657 0.7742759795570698 0.2980943738656987 0.5809199318568995 0.32123411978221417 0.580068143100511 0.3216878402903811 0.5741056218057922 0.2985480943738657 0.5732538330494037 0.2980943738656987 0.4787052810902896 0.44283121597096187 0.4778534923339012 0.44328493647912887 0.5792163543441227 0.4441923774954628 0.5809199318568995 0.4441923774954628 0.7734241908006815 0.4437386569872958 0.7742759795570698
0 0.9745916515426497 0.7231686541737649 0.8294010889292196 0.7231686541737649 0.8289473684210527 0.4804088586030664 0.9745916515426497 0.479557069846678 0.9750453720508166 0.7223168654173765 0.9745916515426497 0.7231686541737649
0 0.8248638838475499 0.6890971039182283 0.764065335753176 0.6890971039182283 0.7636116152450091 0.555366269165247 0.8248638838475499 0.5545144804088586 0.8253176043557169 0.6882453151618398 0.8248638838475499 0.6890971039182283
0 0.15335753176043557 0.7742759795570698 0.02722323049001815 0.7742759795570698 0.02676950998185118 0.5809199318568995 0.15335753176043557 0.580068143100511 0.15381125226860254 0.7734241908006815 0.15335753176043557 0.7742759795570698
0 0.2250453720508167 0.7742759795570698 0.1588021778584392 0.7742759795570698 0.15834845735027223 0.6950596252129472 0.22867513611615245 0.6942078364565588 0.22912885662431942 0.7325383304940375 0.22595281306715065 0.7333901192504259 0.22549909255898368 0.7734241908006815 0.2250453720508167 0.7742759795570698
0 0.8248638838475499 0.7231686541737649 0.691470054446461 0.7231686541737649 0.691016333938294 0.696763202725724 0.8248638838475499 0.6959114139693356 0.8253176043557169 0.7223168654173765 0.8248638838475499 0.7231686541737649