0 0.6015037593984962 0.4806122448979592 0.42255639097744363 0.4806122448979592 0.4218045112781955 0.19387755102040816 0.44661654135338347 0.19285714285714287 0.4481203007518797 0.19081632653061226 0.45112781954887216 0.19081632653061226 0.45263157894736844 0.18877551020408162 0.4556390977443609 0.18877551020408162 0.45714285714285713 0.186734693877551 0.46015037593984964 0.1846938775510204 0.4631578947368421 0.1846938775510204 0.46466165413533833 0.1826530612244898 0.46766917293233085 0.18061224489795918 0.4706766917293233 0.18061224489795918 0.47218045112781953 0.17857142857142858 0.47518796992481205 0.17653061224489797 0.4781954887218045 0.17653061224489797 0.47969924812030074 0.17448979591836736 0.48270676691729325 0.17244897959183675 0.4857142857142857 0.17244897959183675 0.48721804511278194 0.1704081632653061 0.49022556390977445 0.1683673469387755 0.4932330827067669 0.1683673469387755 0.49473684210526314 0.1663265306122449 0.49774436090225566 0.16428571428571428 0.5007518796992482 0.16224489795918368 0.5037593984962406 0.16224489795918368 0.5052631578947369 0.16020408163265307 0.5082706766917293 0.15816326530612246 0.5112781954887218 0.16020408163265307 0.5142857142857142 0.16224489795918368 0.5172932330827068 0.16224489795918368 0.518796992481203 0.16428571428571428 0.5218045112781955 0.16428571428571428 0.5233082706766917 0.1663265306122449 0.5263157894736842 0.1683673469387755 0.5293233082706766 0.1683673469387755 0.530827067669173 0.1704081632653061 0.5338345864661654 0.1704081632653061 0.5353383458646617 0.17244897959183675 0.5383458646616541 0.17244897959183675 0.5398496240601504 0.17448979591836736 0.5428571428571428 0.17653061224489797 0.5473684210526316 0.17653061224489797 0.5488721804511278 0.17857142857142858 0.5518796992481203 0.18061224489795918 0.5548872180451128 0.18061224489795918 0.556390977443609 0.1826530612244898 0.5593984962406015 0.1826530612244898 0.5609022556390978 0.1846938775510204 0.5639097744360902 0.1846938775510204 0.5654135338345865 0.186734693877551 0.5684210526315789 0.18877551020408162 0.5729323308270676 0.18877551020408162 0.5744360902255639 0.19081632653061226 0.5774436090225564 0.19285714285714287 0.6015037593984962 0.19285714285714287 0.6022556390977444 0.47959183673469385 0.6015037593984962 0.4806122448979592
0 0.4150375939849624 0.37244897959183676 0.3263157894736842 0.37244897959183676 0.3255639097744361 0.3408163265306122 0.32030075187969925 0.33979591836734696 0.31954887218045114 0.37142857142857144 0.2511278195488722 0.37244897959183676 0.2503759398496241 0.27346938775510204 0.3308270676691729 0.2724489795918367 0.33157894736842103 0.19387755102040816 0.4150375939849624 0.19285714285714287 0.41578947368421054 0.37142857142857144 0.4150375939849624 0.37244897959183676
0 0.7037593984962406 0.3051020408163265 0.6090225563909775 0.3051020408163265 0.6082706766917293 0.19387755102040816 0.7037593984962406 0.19285714285714287 0.7045112781954888 0.3040816326530612 0.7037593984962406 0.3051020408163265
0 0.24360902255639097 0.37244897959183676 0.16541353383458646 0.37244897959183676 0.16466165413533834 0.27346938775510204 0.24360902255639097 0.2724489795918367 0.24436090225563908 0.37142857142857144 0.24360902255639097 0.37244897959183676
0 0.8706766917293233 0.4336734693877551 0.7112781954887218 0.4336734693877551 0.7105263157894737 0.2795918367346939 0.8706766917293233 0.2785714285714286 0.8714285714285714 0.4326530612244898 0.8706766917293233 0.4336734693877551
0 0.7022556390977444 0.4336734693877551 0.6090225563909775 0.4336734693877551 0.6082706766917293 0.3142857142857143 0.6962406015037594 0.31326530612244896 0.6962406015037594 0.3112244897959184 0.6902255639097744 0.3112244897959184 0.6887218045112782 0.30918367346938774 0.6796992481203008 0.30918367346938774 0.6781954887218045 0.30714285714285716 0.6721804511278195 0.30714285714285716 0.6721804511278195 0.3051020408163265 0.7022556390977444 0.3051020408163265 0.7030075187969925 0.4326530612244898 0.7022556390977444 0.4336734693877551
0 0.35789473684210527 0.4744897959183674 0.16541353383458646 0.4744897959183674 0.16466165413533834 0.3816326530612245 0.35789473684210527 0.3806122448979592 0.3586466165413534 0.47346938775510206 0.35789473684210527 0.4744897959183674
0 0.4150375939849624 0.4744897959183674 0.36390977443609024 0.4744897959183674 0.3631578947368421 0.3816326530612245 0.4150375939849624 0.3806122448979592 0.41578947368421054 0.47346938775510206 0.4150375939849624 0.4744897959183674
0 0.7022556390977444 0.6153061224489796 0.5699248120300752 0.6153061224489796 0.5691729323308271 0.5938775510204082 0.5654135338345865 0.5928571428571429 0.5646616541353383 0.4816326530612245 0.6015037593984962 0.4806122448979592 0.6022556390977444 0.44285714285714284 0.7609022556390977 0.4418367346938776 0.7616541353383459 0.5285714285714286 0.7097744360902256 0.5295918367346939 0.7090225563909774 0.5081632653061224 0.7037593984962406 0.5071428571428571 0.7030075187969925 0.6142857142857143 0.7022556390977444 0.6153061224489796
0 0.8706766917293233 0.5295918367346939 0.7684210526315789 0.5295918367346939 0.7676691729323308 0.44285714285714284 0.8706766917293233 0.4418367346938776 0.8714285714285714 0.5285714285714286 0.8706766917293233 0.5295918367346939
0 0.3263157894736842 0.6887755102040817 0.16541353383458646 0.6887755102040817 0.16466165413533834 0.4816326530612245 0.3263157894736842 0.4806122448979592 0.32706766917293234 0.6877551020408164 0.3263157894736842 0.6887755102040817
0 0.45864661654135336 0.8071428571428572 0.44661654135338347 0.8071428571428572 0.44511278195488724 0.8051020408163265 0.4421052631578947 0.8051020408163265 0.4406015037593985 0.8030612244897959 0.43609022556390975 0.8030612244897959 0.4345864661654135 0.8010204081632653 0.43007518796992483 0.8010204081632653 0.42857142857142855 0.7989795918367347 0.42406015037593986 0.7989795918367347 0.42255639097744363 0.7969387755102041 0.4195488721804511 0.7969387755102041 0.4180451127819549 0.7948979591836735 0.41353383458646614 0.7948979591836735 0.4120300751879699 0.7928571428571428 0.4075187969924812 0.7928571428571428 0.40601503759398494 0.7908163265306123 0.4030075187969925 0.7908163265306123 0.40150375939849625 0.7887755102040817 0.3969924812030075 0.7887755102040817 0.3954887218045113 0.786734693877551 0.3924812030075188 0.786734693877551 0.39097744360902253 0.7846938775510204 0.3849624060150376 0.7846938775510204 0.38345864661654133 0.7826530612244897 0.3804511278195489 0.7826530612244897 0.37894736842105264 0.7806122448979592 0.37293233082706767 0.7806122448979592 0.37142857142857144 0.7785714285714286 0.3684210526315789 0.7785714285714286 0.3669172932330827 0.7765306122448979 0.3323308270676692 0.7765306122448979 0.33157894736842103 0.4816326530612245 0.5639097744360902 0.4806122448979592 0.5646616541353383 0.7755102040816326 0.530827067669173 0.7765306122448979 0.5293233082706766 0.7785714285714286 0.5263157894736842 0.7806122448979592 0.5218045112781955 0.7806122448979592 0.5203007518796993 0.7826530612244897 0.5172932330827068 0.7826530612244897 0.5157894736842106 0.7846938775510204 0.5112781954887218 0.7846938775510204 0.5097744360902255 0.786734693877551 0.5052631578947369 0.786734693877551 0.5037593984962406 0.7887755102040817 0.5007518796992482 0.7887755102040817 0.4992481203007519 0.7908163265306123 0.49624060150375937 0.7908163265306123 0.49473684210526314 0.7928571428571428 0.4917293233082707 0.7928571428571428 0.49022556390977445 0.7948979591836735 0.4857142857142857 0.7948979591836735 0.4842105263157895 0.7969387755102041 0.48120300751879697 0.7969387755102041 0.47969924812030074 0.7989795918367347 0.47518796992481205 0.7989795918367347 0.47368421052631576 0.8010204081632653 0.4706766917293233 0.8010204081632653 0.4691729323308271 0.8030612244897959 0.46466165413533833 0.8030612244897959 0.4631578947368421 0.8051020408163265 0.46015037593984964 0.8051020408163265 0.45864661654135336 0.8071428571428572
0 0.8706766917293233 0.6887755102040817 0.7097744360902256 0.6887755102040817 0.7090225563909774 0.5387755102040817 0.8706766917293233 0.5377551020408163 0.8714285714285714 0.6877551020408164 0.8706766917293233 0.6887755102040817
0 0.7022556390977444 0.6887755102040817 0.5699248120300752 0.6887755102040817 0.5691729323308271 0.6244897959183674 0.7022556390977444 0.6234693877551021 0.7030075187969925 0.6877551020408164 0.7022556390977444 0.6887755102040817