0 0.5940803382663847 0.39882506527415146 0.0507399577167019 0.39882506527415146 0.049682875264270614 0.15274151436031333 0.5940803382663847 0.152088772845953 0.595137420718816 0.3981723237597911 0.5940803382663847 0.39882506527415146
0 0.9069767441860465 0.28655352480417756 0.6109936575052854 0.28655352480417756 0.6099365750528541 0.15274151436031333 0.9069767441860465 0.152088772845953 0.9080338266384778 0.2859007832898172 0.9069767441860465 0.28655352480417756
0 0.9069767441860465 0.4941253263707572 0.6109936575052854 0.4941253263707572 0.6099365750528541 0.28720626631853785 0.9069767441860465 0.28655352480417756 0.9080338266384778 0.4934725848563969 0.9069767441860465 0.4941253263707572
0 0.5940803382663847 0.7343342036553525 0.4418604651162791 0.7343342036553525 0.4408033826638478 0.39947780678851175 0.5940803382663847 0.39882506527415146 0.595137420718816 0.7336814621409922 0.5940803382663847 0.7343342036553525
0 0.26849894291754756 0.5398172323759791 0.0507399577167019 0.5398172323759791 0.049682875264270614 0.40600522193211486 0.26849894291754756 0.40535248041775457 0.26955602536997886 0.5391644908616188 0.26849894291754756 0.5398172323759791
0 0.42283298097251587 0.4993472584856397 0.2769556025369979 0.4993472584856397 0.2758985200845666 0.45822454308093996 0.28118393234672306 0.4575718015665796 0.2822410147991543 0.40992167101827676 0.42283298097251587 0.40926892950391647 0.42389006342494717 0.49869451697127937 0.42283298097251587 0.4993472584856397
0 0.7653276955602537 0.589425587467363 0.6109936575052854 0.589425587467363 0.6099365750528541 0.5013054830287206 0.7653276955602537 0.5006527415143603 0.766384778012685 0.5887728459530026 0.7653276955602537 0.589425587467363
0 0.9006342494714588 0.5868146214099217 0.7780126849894292 0.5868146214099217 0.7769556025369979 0.5013054830287206 0.9006342494714588 0.5006527415143603 0.9016913319238901 0.5861618798955613 0.9006342494714588 0.5868146214099217
0 0.4312896405919662 0.610313315926893 0.19238900634249473 0.610313315926893 0.19133192389006343 0.5456919060052219 0.2748414376321353 0.5450391644908616 0.2758985200845666 0.5052219321148825 0.4312896405919662 0.5045691906005222 0.4323467230443975 0.6096605744125326 0.4312896405919662 0.610313315926893
0 0.18604651162790697 0.610313315926893 0.0507399577167019 0.610313315926893 0.049682875264270614 0.5456919060052219 0.18604651162790697 0.5450391644908616 0.18710359408033828 0.6096605744125326 0.18604651162790697 0.610313315926893
0 0.9069767441860465 0.7996083550913838 0.6109936575052854 0.7996083550913838 0.6099365750528541 0.5966057441253264 0.9069767441860465 0.5959530026109661 0.9080338266384778 0.7989556135770235 0.9069767441860465 0.7996083550913838
0 0.4312896405919662 0.7996083550913838 0.0507399577167019 0.7996083550913838 0.049682875264270614 0.6161879895561357 0.4312896405919662 0.6155352480417755 0.4323467230443975 0.7989556135770235 0.4312896405919662 0.7996083550913838
0 0.5940803382663847 0.7996083550913838 0.4418604651162791 0.7996083550913838 0.4408033826638478 0.7389033942558747 0.5940803382663847 0.7382506527415144 0.595137420718816 0.7989556135770235 0.5940803382663847 0.7996083550913838
0 0.4355179704016913 0.8674934725848564 0.3594080338266385 0.8674934725848564 0.3583509513742072 0.8133159268929504 0.4355179704016913 0.8126631853785901 0.4365750528541226 0.8668407310704961 0.4355179704016913 0.8674934725848564