0 0.705625 0.47291666666666665 0.5575 0.47291666666666665 0.5571875 0.2808333333333333 0.626875 0.28041666666666665 0.6271875 0.2733333333333333 0.5575 0.27291666666666664 0.5571875 0.06666666666666667 0.711875 0.06625 0.7121875 0.045 0.7175 0.044583333333333336 0.7178125 0.09083333333333334 0.736875 0.09125 0.7371875 0.045 0.74125 0.044583333333333336 0.7415625 0.08166666666666667 0.815625 0.08208333333333333 0.8159375 0.12 0.753125 0.12041666666666667 0.7528125 0.08333333333333333 0.741875 0.08291666666666667 0.7415625 0.09083333333333334 0.74625 0.09125 0.7465625 0.2733333333333333 0.70625 0.27375 0.7059375 0.4725 0.705625 0.47291666666666665
0 0.2075 0.28375 0.171875 0.28375 0.1715625 0.2683333333333333 0.048125 0.2679166666666667 0.0478125 0.05 0.223125 0.04958333333333333 0.2234375 0.105 0.2325 0.10541666666666667 0.2328125 0.275 0.208125 0.27541666666666664 0.2078125 0.2833333333333333 0.2075 0.28375
0 0.42375 0.28375 0.23875 0.28375 0.2384375 0.10583333333333333 0.245 0.10541666666666667 0.2453125 0.05 0.42375 0.04958333333333333 0.4240625 0.2833333333333333 0.42375 0.28375
0 0.89625 0.27375 0.821875 0.27375 0.8215625 0.0825 0.89625 0.08208333333333333 0.8965625 0.2733333333333333 0.89625 0.27375
0 0.815625 0.27375 0.753125 0.27375 0.7528125 0.12833333333333333 0.815625 0.12791666666666668 0.8159375 0.2733333333333333 0.815625 0.27375
0 0.144375 0.3829166666666667 0.048125 0.3829166666666667 0.0478125 0.27666666666666667 0.16625 0.27625 0.1665625 0.3441666666666667 0.145 0.34458333333333335 0.1446875 0.3825 0.144375 0.3829166666666667
0 0.78125 0.5070833333333333 0.7125 0.5070833333333333 0.7121875 0.2816666666666667 0.89625 0.28125 0.8965625 0.4725 0.781875 0.47291666666666665 0.7815625 0.5066666666666667 0.78125 0.5070833333333333
0 0.29625 0.4920833333333333 0.223125 0.4920833333333333 0.2228125 0.43833333333333335 0.15125 0.4379166666666667 0.1509375 0.3525 0.17125 0.35208333333333336 0.1715625 0.2841666666666667 0.2075 0.28375 0.208125 0.28541666666666665 0.238125 0.28541666666666665 0.23875 0.28375 0.29625 0.28375 0.2965625 0.49166666666666664 0.29625 0.4920833333333333
0 0.42375 0.4920833333333333 0.3025 0.4920833333333333 0.3021875 0.2925 0.42375 0.2920833333333333 0.4240625 0.49166666666666664 0.42375 0.4920833333333333
0 0.144375 0.4920833333333333 0.048125 0.4920833333333333 0.0478125 0.3908333333333333 0.144375 0.3904166666666667 0.1446875 0.49166666666666664 0.144375 0.4920833333333333
0 0.2175 0.4920833333333333 0.15125 0.4920833333333333 0.1509375 0.44666666666666666 0.2175 0.44625 0.2178125 0.49166666666666664 0.2175 0.4920833333333333
0 0.38875 0.8604166666666667 0.1575 0.8604166666666667 0.1571875 0.6575 0.38875 0.6570833333333334 0.3890625 0.86 0.38875 0.8604166666666667
0 0.5075 0.8604166666666667 0.395 0.8604166666666667 0.3946875 0.6575 0.5075 0.6570833333333334 0.5078125 0.86 0.5075 0.8604166666666667
0 0.62 0.8604166666666667 0.51375 0.8604166666666667 0.5134375 0.6575 0.62 0.6570833333333334 0.6203125 0.86 0.62 0.8604166666666667