0 0.4067495559502664 0.5 0.17850799289520428 0.5 0.1780639431616341 0.2585858585858586 0.2921847246891652 0.25757575757575757 0.29307282415630553 0.25555555555555554 0.4067495559502664 0.25555555555555554 0.4071936056838366 0.498989898989899 0.4067495559502664 0.5
0 0.4715808170515098 0.36262626262626263 0.411190053285968 0.36262626262626263 0.4107460035523979 0.25656565656565655 0.4715808170515098 0.25555555555555554 0.47202486678507993 0.3616161616161616 0.4715808170515098 0.36262626262626263
0 0.17406749555950266 0.5 0.046181172291296625 0.5 0.04573712255772647 0.2585858585858586 0.17406749555950266 0.25757575757575757 0.17451154529307283 0.498989898989899 0.17406749555950266 0.5
0 0.822380106571936 0.7909090909090909 0.8214920071047958 0.7888888888888889 0.7921847246891652 0.7888888888888889 0.7917406749555951 0.7212121212121212 0.655417406749556 0.7202020202020202 0.6549733570159858 0.37575757575757573 0.6589698046181173 0.3747474747474748 0.6594138543516874 0.30707070707070705 0.7761989342806395 0.30606060606060603 0.7766429840142096 0.37575757575757573 0.7797513321492007 0.37676767676767675 0.7801953818827708 0.49292929292929294 0.822380106571936 0.49393939393939396 0.8228241563055062 0.7898989898989899 0.822380106571936 0.7909090909090909
0 0.4715808170515098 0.5363636363636364 0.411190053285968 0.5363636363636364 0.4107460035523979 0.3696969696969697 0.4715808170515098 0.3686868686868687 0.47202486678507993 0.5353535353535354 0.4715808170515098 0.5363636363636364
0 0.6545293072824157 0.7202020202020202 0.5266429840142096 0.7202020202020202 0.5261989342806395 0.37575757575757573 0.6545293072824157 0.3747474747474748 0.6549733570159858 0.7191919191919192 0.6545293072824157 0.7202020202020202
0 0.822380106571936 0.4858585858585859 0.783303730017762 0.4858585858585859 0.7828596802841918 0.37777777777777777 0.822380106571936 0.37676767676767675 0.8228241563055062 0.48484848484848486 0.822380106571936 0.4858585858585859
0 0.9529307282415631 0.7202020202020202 0.8268206039076377 0.7202020202020202 0.8263765541740675 0.37777777777777777 0.9529307282415631 0.37676767676767675 0.9533747779751333 0.7191919191919192 0.9529307282415631 0.7202020202020202
0 0.13587921847246892 0.8333333333333334 0.046181172291296625 0.8333333333333334 0.04573712255772647 0.509090909090909 0.13587921847246892 0.5080808080808081 0.13632326820603907 0.8323232323232324 0.13587921847246892 0.8333333333333334
0 0.3401420959147424 0.8333333333333334 0.18561278863232683 0.8333333333333334 0.18516873889875665 0.5898989898989899 0.14031971580817051 0.5888888888888889 0.13987566607460036 0.509090909090909 0.3392539964476021 0.5080808080808081 0.3396980461811723 0.5555555555555556 0.3419182948490231 0.5565656565656566 0.34236234458259324 0.5959595959595959 0.34147424511545293 0.597979797979798 0.34147424511545293 0.7131313131313132 0.34058614564831263 0.7151515151515152 0.34058614564831263 0.8323232323232324 0.3401420959147424 0.8333333333333334
0 0.4067495559502664 0.8333333333333334 0.3410301953818828 0.8333333333333334 0.34058614564831263 0.7151515151515152 0.34147424511545293 0.7131313131313132 0.34147424511545293 0.597979797979798 0.34236234458259324 0.5959595959595959 0.34236234458259324 0.509090909090909 0.4067495559502664 0.5080808080808081 0.4071936056838366 0.8323232323232324 0.4067495559502664 0.8333333333333334
0 0.4715808170515098 0.8333333333333334 0.411190053285968 0.8333333333333334 0.4107460035523979 0.5434343434343434 0.4715808170515098 0.5424242424242425 0.47202486678507993 0.6222222222222222 0.45204262877442275 0.6232323232323232 0.4515985790408526 0.6282828282828283 0.4715808170515098 0.6292929292929293 0.47202486678507993 0.8323232323232324 0.4715808170515098 0.8333333333333334
0 0.1811722912966252 0.702020202020202 0.14031971580817051 0.702020202020202 0.13987566607460036 0.597979797979798 0.1811722912966252 0.5969696969696969 0.1816163410301954 0.701010101010101 0.1811722912966252 0.702020202020202
0 0.1811722912966252 0.8333333333333334 0.14031971580817051 0.8333333333333334 0.13987566607460036 0.7111111111111111 0.1811722912966252 0.7101010101010101 0.1816163410301954 0.8323232323232324 0.1811722912966252 0.8333333333333334