0 0.4773060029282577 0.3977864583333333 0.45900439238653 0.365234375 0.45790629575402636 0.3645833333333333 0.4575402635431918 0.3626302083333333 0.441800878477306 0.3359375 0.4659590043923865 0.2916666666666667 0.4663250366032211 0.2897135416666667 0.46815519765739383 0.2877604166666667 0.4685212298682284 0.2858072916666667 0.4703513909224012 0.2838541666666667 0.4937774524158126 0.24088541666666666 0.48096632503660325 0.21809895833333334 0.4791361639824305 0.21614583333333334 0.4787701317715959 0.21419270833333334 0.4769399707174231 0.21223958333333334 0.4765739385065886 0.21028645833333334 0.4754758418740849 0.20963541666666666 0.48499267935578333 0.19140625 0.486090775988287 0.18815104166666666 0.48718887262079064 0.1875 0.49963396778916547 0.1640625 0.5 0.162109375 0.5010980966325037 0.16145833333333334 0.5142752562225475 0.13671875 0.5161054172767203 0.13216145833333334 0.517203513909224 0.13151041666666666 0.5204978038067349 0.12434895833333333 0.5241581259150805 0.12955729166666666 0.5252562225475842 0.13020833333333334 0.5256222547584187 0.13216145833333334 0.5387994143484627 0.154296875 0.5398975109809663 0.15494791666666666 0.54099560761347 0.158203125 0.5556368960468521 0.18294270833333334 0.5702781844802343 0.20768229166666666 0.571376281112738 0.20833333333333334 0.5717423133235725 0.21028645833333334 0.5856515373352855 0.23372395833333334 0.5867496339677891 0.234375 0.5871156661786238 0.236328125 0.5882137628111274 0.23697916666666666 0.5874816983894583 0.23828125 0.5867496339677891 0.24088541666666666 0.5867496339677891 0.24348958333333334 0.58601756954612 0.24479166666666666 0.585285505124451 0.24739583333333334 0.585285505124451 0.29296875 0.6127379209370425 0.2936197916666667 0.613103953147877 0.37890625 0.5783308931185944 0.3795572916666667 0.5779648609077599 0.3684895833333333 0.5772327964860908 0.3671875 0.5743045387994143 0.3606770833333333 0.5739385065885798 0.3587239583333333 0.5724743777452416 0.357421875 0.5710102489019033 0.357421875 0.5702781844802343 0.3561197916666667 0.568814055636896 0.3548177083333333 0.5 0.3548177083333333 0.48938506588579794 0.3736979166666667 0.4813323572474378 0.3893229166666667 0.48096632503660325 0.3912760416666667 0.47986822840409954 0.3919270833333333 0.4773060029282577 0.3977864583333333
0 0.5318448023426061 0.3033854166666667 0.5307467057101025 0.3014322916666667 0.5314787701317716 0.3040364583333333 0.5318448023426061 0.3033854166666667
0 0.1683748169838946 0.3912760416666667 0.13726207906295754 0.3359375 0.154099560761347 0.3046875 0.15739385065885797 0.2975260416666667 0.15849194729136165 0.296875 0.1595900439238653 0.2936197916666667 0.16068814055636896 0.29296875 0.18850658857979502 0.2421875 0.17093704245973645 0.20963541666666666 0.19546120058565153 0.166015625 0.1965592972181552 0.16536458333333334 0.2020497803806735 0.154296875 0.21815519765739386 0.126953125 0.2829428989751098 0.2421875 0.2829428989751098 0.24479166666666666 0.2822108345534407 0.24609375 0.28074670571010246 0.25 0.28074670571010246 0.29296875 0.2349926793557833 0.2936197916666667 0.23462664714494877 0.3177083333333333 0.2225475841874085 0.2975260416666667 0.22108345534407028 0.2975260416666667 0.1683748169838946 0.3912760416666667
0 0.6405563689604685 0.2897135416666667 0.5871156661786238 0.2897135416666667 0.5867496339677891 0.25 0.5874816983894583 0.24869791666666666 0.5882137628111274 0.24609375 0.5889458272327965 0.24348958333333334 0.5889458272327965 0.24088541666666666 0.6405563689604685 0.240234375 0.6409224011713031 0.2890625 0.6405563689604685 0.2897135416666667
0 0.6822840409956076 0.3170572916666667 0.6149341142020498 0.3170572916666667 0.6145680819912153 0.2942708333333333 0.6427525622254758 0.2936197916666667 0.6431185944363104 0.24088541666666666 0.6822840409956076 0.240234375 0.6826500732064422 0.31640625 0.6822840409956076 0.3170572916666667
0 0.33528550512445093 0.2936197916666667 0.28330893118594436 0.2936197916666667 0.2829428989751098 0.24869791666666666 0.284407027818448 0.24609375 0.28550512445095166 0.24283854166666666 0.33528550512445093 0.24283854166666666 0.3356515373352855 0.29296875 0.33528550512445093 0.2936197916666667
0 0.37701317715959004 0.3665364583333333 0.3294289897510981 0.3665364583333333 0.32906295754026355 0.296875 0.3374816983894583 0.2962239583333333 0.33784773060029283 0.24348958333333334 0.37701317715959004 0.24283854166666666 0.3773792093704246 0.3658854166666667 0.37701317715959004 0.3665364583333333
0 0.29502196193265007 0.416015625 0.2642752562225476 0.416015625 0.263909224011713 0.3997395833333333 0.2349926793557833 0.3990885416666667 0.23462664714494877 0.2942708333333333 0.28038067349926793 0.2936197916666667 0.28111273792093705 0.2962239583333333 0.32650073206442165 0.2962239583333333 0.32686676427525624 0.3984375 0.2957540263543192 0.3990885416666667 0.2953879941434846 0.4153645833333333 0.29502196193265007 0.416015625
0 0.2020497803806735 0.451171875 0.18338213762811129 0.4192708333333333 0.18301610541727673 0.4173177083333333 0.18118594436310395 0.4153645833333333 0.1808199121522694 0.4134114583333333 0.17898975109809664 0.4114583333333333 0.17862371888726208 0.4095052083333333 0.17752562225475843 0.4088541666666667 0.17642752562225475 0.4055989583333333 0.1753294289897511 0.4049479166666667 0.17423133235724744 0.4016927083333333 0.1731332357247438 0.4010416666666667 0.17276720351390923 0.3990885416666667 0.17093704245973645 0.3971354166666667 0.1705710102489019 0.3951822916666667 0.16874084919472915 0.3932291666666667 0.16874084919472915 0.390625 0.22108345534407028 0.2975260416666667 0.2225475841874085 0.2975260416666667 0.23462664714494877 0.3190104166666667 0.23462664714494877 0.3802083333333333 0.232796486090776 0.380859375 0.23243045387994143 0.3984375 0.21961932650073207 0.4212239583333333 0.2020497803806735 0.451171875
0 0.6383601756954612 0.4368489583333333 0.6193265007320644 0.4368489583333333 0.6189604685212299 0.43359375 0.6090775988286969 0.4329427083333333 0.6087115666178624 0.3828125 0.6185944363103953 0.3821614583333333 0.6189604685212299 0.3802083333333333 0.6149341142020498 0.3795572916666667 0.6145680819912153 0.3203125 0.6822840409956076 0.3196614583333333 0.6826500732064422 0.4270833333333333 0.6390922401171303 0.427734375 0.6387262079062958 0.4361979166666667 0.6383601756954612 0.4368489583333333
0 0.5073206442166911 0.4498697916666667 0.48462664714494874 0.4095052083333333 0.48279648609077597 0.4075520833333333 0.48243045387994143 0.4055989583333333 0.4813323572474378 0.4049479166666667 0.4802342606149341 0.4016927083333333 0.4791361639824305 0.4010416666666667 0.48279648609077597 0.3932291666666667 0.49011713030746706 0.37890625 0.4981698389458272 0.36328125 0.4985358711566618 0.361328125 0.5 0.3600260416666667 0.5322108345534406 0.3600260416666667 0.5325768667642753 0.4049479166666667 0.5073206442166911 0.4498697916666667
0 0.5695461200585652 0.462890625 0.568081991215227 0.462890625 0.5673499267935578 0.4615885416666667 0.5658857979502196 0.4615885416666667 0.5651537335285505 0.4602864583333333 0.5636896046852123 0.4602864583333333 0.5629575402635432 0.458984375 0.5614934114202049 0.458984375 0.5607613469985359 0.4576822916666667 0.5592972181551976 0.4576822916666667 0.5585651537335286 0.4563802083333333 0.5571010248901903 0.455078125 0.554904831625183 0.455078125 0.5541727672035139 0.4537760416666667 0.5527086383601757 0.4524739583333333 0.5512445095168375 0.4524739583333333 0.5505124450951684 0.451171875 0.5490483162518301 0.451171875 0.5483162518301611 0.4498697916666667 0.5468521229868228 0.4498697916666667 0.5461200585651538 0.4485677083333333 0.5446559297218155 0.4485677083333333 0.5439238653001464 0.447265625 0.5424597364568082 0.447265625 0.541727672035139 0.4459635416666667 0.5402635431918009 0.4459635416666667 0.5395314787701317 0.4446614583333333 0.5380673499267935 0.4446614583333333 0.5373352855051244 0.443359375 0.5358711566617862 0.443359375 0.5351390922401171 0.4420572916666667 0.5336749633967789 0.4420572916666667 0.5329428989751098 0.4407552083333333 0.5314787701317716 0.439453125 0.5292825768667643 0.439453125 0.5285505124450952 0.4381510416666667 0.527086383601757 0.4368489583333333 0.5256222547584187 0.4368489583333333 0.5248901903367497 0.435546875 0.5234260614934114 0.435546875 0.5226939970717424 0.4342447916666667 0.5212298682284041 0.4342447916666667 0.5201317715959004 0.4322916666666667 0.5355051244509517 0.4049479166666667 0.5355051244509517 0.3606770833333333 0.5695461200585652 0.3600260416666667 0.5702781844802343 0.361328125 0.5717423133235725 0.3626302083333333 0.5728404099560761 0.36328125 0.5757686676427526 0.3697916666666667 0.5757686676427526 0.4322916666666667 0.5702781844802343 0.4329427083333333 0.5699121522693997 0.4622395833333333 0.5695461200585652 0.462890625
0 0.37701317715959004 0.4928385416666667 0.3389458272327965 0.4928385416666667 0.33857979502196195 0.4401041666666667 0.3294289897510981 0.439453125 0.32906295754026355 0.3697916666666667 0.37701317715959004 0.369140625 0.3773792093704246 0.4921875 0.37701317715959004 0.4928385416666667
0 0.6068814055636896 0.4329427083333333 0.5783308931185944 0.4329427083333333 0.5779648609077599 0.3841145833333333 0.6068814055636896 0.3834635416666667 0.6072474377745242 0.4322916666666667 0.6068814055636896 0.4329427083333333
0 0.25988286969253294 0.4694010416666667 0.2591508052708638 0.4680989583333333 0.25768667642752563 0.4680989583333333 0.2569546120058565 0.466796875 0.2554904831625183 0.466796875 0.2547584187408492 0.4654947916666667 0.25329428989751096 0.4641927083333333 0.2518301610541728 0.4641927083333333 0.25109809663250365 0.462890625 0.24963396778916544 0.462890625 0.24890190336749635 0.4615885416666667 0.24743777452415813 0.4602864583333333 0.24597364568081992 0.458984375 0.2445095168374817 0.458984375 0.24377745241581258 0.4576822916666667 0.24231332357247437 0.4563802083333333 0.24084919472913616 0.4563802083333333 0.24011713030746706 0.455078125 0.23865300146412885 0.455078125 0.23792093704245973 0.4537760416666667 0.23645680819912152 0.4524739583333333 0.2349926793557833 0.4524739583333333 0.2342606149341142 0.451171875 0.232796486090776 0.451171875 0.23206442166910687 0.4498697916666667 0.23060029282576866 0.4485677083333333 0.22913616398243045 0.447265625 0.22767203513909223 0.447265625 0.22693997071742314 0.4459635416666667 0.22547584187408493 0.4459635416666667 0.2247437774524158 0.4446614583333333 0.2232796486090776 0.443359375 0.22181551976573938 0.443359375 0.22108345534407028 0.4420572916666667 0.21961932650073207 0.4407552083333333 0.21815519765739386 0.4407552083333333 0.21742313323572474 0.439453125 0.21595900439238652 0.439453125 0.21522693997071743 0.4381510416666667 0.21339677891654465 0.4361979166666667 0.21486090775988287 0.4348958333333333 0.21522693997071743 0.4329427083333333 0.2170571010248902 0.4309895833333333 0.21742313323572474 0.4290364583333333 0.2335285505124451 0.4016927083333333 0.25988286969253294 0.4016927083333333 0.26024890190336747 0.46875 0.25988286969253294 0.4694010416666667
0 0.33601756954612005 0.4928385416666667 0.2972181551976574 0.4928385416666667 0.29685212298682284 0.40234375 0.32650073206442165 0.4016927083333333 0.32686676427525624 0.44140625 0.33601756954612005 0.4420572916666667 0.3363836017569546 0.4921875 0.33601756954612005 0.4928385416666667
0 0.29502196193265007 0.4928385416666667 0.26720351390922403 0.4928385416666667 0.26683748169838944 0.4739583333333333 0.26500732064421667 0.4733072916666667 0.263909224011713 0.4713541666666667 0.263909224011713 0.4192708333333333 0.29502196193265007 0.4186197916666667 0.2953879941434846 0.4921875 0.29502196193265007 0.4928385416666667
0 0.6068814055636896 0.4889322916666667 0.5732064421669106 0.4889322916666667 0.5728404099560761 0.4375 0.6068814055636896 0.4368489583333333 0.6072474377745242 0.48828125 0.6068814055636896 0.4889322916666667
0 0.6383601756954612 0.4889322916666667 0.6090775988286969 0.4889322916666667 0.6087115666178624 0.4375 0.6383601756954612 0.4368489583333333 0.6387262079062958 0.48828125 0.6383601756954612 0.4889322916666667
0 0.4787701317715959 0.8248697916666666 0.45021961932650073 0.8248697916666666 0.4498535871156662 0.7473958333333334 0.43045387994143486 0.7467447916666666 0.41178623718887264 0.7122395833333334 0.39275256222547583 0.6770833333333334 0.37518301610541727 0.64453125 0.37481698389458273 0.642578125 0.3737188872620791 0.6419270833333334 0.3726207906295754 0.638671875 0.3715226939970717 0.6380208333333334 0.3685944363103953 0.6315104166666666 0.4143484626647145 0.548828125 0.43228404099560763 0.5794270833333334 0.4333821376281113 0.5826822916666666 0.43448023426061494 0.5833333333333334 0.4491215226939971 0.6106770833333334 0.4494875549048316 0.6126302083333334 0.4513177159590044 0.6145833333333334 0.45168374816983897 0.6165364583333334 0.4535139092240117 0.6184895833333334 0.4703513909224012 0.6497395833333334 0.4791361639824305 0.6666666666666666 0.4791361639824305 0.82421875 0.4787701317715959 0.8248697916666666
0 0.3916544655929722 0.880859375 0.38177159590043924 0.86328125 0.3814055636896047 0.861328125 0.380307467057101 0.8606770833333334 0.3715226939970717 0.84375 0.36200585651537337 0.8255208333333334 0.3616398243045388 0.8235677083333334 0.36054172767203513 0.8229166666666666 0.35248901903367497 0.8072916666666666 0.3415080527086384 0.7864583333333334 0.3327232796486091 0.76953125 0.3261346998535871 0.7565104166666666 0.32686676427525624 0.7552083333333334 0.3279648609077599 0.751953125 0.32906295754026355 0.7513020833333334 0.3294289897510981 0.7493489583333334 0.34333821376281115 0.7259114583333334 0.35871156661786235 0.6998697916666666 0.36054172767203513 0.6979166666666666 0.3609077598828697 0.6959635416666666 0.3726207906295754 0.6764322916666666 0.3737188872620791 0.67578125 0.37554904831625185 0.6712239583333334 0.37994143484626647 0.6647135416666666 0.3905563689604685 0.68359375 0.4110541727672035 0.7213541666666666 0.4264275256222548 0.75 0.4264275256222548 0.796875 0.42715959004392384 0.7981770833333334 0.42715959004392384 0.8216145833333334 0.42313323572474376 0.8287760416666666 0.4220351390922401 0.8294270833333334 0.4216691068814056 0.8313802083333334 0.4128843338213763 0.845703125 0.40483162518301613 0.8587239583333334 0.3916544655929722 0.880859375
0 0.5373352855051244 0.7467447916666666 0.4816983894582723 0.7467447916666666 0.4813323572474378 0.6692708333333334 0.5373352855051244 0.6686197916666666 0.537701317715959 0.74609375 0.5373352855051244 0.7467447916666666
0 0.5724743777452416 0.7467447916666666 0.5402635431918009 0.7467447916666666 0.5398975109809663 0.6692708333333334 0.5724743777452416 0.6686197916666666 0.5728404099560761 0.74609375 0.5724743777452416 0.7467447916666666
0 0.4575402635431918 0.8938802083333334 0.4568081991215227 0.892578125 0.45534407027818447 0.8912760416666666 0.4538799414348463 0.8912760416666666 0.45314787701317716 0.8899739583333334 0.45168374816983897 0.8899739583333334 0.45095168374816985 0.888671875 0.4494875549048316 0.8873697916666666 0.4480234260614934 0.8873697916666666 0.4472913616398243 0.8860677083333334 0.4458272327964861 0.8860677083333334 0.445095168374817 0.884765625 0.44363103953147875 0.8834635416666666 0.44143484626647145 0.8834635416666666 0.4407027818448023 0.8821614583333334 0.43923865300146414 0.880859375 0.4377745241581259 0.8795572916666666 0.4355783308931186 0.8795572916666666 0.43484626647144947 0.8782552083333334 0.4333821376281113 0.876953125 0.43191800878477304 0.876953125 0.431185944363104 0.8756510416666666 0.42972181551976574 0.8756510416666666 0.4289897510980966 0.8743489583333334 0.42752562225475843 0.873046875 0.4260614934114202 0.873046875 0.4253294289897511 0.8717447916666666 0.4238653001464129 0.8717447916666666 0.42313323572474376 0.8704427083333334 0.4216691068814056 0.869140625 0.42020497803806733 0.869140625 0.41947291361639827 0.8678385416666666 0.41800878477306 0.8678385416666666 0.4172767203513909 0.8665364583333334 0.4158125915080527 0.8665364583333334 0.4150805270863836 0.865234375 0.4136163982430454 0.865234375 0.4128843338213763 0.8639322916666666 0.41142020497803805 0.8626302083333334 0.40995607613469986 0.8626302083333334 0.4095900439238653 0.8606770833333334 0.4158125915080527 0.849609375 0.4253294289897511 0.833984375 0.4308199121522694 0.8255208333333334 0.4308199121522694 0.7513020833333334 0.4472913616398243 0.7506510416666666 0.44765739385065884 0.828125 0.4575402635431918 0.8287760416666666 0.45790629575402636 0.8932291666666666 0.4575402635431918 0.8938802083333334
0 0.5724743777452416 0.9186197916666666 0.46046852122986826 0.9186197916666666 0.46010248901903367 0.8528645833333334 0.48096632503660325 0.8522135416666666 0.4813323572474378 0.7513020833333334 0.5724743777452416 0.7506510416666666 0.5728404099560761 0.91796875 0.5724743777452416 0.9186197916666666
0 0.4787701317715959 0.8470052083333334 0.46046852122986826 0.8470052083333334 0.46010248901903367 0.8294270833333334 0.4787701317715959 0.8287760416666666 0.4791361639824305 0.8463541666666666 0.4787701317715959 0.8470052083333334