0 0.7803030303030303 0.3288100208768267 0.6704545454545454 0.3288100208768267 0.6699810606060606 0.05219206680584551 0.8096590909090909 0.0511482254697286 0.8101325757575758 0.2588726513569937 0.8025568181818182 0.2755741127348643 0.8020833333333334 0.278705636743215 0.7997159090909091 0.2818371607515658 0.7992424242424242 0.2849686847599165 0.7978219696969697 0.2860125260960334 0.7964015151515151 0.29123173277661796 0.7949810606060606 0.29227557411273486 0.7845643939393939 0.3173277661795407 0.7840909090909091 0.32045929018789143 0.7807765151515151 0.325678496868476 0.7803030303030303 0.3288100208768267
0 0.9545454545454546 0.37265135699373697 0.8702651515151515 0.37265135699373697 0.868844696969697 0.3695198329853862 0.8683712121212122 0.3663883089770355 0.8617424242424242 0.35386221294363257 0.8603219696969697 0.35281837160751567 0.8598484848484849 0.3496868475991649 0.8494318181818182 0.3288100208768267 0.8409090909090909 0.31210855949895616 0.8394886363636364 0.31106471816283926 0.8390151515151515 0.3079331941544885 0.8304924242424242 0.29123173277661796 0.8290719696969697 0.29018789144050106 0.8276515151515151 0.2849686847599165 0.8191287878787878 0.26826722338204595 0.8148674242424242 0.2609603340292276 0.8148674242424242 0.05219206680584551 0.9545454545454546 0.0511482254697286 0.9550189393939394 0.37160751565762007 0.9545454545454546 0.37265135699373697
0 0.5208333333333334 0.3747390396659708 0.4128787878787879 0.3747390396659708 0.41240530303030304 0.2818371607515658 0.3494318181818182 0.2807933194154488 0.3489583333333333 0.054279749478079335 0.6354166666666666 0.05323590814196242 0.6358901515151515 0.37160751565762007 0.521780303030303 0.37265135699373697 0.5208333333333334 0.3747390396659708
0 0.17329545454545456 0.7004175365344467 0.09943181818181818 0.7004175365344467 0.09895833333333333 0.6263048016701461 0.09611742424242424 0.6200417536534447 0.09138257575757576 0.6075156576200418 0.09090909090909091 0.6043841336116911 0.08948863636363637 0.6033402922755741 0.08380681818181818 0.5887265135699373 0.0790719696969697 0.5762004175365344 0.07433712121212122 0.5636743215031316 0.09043560606060606 0.5260960334029228 0.09090909090909091 0.5229645093945721 0.09232954545454546 0.5219206680584552 0.09375 0.5167014613778705 0.09517045454545454 0.5156576200417536 0.09564393939393939 0.5125260960334029 0.09706439393939394 0.511482254697286 0.09848484848484848 0.5062630480167014 0.09990530303030302 0.5052192066805845 0.10132575757575757 0.5 0.10274621212121213 0.4989561586638831 0.10416666666666667 0.49373695198329853 0.10558712121212122 0.49269311064718163 0.12263257575757576 0.453027139874739 0.109375 0.42171189979123175 0.10890151515151515 0.418580375782881 0.10748106060606061 0.4175365344467641 0.10132575757575757 0.40187891440501045 0.09990530303030302 0.40083507306889354 0.09848484848484848 0.395615866388309 0.09706439393939394 0.3945720250521921 0.09611742424242424 0.3903966597077244 0.09706439393939394 0.3883089770354906 0.09706439393939394 0.37995824634655534 0.03409090909090909 0.37891440501043844 0.03361742424242424 0.06680584551148225 0.1884469696969697 0.06576200417536535 0.18892045454545456 0.29018789144050106 0.23106060606060605 0.29123173277661796 0.2315340909090909 0.5594989561586639 0.19507575757575757 0.5605427974947808 0.19412878787878787 0.5647181628392485 0.18986742424242425 0.5720250521920668 0.1893939393939394 0.5751565762004175 0.18702651515151514 0.5782881002087683 0.1865530303030303 0.581419624217119 0.18513257575757575 0.5824634655532359 0.1737689393939394 0.6096033402922756 0.1737689393939394 0.6993736951983298 0.17329545454545456 0.7004175365344467
0 0.3162878787878788 0.278705636743215 0.19412878787878787 0.278705636743215 0.19365530303030304 0.06680584551148225 0.3162878787878788 0.06576200417536535 0.31676136363636365 0.2776617954070981 0.3162878787878788 0.278705636743215
0 0.7339015151515151 0.7025052192066806 0.6704545454545454 0.7025052192066806 0.6699810606060606 0.4572025052192067 0.7518939393939394 0.4561586638830898 0.7528409090909091 0.45407098121085593 0.7552083333333334 0.4509394572025052 0.7556818181818182 0.44780793319415446 0.7670454545454546 0.42484342379958245 0.7684659090909091 0.42379958246346555 0.7698863636363636 0.418580375782881 0.7713068181818182 0.4175365344467641 0.771780303030303 0.4144050104384134 0.7855113636363636 0.3862212943632568 0.7855113636363636 0.33194154488517746 0.7921401515151515 0.3173277661795407 0.7926136363636364 0.31419624217118997 0.7949810606060606 0.31106471816283926 0.7954545454545454 0.3079331941544885 0.7978219696969697 0.3048016701461378 0.8101325757575758 0.2755741127348643 0.8106060606060606 0.27244258872651356 0.8125 0.27035490605427975 0.8200757575757576 0.2870563674321503 0.8214962121212122 0.2881002087682672 0.821969696969697 0.29123173277661796 0.8233901515151515 0.29227557411273486 0.8248106060606061 0.2974947807933194 0.8304924242424242 0.3079331941544885 0.8319128787878788 0.3089770354906054 0.8333333333333334 0.31419624217118997 0.8418560606060606 0.33089770354906056 0.8513257575757576 0.3496868475991649 0.8527462121212122 0.35073068893528186 0.853219696969697 0.35386221294363257 0.8626893939393939 0.37265135699373697 0.8669507575757576 0.37995824634655534 0.8669507575757576 0.42379958246346555 0.8660037878787878 0.42588726513569936 0.8645833333333334 0.4311064718162839 0.8631628787878788 0.4321503131524008 0.8626893939393939 0.4352818371607516 0.8603219696969697 0.4384133611691023 0.8598484848484849 0.44154488517745305 0.8574810606060606 0.44467640918580376 0.8570075757575758 0.44780793319415446 0.8555871212121212 0.4488517745302714 0.8541666666666666 0.45407098121085593 0.8527462121212122 0.4551148225469729 0.8513257575757576 0.4603340292275574 0.849905303030303 0.4613778705636743 0.8494318181818182 0.46450939457202506 0.8480113636363636 0.46555323590814196 0.8285984848484849 0.5104384133611691 0.7821969696969697 0.5104384133611691 0.78125 0.5125260960334029 0.7741477272727273 0.5260960334029228 0.7736742424242424 0.5292275574112735 0.7713068181818182 0.5323590814196242 0.7708333333333334 0.535490605427975 0.7608901515151515 0.5553235908141962 0.7604166666666666 0.558455114822547 0.7580492424242424 0.5615866388308977 0.734375 0.615866388308977 0.734375 0.7014613778705637 0.7339015151515151 0.7025052192066806
0 0.3162878787878788 0.5125260960334029 0.23674242424242425 0.5125260960334029 0.2362689393939394 0.29227557411273486 0.2727272727272727 0.29123173277661796 0.27320075757575757 0.31524008350730687 0.2765151515151515 0.3162839248434238 0.27698863636363635 0.29227557411273486 0.3162878787878788 0.29123173277661796 0.31676136363636365 0.511482254697286 0.3162878787878788 0.5125260960334029
0 0.3939393939393939 0.4123173277661795 0.3494318181818182 0.4123173277661795 0.3489583333333333 0.29227557411273486 0.4071969696969697 0.29123173277661796 0.40767045454545453 0.38413361169102295 0.4015151515151515 0.3977035490605428 0.40009469696969696 0.3987473903966597 0.3996212121212121 0.40187891440501045 0.3939393939393939 0.4123173277661795
0 0.75 0.44572025052192066 0.6704545454545454 0.44572025052192066 0.6699810606060606 0.34029227557411273 0.7803030303030303 0.33924843423799583 0.7807765151515151 0.38204592901878914 0.7788825757575758 0.38413361169102295 0.7774621212121212 0.3893528183716075 0.7760416666666666 0.3903966597077244 0.7746212121212122 0.395615866388309 0.7623106060606061 0.42066805845511485 0.7608901515151515 0.42171189979123175 0.7604166666666666 0.42484342379958245 0.7580492424242424 0.4279749478079332 0.7575757575757576 0.4311064718162839 0.75 0.44572025052192066
0 0.6354166666666666 0.7025052192066806 0.521780303030303 0.7025052192066806 0.5213068181818182 0.3736951983298539 0.6354166666666666 0.37265135699373697 0.6358901515151515 0.7014613778705637 0.6354166666666666 0.7025052192066806
0 0.5208333333333334 0.7025052192066806 0.3494318181818182 0.7025052192066806 0.3489583333333333 0.42379958246346555 0.39678030303030304 0.42275574112734865 0.3977272727272727 0.418580375782881 0.40009469696969696 0.4154488517745303 0.4005681818181818 0.4123173277661795 0.4090909090909091 0.395615866388309 0.41051136363636365 0.3945720250521921 0.41240530303030304 0.3883089770354906 0.41240530303030304 0.3757828810020877 0.5208333333333334 0.3747390396659708 0.5213068181818182 0.7014613778705637 0.5208333333333334 0.7025052192066806
0 0.9545454545454546 0.7025052192066806 0.7395833333333334 0.7025052192066806 0.7391098484848485 0.6221294363256785 0.7552083333333334 0.5866388308977035 0.7566287878787878 0.581419624217119 0.7580492424242424 0.5803757828810021 0.759469696969697 0.5751565762004175 0.7608901515151515 0.5741127348643006 0.7642045454545454 0.5647181628392485 0.765625 0.5636743215031316 0.7670454545454546 0.558455114822547 0.7684659090909091 0.55741127348643 0.7840909090909091 0.5208768267223383 0.8314393939393939 0.5208768267223383 0.8323863636363636 0.5167014613778705 0.8338068181818182 0.5156576200417536 0.834280303030303 0.5125260960334029 0.8366477272727273 0.5093945720250522 0.8371212121212122 0.5062630480167014 0.8394886363636364 0.5031315240083507 0.8399621212121212 0.5 0.8423295454545454 0.4968684759916493 0.8428030303030303 0.49373695198329853 0.8451704545454546 0.4906054279749478 0.8456439393939394 0.48747390396659707 0.8470643939393939 0.48643006263048016 0.8475378787878788 0.48329853862212946 0.849905303030303 0.4801670146137787 0.8503787878787878 0.477035490605428 0.8517992424242424 0.4759916492693111 0.8716856060606061 0.430062630480167 0.8716856060606061 0.38413361169102295 0.9384469696969697 0.38308977035490605 0.9389204545454546 0.3945720250521921 0.9545454545454546 0.395615866388309 0.9550189393939394 0.7014613778705637 0.9545454545454546 0.7025052192066806
0 0.09375 0.7004175365344467 0.03409090909090909 0.7004175365344467 0.03361742424242424 0.3903966597077244 0.08806818181818182 0.3893528183716075 0.08948863636363637 0.3924843423799583 0.08996212121212122 0.395615866388309 0.09232954545454546 0.3987473903966597 0.0928030303030303 0.40187891440501045 0.09706439393939394 0.4091858037578288 0.09753787878787878 0.4123173277661795 0.09990530303030302 0.4154488517745303 0.10037878787878787 0.418580375782881 0.10274621212121213 0.42171189979123175 0.10321969696969698 0.42484342379958245 0.10558712121212122 0.4279749478079332 0.10606060606060606 0.4311064718162839 0.10748106060606061 0.4321503131524008 0.10795454545454546 0.4352818371607516 0.1103219696969697 0.4384133611691023 0.11079545454545454 0.44154488517745305 0.11316287878787878 0.44467640918580376 0.11363636363636363 0.44780793319415446 0.11600378787878787 0.4509394572025052 0.11553030303030302 0.45407098121085593 0.11316287878787878 0.4572025052192067 0.11268939393939394 0.4603340292275574 0.10558712121212122 0.47390396659707723 0.10511363636363637 0.477035490605428 0.10274621212121213 0.4801670146137787 0.10227272727272728 0.48329853862212946 0.09990530303030302 0.48643006263048016 0.06676136363636363 0.5615866388308977 0.06723484848484848 0.5647181628392485 0.06865530303030302 0.5657620041753654 0.07339015151515152 0.5782881002087683 0.07386363636363637 0.581419624217119 0.07623106060606061 0.5845511482254697 0.08191287878787878 0.5991649269311065 0.08759469696969698 0.6137787056367432 0.08806818181818182 0.6169102296450939 0.08948863636363637 0.6179540709812108 0.09422348484848485 0.6304801670146137 0.09422348484848485 0.6993736951983298 0.09375 0.7004175365344467
0 0.3125 0.6941544885177453 0.23863636363636365 0.6941544885177453 0.23816287878787878 0.5323590814196242 0.3125 0.5313152400835073 0.31297348484848486 0.6931106471816284 0.3125 0.6941544885177453
0 0.23106060606060605 0.7004175365344467 0.17803030303030304 0.7004175365344467 0.17755681818181818 0.6137787056367432 0.19791666666666666 0.5688935281837161 0.23106060606060605 0.5688935281837161 0.2315340909090909 0.6993736951983298 0.23106060606060605 0.7004175365344467
0 0.5123106060606061 0.848643006263048 0.4119318181818182 0.848643006263048 0.4114583333333333 0.7202505219206681 0.5123106060606061 0.7192066805845512 0.5127840909090909 0.8475991649269311 0.5123106060606061 0.848643006263048
0 0.19507575757575757 0.8444676409185804 0.09753787878787878 0.8444676409185804 0.09706439393939394 0.7286012526096033 0.19507575757575757 0.7275574112734864 0.19554924242424243 0.8434237995824635 0.19507575757575757 0.8444676409185804
0 0.8551136363636364 0.9342379958246346 0.7149621212121212 0.9342379958246346 0.7144886363636364 0.7286012526096033 0.8551136363636364 0.7275574112734864 0.8555871212121212 0.9331941544885177 0.8551136363636364 0.9342379958246346