0 0.6225806451612903 0.4368872549019608 0.47419354838709676 0.4368872549019608 0.47338709677419355 0.3247549019607843 0.36935483870967745 0.3241421568627451 0.3685483870967742 0.16789215686274508 0.6838709677419355 0.16727941176470587 0.6846774193548387 0.42769607843137253 0.6241935483870967 0.42830882352941174 0.6233870967741936 0.4362745098039216 0.6225806451612903 0.4368872549019608
0 0.9225806451612903 0.42830882352941174 0.6967741935483871 0.42830882352941174 0.6959677419354838 0.16789215686274508 0.9225806451612903 0.16727941176470587 0.9233870967741935 0.42769607843137253 0.9225806451612903 0.42830882352941174
0 0.5161290322580645 0.5177696078431373 0.10967741935483871 0.5177696078431373 0.10887096774193548 0.26348039215686275 0.36774193548387096 0.26286764705882354 0.3685483870967742 0.3235294117647059 0.47258064516129034 0.3241421568627451 0.47338709677419355 0.4362745098039216 0.5161290322580645 0.4368872549019608 0.5169354838709678 0.5171568627450981 0.5161290322580645 0.5177696078431373
0 0.7290322580645161 0.6525735294117647 0.5177419354838709 0.6525735294117647 0.5169354838709678 0.4375 0.7790322580645161 0.4368872549019608 0.7798387096774193 0.5980392156862745 0.7306451612903225 0.5986519607843137 0.7298387096774194 0.6519607843137255 0.7290322580645161 0.6525735294117647
0 0.9225806451612903 0.5361519607843137 0.7919354838709678 0.5361519607843137 0.7911290322580645 0.4375 0.9225806451612903 0.4368872549019608 0.9233870967741935 0.5355392156862745 0.9225806451612903 0.5361519607843137
0 0.45 0.7310049019607843 0.10967741935483871 0.7310049019607843 0.10887096774193548 0.5269607843137255 0.5064516129032258 0.5263480392156863 0.507258064516129 0.5821078431372549 0.4532258064516129 0.5827205882352942 0.4508064516129032 0.5845588235294118 0.44516129032258067 0.5900735294117647 0.4411290322580645 0.5919117647058824 0.43548387096774194 0.5974264705882353 0.4314516129032258 0.5992647058823529 0.4274193548387097 0.6035539215686274 0.39919354838709675 0.6237745098039216 0.39919354838709675 0.6605392156862745 0.45 0.6611519607843137 0.4508064516129032 0.7303921568627451 0.45 0.7310049019607843
0 0.9225806451612903 0.7310049019607843 0.7419354838709677 0.7310049019607843 0.7411290322580645 0.6078431372549019 0.7903225806451613 0.6072303921568627 0.7911290322580645 0.5441176470588235 0.9225806451612903 0.5435049019607843 0.9233870967741935 0.7303921568627451 0.9225806451612903 0.7310049019607843
0 0.5064516129032258 0.6525735294117647 0.4096774193548387 0.6525735294117647 0.4088709677419355 0.6274509803921569 0.42338709677419356 0.616421568627451 0.4241935483870968 0.6145833333333334 0.4596774193548387 0.5888480392156863 0.5064516129032258 0.5888480392156863 0.507258064516129 0.6519607843137255 0.5064516129032258 0.6525735294117647
0 0.6016129032258064 0.7310049019607843 0.4612903225806452 0.7310049019607843 0.46048387096774196 0.6617647058823529 0.6016129032258064 0.6611519607843137 0.6024193548387097 0.7303921568627451 0.6016129032258064 0.7310049019607843
0 0.7290322580645161 0.7310049019607843 0.614516129032258 0.7310049019607843 0.6137096774193549 0.6617647058823529 0.7290322580645161 0.6611519607843137 0.7298387096774194 0.7303921568627451 0.7290322580645161 0.7310049019607843
0 0.9274193548387096 0.9013480392156863 0.7548387096774194 0.9013480392156863 0.7540322580645161 0.7524509803921569 0.9274193548387096 0.7518382352941176 0.9282258064516129 0.9007352941176471 0.9274193548387096 0.9013480392156863