0 0.2624760076775432 0.5676807760141094 0.10460652591170826 0.5676807760141094 0.10436660268714011 0.20679012345679013 0.44241842610364684 0.20656966490299825 0.44265834932821496 0.43694885361552027 0.2629558541266795 0.43716931216931215 0.2627159309021113 0.5674603174603174 0.2624760076775432 0.5676807760141094
0 0.6722648752399232 0.31988536155202824 0.5532629558541267 0.31988536155202824 0.5530230326295585 0.20679012345679013 0.6722648752399232 0.20656966490299825 0.6725047984644914 0.31966490299823636 0.6722648752399232 0.31988536155202824
0 0.6732245681381958 0.2074514991181658 0.6725047984644914 0.2072310405643739 0.6727447216890595 0.20656966490299825 0.6734644913627639 0.20679012345679013 0.6732245681381958 0.2074514991181658
0 0.8853166986564299 0.43761022927689597 0.6789827255278311 0.43761022927689597 0.678742802303263 0.32583774250440917 0.6797024952015355 0.3253968253968254 0.6797024952015355 0.20679012345679013 0.8853166986564299 0.20656966490299825 0.885556621880998 0.43738977072310403 0.8853166986564299 0.43761022927689597
0 0.6722648752399232 0.43761022927689597 0.5532629558541267 0.43761022927689597 0.5530230326295585 0.32583774250440917 0.6722648752399232 0.3256172839506173 0.6725047984644914 0.43738977072310403 0.6722648752399232 0.43761022927689597
0 0.3430902111324376 0.7365520282186949 0.2629558541266795 0.7365520282186949 0.2627159309021113 0.43738977072310403 0.31813819577735125 0.43716931216931215 0.31837811900191937 0.5639329805996472 0.44241842610364684 0.5641534391534392 0.44265834932821496 0.6940035273368607 0.3435700575815739 0.6942239858906526 0.34333013435700577 0.736331569664903 0.3430902111324376 0.7365520282186949
0 0.44241842610364684 0.5641534391534392 0.31861804222648754 0.5641534391534392 0.31837811900191937 0.43738977072310403 0.44241842610364684 0.43716931216931215 0.44265834932821496 0.5639329805996472 0.44241842610364684 0.5641534391534392
0 0.6722648752399232 0.6911375661375662 0.5532629558541267 0.6911375661375662 0.5530230326295585 0.5850970017636684 0.6065259117082533 0.5848765432098766 0.6067658349328215 0.5665784832451499 0.5532629558541267 0.566358024691358 0.5530230326295585 0.4435626102292769 0.6722648752399232 0.443342151675485 0.6725047984644914 0.6909171075837742 0.6722648752399232 0.6911375661375662
0 0.8853166986564299 0.5654761904761905 0.6789827255278311 0.5654761904761905 0.678742802303263 0.445326278659612 0.8853166986564299 0.4451058201058201 0.885556621880998 0.5652557319223986 0.8853166986564299 0.5654761904761905
0 0.2547984644913628 0.7766754850088183 0.10460652591170826 0.7766754850088183 0.10436660268714011 0.5868606701940036 0.14539347408829176 0.5866402116402116 0.14539347408829176 0.5861992945326279 0.1444337811900192 0.5861992945326279 0.14395393474088292 0.5853174603174603 0.14299424184261036 0.5853174603174603 0.14251439539347407 0.5848765432098766 0.14155470249520152 0.5848765432098766 0.14107485604606526 0.583994708994709 0.1401151631477927 0.583994708994709 0.13963531669865642 0.5835537918871252 0.13867562380038387 0.5835537918871252 0.1381957773512476 0.5826719576719577 0.13723608445297505 0.5826719576719577 0.13675623800383876 0.5822310405643739 0.1357965451055662 0.5822310405643739 0.13531669865642995 0.5817901234567902 0.13459692898272552 0.5815696649029982 0.1343570057581574 0.5809082892416225 0.13339731285988485 0.5809082892416225 0.13291746641074856 0.5804673721340388 0.131957773512476 0.5804673721340388 0.13147792706333974 0.5795855379188712 0.13051823416506717 0.5795855379188712 0.1300383877159309 0.5791446208112875 0.12907869481765835 0.5791446208112875 0.12859884836852206 0.57826278659612 0.1276391554702495 0.57826278659612 0.12715930902111325 0.5778218694885362 0.1261996161228407 0.5778218694885362 0.1257197696737044 0.5769400352733686 0.12476007677543186 0.5769400352733686 0.12428023032629558 0.5764991181657848 0.12332053742802303 0.5764991181657848 0.12284069097888675 0.5756172839506173 0.1218809980806142 0.5756172839506173 0.12140115163147792 0.5751763668430335 0.12044145873320537 0.5747354497354498 0.11948176583493282 0.5747354497354498 0.11900191938579655 0.5738536155202821 0.118042226487524 0.5738536155202821 0.11756238003838772 0.5734126984126984 0.11660268714011517 0.5734126984126984 0.11612284069097889 0.5725308641975309 0.11516314779270634 0.5725308641975309 0.11468330134357006 0.5720899470899471 0.11372360844529751 0.5720899470899471 0.11324376199616124 0.5712081128747796 0.11228406909788867 0.5712081128747796 0.1118042226487524 0.5707671957671958 0.11084452975047984 0.5707671957671958 0.11036468330134357 0.5698853615520282 0.10940499040307101 0.5698853615520282 0.10892514395393474 0.5694444444444444 0.10796545105566219 0.5694444444444444 0.10748560460652591 0.5685626102292769 0.10652591170825336 0.5681216931216931 0.10460652591170826 0.5681216931216931 0.10460652591170826 0.5676807760141094 0.2624760076775432 0.5676807760141094 0.2627159309021113 0.736331569664903 0.255278310940499 0.7365520282186949 0.2550383877159309 0.7764550264550265 0.2547984644913628 0.7766754850088183
0 0.8853166986564299 0.7766754850088183 0.6789827255278311 0.7766754850088183 0.678742802303263 0.5727513227513228 0.8853166986564299 0.5725308641975309 0.885556621880998 0.7764550264550265 0.8853166986564299 0.7766754850088183
0 0.6722648752399232 0.7766754850088183 0.6689059500959693 0.7766754850088183 0.6686660268714012 0.7544091710758377 0.6492322456813819 0.7541887125220459 0.6489923224568138 0.7764550264550265 0.5532629558541267 0.7766754850088183 0.5530230326295585 0.6975308641975309 0.6722648752399232 0.697310405643739 0.6725047984644914 0.7764550264550265 0.6722648752399232 0.7766754850088183
0 0.44241842610364684 0.7775573192239859 0.3512476007677543 0.7775573192239859 0.3510076775431862 0.7028218694885362 0.44241842610364684 0.7026014109347443 0.44265834932821496 0.777336860670194 0.44241842610364684 0.7775573192239859
0 0.3430902111324376 0.7775573192239859 0.27111324376199614 0.7775573192239859 0.2706333973128599 0.7766754850088183 0.2629558541266795 0.7766754850088183 0.2627159309021113 0.7438271604938271 0.3430902111324376 0.7436067019400353 0.34333013435700577 0.777336860670194 0.3430902111324376 0.7775573192239859
0 0.44241842610364684 0.919973544973545 0.3498080614203455 0.919973544973545 0.34956813819577737 0.7927689594356261 0.44241842610364684 0.7925485008818343 0.44265834932821496 0.9197530864197531 0.44241842610364684 0.919973544973545