0 0.28304027226318773 0.29280261723009815 0.1128757799205899 0.29280261723009815 0.11259217243335225 0.028353326063249727 0.28304027226318773 0.027808069792802616 0.2833238797504254 0.10905125408942203 0.28587634713556437 0.10959651035986914 0.286159954622802 0.21810250817884405 0.28360748723766305 0.21864776444929115 0.2833238797504254 0.29225736095965105 0.28304027226318773 0.29280261723009815
0 0.46114577424844017 0.6581243184296619 0.28984685195689164 0.6581243184296619 0.289563244469654 0.5823336968375137 0.28587634713556437 0.5817884405670665 0.2855927396483267 0.44711014176663033 0.3079977311401021 0.44656488549618323 0.30828133862733975 0.4133042529989095 0.28984685195689164 0.4127589967284624 0.289563244469654 0.21919302071973829 0.2864435621100397 0.21864776444929115 0.286159954622802 0.11014176663031625 0.2892796369824163 0.10959651035986914 0.289563244469654 0.028353326063249727 0.46114577424844017 0.027808069792802616 0.4614293817356778 0.6575790621592148 0.46114577424844017 0.6581243184296619
0 0.8014747589336358 0.29389312977099236 0.6324446965399887 0.29389312977099236 0.632161089052751 0.029443838604143947 0.7748156551332955 0.028898582333696837 0.7750992626205332 0.04471101417666303 0.8014747589336358 0.04525627044711014 0.8017583664208735 0.29334787350054525 0.8014747589336358 0.29389312977099236
0 0.9801474758933636 0.3974918211559433 0.8082813386273398 0.3974918211559433 0.8079977311401021 0.029443838604143947 0.9801474758933636 0.028898582333696837 0.9804310833806013 0.3969465648854962 0.9801474758933636 0.3974918211559433
0 0.28530913216108905 0.5218102508178845 0.19568916619398752 0.5218102508178845 0.19540555870674986 0.5136314067611778 0.1128757799205899 0.5130861504907307 0.11259217243335225 0.3053435114503817 0.15258082813386273 0.3047982551799346 0.1528644356211004 0.43838604143947657 0.21724333522404993 0.4389312977099237 0.21752694271128759 0.3053435114503817 0.28304027226318773 0.3047982551799346 0.2833238797504254 0.44601962922573607 0.28530913216108905 0.44656488549618323 0.2855927396483267 0.5212649945474372 0.28530913216108905 0.5218102508178845
0 0.21100397050482134 0.42693565976008724 0.15938740782756664 0.42693565976008724 0.15910380034032898 0.3053435114503817 0.21100397050482134 0.3047982551799346 0.211287577992059 0.42639040348964014 0.21100397050482134 0.42693565976008724
0 0.8014747589336358 0.564340239912759 0.7385138967668746 0.564340239912759 0.738230289279637 0.37840785169029445 0.6732841747022121 0.37786259541984735 0.6730005672149745 0.5125408942202835 0.6324446965399887 0.5130861504907307 0.632161089052751 0.3064340239912759 0.8014747589336358 0.3058887677208288 0.8017583664208735 0.5637949836423118 0.8014747589336358 0.564340239912759
0 0.7317073170731707 0.564340239912759 0.6795235394214407 0.564340239912759 0.6792399319342031 0.3904034896401309 0.7317073170731707 0.3898582333696837 0.7319909245604084 0.5637949836423118 0.7317073170731707 0.564340239912759
0 0.9801474758933636 0.8031624863685932 0.8082813386273398 0.8031624863685932 0.8079977311401021 0.44383860414394766 0.8247305728871243 0.44329334787350055 0.8250141803743619 0.4100327153762268 0.9801474758933636 0.4094874591057797 0.9804310833806013 0.8026172300981461 0.9801474758933636 0.8031624863685932
0 0.28304027226318773 0.8031624863685932 0.19568916619398752 0.8031624863685932 0.19540555870674986 0.5223555070883316 0.28530913216108905 0.5218102508178845 0.2855927396483267 0.5812431842966194 0.28360748723766305 0.5817884405670665 0.2833238797504254 0.8026172300981461 0.28304027226318773 0.8031624863685932
0 0.1888825865002836 0.8031624863685932 0.1128757799205899 0.8031624863685932 0.11259217243335225 0.5256270447110142 0.1888825865002836 0.5250817884405671 0.18916619398752127 0.8026172300981461 0.1888825865002836 0.8031624863685932
0 0.8014747589336358 0.8031624863685932 0.6324446965399887 0.8031624863685932 0.632161089052751 0.5757906215921483 0.6426545660805445 0.5752453653217012 0.6429381735677822 0.5256270447110142 0.6727169597277368 0.5250817884405671 0.6730005672149745 0.5747001090512541 0.8014747589336358 0.5752453653217012 0.8017583664208735 0.8026172300981461 0.8014747589336358 0.8031624863685932
0 0.10606920022688598 0.9514721919302072 0.019285309132161088 0.9514721919302072 0.019001701644923426 0.5572519083969466 0.10606920022688598 0.5567066521264995 0.10635280771412366 0.95092693565976 0.10606920022688598 0.9514721919302072
0 0.3760635280771412 0.8031624863685932 0.28984685195689164 0.8031624863685932 0.289563244469654 0.6706652126499455 0.3760635280771412 0.6701199563794984 0.3763471355643789 0.8026172300981461 0.3760635280771412 0.8031624863685932
0 0.46114577424844017 0.8031624863685932 0.3828701077708451 0.8031624863685932 0.38258650028360747 0.6706652126499455 0.46114577424844017 0.6701199563794984 0.4614293817356778 0.8026172300981461 0.46114577424844017 0.8031624863685932