0 0.32781456953642385 0.37455516014234874 0.2251655629139073 0.37455516014234874 0.22433774834437087 0.19750889679715303 0.32781456953642385 0.19661921708185054 0.32864238410596025 0.3736654804270463 0.32781456953642385 0.37455516014234874
0 0.5198675496688742 0.43683274021352314 0.5082781456953642 0.43683274021352314 0.5074503311258278 0.4306049822064057 0.3360927152317881 0.4297153024911032 0.3352649006622517 0.19750889679715303 0.5149006622516556 0.19661921708185054 0.515728476821192 0.3612099644128114 0.5198675496688742 0.3620996441281139 0.5206953642384106 0.4359430604982206 0.5198675496688742 0.43683274021352314
0 0.7235099337748344 0.552491103202847 0.5248344370860927 0.552491103202847 0.5240066225165563 0.4377224199288256 0.5206953642384106 0.4359430604982206 0.5206953642384106 0.19750889679715303 0.7235099337748344 0.19661921708185054 0.7243377483443708 0.5516014234875445 0.7235099337748344 0.552491103202847
0 0.7748344370860927 0.552491103202847 0.7251655629139073 0.552491103202847 0.7243377483443708 0.19750889679715303 0.9271523178807947 0.19661921708185054 0.9279801324503312 0.5480427046263345 0.7764900662251656 0.548932384341637 0.7748344370860927 0.552491103202847
0 0.3294701986754967 0.5400355871886121 0.22682119205298013 0.5400355871886121 0.2259933774834437 0.47686832740213525 0.22433774834437087 0.4750889679715303 0.22433774834437087 0.3807829181494662 0.32781456953642385 0.3798932384341637 0.32864238410596025 0.45373665480427045 0.3302980132450331 0.4555160142348754 0.3302980132450331 0.5391459074733096 0.3294701986754967 0.5400355871886121
0 0.5165562913907285 0.5934163701067615 0.35927152317880795 0.5934163701067615 0.35844370860927155 0.5409252669039146 0.33112582781456956 0.5400355871886121 0.3302980132450331 0.4555160142348754 0.3344370860927152 0.45462633451957296 0.3352649006622517 0.4377224199288256 0.4817880794701987 0.43683274021352314 0.4826158940397351 0.4750889679715303 0.5165562913907285 0.47597864768683273 0.5173841059602649 0.5925266903914591 0.5165562913907285 0.5934163701067615
0 0.3509933774834437 0.6663701067615658 0.22682119205298013 0.6663701067615658 0.2259933774834437 0.5462633451957295 0.3509933774834437 0.5453736654804271 0.3518211920529801 0.6654804270462633 0.3509933774834437 0.6663701067615658
0 0.7218543046357616 0.9048042704626335 0.5248344370860927 0.9048042704626335 0.5240066225165563 0.5533807829181495 0.7251655629139073 0.552491103202847 0.7259933774834437 0.6565836298932385 0.722682119205298 0.6583629893238434 0.722682119205298 0.9039145907473309 0.7218543046357616 0.9048042704626335
0 0.9271523178807947 0.7161921708185054 0.7268211920529801 0.7161921708185054 0.7259933774834437 0.5533807829181495 0.7748344370860927 0.552491103202847 0.7756622516556292 0.5925266903914591 0.7814569536423841 0.5934163701067615 0.7822847682119205 0.5551601423487544 0.9271523178807947 0.5542704626334519 0.9279801324503312 0.7153024911032029 0.9271523178807947 0.7161921708185054
0 0.5165562913907285 0.8176156583629893 0.35927152317880795 0.8176156583629893 0.35844370860927155 0.6014234875444839 0.5165562913907285 0.6005338078291815 0.5173841059602649 0.8167259786476868 0.5165562913907285 0.8176156583629893
0 0.34271523178807944 0.8176156583629893 0.22682119205298013 0.8176156583629893 0.2259933774834437 0.6743772241992882 0.3509933774834437 0.6734875444839857 0.3518211920529801 0.7259786476868327 0.3443708609271523 0.7268683274021353 0.3435430463576159 0.8167259786476868 0.34271523178807944 0.8176156583629893
0 0.8162251655629139 0.8211743772241993 0.7268211920529801 0.8211743772241993 0.7259933774834437 0.7241992882562278 0.8162251655629139 0.7233096085409253 0.8170529801324503 0.8202846975088968 0.8162251655629139 0.8211743772241993
0 0.9271523178807947 0.8211743772241993 0.8245033112582781 0.8211743772241993 0.8236754966887417 0.7241992882562278 0.9271523178807947 0.7233096085409253 0.9279801324503312 0.8202846975088968 0.9271523178807947 0.8211743772241993