0 0.24541832669322708 0.5156424581005586 0.19681274900398407 0.5156424581005586 0.19601593625498007 0.5145251396648045 0.08605577689243028 0.5145251396648045 0.08565737051792828 0.27932960893854747 0.24541832669322708 0.2787709497206704 0.24581673306772908 0.18212290502793296 0.3402390438247012 0.18156424581005587 0.34063745019920316 0.2536312849162011 0.3362549800796813 0.2541899441340782 0.3358565737051793 0.26033519553072626 0.3402390438247012 0.2608938547486033 0.34063745019920316 0.3217877094972067 0.24621513944223108 0.3223463687150838 0.24581673306772908 0.5150837988826815 0.24541832669322708 0.5156424581005586
0 0.6055776892430279 0.5156424581005586 0.4446215139442231 0.5156424581005586 0.4442231075697211 0.3240223463687151 0.350597609561753 0.323463687150838 0.350199203187251 0.26145251396648045 0.3537848605577689 0.2608938547486033 0.3541832669322709 0.2547486033519553 0.350597609561753 0.2541899441340782 0.350199203187251 0.18212290502793296 0.4438247011952191 0.18156424581005587 0.4442231075697211 0.2782122905027933 0.6055776892430279 0.2787709497206704 0.6059760956175299 0.5150837988826815 0.6055776892430279 0.5156424581005586
0 0.7410358565737052 0.411731843575419 0.6151394422310758 0.411731843575419 0.6147410358565737 0.27932960893854747 0.7410358565737052 0.2787709497206704 0.7414342629482071 0.4111731843575419 0.7410358565737052 0.411731843575419
0 0.8701195219123506 0.411731843575419 0.7458167330677291 0.411731843575419 0.745418326693227 0.27932960893854747 0.8701195219123506 0.2787709497206704 0.8705179282868526 0.4111731843575419 0.8701195219123506 0.411731843575419
0 0.3402390438247012 0.5156424581005586 0.24621513944223108 0.5156424581005586 0.24581673306772908 0.3229050279329609 0.3402390438247012 0.3223463687150838 0.34063745019920316 0.5150837988826815 0.3402390438247012 0.5156424581005586
0 0.4438247011952191 0.5156424581005586 0.350597609561753 0.5156424581005586 0.350199203187251 0.3240223463687151 0.4438247011952191 0.323463687150838 0.4442231075697211 0.5150837988826815 0.4438247011952191 0.5156424581005586
0 0.8733067729083666 0.7614525139664804 0.6151394422310758 0.7614525139664804 0.6147410358565737 0.423463687150838 0.8733067729083666 0.4229050279329609 0.8737051792828685 0.7608938547486034 0.8733067729083666 0.7614525139664804
0 0.26294820717131473 0.7983240223463687 0.19681274900398407 0.7983240223463687 0.19641434262948207 0.5162011173184358 0.26294820717131473 0.5156424581005586 0.26334661354581673 0.7977653631284917 0.26294820717131473 0.7983240223463687
0 0.4940239043824701 0.7983240223463687 0.42868525896414345 0.7983240223463687 0.42828685258964144 0.5162011173184358 0.4940239043824701 0.5156424581005586 0.4944223107569721 0.7977653631284917 0.4940239043824701 0.7983240223463687
0 0.19203187250996015 0.5871508379888268 0.08605577689243028 0.5871508379888268 0.08565737051792828 0.524022346368715 0.19203187250996015 0.523463687150838 0.19243027888446215 0.5865921787709497 0.19203187250996015 0.5871508379888268
0 0.3402390438247012 0.7100558659217877 0.26772908366533865 0.7100558659217877 0.26733067729083665 0.524022346368715 0.3402390438247012 0.523463687150838 0.34063745019920316 0.7094972067039106 0.3402390438247012 0.7100558659217877
0 0.4231075697211155 0.7100558659217877 0.350597609561753 0.7100558659217877 0.350199203187251 0.524022346368715 0.4231075697211155 0.523463687150838 0.4235059760956175 0.7094972067039106 0.4231075697211155 0.7100558659217877
0 0.6055776892430279 0.5871508379888268 0.499601593625498 0.5871508379888268 0.499203187250996 0.524022346368715 0.6055776892430279 0.523463687150838 0.6059760956175299 0.5865921787709497 0.6055776892430279 0.5871508379888268
0 0.19203187250996015 0.7983240223463687 0.08605577689243028 0.7983240223463687 0.08565737051792828 0.5932960893854748 0.19203187250996015 0.5927374301675977 0.19243027888446215 0.7977653631284917 0.19203187250996015 0.7983240223463687
0 0.6055776892430279 0.7983240223463687 0.499601593625498 0.7983240223463687 0.499203187250996 0.5944134078212291 0.6055776892430279 0.593854748603352 0.6059760956175299 0.7977653631284917 0.6055776892430279 0.7983240223463687
0 0.3394422310756972 0.7927374301675978 0.2685258964143426 0.7927374301675978 0.26812749003984065 0.71731843575419 0.3394422310756972 0.7167597765363128 0.3398406374501992 0.7921787709497207 0.3394422310756972 0.7927374301675978
0 0.42231075697211157 0.7927374301675978 0.35139442231075696 0.7927374301675978 0.35099601593625496 0.71731843575419 0.42231075697211157 0.7167597765363128 0.42270916334661357 0.7921787709497207 0.42231075697211157 0.7927374301675978