0 0.7251908396946565 0.48806818181818185 0.5438931297709924 0.48806818181818185 0.5434160305343512 0.2556818181818182 0.7251908396946565 0.2551136363636364 0.7256679389312977 0.4875 0.7251908396946565 0.48806818181818185
0 0.7900763358778626 0.48806818181818185 0.7309160305343512 0.48806818181818185 0.7304389312977099 0.2556818181818182 0.7900763358778626 0.2551136363636364 0.7905534351145038 0.4875 0.7900763358778626 0.48806818181818185
0 0.3015267175572519 0.4948863636363636 0.13072519083969467 0.4948863636363636 0.13024809160305342 0.25681818181818183 0.37404580152671757 0.25625 0.37452290076335876 0.4875 0.30248091603053434 0.48806818181818185 0.30200381679389315 0.4943181818181818 0.3015267175572519 0.4948863636363636
0 0.49713740458015265 0.48465909090909093 0.39122137404580154 0.48465909090909093 0.3907442748091603 0.3306818181818182 0.4866412213740458 0.33125 0.48711832061068705 0.3386363636363636 0.49713740458015265 0.3392045454545455 0.4976145038167939 0.48409090909090907 0.49713740458015265 0.48465909090909093
0 0.6956106870229007 0.6153409090909091 0.5438931297709924 0.6153409090909091 0.5434160305343512 0.4943181818181818 0.6956106870229007 0.49375 0.6960877862595419 0.6147727272727272 0.6956106870229007 0.6153409090909091
0 0.7900763358778626 0.63125 0.7013358778625954 0.63125 0.7008587786259542 0.4943181818181818 0.7624045801526718 0.49375 0.762881679389313 0.5113636363636364 0.7900763358778626 0.5119318181818182 0.7905534351145038 0.6306818181818182 0.7900763358778626 0.63125
0 0.3015267175572519 0.6596590909090909 0.25 0.6596590909090909 0.24952290076335878 0.6545454545454545 0.21660305343511452 0.6539772727272727 0.21612595419847327 0.5613636363636364 0.24904580152671757 0.5607954545454545 0.24952290076335878 0.5556818181818182 0.21183206106870228 0.5551136363636363 0.21135496183206107 0.6136363636363636 0.13072519083969467 0.6142045454545455 0.13024809160305342 0.4954545454545455 0.3015267175572519 0.4948863636363636 0.30200381679389315 0.6590909090909091 0.3015267175572519 0.6596590909090909
0 0.35591603053435117 0.5857954545454546 0.30725190839694655 0.5857954545454546 0.30677480916030536 0.4954545454545455 0.37404580152671757 0.4948863636363636 0.37452290076335876 0.571590909090909 0.3568702290076336 0.5721590909090909 0.35639312977099236 0.5852272727272727 0.35591603053435117 0.5857954545454546
0 0.37404580152671757 0.6744318181818182 0.30725190839694655 0.6744318181818182 0.30677480916030536 0.5931818181818181 0.35591603053435117 0.5926136363636364 0.35639312977099236 0.6125 0.37404580152671757 0.6130681818181818 0.37452290076335876 0.6738636363636363 0.37404580152671757 0.6744318181818182
0 0.3005725190839695 0.8369318181818182 0.13072519083969467 0.8369318181818182 0.13024809160305342 0.6204545454545455 0.21087786259541985 0.6198863636363636 0.21135496183206107 0.6590909090909091 0.3015267175572519 0.6596590909090909 0.30200381679389315 0.6806818181818182 0.30104961832061067 0.6818181818181818 0.30104961832061067 0.8363636363636363 0.3005725190839695 0.8369318181818182
0 0.6956106870229007 0.8369318181818182 0.5438931297709924 0.8369318181818182 0.5434160305343512 0.6409090909090909 0.5553435114503816 0.6403409090909091 0.5558206106870229 0.6215909090909091 0.6956106870229007 0.6210227272727272 0.6960877862595419 0.8363636363636363 0.6956106870229007 0.8369318181818182
0 0.7900763358778626 0.7142045454545455 0.7013358778625954 0.7142045454545455 0.7008587786259542 0.6318181818181818 0.7900763358778626 0.63125 0.7905534351145038 0.7136363636363636 0.7900763358778626 0.7142045454545455
0 0.37404580152671757 0.8369318181818182 0.3015267175572519 0.8369318181818182 0.30104961832061067 0.6818181818181818 0.37404580152671757 0.68125 0.37452290076335876 0.8363636363636363 0.37404580152671757 0.8369318181818182
0 0.7833969465648855 0.8335227272727272 0.7013358778625954 0.8335227272727272 0.7008587786259542 0.7227272727272728 0.7833969465648855 0.7221590909090909 0.7838740458015268 0.8329545454545455 0.7833969465648855 0.8335227272727272