0 0.3689376443418014 0.247513389441469 0.01674364896073903 0.247513389441469 0.016454965357967668 0.03289977046671767 0.3689376443418014 0.032517214996174444 0.3692263279445728 0.24713083397092578 0.3689376443418014 0.247513389441469
0 0.9826789838337182 0.40130068859984697 0.37644341801385683 0.40130068859984697 0.37615473441108543 0.06197398622800306 0.9826789838337182 0.061591430757459834 0.9829676674364896 0.40091813312930374 0.9826789838337182 0.40130068859984697
0 0.1379907621247113 0.7853863810252487 0.03983833718244804 0.7853863810252487 0.03954965357967667 0.48584544758990056 0.1379907621247113 0.4854628921193573 0.13827944572748269 0.7850038255547054 0.1379907621247113 0.7853863810252487
0 0.28002309468822173 0.6361897475133894 0.14376443418013857 0.6361897475133894 0.1434757505773672 0.48584544758990056 0.29907621247113164 0.4854628921193573 0.299364896073903 0.6074980872226473 0.2806004618937644 0.6078806426931905 0.2803117782909931 0.6358071920428462 0.28002309468822173 0.6361897475133894
0 0.3689376443418014 0.5726855394032134 0.30369515011547343 0.5726855394032134 0.3034064665127021 0.48584544758990056 0.3689376443418014 0.4854628921193573 0.3692263279445728 0.5723029839326702 0.3689376443418014 0.5726855394032134
0 0.7621247113163973 0.6094108645753634 0.3741339491916859 0.6094108645753634 0.37384526558891457 0.48584544758990056 0.7621247113163973 0.4854628921193573 0.7624133949191686 0.6090283091048202 0.7621247113163973 0.6094108645753634
0 0.3689376443418014 0.7318286151491966 0.30369515011547343 0.7318286151491966 0.3034064665127021 0.6801836266258607 0.2846420323325635 0.6798010711553175 0.2843533487297921 0.613618974751339 0.3031177829099307 0.6132364192807958 0.3034064665127021 0.5784238714613619 0.3689376443418014 0.5780413159908186 0.3692263279445728 0.6128538638102525 0.6789838337182448 0.6132364192807958 0.6792725173210161 0.6794185156847743 0.562933025404157 0.6798010711553175 0.5626443418013857 0.7069625095638867 0.49653579676674364 0.70734506503443 0.4962471131639723 0.6801836266258607 0.3741339491916859 0.6798010711553175 0.37384526558891457 0.6564651874521805 0.3695150115473441 0.6560826319816373 0.3692263279445728 0.7314460596786534 0.3689376443418014 0.7318286151491966
0 0.7621247113163973 0.6798010711553175 0.6824480369515011 0.6798010711553175 0.6821593533487298 0.613618974751339 0.7621247113163973 0.6132364192807958 0.7624133949191686 0.6794185156847743 0.7621247113163973 0.6798010711553175
0 0.29907621247113164 0.7853863810252487 0.20150115473441108 0.7853863810252487 0.20121247113163973 0.6878347360367253 0.14376443418013857 0.6874521805661821 0.1434757505773672 0.6411629686304514 0.28002309468822173 0.6407804131599082 0.2803117782909931 0.6847742922723795 0.29907621247113164 0.6851568477429227 0.299364896073903 0.7850038255547054 0.29907621247113164 0.7853863810252487
0 0.4336027713625866 0.9169854628921194 0.3741339491916859 0.9169854628921194 0.37384526558891457 0.6840091813312931 0.4336027713625866 0.6836266258607498 0.43389145496535797 0.9166029074215761 0.4336027713625866 0.9169854628921194
0 0.4520785219399538 0.7264728385615914 0.4341801385681293 0.7264728385615914 0.43389145496535797 0.6840091813312931 0.4520785219399538 0.6836266258607498 0.4523672055427252 0.7260902830910482 0.4520785219399538 0.7264728385615914
0 0.49364896073903003 0.7264728385615914 0.45554272517321015 0.7264728385615914 0.4552540415704388 0.6840091813312931 0.49364896073903003 0.6836266258607498 0.4939376443418014 0.7260902830910482 0.49364896073903003 0.7264728385615914
0 0.7621247113163973 0.9169854628921194 0.4341801385681293 0.9169854628921194 0.43389145496535797 0.7842387146136189 0.4959584295612009 0.7838561591430757 0.4962471131639723 0.7107880642693191 0.565242494226328 0.7104055087987758 0.5655311778290993 0.6840091813312931 0.7621247113163973 0.6836266258607498 0.7624133949191686 0.9166029074215761 0.7621247113163973 0.9169854628921194
0 0.19572748267898382 0.7853863810252487 0.14376443418013857 0.7853863810252487 0.1434757505773672 0.6931905126243305 0.19572748267898382 0.6928079571537873 0.1960161662817552 0.7850038255547054 0.19572748267898382 0.7853863810252487
0 0.49364896073903003 0.7800306044376435 0.437066974595843 0.7800306044376435 0.4367782909930716 0.7299158377964805 0.49364896073903003 0.7295332823259373 0.4939376443418014 0.7796480489671003 0.49364896073903003 0.7800306044376435
0 0.3689376443418014 0.7853863810252487 0.30369515011547343 0.7853863810252487 0.3034064665127021 0.7383320581484315 0.3689376443418014 0.7379495026778883 0.3692263279445728 0.7850038255547054 0.3689376443418014 0.7853863810252487