0 0.38431876606683807 0.27821782178217824 0.2943444730077121 0.27821782178217824 0.29370179948586117 0.12277227722772277 0.38431876606683807 0.12178217821782178 0.38496143958868895 0.27722772277227725 0.38431876606683807 0.27821782178217824
0 0.43316195372750643 0.21683168316831683 0.39203084832904883 0.21683168316831683 0.39138817480719795 0.12277227722772277 0.43316195372750643 0.12178217821782178 0.4338046272493573 0.21584158415841584 0.43316195372750643 0.21683168316831683
0 0.5038560411311054 0.2801980198019802 0.41131105398457585 0.2801980198019802 0.4106683804627249 0.22772277227722773 0.4383033419023136 0.22673267326732674 0.4389460154241645 0.12277227722772277 0.596401028277635 0.12178217821782178 0.5970437017994858 0.27722772277227725 0.5051413881748072 0.27821782178217824 0.5038560411311054 0.2801980198019802
0 0.7107969151670951 0.4267326732673267 0.6015424164524421 0.4267326732673267 0.6008997429305912 0.12277227722772277 0.7712082262210797 0.12178217821782178 0.7718508997429306 0.33663366336633666 0.712082262210797 0.33762376237623765 0.711439588688946 0.42574257425742573 0.7107969151670951 0.4267326732673267
0 0.9524421593830334 0.5237623762376238 0.7724935732647815 0.5237623762376238 0.7718508997429306 0.43366336633663366 0.7750642673521851 0.43267326732673267 0.775706940874036 0.12277227722772277 0.9524421593830334 0.12178217821782178 0.9530848329048843 0.5227722772277228 0.9524421593830334 0.5237623762376238
0 0.19151670951156813 0.4405940594059406 0.04755784061696658 0.4405940594059406 0.04691516709511568 0.3287128712871287 0.04562982005141388 0.32673267326732675 0.04562982005141388 0.21386138613861386 0.19151670951156813 0.21287128712871287 0.19215938303341903 0.4396039603960396 0.19151670951156813 0.4405940594059406
0 0.5347043701799485 0.4267326732673267 0.4305912596401028 0.4267326732673267 0.42994858611825193 0.2891089108910891 0.4601542416452442 0.2881188118811881 0.4607969151670951 0.2811881188118812 0.5038560411311054 0.2801980198019802 0.5044987146529563 0.2851485148514851 0.5347043701799485 0.2861386138613861 0.5353470437017995 0.42574257425742573 0.5347043701799485 0.4267326732673267
0 0.596401028277635 0.4267326732673267 0.5411311053984575 0.4267326732673267 0.5404884318766067 0.2871287128712871 0.596401028277635 0.2861386138613861 0.5970437017994858 0.42574257425742573 0.596401028277635 0.4267326732673267
0 0.4254498714652956 0.4306930693069307 0.2943444730077121 0.4306930693069307 0.29370179948586117 0.2891089108910891 0.4254498714652956 0.2881188118811881 0.42609254498714655 0.4297029702970297 0.4254498714652956 0.4306930693069307
0 0.7673521850899743 0.4168316831683168 0.718508997429306 0.4168316831683168 0.717866323907455 0.3465346534653465 0.7673521850899743 0.3455445544554455 0.7679948586118251 0.4158415841584158 0.7673521850899743 0.4168316831683168
0 0.7712082262210797 0.694059405940594 0.699228791773779 0.694059405940594 0.6985861182519281 0.5267326732673268 0.6940874035989717 0.5257425742574258 0.6934447300771208 0.5683168316831683 0.5796915167095116 0.5693069306930693 0.5790488431876607 0.5267326732673268 0.4305912596401028 0.5257425742574258 0.42994858611825193 0.4396039603960396 0.461439588688946 0.4386138613861386 0.4620822622107969 0.4316831683168317 0.4305912596401028 0.4306930693069307 0.42994858611825193 0.4277227722772277 0.5038560411311054 0.4267326732673267 0.5044987146529563 0.43366336633663366 0.6362467866323908 0.43465346534653465 0.6368894601542416 0.4277227722772277 0.6799485861182519 0.4267326732673267 0.6805912596401028 0.4316831683168317 0.7712082262210797 0.43267326732673267 0.7718508997429306 0.693069306930693 0.7712082262210797 0.694059405940594
0 0.4254498714652956 0.7950495049504951 0.2943444730077121 0.7950495049504951 0.29370179948586117 0.4396039603960396 0.4254498714652956 0.4386138613861386 0.42609254498714655 0.7940594059405941 0.4254498714652956 0.7950495049504951
0 0.1953727506426735 0.8227722772277227 0.04627249357326478 0.8227722772277227 0.04562982005141388 0.4495049504950495 0.1953727506426735 0.4485148514851485 0.19601542416452442 0.8217821782178217 0.1953727506426735 0.8227722772277227
0 0.9524421593830334 0.7950495049504951 0.7776349614395887 0.7950495049504951 0.7769922879177378 0.5326732673267327 0.9524421593830334 0.5316831683168317 0.9530848329048843 0.7940594059405941 0.9524421593830334 0.7950495049504951
0 0.5745501285347043 0.7950495049504951 0.4305912596401028 0.7950495049504951 0.42994858611825193 0.5346534653465347 0.5745501285347043 0.5336633663366337 0.5751928020565553 0.7940594059405941 0.5745501285347043 0.7950495049504951
0 0.6928020565552699 0.7950495049504951 0.5796915167095116 0.7950495049504951 0.5790488431876607 0.5782178217821782 0.6928020565552699 0.5772277227722772 0.6934447300771208 0.7940594059405941 0.6928020565552699 0.7950495049504951
0 0.7712082262210797 0.7950495049504951 0.699228791773779 0.7950495049504951 0.6985861182519281 0.700990099009901 0.7712082262210797 0.7 0.7718508997429306 0.7940594059405941 0.7712082262210797 0.7950495049504951