0 0.758266818700114 0.46421052631578946 0.5598631698973774 0.46421052631578946 0.5592930444697833 0.23578947368421052 0.7776510832383124 0.23473684210526316 0.7782212086659065 0.3663157894736842 0.7594070695553021 0.36736842105263157 0.7588369441277081 0.4631578947368421 0.758266818700114 0.46421052631578946
0 0.8540478905359179 0.36736842105263157 0.7833523375142531 0.36736842105263157 0.7827822120866591 0.23578947368421052 0.8540478905359179 0.23473684210526316 0.854618015963512 0.3663157894736842 0.8540478905359179 0.36736842105263157
0 0.9726339794754846 0.48947368421052634 0.8586088939566705 0.48947368421052634 0.8580387685290763 0.23578947368421052 0.9726339794754846 0.23473684210526316 0.9732041049030786 0.4884210526315789 0.9726339794754846 0.48947368421052634
0 0.22805017103762829 0.748421052631579 0.03192702394526796 0.748421052631579 0.03135689851767389 0.24 0.14823261117445838 0.23894736842105263 0.14880273660205245 0.4652631578947368 0.22805017103762829 0.4663157894736842 0.22862029646522236 0.47157894736842104 0.22976054732041049 0.47368421052631576 0.22976054732041049 0.5452631578947369 0.22862029646522236 0.5473684210526316 0.22862029646522236 0.7473684210526316 0.22805017103762829 0.748421052631579
0 0.22805017103762829 0.4663157894736842 0.14937286202964653 0.4663157894736842 0.14880273660205245 0.24 0.2633979475484607 0.23894736842105263 0.26396807297605474 0.4631578947368421 0.2291904218928164 0.46421052631578946 0.22805017103762829 0.4663157894736842
0 0.443557582668187 0.36947368421052634 0.3933865450399088 0.36947368421052634 0.3928164196123147 0.24 0.443557582668187 0.23894736842105263 0.44412770809578106 0.3684210526315789 0.443557582668187 0.36947368421052634
0 0.322690992018244 0.36526315789473685 0.2702394526795895 0.36526315789473685 0.26966932725199544 0.24421052631578946 0.322690992018244 0.2431578947368421 0.3232611174458381 0.3642105263157895 0.322690992018244 0.36526315789473685
0 0.38768529076396807 0.46421052631578946 0.32839224629418473 0.46421052631578946 0.3278221208665906 0.2463157894736842 0.38768529076396807 0.24526315789473685 0.3882554161915621 0.4631578947368421 0.38768529076396807 0.46421052631578946
0 0.322690992018244 0.46421052631578946 0.2702394526795895 0.46421052631578946 0.26966932725199544 0.37473684210526315 0.322690992018244 0.3736842105263158 0.3232611174458381 0.4631578947368421 0.322690992018244 0.46421052631578946
0 0.443557582668187 0.46421052631578946 0.3933865450399088 0.46421052631578946 0.3928164196123147 0.37473684210526315 0.443557582668187 0.3736842105263158 0.44412770809578106 0.4631578947368421 0.443557582668187 0.46421052631578946
0 0.8540478905359179 0.7463157894736843 0.7616875712656784 0.7463157894736843 0.7611174458380844 0.47578947368421054 0.7633979475484607 0.47368421052631576 0.7633979475484607 0.37684210526315787 0.8540478905359179 0.3757894736842105 0.854618015963512 0.7452631578947368 0.8540478905359179 0.7463157894736843
0 0.3352337514253136 0.58 0.233751425313569 0.58 0.2331812998859749 0.5473684210526316 0.23033067274800456 0.5463157894736842 0.22976054732041049 0.47368421052631576 0.3352337514253136 0.4726315789473684 0.33580387685290763 0.5789473684210527 0.3352337514253136 0.58
0 0.443557582668187 0.58 0.33979475484606614 0.58 0.3392246294184721 0.47368421052631576 0.443557582668187 0.4726315789473684 0.44412770809578106 0.5789473684210527 0.443557582668187 0.58
0 0.7605473204104903 0.7463157894736843 0.5598631698973774 0.7463157894736843 0.5592930444697833 0.47578947368421054 0.7605473204104903 0.4747368421052632 0.7611174458380844 0.7452631578947368 0.7605473204104903 0.7463157894736843
0 0.9726339794754846 0.7463157894736843 0.8586088939566705 0.7463157894736843 0.8580387685290763 0.4968421052631579 0.9726339794754846 0.4957894736842105 0.9732041049030786 0.7452631578947368 0.9726339794754846 0.7463157894736843
0 0.26795895096921324 0.748421052631579 0.233751425313569 0.748421052631579 0.2331812998859749 0.5894736842105263 0.26795895096921324 0.588421052631579 0.2685290763968073 0.7473684210526316 0.26795895096921324 0.748421052631579
0 0.3443557582668187 0.748421052631579 0.2725199543899658 0.748421052631579 0.27194982896237174 0.5894736842105263 0.3443557582668187 0.588421052631579 0.3449258836944128 0.7473684210526316 0.3443557582668187 0.748421052631579
0 0.443557582668187 0.748421052631579 0.3500570125427594 0.748421052631579 0.34948688711516535 0.5894736842105263 0.443557582668187 0.588421052631579 0.44412770809578106 0.7473684210526316 0.443557582668187 0.748421052631579