0 0.7447698744769874 0.36689419795221845 0.6652719665271967 0.36689419795221845 0.6649731022115959 0.19795221843003413 0.7447698744769874 0.19738339021615472 0.7450687387925882 0.366325369738339 0.7447698744769874 0.36689419795221845
0 0.23072325164375374 0.2804323094425484 0.1954572624028691 0.2804323094425484 0.19515839808726837 0.20477815699658702 0.23072325164375374 0.20420932878270762 0.23102211595935446 0.27986348122866894 0.23072325164375374 0.2804323094425484
0 0.29826658696951586 0.3452787258248009 0.19426180514046623 0.3452787258248009 0.1939629408248655 0.285551763367463 0.2337118947997609 0.28498293515358364 0.23401075911536162 0.20477815699658702 0.2749551703526599 0.20420932878270762 0.2752540346682606 0.2821387940841866 0.29826658696951586 0.282707622298066 0.2985654512851166 0.3447098976109215 0.29826658696951586 0.3452787258248009
0 0.6622833233711894 0.47838452787258245 0.529587567244471 0.47838452787258245 0.5292887029288703 0.2787258248009101 0.6622833233711894 0.2781569965870307 0.6625821876867902 0.4778156996587031 0.6622833233711894 0.47838452787258245
0 0.7890017931858936 0.3623435722411832 0.7471607890017932 0.3623435722411832 0.7468619246861925 0.28100113765642776 0.7884040645546921 0.2804323094425484 0.7893006575014944 0.2821387940841866 0.7893006575014944 0.36177474402730375 0.7890017931858936 0.3623435722411832
0 0.899581589958159 0.43742889647326505 0.7913927077106994 0.43742889647326505 0.7910938433950986 0.28100113765642776 0.899581589958159 0.2804323094425484 0.8998804542737597 0.43686006825938567 0.899581589958159 0.43742889647326505
0 0.42857142857142855 0.5307167235494881 0.301255230125523 0.5307167235494881 0.3009563658099223 0.2832764505119454 0.42857142857142855 0.282707622298066 0.42887029288702927 0.5301478953356087 0.42857142857142855 0.5307167235494881
0 0.13628212791392708 0.3714448236632537 0.06515242080095636 0.3714448236632537 0.06485355648535565 0.285551763367463 0.13628212791392708 0.28498293515358364 0.1365809922295278 0.3708759954493743 0.13628212791392708 0.3714448236632537
0 0.19127316198445907 0.41353811149032993 0.13986849970113568 0.41353811149032993 0.13956963538553496 0.285551763367463 0.19127316198445907 0.28498293515358364 0.19157202630005976 0.4129692832764505 0.19127316198445907 0.41353811149032993
0 0.29826658696951586 0.5307167235494881 0.21697549312612074 0.5307167235494881 0.21667662881052002 0.4857792946530148 0.17513448894202033 0.4852104664391354 0.1748356246264196 0.41865756541524457 0.1936640765092648 0.4180887372013652 0.1939629408248655 0.34584755403868034 0.29826658696951586 0.3452787258248009 0.2985654512851166 0.5301478953356087 0.29826658696951586 0.5307167235494881
0 0.6790197250448297 0.537542662116041 0.6781231320980275 0.5369738339021616 0.6781231320980275 0.48464163822525597 0.6652719665271967 0.4840728100113766 0.6649731022115959 0.36746302616609783 0.7884040645546921 0.36689419795221845 0.7887029288702929 0.5267349260523322 0.6879856545128512 0.5273037542662116 0.6867901972504483 0.5295790671217292 0.6855947399880454 0.5307167235494881 0.6843992827256425 0.5318543799772468 0.6826060968320382 0.5341296928327645 0.6814106395696354 0.5341296928327645 0.6802151823072325 0.5364050056882821 0.6790197250448297 0.537542662116041
0 0.899581589958159 0.6877133105802048 0.7890017931858936 0.6877133105802048 0.7887029288702929 0.36746302616609783 0.7893006575014944 0.36746302616609783 0.7893006575014944 0.4448236632536974 0.899581589958159 0.4453924914675768 0.8998804542737597 0.6871444823663254 0.899581589958159 0.6877133105802048
0 0.13628212791392708 0.4852104664391354 0.06515242080095636 0.4852104664391354 0.06485355648535565 0.37770193401592717 0.13628212791392708 0.3771331058020478 0.1365809922295278 0.48464163822525597 0.13628212791392708 0.4852104664391354
0 0.17214584578601316 0.4852104664391354 0.13986849970113568 0.4852104664391354 0.13956963538553496 0.41865756541524457 0.17214584578601316 0.4180887372013652 0.17244471010161386 0.48464163822525597 0.17214584578601316 0.4852104664391354
0 0.6778242677824268 0.6865756541524459 0.529587567244471 0.6865756541524459 0.5292887029288703 0.4857792946530148 0.6646742378959952 0.4852104664391354 0.6652719665271967 0.4840728100113766 0.6778242677824268 0.4840728100113766 0.6781231320980275 0.6860068259385665 0.6778242677824268 0.6865756541524459
0 0.13508667065152422 0.6968145620022753 0.06515242080095636 0.6968145620022753 0.06485355648535565 0.4960182025028441 0.13508667065152422 0.49544937428896474 0.13538553496712494 0.5392491467576792 0.11655708308427974 0.5398179749715586 0.11625821876867902 0.5426621160409556 0.13508667065152422 0.5432309442548351 0.13538553496712494 0.5858930602957907 0.11655708308427974 0.5864618885096701 0.11625821876867902 0.590443686006826 0.13508667065152422 0.5910125142207053 0.13538553496712494 0.6962457337883959 0.13508667065152422 0.6968145620022753
0 0.2109982068141064 0.6968145620022753 0.13867304243873282 0.6968145620022753 0.1383741781231321 0.4960182025028441 0.2109982068141064 0.49544937428896474 0.2112970711297071 0.6962457337883959 0.2109982068141064 0.6968145620022753
0 0.7860131500298865 0.7491467576791809 0.6814106395696354 0.7491467576791809 0.6811117752540347 0.5415244596131968 0.6826060968320382 0.5409556313993175 0.6838015540944411 0.5386803185437997 0.684997011356844 0.537542662116041 0.6867901972504483 0.5352673492605233 0.6879856545128512 0.5341296928327645 0.7794381350866707 0.5341296928327645 0.7797369994022714 0.5608646188850968 0.7860131500298865 0.5614334470989761 0.7863120143454871 0.7485779294653014 0.7860131500298865 0.7491467576791809
0 0.3179916317991632 0.7559726962457338 0.214584578601315 0.7559726962457338 0.21428571428571427 0.5415244596131968 0.42857142857142855 0.5409556313993175 0.42887029288702927 0.6951080773606371 0.3185893604303646 0.6956769055745164 0.3182904961147639 0.7554038680318543 0.3179916317991632 0.7559726962457338