0 0.510025706940874 0.2130902570233114 0.45912596401028277 0.2130902570233114 0.45784061696658096 0.2109982068141064 0.45732647814910027 0.20980274955170353 0.4557840616966581 0.20741183502689778 0.4503856041131105 0.20053795576808128 0.4493573264781491 0.19994022713687987 0.4473007712082262 0.19814704124327556 0.44627249357326476 0.19814704124327556 0.44575835475578407 0.19754931261207412 0.44473007712082263 0.19754931261207412 0.4442159383033419 0.19695158398087267 0.44318766066838045 0.19695158398087267 0.44267352185089975 0.19635385534967126 0.43958868894601544 0.19635385534967126 0.4390745501285347 0.19575612671846981 0.43753213367609256 0.19575612671846981 0.4370179948586118 0.19515839808726837 0.42930591259640105 0.19515839808726837 0.4287917737789203 0.19575612671846981 0.4267352185089974 0.19575612671846981 0.42622107969151674 0.19635385534967126 0.42467866323907455 0.19635385534967126 0.4241645244215938 0.19695158398087267 0.4221079691516709 0.19695158398087267 0.42159383033419023 0.19754931261207412 0.4205655526992288 0.19754931261207412 0.42005141388174805 0.19814704124327556 0.4190231362467866 0.19874476987447698 0.41799485861182517 0.19874476987447698 0.41696658097686373 0.19994022713687987 0.4159383033419023 0.20053795576808128 0.41439588688946016 0.20173341303048417 0.4133676092544987 0.20173341303048417 0.41259640102827766 0.2026300059772863 0.41131105398457585 0.20472205618649134 0.40951156812339334 0.20621637776449492 0.4069408740359897 0.20980274955170353 0.40642673521850897 0.2109982068141064 0.4056555269922879 0.21249252839210997 0.3557840616966581 0.21249252839210997 0.35552699228791773 0.12014345487148835 0.3560411311053985 0.1195457262402869 0.35655526992287917 0.11835026897788405 0.35655526992287917 0.1159593544530783 0.3570694087403599 0.11536162582187687 0.3570694087403599 0.11297071129707113 0.3575835475578406 0.11237298266586969 0.3575835475578406 0.10998206814106395 0.35809768637532136 0.10938433950986252 0.35809768637532136 0.10699342498505679 0.35861182519280205 0.10639569635385535 0.35861182519280205 0.10400478182904961 0.3591259640102828 0.10340705319784818 0.3596401028277635 0.1022115959354453 0.3596401028277635 0.09982068141063957 0.36015424164524423 0.09922295277943813 0.3606683804627249 0.09802749551703527 0.36195372750642674 0.09593544530783024 0.36658097686375324 0.09115361625821877 0.367866323907455 0.09025702331141662 0.3686375321336761 0.08876270173341302 0.37326478149100256 0.08398087268380156 0.37480719794344475 0.08398087268380156 0.37532133676092544 0.08338314405260012 0.3768637532133676 0.08338314405260012 0.3773778920308483 0.08278541542139868 0.37840616966580976 0.08218768679019725 0.37994858611825194 0.08218768679019725 0.38046272493573263 0.08158995815899582 0.3820051413881748 0.08158995815899582 0.3825192802056555 0.08099222952779438 0.38354755784061695 0.08099222952779438 0.3840616966580977 0.08039450089659295 0.3856041131105398 0.08039450089659295 0.3861182519280206 0.07979677226539152 0.3876606683804627 0.07979677226539152 0.38817480719794345 0.07919904363419007 0.3892030848329049 0.07860131500298864 0.506426735218509 0.07860131500298864 0.5066838046272494 0.13030484160191272 0.510025706940874 0.13060370591751344 0.5102827763496144 0.2127913927077107 0.510025706940874 0.2130902570233114
0 0.5640102827763496 0.26090854751942616 0.3557840616966581 0.26090854751942616 0.35552699228791773 0.2127913927077107 0.4056555269922879 0.21249252839210997 0.40642673521850897 0.21159593544530783 0.4069408740359897 0.21040047818290497 0.40951156812339334 0.20681410639569636 0.4107969151670951 0.20472205618649134 0.41259640102827766 0.20322773460848775 0.4133676092544987 0.20173341303048417 0.41439588688946016 0.20173341303048417 0.4154241645244216 0.20053795576808128 0.41645244215938304 0.19994022713687987 0.41799485861182517 0.19874476987447698 0.4190231362467866 0.19874476987447698 0.41953727506426736 0.19814704124327556 0.4205655526992288 0.19754931261207412 0.42159383033419023 0.19754931261207412 0.4221079691516709 0.19695158398087267 0.4241645244215938 0.19695158398087267 0.42467866323907455 0.19635385534967126 0.42622107969151674 0.19635385534967126 0.4267352185089974 0.19575612671846981 0.4287917737789203 0.19575612671846981 0.42930591259640105 0.19515839808726837 0.4370179948586118 0.19515839808726837 0.43753213367609256 0.19575612671846981 0.4390745501285347 0.19575612671846981 0.43958868894601544 0.19635385534967126 0.44267352185089975 0.19635385534967126 0.44318766066838045 0.19695158398087267 0.4442159383033419 0.19695158398087267 0.44473007712082263 0.19754931261207412 0.44575835475578407 0.19754931261207412 0.44627249357326476 0.19814704124327556 0.4473007712082262 0.19814704124327556 0.4488431876606684 0.19994022713687987 0.4498714652956298 0.20053795576808128 0.4557840616966581 0.20681410639569636 0.45732647814910027 0.20920502092050208 0.45784061696658096 0.21040047818290497 0.4588688946015424 0.21219366407650928 0.45912596401028277 0.2130902570233114 0.510025706940874 0.2130902570233114 0.5102827763496144 0.13090257023311416 0.5640102827763496 0.13060370591751344 0.5642673521850899 0.26060968320382544 0.5640102827763496 0.26090854751942616
0 0.5681233933161953 0.3290496114763897 0.5678663239074551 0.13090257023311416 0.6488431876606684 0.13060370591751344 0.6491002570694088 0.3263598326359833 0.5701799485861182 0.326658696951584 0.5681233933161953 0.3290496114763897
0 0.35167095115681235 0.32127913927077106 0.25295629820051413 0.32127913927077106 0.25269922879177376 0.16676628810520025 0.35167095115681235 0.16646742378959953 0.3519280205655527 0.32098027495517034 0.35167095115681235 0.32127913927077106
0 0.44010282776349613 0.40675433353257623 0.3557840616966581 0.40675433353257623 0.35552699228791773 0.2647937836222355 0.44010282776349613 0.26449491930663477 0.4403598971722365 0.4064554692169755 0.44010282776349613 0.40675433353257623
0 0.4982005141388175 0.40675433353257623 0.4442159383033419 0.40675433353257623 0.44395886889460157 0.2647937836222355 0.5095115681233933 0.26449491930663477 0.5097686375321336 0.31440526001195457 0.5107969151670951 0.31560071727435746 0.5110539845758355 0.31649731022115957 0.5138817480719794 0.31918708906156606 0.5141388174807198 0.3200836820083682 0.5213367609254499 0.32785415421398684 0.5305912596401028 0.3380155409444112 0.5313624678663239 0.33831440526001194 0.5331619537275064 0.3410041841004184 0.5403598971722365 0.34877465630603705 0.5411311053984575 0.34907352062163777 0.5434447300771208 0.35236102809324565 0.5447300771208227 0.3532576210400478 0.5447300771208227 0.3544530783024507 0.5372750642673522 0.3631201434548715 0.5354755784061697 0.3646144650328751 0.5341902313624679 0.3667065152420801 0.5323907455012854 0.3682008368200837 0.532133676092545 0.3690974297668858 0.5244215938303342 0.3774656306037059 0.5221079691516709 0.3795576808129109 0.5213367609254499 0.3810520023909145 0.5190231362467866 0.3831440526001195 0.5187660668380463 0.3840406455469217 0.5115681233933161 0.39181111775254035 0.5087403598971723 0.3945008965929468 0.5084832904884319 0.39539748953974896 0.5056555269922879 0.3980872683801554 0.5053984575835475 0.39898386132695757 0.4982005141388175 0.40675433353257623
0 0.5480719794344473 0.3511655708308428 0.5408740359897172 0.34339509862522416 0.5395886889460154 0.342498505678422 0.5372750642673522 0.3392109982068141 0.5365038560411312 0.3389121338912134 0.5341902313624679 0.3356246264196055 0.5269922879177378 0.32785415421398684 0.5262210796915167 0.3275552898983861 0.5244215938303342 0.3248655110579797 0.5226221079691517 0.3233711894799761 0.5213367609254499 0.32127913927077106 0.513624678663239 0.312910938433951 0.512853470437018 0.3126120741183503 0.512853470437018 0.2647937836222355 0.5640102827763496 0.26449491930663477 0.5642673521850899 0.33293484757919906 0.5634961439588689 0.3338314405260012 0.5627249357326478 0.3341303048416019 0.5598971722365038 0.3380155409444112 0.5591259640102828 0.33831440526001194 0.5588688946015424 0.3392109982068141 0.5532133676092545 0.34518828451882844 0.5524421593830334 0.34548714883442916 0.5506426735218509 0.3481769276748356 0.549357326478149 0.34907352062163777 0.5480719794344473 0.3511655708308428
0 0.35167095115681235 0.3750747160789002 0.25295629820051413 0.3750747160789002 0.25269922879177376 0.3215780035863718 0.35167095115681235 0.32127913927077106 0.3519280205655527 0.3747758517632995 0.35167095115681235 0.3750747160789002
0 0.43804627249357325 0.7355050806933652 0.3588688946015424 0.7355050806933652 0.35861182519280205 0.6084877465630604 0.35809768637532136 0.6078900179318589 0.35809768637532136 0.5558876270173342 0.35861182519280205 0.5552898983861327 0.35861182519280205 0.5540944411237299 0.3591259640102828 0.5534967124925284 0.3591259640102828 0.5523012552301255 0.3596401028277635 0.5517035265989241 0.3596401028277635 0.5505080693365212 0.36015424164524423 0.5499103407053197 0.36015424164524423 0.5481171548117155 0.3606683804627249 0.5475194261805141 0.3606683804627249 0.5463239689181112 0.36118251928020567 0.5457262402869097 0.36118251928020567 0.5439330543933054 0.36169665809768636 0.543335325762104 0.36169665809768636 0.5415421398684998 0.3622107969151671 0.5409444112372983 0.3627249357326478 0.5397489539748954 0.3627249357326478 0.5385534967124925 0.36323907455012855 0.5379557680812911 0.36323907455012855 0.5367603108188882 0.3652956298200514 0.5343693962940825 0.3655526992287918 0.5334728033472803 0.3745501285347044 0.5236102809324567 0.37480719794344475 0.5227136879856545 0.3758354755784062 0.5227136879856545 0.3763496143958869 0.5221159593544531 0.37789203084832906 0.5221159593544531 0.37840616966580976 0.5215182307232517 0.37994858611825194 0.5215182307232517 0.38046272493573263 0.5209205020920502 0.3825192802056555 0.5209205020920502 0.38303341902313626 0.5203227734608488 0.3840616966580977 0.5203227734608488 0.3845758354755784 0.5197250448296473 0.38663239074550126 0.5197250448296473 0.387146529562982 0.5191273161984459 0.38868894601542414 0.5191273161984459 0.3892030848329049 0.5185295875672444 0.3902313624678663 0.517931858936043 0.5089974293059126 0.517931858936043 0.509254498714653 0.653317393903168 0.438560411311054 0.6536162582187687 0.4383033419023136 0.7352062163777645 0.43804627249357325 0.7355050806933652
0 0.5012853470437018 0.7791392707710699 0.5 0.7782426778242678 0.4987146529562982 0.7761506276150628 0.4969151670951157 0.7746563060370592 0.49562982005141387 0.7725642558278542 0.49383033419023137 0.7710699342498506 0.49203084832904886 0.7683801554094442 0.48226221079691517 0.7576210400478183 0.48046272493573267 0.7561267184698147 0.47917737789203085 0.7540346682606097 0.4768637532133676 0.7519426180514046 0.47609254498714654 0.750448296473401 0.4737789203084833 0.7483562462641961 0.4735218508997429 0.747459653317394 0.4724935732647815 0.7468619246861925 0.47146529562982004 0.7468619246861925 0.47095115681233934 0.7462641960549911 0.46940874035989716 0.7462641960549911 0.46889460154241647 0.7456664674237896 0.4673521850899743 0.7456664674237896 0.4668380462724936 0.7450687387925882 0.4652956298200514 0.7450687387925882 0.46426735218508997 0.7438732815301853 0.46272493573264784 0.7438732815301853 0.4622107969151671 0.7432755528989838 0.46066838046272496 0.7432755528989838 0.4601542416452442 0.7426778242677824 0.45912596401028277 0.7426778242677824 0.4586118251928021 0.742080095636581 0.4570694087403599 0.742080095636581 0.4565552699228792 0.7414823670053795 0.455012853470437 0.7414823670053795 0.4539845758354756 0.7402869097429767 0.4524421593830334 0.7402869097429767 0.4519280205655527 0.7396891811117753 0.4503856041131105 0.7396891811117753 0.4498714652956298 0.7390914524805738 0.44832904884318764 0.7390914524805738 0.44781491002570695 0.7384937238493724 0.4467866323907455 0.7384937238493724 0.44627249357326476 0.737895995218171 0.44473007712082263 0.737895995218171 0.4442159383033419 0.7372982665869695 0.44267352185089975 0.7372982665869695 0.4416452442159383 0.7361028093245666 0.44010282776349613 0.7361028093245666 0.43958868894601544 0.7355050806933652 0.438560411311054 0.7355050806933652 0.4383033419023136 0.6539151225343693 0.5089974293059126 0.6536162582187687 0.509254498714653 0.5702331141661685 0.5655526992287918 0.5699342498505678 0.5658097686375322 0.6610878661087866 0.6020565552699229 0.6613867304243873 0.6023136246786632 0.7136879856545129 0.5573264781491003 0.7139868499701135 0.5012853470437018 0.7791392707710699
0 0.6493573264781491 0.7139868499701135 0.6066838046272494 0.7139868499701135 0.606426735218509 0.6569037656903766 0.5701799485861182 0.6566049013747759 0.5699228791773779 0.5702331141661685 0.6493573264781491 0.5699342498505678 0.6496143958868894 0.7136879856545129 0.6493573264781491 0.7139868499701135
0 0.855012853470437 0.8018529587567245 0.6565552699228792 0.8018529587567245 0.6562982005141388 0.5702331141661685 0.855012853470437 0.5699342498505678 0.8552699228791774 0.8015540944411237 0.855012853470437 0.8018529587567245
0 0.3583547557840617 0.7355050806933652 0.25758354755784063 0.7355050806933652 0.25732647814910026 0.6084877465630604 0.3583547557840617 0.6081888822474597 0.35861182519280205 0.7352062163777645 0.3583547557840617 0.7355050806933652
0 0.25398457583547557 0.764196054991034 0.20668380462724936 0.764196054991034 0.206426735218509 0.7334130304841602 0.15424164524421594 0.7331141661685595 0.1539845758354756 0.671249252839211 0.1544987146529563 0.6706515242080096 0.15501285347043703 0.6694560669456067 0.15501285347043703 0.6682606096832038 0.15604113110539847 0.667065152420801 0.1565552699228792 0.6658696951583981 0.1565552699228792 0.6646742378959952 0.1570694087403599 0.6640765092647938 0.1570694087403599 0.6628810520023909 0.15758354755784063 0.6622833233711894 0.15758354755784063 0.6610878661087866 0.15809768637532134 0.6604901374775852 0.15912596401028278 0.6586969515839809 0.15912596401028278 0.657501494321578 0.1596401028277635 0.6569037656903766 0.1596401028277635 0.6557083084279737 0.16015424164524422 0.6551105797967722 0.16066838046272494 0.6539151225343693 0.16066838046272494 0.6527196652719666 0.161439588688946 0.6518230723251643 0.16246786632390744 0.6512253436939629 0.1640102827763496 0.6500298864315601 0.16503856041131104 0.6494321578003587 0.16606683804627248 0.6494321578003587 0.1665809768637532 0.6488344291691572 0.16760925449871467 0.6482367005379558 0.1686375321336761 0.6482367005379558 0.16915167095115682 0.6476389719067543 0.17017994858611826 0.6470412432755529 0.1712082262210797 0.6464435146443515 0.17223650385604114 0.64584578601315 0.17326478149100258 0.6452480573819486 0.17429305912596402 0.6446503287507471 0.17532133676092546 0.6446503287507471 0.17583547557840618 0.6440526001195457 0.1768637532133676 0.6434548714883442 0.17789203084832905 0.6428571428571429 0.1789203084832905 0.6422594142259415 0.25398457583547557 0.6422594142259415 0.25424164524421594 0.7638971906754334 0.25398457583547557 0.764196054991034
0 0.6493573264781491 0.7695756126718469 0.5763496143958869 0.7695756126718469 0.5760925449871466 0.7190675433353257 0.6493573264781491 0.7187686790197251 0.6496143958868894 0.7692767483562463 0.6493573264781491 0.7695756126718469
0 0.5331619537275064 0.815002988643156 0.5213367609254499 0.8018529587567245 0.520051413881748 0.8009563658099222 0.5182519280205655 0.7982665869695158 0.5169665809768638 0.7973699940227137 0.5146529562982005 0.7940824865511058 0.5046272493573265 0.7830245068738793 0.5174807197943445 0.7674835624626419 0.5177377892030849 0.7665869695158398 0.5272493573264782 0.7561267184698147 0.5275064267352185 0.7552301255230126 0.5401028277634962 0.7411835026897788 0.5403598971722365 0.7402869097429767 0.5498714652956298 0.7298266586969516 0.5501285347043702 0.7289300657501494 0.5588688946015424 0.7193664076509265 0.5727506426735218 0.7193664076509265 0.5730077120822622 0.7692767483562463 0.5598971722365038 0.7845188284518828 0.5586118251928021 0.785415421398685 0.5568123393316196 0.7881052002390915 0.5555269922879177 0.7890017931858936 0.5537275064267352 0.7916915720263 0.5519280205655527 0.7931858936043037 0.5506426735218509 0.7952779438135087 0.5488431876606684 0.7967722653915122 0.5470437017994859 0.7994620442319187 0.5331619537275064 0.815002988643156
0 0.2133676092544987 0.8185893604303646 0.15424164524421594 0.8185893604303646 0.1539845758354756 0.7375971309025703 0.2025706940874036 0.7372982665869695 0.20282776349614395 0.7674835624626419 0.2133676092544987 0.7677824267782427 0.2136246786632391 0.8182904961147639 0.2133676092544987 0.8185893604303646
0 0.4997429305912596 0.8532576210400478 0.3588688946015424 0.8532576210400478 0.35861182519280205 0.8218768679019725 0.25758354755784063 0.8215780035863718 0.25732647814910026 0.7393903167961745 0.43804627249357325 0.7390914524805738 0.438560411311054 0.7396891811117753 0.43958868894601544 0.7396891811117753 0.44010282776349613 0.7402869097429767 0.4416452442159383 0.7402869097429767 0.442159383033419 0.7408846383741782 0.44318766066838045 0.7414823670053795 0.44473007712082263 0.7414823670053795 0.4452442159383033 0.742080095636581 0.4467866323907455 0.742080095636581 0.4473007712082262 0.7426778242677824 0.44832904884318764 0.7426778242677824 0.4488431876606684 0.7432755528989838 0.4503856041131105 0.7432755528989838 0.45089974293059126 0.7438732815301853 0.4519280205655527 0.7438732815301853 0.4524421593830334 0.7444710101613867 0.45347043701799483 0.7450687387925882 0.455012853470437 0.7450687387925882 0.45552699228791776 0.7456664674237896 0.4570694087403599 0.7456664674237896 0.45758354755784064 0.7462641960549911 0.4586118251928021 0.7462641960549911 0.45912596401028277 0.7468619246861925 0.46066838046272496 0.7468619246861925 0.46118251928020565 0.747459653317394 0.4622107969151671 0.747459653317394 0.46272493573264784 0.7480573819485954 0.4637532133676093 0.7480573819485954 0.46426735218508997 0.7486551105797967 0.4652956298200514 0.7486551105797967 0.46580976863753215 0.7492528392109982 0.4673521850899743 0.7492528392109982 0.46786632390745503 0.7498505678421996 0.46940874035989716 0.7498505678421996 0.4699228791773779 0.750448296473401 0.47095115681233934 0.750448296473401 0.48277634961439586 0.764196054991034 0.4982005141388175 0.7815301852958757 0.49897172236503856 0.7818290496114764 0.5012853470437018 0.7851165570830843 0.5020565552699229 0.785415421398685 0.5043701799485861 0.7887029288702929 0.5051413881748072 0.7890017931858936 0.506426735218509 0.7910938433950986 0.5208226221079691 0.8072325164375374 0.5221079691516709 0.8081291093843395 0.5239074550128535 0.810818888224746 0.5251928020565553 0.8117154811715481 0.5275064267352185 0.815002988643156 0.5282776349614395 0.8153018529587567 0.5298200514138818 0.8176927674835625 0.5287917737789203 0.8194859533771668 0.5280205655526993 0.8209802749551703 0.525706940874036 0.8230723251643753 0.5244215938303342 0.8251643753735804 0.5226221079691517 0.826658696951584 0.5213367609254499 0.828750747160789 0.5195372750642674 0.8302450687387926 0.5182519280205655 0.8323371189479976 0.5159383033419023 0.8344291691572027 0.5151670951156813 0.8359234907352062 0.4997429305912596 0.8532576210400478
0 0.25398457583547557 0.8185893604303646 0.21696658097686375 0.8185893604303646 0.2167095115681234 0.7680812910938434 0.25398457583547557 0.7677824267782427 0.25424164524421594 0.8182904961147639 0.25398457583547557 0.8185893604303646