0 0.3471953578336557 0.3501920614596671 0.13539651837524178 0.3501920614596671 0.1349129593810445 0.09218950064020487 0.3471953578336557 0.09154929577464789 0.347678916827853 0.3495518565941101 0.3471953578336557 0.3501920614596671
0 0.6315280464216635 0.7215108834827144 0.4864603481624758 0.7215108834827144 0.4859767891682785 0.44558258642765686 0.3539651837524178 0.44494238156209986 0.3534816247582205 0.09218950064020487 0.6315280464216635 0.09154929577464789 0.6320116054158608 0.39436619718309857 0.6310444874274661 0.39564660691421255 0.6310444874274661 0.5620998719590269 0.6320116054158608 0.5633802816901409 0.6320116054158608 0.7208706786171575 0.6315280464216635 0.7215108834827144
0 0.781431334622824 0.3873239436619718 0.6382978723404256 0.3873239436619718 0.6378143133462283 0.09218950064020487 0.781431334622824 0.09154929577464789 0.7819148936170213 0.3866837387964149 0.781431334622824 0.3873239436619718
0 0.9361702127659575 0.3873239436619718 0.7882011605415861 0.3873239436619718 0.7877176015473888 0.09218950064020487 0.9361702127659575 0.09154929577464789 0.9366537717601547 0.3866837387964149 0.9361702127659575 0.3873239436619718
0 0.3471953578336557 0.4884763124199744 0.2263056092843327 0.4884763124199744 0.22582205029013538 0.3585147247119078 0.3471953578336557 0.3578745198463508 0.347678916827853 0.4878361075544174 0.3471953578336557 0.4884763124199744
0 0.21760154738878143 0.4859154929577465 0.14119922630560927 0.4859154929577465 0.140715667311412 0.36107554417413573 0.21760154738878143 0.36043533930857874 0.21808510638297873 0.4852752880921895 0.21760154738878143 0.4859154929577465
0 0.7350096711798839 0.7215108834827144 0.6382978723404256 0.7215108834827144 0.6378143133462283 0.5633802816901409 0.6315280464216635 0.5627400768245838 0.6310444874274661 0.39564660691421255 0.8423597678916828 0.39500640204865556 0.84284332688588 0.49295774647887325 0.7882011605415861 0.49359795134443024 0.7852998065764023 0.49871959026888607 0.7838491295938105 0.499359795134443 0.781431334622824 0.5038412291933418 0.7799806576402321 0.5044814340588989 0.7775628626692457 0.5089628681177977 0.7761121856866537 0.5096030729833547 0.7736943907156673 0.5140845070422535 0.7722437137330754 0.5147247119078106 0.769825918762089 0.5192061459667093 0.7683752417794971 0.5198463508322664 0.7669245647969052 0.5230473751600512 0.7645067698259188 0.5249679897567221 0.7630560928433269 0.528169014084507 0.761605415860735 0.528809218950064 0.7354932301740812 0.5646606914212549 0.7354932301740812 0.7208706786171575 0.7350096711798839 0.7215108834827144
0 0.9361702127659575 0.49359795134443024 0.8491295938104448 0.49359795134443024 0.8486460348162476 0.39564660691421255 0.9361702127659575 0.39500640204865556 0.9366537717601547 0.49295774647887325 0.9361702127659575 0.49359795134443024
0 0.48549323017408125 0.7215108834827144 0.3539651837524178 0.7215108834827144 0.3534816247582205 0.4532650448143406 0.48549323017408125 0.4526248399487836 0.4859767891682785 0.7208706786171575 0.48549323017408125 0.7215108834827144
0 0.3471953578336557 0.7215108834827144 0.2137330754352031 0.7215108834827144 0.21324951644100582 0.586427656850192 0.13539651837524178 0.5857874519846351 0.1349129593810445 0.4967989756722151 0.3471953578336557 0.49615877080665816 0.347678916827853 0.7208706786171575 0.3471953578336557 0.7215108834827144
0 0.9361702127659575 0.7215108834827144 0.741779497098646 0.7215108834827144 0.7412959381044487 0.5685019206145967 0.7920696324951644 0.501280409731114 0.9361702127659575 0.501280409731114 0.9366537717601547 0.7208706786171575 0.9361702127659575 0.7215108834827144
0 0.2079303675048356 0.7215108834827144 0.13539651837524178 0.7215108834827144 0.1349129593810445 0.5928297055057619 0.2079303675048356 0.5921895006402048 0.20841392649903287 0.7208706786171575 0.2079303675048356 0.7215108834827144