0 0.46936542669584247 0.36498353457738747 0.3227571115973742 0.36498353457738747 0.32221006564551424 0.06586169045005488 0.46936542669584247 0.06531284302963776 0.4699124726477024 0.36443468715697036 0.46936542669584247 0.36498353457738747
0 0.9463894967177243 0.3781558726673985 0.725382932166302 0.3781558726673985 0.7248358862144421 0.1251372118551043 0.8052516411378556 0.12458836443468715 0.8057986870897156 0.07025246981339188 0.9463894967177243 0.06970362239297476 0.9469365426695843 0.37760702524698136 0.9463894967177243 0.3781558726673985
0 0.7166301969365426 0.3781558726673985 0.5404814004376368 0.3781558726673985 0.5399343544857768 0.1251372118551043 0.7166301969365426 0.12458836443468715 0.7171772428884027 0.37760702524698136 0.7166301969365426 0.3781558726673985
0 0.31400437636761486 0.36498353457738747 0.060175054704595186 0.36498353457738747 0.05962800875273523 0.12623490669593854 0.31400437636761486 0.1256860592755214 0.31455142231947486 0.36443468715697036 0.31400437636761486 0.36498353457738747
0 0.2975929978118162 0.6931942919868277 0.23194748358862144 0.6931942919868277 0.2314004376367615 0.5005488474204172 0.060175054704595186 0.5 0.05962800875273523 0.3732162458836443 0.2975929978118162 0.3726673984632272 0.29814004376367614 0.6926454445664105 0.2975929978118162 0.6931942919868277
0 0.3665207877461707 0.47585071350164654 0.3052516411378556 0.47585071350164654 0.30470459518599563 0.3732162458836443 0.3665207877461707 0.3726673984632272 0.36706783369803064 0.47530186608122943 0.3665207877461707 0.47585071350164654
0 0.9463894967177243 0.8929747530186608 0.7975929978118161 0.8929747530186608 0.7970459518599562 0.7574094401756312 0.7899343544857768 0.756860592755214 0.7893873085339168 0.7683863885839737 0.5404814004376368 0.7689352360043907 0.5399343544857768 0.5170142700329309 0.6838074398249453 0.5164654226125137 0.6843544857768052 0.5082327113062569 0.5404814004376368 0.5076838638858397 0.5399343544857768 0.38529088913282106 0.8282275711159738 0.38474204171240395 0.8287746170678337 0.5126234906695939 0.7899343544857768 0.513172338090011 0.7893873085339168 0.6904500548847421 0.7964989059080962 0.6909989023051591 0.7970459518599562 0.5181119648737651 0.8358862144420132 0.5175631174533479 0.8364332603938731 0.4621295279912184 0.9070021881838074 0.4615806805708013 0.9075492341356673 0.4698133918770582 0.9463894967177243 0.4703622392974753 0.9469365426695843 0.8924259055982436 0.9463894967177243 0.8929747530186608
0 0.9070021881838074 0.45609220636663006 0.8369803063457331 0.45609220636663006 0.8364332603938731 0.38529088913282106 0.9463894967177243 0.38474204171240395 0.9469365426695843 0.43688254665203075 0.9080962800875274 0.43743139407244785 0.9075492341356673 0.45554335894621295 0.9070021881838074 0.45609220636663006
0 0.4617067833698031 0.47585071350164654 0.37636761487964987 0.47585071350164654 0.3758205689277899 0.38638858397365533 0.4617067833698031 0.3858397365532382 0.46225382932166303 0.47530186608122943 0.4617067833698031 0.47585071350164654
0 0.37089715536105033 0.5987925356750823 0.3052516411378556 0.5987925356750823 0.30470459518599563 0.4840834248079034 0.37089715536105033 0.4835345773874863 0.3714442013129103 0.5982436882546652 0.37089715536105033 0.5987925356750823
0 0.46936542669584247 0.637211855104281 0.3796498905908096 0.637211855104281 0.37910284463894967 0.4840834248079034 0.46936542669584247 0.4835345773874863 0.4699124726477024 0.6366630076838639 0.46936542669584247 0.637211855104281
0 0.22319474835886213 0.7590559824368825 0.060175054704595186 0.7590559824368825 0.05962800875273523 0.5104281009879253 0.22319474835886213 0.5098792535675082 0.2237417943107221 0.7585071350164654 0.22319474835886213 0.7590559824368825
0 0.46936542669584247 0.7590559824368825 0.3052516411378556 0.7590559824368825 0.30470459518599563 0.6048298572996706 0.37089715536105033 0.6042810098792536 0.3714442013129103 0.6421514818880352 0.46936542669584247 0.6427003293084522 0.4699124726477024 0.7585071350164654 0.46936542669584247 0.7590559824368825
0 0.2975929978118162 0.7590559824368825 0.23194748358862144 0.7590559824368825 0.2314004376367615 0.6981339187705817 0.2975929978118162 0.6975850713501647 0.29814004376367614 0.7585071350164654 0.2975929978118162 0.7590559824368825