0 0.6758508914100486 0.28011049723756903 0.5729335494327391 0.28011049723756903 0.5725283630470016 0.10497237569060773 0.7050243111831442 0.10441988950276243 0.7054294975688817 0.2408839779005525 0.7042139384116693 0.2425414364640884 0.68354943273906 0.2696132596685083 0.6831442463533225 0.2712707182320442 0.6758508914100486 0.28011049723756903
0 0.8403565640194489 0.28011049723756903 0.7398703403565641 0.28011049723756903 0.7358184764991896 0.274585635359116 0.726904376012966 0.26353591160220996 0.7248784440842788 0.261878453038674 0.7244732576985413 0.26022099447513813 0.7188006482982172 0.2535911602209945 0.7175850891410048 0.25303867403314917 0.7163695299837926 0.25027624309392266 0.7094813614262561 0.2419889502762431 0.7094813614262561 0.10497237569060773 0.8403565640194489 0.10441988950276243 0.8407617504051864 0.2795580110497238 0.8403565640194489 0.28011049723756903
0 0.17828200972447325 0.3364640883977901 0.04943273905996758 0.3364640883977901 0.049027552674230146 0.10718232044198896 0.18314424635332252 0.10662983425414364 0.18354943273905996 0.30497237569060776 0.17909238249594814 0.305524861878453 0.1786871961102107 0.33591160220994476 0.17828200972447325 0.3364640883977901
0 0.31523500810372773 0.26022099447513813 0.1839546191247974 0.26022099447513813 0.18354943273905996 0.10718232044198896 0.31523500810372773 0.10662983425414364 0.3156401944894652 0.2596685082872928 0.31523500810372773 0.26022099447513813
0 0.8403565640194489 0.4878453038674033 0.7479740680713128 0.4878453038674033 0.7475688816855753 0.4066298342541437 0.6823338735818476 0.40607734806629836 0.6819286871961102 0.2828729281767956 0.7074554294975689 0.24806629834254143 0.7123176661264181 0.2535911602209945 0.7220421393841167 0.26574585635359116 0.7248784440842788 0.26850828729281767 0.7260940032414911 0.2712707182320442 0.7341977309562399 0.28121546961325966 0.7370340356564019 0.2839779005524862 0.7374392220421394 0.2856353591160221 0.8403565640194489 0.2856353591160221 0.8407617504051864 0.487292817679558 0.8403565640194489 0.4878453038674033
0 0.9327390599675851 0.4878453038674033 0.8411669367909238 0.4878453038674033 0.8407617504051864 0.2861878453038674 0.8444084278768234 0.2856353591160221 0.8448136142625607 0.2574585635359116 0.9327390599675851 0.2569060773480663 0.9331442463533225 0.487292817679558 0.9327390599675851 0.4878453038674033
0 0.406807131280389 0.48342541436464087 0.26499189627228525 0.48342541436464087 0.26418152350081037 0.4823204419889503 0.18314424635332252 0.4823204419889503 0.18273905996758508 0.3060773480662983 0.18354943273905996 0.30497237569060776 0.18354943273905996 0.26077348066298345 0.406807131280389 0.26022099447513813 0.4072123176661264 0.48287292817679556 0.406807131280389 0.48342541436464087
0 0.6758508914100486 0.4878453038674033 0.5729335494327391 0.4878453038674033 0.5725283630470016 0.2861878453038674 0.6758508914100486 0.2856353591160221 0.6762560777957861 0.487292817679558 0.6758508914100486 0.4878453038674033
0 0.17828200972447325 0.48342541436464087 0.04943273905996758 0.48342541436464087 0.049027552674230146 0.343646408839779 0.17828200972447325 0.3430939226519337 0.1786871961102107 0.48287292817679556 0.17828200972447325 0.48342541436464087
0 0.7414910858995137 0.4878453038674033 0.6823338735818476 0.4878453038674033 0.6819286871961102 0.4143646408839779 0.7414910858995137 0.4138121546961326 0.7418962722852512 0.487292817679558 0.7414910858995137 0.4878453038674033
0 0.24554294975688817 0.7596685082872928 0.1620745542949757 0.7596685082872928 0.16166936790923825 0.6 0.18233387358184766 0.5994475138121547 0.18273905996758508 0.48287292817679556 0.26418152350081037 0.4823204419889503 0.2645867098865478 0.5734806629834254 0.2909238249594814 0.5740331491712707 0.2913290113452188 0.6861878453038674 0.23500810372771475 0.6867403314917127 0.2346029173419773 0.6917127071823205 0.24554294975688817 0.6922651933701658 0.24594813614262562 0.7591160220994475 0.24554294975688817 0.7596685082872928
0 0.15640194489465153 0.7596685082872928 0.04943273905996758 0.7596685082872928 0.049027552674230146 0.4895027624309392 0.17828200972447325 0.4889502762430939 0.1786871961102107 0.5933701657458563 0.15721231766612642 0.5939226519337016 0.15680713128038898 0.7591160220994475 0.15640194489465153 0.7596685082872928
0 0.33144246353322526 0.567403314917127 0.2698541329011345 0.567403314917127 0.2694489465153971 0.4895027624309392 0.33144246353322526 0.4889502762430939 0.3318476499189627 0.5668508287292817 0.33144246353322526 0.567403314917127
0 0.406807131280389 0.7110497237569061 0.3184764991896272 0.7110497237569061 0.31685575364667745 0.7088397790055249 0.3119935170178282 0.7033149171270718 0.3079416531604538 0.6988950276243094 0.3038897893030794 0.6944751381215469 0.3006482982171799 0.6911602209944752 0.2961912479740681 0.6861878453038674 0.2961912479740681 0.574585635359116 0.3354943273905997 0.5740331491712707 0.3358995137763371 0.4895027624309392 0.406807131280389 0.4889502762430939 0.4072123176661264 0.7104972375690608 0.406807131280389 0.7110497237569061
0 0.31523500810372773 0.8060773480662984 0.28444084278768234 0.8060773480662984 0.2824149108589951 0.8033149171270718 0.2820097244732577 0.8016574585635359 0.27512155591572124 0.7933701657458564 0.2747163695299838 0.7917127071823205 0.27106969205834686 0.7878453038674034 0.2706645056726094 0.7861878453038674 0.25972447325769854 0.7723756906077348 0.2593192868719611 0.7707182320441989 0.25567260940032416 0.7668508287292818 0.2552674230145867 0.7651933701657458 0.2508103727714749 0.7602209944751381 0.2508103727714749 0.6928176795580111 0.2941653160453809 0.6922651933701658 0.2965964343598055 0.6955801104972376 0.2978119935170178 0.6961325966850829 0.29821717990275526 0.6977900552486188 0.29983792544570503 0.6988950276243094 0.3038897893030794 0.7033149171270718 0.30510534846029175 0.7038674033149172 0.3055105348460292 0.7055248618784531 0.3095623987034036 0.7099447513812155 0.31280388978930307 0.7132596685082873 0.3156401944894652 0.7160220994475138 0.3156401944894652 0.8055248618784531 0.31523500810372773 0.8060773480662984
0 0.40437601296596437 0.8248618784530387 0.3338735818476499 0.8248618784530387 0.32050243111831445 0.8066298342541437 0.32050243111831445 0.7226519337016575 0.32293354943273905 0.7204419889502762 0.3233387358184765 0.7187845303867403 0.3249594813614263 0.7176795580110498 0.40437601296596437 0.7176795580110498 0.40478119935170176 0.8243093922651934 0.40437601296596437 0.8248618784530387
0 0.33144246353322526 0.9287292817679558 0.2852512155591572 0.9287292817679558 0.2848460291734198 0.8132596685082873 0.3184764991896272 0.812707182320442 0.32050243111831445 0.8154696132596685 0.3217179902755267 0.8182320441988951 0.32455429497568883 0.8209944751381215 0.3249594813614263 0.8226519337016575 0.3286061588330632 0.8265193370165745 0.32901134521880065 0.8281767955801105 0.3318476499189627 0.830939226519337 0.3318476499189627 0.9281767955801105 0.33144246353322526 0.9287292817679558
0 0.406807131280389 0.9287292817679558 0.33630470016207453 0.9287292817679558 0.3358995137763371 0.8320441988950277 0.406807131280389 0.8314917127071824 0.4072123176661264 0.9281767955801105 0.406807131280389 0.9287292817679558