0 0.19021739130434784 0.510485651214128 0.058423913043478264 0.510485651214128 0.058084239130434784 0.206401766004415 0.19021739130434784 0.20584988962472406 0.1905570652173913 0.4271523178807947 0.2139945652173913 0.42770419426048567 0.21433423913043478 0.5022075055187638 0.19089673913043478 0.5027593818984547 0.1905570652173913 0.5099337748344371 0.19021739130434784 0.510485651214128
0 0.297554347826087 0.5027593818984547 0.21875 0.5027593818984547 0.2184103260869565 0.4216335540838852 0.1956521739130435 0.42108167770419425 0.1953125 0.206401766004415 0.25883152173913043 0.20584988962472406 0.2591711956521739 0.2858719646799117 0.297554347826087 0.28642384105960267 0.29789402173913043 0.5022075055187638 0.297554347826087 0.5027593818984547
0 0.39470108695652173 0.5027593818984547 0.3023097826086957 0.5027593818984547 0.30197010869565216 0.2869757174392936 0.39470108695652173 0.28642384105960267 0.39504076086956524 0.5022075055187638 0.39470108695652173 0.5027593818984547
0 0.49184782608695654 0.3824503311258278 0.4001358695652174 0.3824503311258278 0.3997961956521739 0.2869757174392936 0.49184782608695654 0.28642384105960267 0.4921875 0.3818984547461369 0.49184782608695654 0.3824503311258278
0 0.6005434782608695 0.5402869757174393 0.5366847826086957 0.5402869757174393 0.5363451086956522 0.5033112582781457 0.49660326086956524 0.5027593818984547 0.49626358695652173 0.2869757174392936 0.6521739130434783 0.28642384105960267 0.6525135869565217 0.5022075055187638 0.6012228260869565 0.5027593818984547 0.6008831521739131 0.5397350993377483 0.6005434782608695 0.5402869757174393
0 0.8457880434782609 0.38576158940397354 0.6671195652173914 0.38576158940397354 0.6667798913043478 0.2869757174392936 0.8457880434782609 0.28642384105960267 0.8461277173913043 0.3852097130242826 0.8457880434782609 0.38576158940397354
0 0.49184782608695654 0.5027593818984547 0.4001358695652174 0.5027593818984547 0.3997961956521739 0.38962472406181015 0.49184782608695654 0.3890728476821192 0.4921875 0.5022075055187638 0.49184782608695654 0.5027593818984547
0 0.8457880434782609 0.7268211920529801 0.6671195652173914 0.7268211920529801 0.6667798913043478 0.39403973509933776 0.8457880434782609 0.3934878587196468 0.8461277173913043 0.7262693156732892 0.8457880434782609 0.7268211920529801
0 0.25815217391304346 0.8394039735099338 0.058423913043478264 0.8394039735099338 0.058084239130434784 0.5110375275938189 0.25815217391304346 0.510485651214128 0.258491847826087 0.5938189845474614 0.2591711956521739 0.5949227373068433 0.2591711956521739 0.8377483443708609 0.25815217391304346 0.8394039735099338
0 0.4388586956521739 0.6517660044150111 0.26358695652173914 0.6517660044150111 0.2632472826086957 0.5949227373068433 0.25883152173913043 0.5943708609271523 0.258491847826087 0.5110375275938189 0.5319293478260869 0.510485651214128 0.5322690217391305 0.6103752759381899 0.43953804347826086 0.6109271523178808 0.4391983695652174 0.6512141280353201 0.4388586956521739 0.6517660044150111
0 0.6521739130434783 0.7268211920529801 0.5366847826086957 0.7268211920529801 0.5363451086956522 0.5474613686534217 0.6046195652173914 0.5469094922737306 0.6049592391304348 0.5110375275938189 0.6521739130434783 0.510485651214128 0.6525135869565217 0.7262693156732892 0.6521739130434783 0.7268211920529801
0 0.5319293478260869 0.7268211920529801 0.4436141304347826 0.7268211920529801 0.44327445652173914 0.6181015452538632 0.5319293478260869 0.6175496688741722 0.5322690217391305 0.7262693156732892 0.5319293478260869 0.7268211920529801
0 0.4388586956521739 0.7268211920529801 0.3702445652173913 0.7268211920529801 0.36990489130434784 0.6589403973509934 0.4388586956521739 0.6583885209713024 0.4391983695652174 0.7262693156732892 0.4388586956521739 0.7268211920529801