0 0.7541229385307346 0.40135135135135136 0.712143928035982 0.40135135135135136 0.7113943028485757 0.33783783783783783 0.6731634182908546 0.3364864864864865 0.6724137931034483 0.34324324324324323 0.6101949025487257 0.34459459459459457 0.6094452773613194 0.1810810810810811 0.5862068965517241 0.17972972972972973 0.5854572713643178 0.11621621621621622 0.7526236881559221 0.11486486486486487 0.7533733133433284 0.33513513513513515 0.7548725637181409 0.33783783783783783 0.7548725637181409 0.4 0.7541229385307346 0.40135135135135136
0 0.9355322338830585 0.3364864864864865 0.760119940029985 0.3364864864864865 0.7593703148425787 0.11621621621621622 0.9355322338830585 0.11486486486486487 0.9362818590704648 0.33513513513513515 0.9355322338830585 0.3364864864864865
0 0.17841079460269865 0.31216216216216214 0.05997001499250375 0.31216216216216214 0.05922038980509745 0.11891891891891893 0.17841079460269865 0.11756756756756757 0.17916041979010494 0.3108108108108108 0.17841079460269865 0.31216216216216214
0 0.29535232383808097 0.31216216216216214 0.18590704647676162 0.31216216216216214 0.18515742128935533 0.11891891891891893 0.3583208395802099 0.11756756756756757 0.35907046476761617 0.26216216216216215 0.29685157421289354 0.2635135135135135 0.29610194902548725 0.3108108108108108 0.29535232383808097 0.31216216216216214
0 0.4587706146926537 0.21216216216216216 0.37031484257871067 0.21216216216216216 0.3695652173913043 0.11891891891891893 0.4587706146926537 0.11756756756756757 0.45952023988005997 0.21081081081081082 0.4587706146926537 0.21216216216216216
0 0.6026986506746627 0.31486486486486487 0.5262368815592204 0.31486486486486487 0.525487256371814 0.11891891891891893 0.5802098950524738 0.11756756756756757 0.5809595202398801 0.1864864864864865 0.6026986506746627 0.18783783783783783 0.603448275862069 0.31351351351351353 0.6026986506746627 0.31486486486486487
0 0.4587706146926537 0.33378378378378376 0.3658170914542729 0.33378378378378376 0.3650674662668666 0.23243243243243245 0.4587706146926537 0.23108108108108108 0.45952023988005997 0.3324324324324324 0.4587706146926537 0.33378378378378376
0 0.3493253373313343 0.6310810810810811 0.3028485757121439 0.6310810810810811 0.3020989505247376 0.2756756756756757 0.3583208395802099 0.2743243243243243 0.35907046476761617 0.34594594594594597 0.4587706146926537 0.3472972972972973 0.45952023988005997 0.4756756756756757 0.35082458770614694 0.47702702702702704 0.35007496251874065 0.6297297297297297 0.3493253373313343 0.6310810810810811
0 0.17841079460269865 0.7337837837837838 0.05997001499250375 0.7337837837837838 0.05922038980509745 0.3216216216216216 0.17841079460269865 0.3202702702702703 0.17916041979010494 0.7324324324324324 0.17841079460269865 0.7337837837837838
0 0.23388305847076463 0.4445945945945946 0.18590704647676162 0.4445945945945946 0.18515742128935533 0.32432432432432434 0.23388305847076463 0.32297297297297295 0.23463268365817092 0.44324324324324327 0.23388305847076463 0.4445945945945946
0 0.29535232383808097 0.4445945945945946 0.2413793103448276 0.4445945945945946 0.24062968515742128 0.32432432432432434 0.29535232383808097 0.32297297297297295 0.29610194902548725 0.44324324324324327 0.29535232383808097 0.4445945945945946
0 0.6026986506746627 0.4418918918918919 0.5262368815592204 0.4418918918918919 0.525487256371814 0.327027027027027 0.6026986506746627 0.3256756756756757 0.603448275862069 0.44054054054054054 0.6026986506746627 0.4418918918918919
0 0.9355322338830585 0.7418918918918919 0.6896551724137931 0.7418918918918919 0.6889055472263869 0.4891891891891892 0.6731634182908546 0.48783783783783785 0.6724137931034483 0.33783783783783783 0.7106446776611695 0.3364864864864865 0.7113943028485757 0.4 0.8095952023988006 0.40135135135135136 0.8103448275862069 0.33783783783783783 0.848575712143928 0.3364864864864865 0.8493253373313343 0.34594594594594597 0.9355322338830585 0.3472972972972973 0.9362818590704648 0.7405405405405405 0.9355322338830585 0.7418918918918919
0 0.8095952023988006 0.40135135135135136 0.7706146926536732 0.40135135135135136 0.7698650674662668 0.33783783783783783 0.8095952023988006 0.3364864864864865 0.8103448275862069 0.4 0.8095952023988006 0.40135135135135136
0 0.6671664167916042 0.4418918918918919 0.6101949025487257 0.4418918918918919 0.6094452773613194 0.35405405405405405 0.6671664167916042 0.3527027027027027 0.6679160419790104 0.44054054054054054 0.6671664167916042 0.4418918918918919
0 0.6836581709145427 0.7418918918918919 0.5262368815592204 0.7418918918918919 0.525487256371814 0.45135135135135135 0.6671664167916042 0.45 0.6679160419790104 0.4945945945945946 0.6836581709145427 0.49594594594594593 0.684407796101949 0.7405405405405405 0.6836581709145427 0.7418918918918919
0 0.29535232383808097 0.7337837837837838 0.18590704647676162 0.7337837837837838 0.18515742128935533 0.45675675675675675 0.29535232383808097 0.4554054054054054 0.29610194902548725 0.7324324324324324 0.29535232383808097 0.7337837837837838
0 0.4587706146926537 0.7337837837837838 0.3568215892053973 0.7337837837837838 0.356071964017991 0.4891891891891892 0.4587706146926537 0.48783783783783785 0.45952023988005997 0.7324324324324324 0.4587706146926537 0.7337837837837838
0 0.3493253373313343 0.7337837837837838 0.3028485757121439 0.7337837837837838 0.3020989505247376 0.6432432432432432 0.3493253373313343 0.6418918918918919 0.35007496251874065 0.7324324324324324 0.3493253373313343 0.7337837837837838