0 0.30324909747292417 0.41083333333333333 0.06618531889290012 0.41083333333333333 0.06678700361010831 0.13166666666666665 0.30324909747292417 0.13083333333333333 0.3038507821901324 0.41 0.30324909747292417 0.41083333333333333
0 0.6871239470517448 0.4175 0.6329723225030084 0.4175 0.6323706377858003 0.4116666666666667 0.4464500601684717 0.41083333333333333 0.44584837545126355 0.4166666666666667 0.38748495788206977 0.4175 0.3868832731648616 0.41 0.3104693140794224 0.4091666666666667 0.3098676293622142 0.13166666666666665 0.7316486161251504 0.13083333333333333 0.7322503008423586 0.41 0.6883273164861613 0.41083333333333333 0.6877256317689531 0.4166666666666667 0.6871239470517448 0.4175
0 0.855595667870036 0.2475 0.740072202166065 0.2475 0.7394705174488568 0.13166666666666665 0.855595667870036 0.13083333333333333 0.8561973525872443 0.24666666666666667 0.855595667870036 0.2475
0 0.855595667870036 0.4425 0.740072202166065 0.4425 0.7394705174488568 0.255 0.855595667870036 0.25416666666666665 0.8561973525872443 0.44166666666666665 0.855595667870036 0.4425
0 0.2322503008423586 0.7858333333333334 0.06498194945848375 0.7858333333333334 0.06558363417569193 0.41833333333333333 0.2322503008423586 0.4175 0.2328519855595668 0.785 0.2322503008423586 0.7858333333333334
0 0.32250300842358604 0.5108333333333334 0.24067388688327315 0.5108333333333334 0.24007220216606498 0.41833333333333333 0.32250300842358604 0.4175 0.3231046931407942 0.51 0.32250300842358604 0.5108333333333334
0 0.555956678700361 0.7858333333333334 0.3237063778580024 0.7858333333333334 0.3231046931407942 0.41833333333333333 0.6101083032490975 0.4175 0.6095066185318893 0.4683333333333333 0.614921780986763 0.4691666666666667 0.6155234657039711 0.6033333333333334 0.5571600481347774 0.6041666666666666 0.5565583634175691 0.785 0.555956678700361 0.7858333333333334
0 0.7328519855595668 0.7858333333333334 0.6161251504211793 0.7858333333333334 0.6155234657039711 0.41833333333333333 0.7328519855595668 0.4175 0.733453670276775 0.785 0.7328519855595668 0.7858333333333334
0 0.855595667870036 0.7858333333333334 0.740072202166065 0.7858333333333334 0.7394705174488568 0.45 0.855595667870036 0.44916666666666666 0.8561973525872443 0.54 0.8158844765342961 0.5408333333333334 0.8152827918170878 0.5483333333333333 0.855595667870036 0.5491666666666667 0.8561973525872443 0.785 0.855595667870036 0.7858333333333334
0 0.3164861612515042 0.6375 0.2394705174488568 0.6375 0.2388688327316486 0.52 0.3164861612515042 0.5191666666666667 0.31708784596871237 0.6366666666666667 0.3164861612515042 0.6375
0 0.3164861612515042 0.7858333333333334 0.2394705174488568 0.7858333333333334 0.2388688327316486 0.6466666666666666 0.3164861612515042 0.6458333333333334 0.31708784596871237 0.785 0.3164861612515042 0.7858333333333334