0 0.3707165109034268 0.5261111111111111 0.1573208722741433 0.5261111111111111 0.15654205607476634 0.52 0.07320872274143302 0.5194444444444445 0.07242990654205607 0.4622222222222222 0.06386292834890965 0.46166666666666667 0.0630841121495327 0.2411111111111111 0.5638629283489096 0.24055555555555555 0.5646417445482866 0.38333333333333336 0.37227414330218067 0.3838888888888889 0.37149532710280375 0.5255555555555556 0.3707165109034268 0.5261111111111111
0 0.7881619937694704 0.39944444444444444 0.5716510903426791 0.39944444444444444 0.5708722741433022 0.24222222222222223 0.7881619937694704 0.24166666666666667 0.7889408099688473 0.3988888888888889 0.7881619937694704 0.39944444444444444
0 0.5638629283489096 0.5261111111111111 0.37694704049844235 0.5261111111111111 0.37616822429906543 0.3844444444444444 0.5638629283489096 0.3838888888888889 0.5646417445482866 0.5255555555555556 0.5638629283489096 0.5261111111111111
0 0.6728971962616822 0.5261111111111111 0.5716510903426791 0.5261111111111111 0.5708722741433022 0.40444444444444444 0.6728971962616822 0.4038888888888889 0.6736760124610592 0.5255555555555556 0.6728971962616822 0.5261111111111111
0 0.7834890965732088 0.5083333333333333 0.6838006230529595 0.5083333333333333 0.6830218068535826 0.40555555555555556 0.7834890965732088 0.405 0.7842679127725857 0.5077777777777778 0.7834890965732088 0.5083333333333333
0 0.7881619937694704 0.6394444444444445 0.543613707165109 0.6394444444444445 0.5428348909657321 0.5322222222222223 0.677570093457944 0.5316666666666666 0.6783489096573209 0.5144444444444445 0.7881619937694704 0.5138888888888888 0.7889408099688473 0.6388888888888888 0.7881619937694704 0.6394444444444445
0 0.4750778816199377 0.7572222222222222 0.3426791277258567 0.7572222222222222 0.34190031152647976 0.6722222222222223 0.3278816199376947 0.6622222222222223 0.3014018691588785 0.6422222222222222 0.2733644859813084 0.6211111111111111 0.2733644859813084 0.5266666666666666 0.3707165109034268 0.5261111111111111 0.37149532710280375 0.5311111111111111 0.5358255451713395 0.5316666666666666 0.5366043613707165 0.6388888888888888 0.47585669781931467 0.6822222222222222 0.47585669781931467 0.7566666666666667 0.4750778816199377 0.7572222222222222
0 0.16355140186915887 0.6216666666666667 0.06386292834890965 0.6216666666666667 0.0630841121495327 0.5322222222222223 0.16355140186915887 0.5316666666666666 0.16433021806853582 0.6211111111111111 0.16355140186915887 0.6216666666666667
0 0.26791277258566976 0.6216666666666667 0.17133956386292834 0.6216666666666667 0.1705607476635514 0.5322222222222223 0.26791277258566976 0.5316666666666666 0.26869158878504673 0.6211111111111111 0.26791277258566976 0.6216666666666667
0 0.3348909657320872 0.8227777777777778 0.06386292834890965 0.8227777777777778 0.0630841121495327 0.6266666666666667 0.27102803738317754 0.6261111111111111 0.2842679127725857 0.6355555555555555 0.309190031152648 0.6544444444444445 0.3356697819314642 0.6744444444444444 0.3356697819314642 0.8222222222222222 0.3348909657320872 0.8227777777777778
0 0.7881619937694704 0.8227777777777778 0.48442367601246106 0.8227777777777778 0.48364485981308414 0.6844444444444444 0.5218068535825545 0.6572222222222223 0.5420560747663551 0.6438888888888888 0.7881619937694704 0.6438888888888888 0.7889408099688473 0.8222222222222222 0.7881619937694704 0.8227777777777778
0 0.4750778816199377 0.8227777777777778 0.3426791277258567 0.8227777777777778 0.34190031152647976 0.7622222222222222 0.4750778816199377 0.7616666666666667 0.47585669781931467 0.8222222222222222 0.4750778816199377 0.8227777777777778
0 0.18847352024922118 0.9705555555555555 0.06074766355140187 0.9705555555555555 0.05996884735202492 0.84 0.18847352024922118 0.8394444444444444 0.18925233644859812 0.97 0.18847352024922118 0.9705555555555555