0 0.325 0.39191176470588235 0.19891304347826086 0.39191176470588235 0.1983695652173913 0.19411764705882353 0.325 0.19338235294117648 0.32554347826086955 0.3911764705882353 0.325 0.39191176470588235
0 0.5304347826086957 0.4389705882352941 0.33369565217391306 0.4389705882352941 0.33315217391304347 0.19411764705882353 0.5304347826086957 0.19338235294117648 0.5309782608695652 0.43823529411764706 0.5304347826086957 0.4389705882352941
0 0.7804347826086957 0.4625 0.6108695652173913 0.4625 0.6103260869565217 0.19411764705882353 0.941304347826087 0.19338235294117648 0.9407608695652174 0.43970588235294117 0.875 0.4404411764705882 0.8744565217391305 0.4485294117647059 0.8733695652173913 0.45 0.8733695652173913 0.4602941176470588 0.7815217391304348 0.4610294117647059 0.7804347826086957 0.4625
0 0.1815217391304348 0.5433823529411764 0.07391304347826087 0.5433823529411764 0.07336956521739131 0.22941176470588234 0.1815217391304348 0.2286764705882353 0.18206521739130435 0.5426470588235294 0.1815217391304348 0.5433823529411764
0 0.33369565217391306 0.600735294117647 0.28369565217391307 0.600735294117647 0.2831521739130435 0.5367647058823529 0.27608695652173915 0.5272058823529412 0.27010869565217394 0.5205882352941177 0.26304347826086955 0.5095588235294117 0.25706521739130433 0.5029411764705882 0.24891304347826088 0.4904411764705882 0.24456521739130435 0.4860294117647059 0.19891304347826086 0.4860294117647059 0.1983695652173913 0.40147058823529413 0.325 0.4007352941176471 0.32554347826086955 0.4485294117647059 0.33369565217391306 0.44926470588235295 0.3342391304347826 0.6 0.33369565217391306 0.600735294117647
0 0.5304347826086957 0.8522058823529411 0.4043478260869565 0.8522058823529411 0.40380434782608693 0.6014705882352941 0.3467391304347826 0.600735294117647 0.34619565217391307 0.5941176470588235 0.3402173913043478 0.5933823529411765 0.33967391304347827 0.45 0.5304347826086957 0.44926470588235295 0.5309782608695652 0.8514705882352941 0.5304347826086957 0.8522058823529411
0 0.8739130434782608 0.6566176470588235 0.7815217391304348 0.6566176470588235 0.7809782608695652 0.46176470588235297 0.8728260869565218 0.4610294117647059 0.8733695652173913 0.45 0.9402173913043478 0.44926470588235295 0.9407608695652174 0.6323529411764706 0.875 0.6330882352941176 0.8744565217391305 0.6558823529411765 0.8739130434782608 0.6566176470588235
0 0.6945652173913044 0.5860294117647059 0.6108695652173913 0.5860294117647059 0.6103260869565217 0.46911764705882353 0.6945652173913044 0.46838235294117647 0.6951086956521739 0.5852941176470589 0.6945652173913044 0.5860294117647059
0 0.7760869565217391 0.5860294117647059 0.7 0.5860294117647059 0.6994565217391304 0.46911764705882353 0.7760869565217391 0.46838235294117647 0.7766304347826087 0.5852941176470589 0.7760869565217391 0.5860294117647059
0 0.275 0.600735294117647 0.19891304347826086 0.600735294117647 0.1983695652173913 0.49558823529411766 0.24130434782608695 0.4948529411764706 0.27554347826086956 0.5411764705882353 0.27554347826086956 0.6 0.275 0.600735294117647
0 0.7760869565217391 0.8448529411764706 0.6108695652173913 0.8448529411764706 0.6103260869565217 0.5926470588235294 0.7760869565217391 0.5919117647058824 0.7766304347826087 0.8441176470588235 0.7760869565217391 0.8448529411764706
0 0.3456521739130435 0.600735294117647 0.3402173913043478 0.600735294117647 0.33967391304347827 0.5941176470588235 0.3456521739130435 0.5933823529411765 0.34619565217391307 0.6 0.3456521739130435 0.600735294117647
0 0.39565217391304347 0.8522058823529411 0.19891304347826086 0.8522058823529411 0.1983695652173913 0.611764705882353 0.39565217391304347 0.6110294117647059 0.39619565217391306 0.8514705882352941 0.39565217391304347 0.8522058823529411
0 0.9402173913043478 0.8448529411764706 0.7815217391304348 0.8448529411764706 0.7809782608695652 0.6661764705882353 0.8804347826086957 0.6654411764705882 0.8809782608695652 0.6411764705882353 0.9402173913043478 0.6404411764705882 0.9407608695652174 0.8441176470588235 0.9402173913043478 0.8448529411764706
0 0.5347826086956522 0.9683823529411765 0.47934782608695653 0.9683823529411765 0.47880434782608694 0.8735294117647059 0.5347826086956522 0.8727941176470588 0.5353260869565217 0.9676470588235294 0.5347826086956522 0.9683823529411765