0 0.4300168634064081 0.3070500927643785 0.31703204047217537 0.3070500927643785 0.316610455311973 0.07977736549165121 0.4300168634064081 0.07884972170686456 0.43043844856661045 0.30612244897959184 0.4300168634064081 0.3070500927643785
0 0.5286677908937606 0.2922077922077922 0.433389544688027 0.2922077922077922 0.43296795952782463 0.07977736549165121 0.5286677908937606 0.07884972170686456 0.5290893760539629 0.2912801484230056 0.5286677908937606 0.2922077922077922
0 0.4806070826306914 0.42764378478664195 0.433389544688027 0.42764378478664195 0.43296795952782463 0.30241187384044527 0.4806070826306914 0.3014842300556586 0.48102866779089376 0.4267161410018553 0.4806070826306914 0.42764378478664195
0 0.5286677908937606 0.42764378478664195 0.4839797639123103 0.42764378478664195 0.48355817875210794 0.30241187384044527 0.5286677908937606 0.3014842300556586 0.5290893760539629 0.4267161410018553 0.5286677908937606 0.42764378478664195
0 0.4300168634064081 0.7671614100185529 0.33473861720067455 0.7671614100185529 0.3343170320404722 0.6326530612244898 0.39038785834738615 0.6317254174397031 0.3908094435075885 0.588126159554731 0.38870151770657674 0.5871985157699443 0.3882799325463744 0.5343228200371057 0.39038785834738615 0.5333951762523191 0.3908094435075885 0.3747680890538033 0.35328836424957843 0.3738404452690167 0.3528667790893761 0.3803339517625232 0.2748735244519393 0.3812615955473098 0.27445193929173695 0.3079777365491651 0.4300168634064081 0.3070500927643785 0.43043844856661045 0.7662337662337663 0.4300168634064081 0.7671614100185529
0 0.39038785834738615 0.5333951762523191 0.38870151770657674 0.5333951762523191 0.3882799325463744 0.3821892393320965 0.35328836424957843 0.3812615955473098 0.3528667790893761 0.3747680890538033 0.39038785834738615 0.3738404452690167 0.3908094435075885 0.5324675324675324 0.39038785834738615 0.5333951762523191
0 0.38785834738617203 0.6261595547309833 0.2748735244519393 0.6261595547309833 0.27445193929173695 0.5287569573283859 0.2736087689713322 0.5269016697588126 0.2736087689713322 0.4749536178107607 0.27445193929173695 0.47309833024118736 0.27445193929173695 0.3821892393320965 0.38785834738617203 0.3812615955473098 0.3882799325463744 0.6252319109461967 0.38785834738617203 0.6261595547309833
0 0.6905564924114671 0.8692022263450835 0.5590219224283305 0.8692022263450835 0.5586003372681282 0.4007421150278293 0.7790893760539629 0.39981447124304265 0.7795109612141653 0.6623376623376623 0.6913996627318718 0.6632653061224489 0.6909780775716695 0.8682745825602969 0.6905564924114671 0.8692022263450835
0 0.9738617200674536 0.8692022263450835 0.7858347386172007 0.8692022263450835 0.7854131534569984 0.4007421150278293 0.9738617200674536 0.39981447124304265 0.9742833052276559 0.8682745825602969 0.9738617200674536 0.8692022263450835
0 0.16188870151770657 0.5500927643784786 0.03456998313659359 0.5500927643784786 0.03414839797639123 0.424860853432282 0.16188870151770657 0.42393320964749537 0.16231028667790895 0.549165120593692 0.16188870151770657 0.5500927643784786
0 0.26138279932546377 0.5983302411873841 0.16526138279932545 0.5983302411873841 0.1648397976391231 0.424860853432282 0.2715008431703204 0.42393320964749537 0.27192242833052277 0.47309833024118736 0.2736087689713322 0.4749536178107607 0.2736087689713322 0.5269016697588126 0.27192242833052277 0.5287569573283859 0.27192242833052277 0.5510204081632653 0.2622259696458685 0.551948051948052 0.2618043844856661 0.5974025974025974 0.26138279932546377 0.5983302411873841
0 0.5286677908937606 0.6576994434137291 0.433389544688027 0.6576994434137291 0.43296795952782463 0.4359925788497217 0.5286677908937606 0.43506493506493504 0.5290893760539629 0.6567717996289425 0.5286677908937606 0.6576994434137291
0 0.16188870151770657 0.6484230055658627 0.1399662731871838 0.6484230055658627 0.13954468802698144 0.5565862708719852 0.16188870151770657 0.5556586270871985 0.16231028667790895 0.647495361781076 0.16188870151770657 0.6484230055658627
0 0.13069139966273188 0.8840445269016698 0.031197301854974706 0.8840445269016698 0.030775716694772345 0.5658627087198516 0.12900505902192244 0.564935064935065 0.1294266441821248 0.7736549165120594 0.13111298482293424 0.7755102040816326 0.13111298482293424 0.8831168831168831 0.13069139966273188 0.8840445269016698
0 0.26812816188870153 0.7448979591836735 0.21838111298482293 0.7448979591836735 0.21795952782462058 0.6029684601113172 0.2715008431703204 0.6020408163265306 0.27192242833052277 0.660482374768089 0.26897133220910624 0.6614100185528757 0.2685497470489039 0.7439703153988868 0.26812816188870153 0.7448979591836735
0 0.21247892074198987 0.7541743970315399 0.1399662731871838 0.7541743970315399 0.13954468802698144 0.6549165120593692 0.16441821247892074 0.6539888682745826 0.1648397976391231 0.6048237476808905 0.21247892074198987 0.6038961038961039 0.21290050590219226 0.7532467532467533 0.21247892074198987 0.7541743970315399
0 0.33136593591905567 0.8673469387755102 0.2748735244519393 0.8673469387755102 0.27445193929173695 0.6326530612244898 0.33136593591905567 0.6317254174397031 0.331787521079258 0.8664192949907236 0.33136593591905567 0.8673469387755102
0 0.5286677908937606 0.8673469387755102 0.433389544688027 0.8673469387755102 0.43296795952782463 0.6660482374768089 0.5286677908937606 0.6651205936920223 0.5290893760539629 0.8664192949907236 0.5286677908937606 0.8673469387755102
0 0.7790893760539629 0.8692022263450835 0.6947723440134908 0.8692022263450835 0.6943507588532883 0.6716141001855288 0.7790893760539629 0.6706864564007421 0.7795109612141653 0.8682745825602969 0.7790893760539629 0.8692022263450835
0 0.37352445193929174 0.8673469387755102 0.33473861720067455 0.8673469387755102 0.3343170320404722 0.7736549165120594 0.37352445193929174 0.7727272727272727 0.3739460370994941 0.8664192949907236 0.37352445193929174 0.8673469387755102
0 0.4308600337268128 0.8673469387755102 0.3768971332209106 0.8673469387755102 0.37647554806070826 0.7736549165120594 0.4308600337268128 0.7727272727272727 0.43128161888701516 0.8664192949907236 0.4308600337268128 0.8673469387755102