0 0.5274151436031331 0.5840080971659919 0.23237597911227154 0.5840080971659919 0.23172323759791122 0.4574898785425101 0.2349869451697128 0.4564777327935223 0.26566579634464754 0.4089068825910931 0.26566579634464754 0.18421052631578946 0.2793733681462141 0.18319838056680163 0.2800261096605744 0.17813765182186234 0.32506527415143605 0.1771255060728745 0.32571801566579633 0.18218623481781376 0.5274151436031331 0.18319838056680163 0.5280678851174935 0.582995951417004 0.5274151436031331 0.5840080971659919
0 0.23237597911227154 0.45040485829959515 0.07441253263707572 0.45040485829959515 0.0737597911227154 0.18421052631578946 0.26109660574412535 0.18319838056680163 0.26174934725848564 0.4048582995951417 0.24934725848563968 0.4240890688259109 0.24738903394255873 0.4251012145748988 0.2454308093994778 0.43016194331983804 0.24347258485639686 0.4311740890688259 0.24151436031331594 0.43623481781376516 0.239556135770235 0.43724696356275305 0.23759791122715404 0.4423076923076923 0.23563968668407312 0.4433198380566802 0.23237597911227154 0.45040485829959515
0 0.6161879895561357 0.3410931174089069 0.5835509138381201 0.3410931174089069 0.5822454308093995 0.3390688259109312 0.5352480417754569 0.3390688259109312 0.5345953002610966 0.1882591093117409 0.6122715404699739 0.18724696356275303 0.6135770234986945 0.18319838056680163 0.6161879895561357 0.18319838056680163 0.6168407310704961 0.340080971659919 0.6161879895561357 0.3410931174089069
0 0.7336814621409922 0.3410931174089069 0.6214099216710183 0.3410931174089069 0.6207571801566579 0.18421052631578946 0.7336814621409922 0.18319838056680163 0.7343342036553525 0.340080971659919 0.7336814621409922 0.3410931174089069
0 0.8446475195822454 0.347165991902834 0.8002610966057441 0.347165991902834 0.7996083550913838 0.34210526315789475 0.7467362924281984 0.3410931174089069 0.7460835509138382 0.18421052631578946 0.902088772845953 0.18319838056680163 0.9027415143603134 0.340080971659919 0.8459530026109661 0.3410931174089069 0.8453002610966057 0.34615384615384615 0.8446475195822454 0.347165991902834
0 0.7088772845953003 0.5273279352226721 0.5339425587467362 0.5273279352226721 0.533289817232376 0.3481781376518219 0.7088772845953003 0.347165991902834 0.7095300261096605 0.402834008097166 0.7121409921671018 0.4048582995951417 0.7121409921671018 0.4716599190283401 0.7095300261096605 0.47368421052631576 0.7095300261096605 0.5263157894736842 0.7088772845953003 0.5273279352226721
0 0.9190600522193212 0.8572874493927125 0.7258485639686684 0.8572874493927125 0.7251958224543081 0.47368421052631576 0.7180156657963447 0.4726720647773279 0.7173629242819843 0.4048582995951417 0.7245430809399478 0.40384615384615385 0.7251958224543081 0.36639676113360325 0.9190600522193212 0.36538461538461536 0.9197127937336814 0.8562753036437247 0.9190600522193212 0.8572874493927125
0 0.1462140992167102 0.5738866396761133 0.07441253263707572 0.5738866396761133 0.0737597911227154 0.4574898785425101 0.1462140992167102 0.4564777327935223 0.1468668407310705 0.5728744939271255 0.1462140992167102 0.5738866396761133
0 0.22715404699738903 0.5738866396761133 0.1514360313315927 0.5738866396761133 0.15078328981723238 0.4574898785425101 0.22715404699738903 0.4564777327935223 0.22780678851174935 0.5728744939271255 0.22715404699738903 0.5738866396761133
0 0.7088772845953003 0.8309716599190283 0.5339425587467362 0.8309716599190283 0.533289817232376 0.5344129554655871 0.7088772845953003 0.5334008097165992 0.7095300261096605 0.8299595141700404 0.7088772845953003 0.8309716599190283
0 0.22715404699738903 0.8309716599190283 0.07441253263707572 0.8309716599190283 0.0737597911227154 0.5809716599190283 0.22715404699738903 0.5799595141700404 0.22780678851174935 0.8299595141700404 0.22715404699738903 0.8309716599190283
0 0.31723237597911225 0.8370445344129555 0.2689295039164491 0.8370445344129555 0.26827676240208875 0.8319838056680162 0.23237597911227154 0.8309716599190283 0.23172323759791122 0.5850202429149798 0.3198433420365535 0.5840080971659919 0.32049608355091386 0.8299595141700404 0.3178851174934726 0.8319838056680162 0.3178851174934726 0.8360323886639676 0.31723237597911225 0.8370445344129555
0 0.5274151436031331 0.8309716599190283 0.32506527415143605 0.8309716599190283 0.3244125326370757 0.5910931174089069 0.3563968668407311 0.590080971659919 0.35704960835509136 0.5850202429149798 0.5274151436031331 0.5840080971659919 0.5280678851174935 0.8299595141700404 0.5274151436031331 0.8309716599190283