0 0.192 0.18176178660049627 0.086 0.18176178660049627 0.085 0.0794044665012407 0.192 0.07878411910669975 0.193 0.18114143920595532 0.192 0.18176178660049627
0 0.352 0.18176178660049627 0.204 0.18176178660049627 0.203 0.0794044665012407 0.352 0.07878411910669975 0.353 0.18114143920595532 0.352 0.18176178660049627
0 0.512 0.2698511166253102 0.368 0.2698511166253102 0.367 0.0794044665012407 0.512 0.07878411910669975 0.513 0.2692307692307692 0.512 0.2698511166253102
0 0.788 0.2698511166253102 0.696 0.2698511166253102 0.695 0.24937965260545905 0.628 0.2487593052109181 0.627 0.2692307692307692 0.53 0.2698511166253102 0.529 0.0794044665012407 0.788 0.07878411910669975 0.789 0.2692307692307692 0.788 0.2698511166253102
0 0.352 0.36538461538461536 0.086 0.36538461538461536 0.085 0.18734491315136476 0.352 0.18672456575682383 0.353 0.36476426799007444 0.352 0.36538461538461536
0 0.89 0.4088089330024814 0.368 0.4088089330024814 0.367 0.27543424317617865 0.89 0.27481389578163773 0.891 0.40818858560794047 0.89 0.4088089330024814
0 0.352 0.5192307692307693 0.086 0.5192307692307693 0.085 0.3709677419354839 0.352 0.37034739454094295 0.353 0.5186104218362283 0.352 0.5192307692307693
0 0.55 0.6011166253101737 0.368 0.6011166253101737 0.367 0.4094292803970223 0.454 0.4088089330024814 0.455 0.48759305210918114 0.546 0.4882133995037221 0.547 0.4094292803970223 0.558 0.4088089330024814 0.559 0.5483870967741935 0.552 0.5490074441687345 0.551 0.6004962779156328 0.55 0.6011166253101737
0 0.546 0.4882133995037221 0.456 0.4882133995037221 0.455 0.4094292803970223 0.546 0.4088089330024814 0.547 0.48759305210918114 0.546 0.4882133995037221
0 0.89 0.6656327543424317 0.56 0.6656327543424317 0.559 0.4094292803970223 0.89 0.4088089330024814 0.891 0.43424317617866004 0.893 0.43548387096774194 0.894 0.43734491315136476 0.904 0.4423076923076923 0.916 0.4485111662531017 0.919 0.4491315136476427 0.92 0.4509925558312655 0.93 0.45595533498759305 0.937 0.45905707196029777 0.937 0.5769230769230769 0.933 0.5781637717121588 0.929 0.5818858560794045 0.928 0.5837468982630273 0.925 0.5843672456575683 0.917 0.5905707196029777 0.909 0.5967741935483871 0.906 0.5998759305210918 0.903 0.6004962779156328 0.895 0.6066997518610422 0.891 0.6104218362282878 0.891 0.6650124069478908 0.89 0.6656327543424317
0 0.352 0.6656327543424317 0.086 0.6656327543424317 0.085 0.5223325062034739 0.352 0.521712158808933 0.353 0.6650124069478908 0.352 0.6656327543424317
0 0.55 0.6656327543424317 0.368 0.6656327543424317 0.367 0.6066997518610422 0.55 0.6060794044665012 0.551 0.6650124069478908 0.55 0.6656327543424317
0 0.89 0.7971464019851117 0.508 0.7971464019851117 0.507 0.673697270471464 0.89 0.6730769230769231 0.891 0.7965260545905707 0.89 0.7971464019851117
0 0.89 0.9807692307692307 0.462 0.9807692307692307 0.461 0.8076923076923077 0.89 0.8070719602977667 0.891 0.9801488833746899 0.89 0.9807692307692307