0 0.5287356321839081 0.4648 0.2988505747126437 0.4648 0.2978927203065134 0.1424 0.5842911877394636 0.1416 0.5852490421455939 0.3296 0.6053639846743295 0.3304 0.6063218390804598 0.4528 0.5306513409961686 0.4536 0.5296934865900383 0.464 0.5287356321839081 0.4648
0 0.28160919540229884 0.3544 0.06704980842911877 0.3544 0.06609195402298851 0.184 0.28160919540229884 0.1832 0.2825670498084291 0.3536 0.28160919540229884 0.3544
0 0.5268199233716475 0.7064 0.4501915708812261 0.7064 0.4492337164750958 0.4656 0.5287356321839081 0.4648 0.5296934865900383 0.5392 0.6149425287356322 0.54 0.6159003831417624 0.4544 0.60727969348659 0.4536 0.6063218390804598 0.3312 0.867816091954023 0.3304 0.8687739463601533 0.4528 0.6628352490421456 0.4536 0.6618773946360154 0.6608 0.5287356321839081 0.6616 0.5277777777777778 0.7056 0.5268199233716475 0.7064
0 0.28160919540229884 0.6152 0.11494252873563218 0.6152 0.11398467432950192 0.552 0.06704980842911877 0.5512 0.06609195402298851 0.3648 0.28160919540229884 0.364 0.2825670498084291 0.6144 0.28160919540229884 0.6152
0 0.6149425287356322 0.54 0.5306513409961686 0.54 0.5296934865900383 0.4544 0.6149425287356322 0.4536 0.6159003831417624 0.5392 0.6149425287356322 0.54
0 0.867816091954023 0.62 0.7662835249042146 0.62 0.7653256704980843 0.5904 0.6704980842911877 0.5896 0.6695402298850575 0.4624 0.867816091954023 0.4616 0.8687739463601533 0.6192 0.867816091954023 0.62
0 0.4367816091954023 0.7064 0.2988505747126437 0.7064 0.2978927203065134 0.4752 0.4367816091954023 0.4744 0.43773946360153254 0.7056 0.4367816091954023 0.7064
0 0.867816091954023 0.7192 0.7279693486590039 0.7192 0.7270114942528736 0.6608 0.6704980842911877 0.66 0.6695402298850575 0.5952 0.7586206896551724 0.5944 0.7595785440613027 0.624 0.867816091954023 0.6248 0.8687739463601533 0.7184 0.867816091954023 0.7192
0 0.7432950191570882 0.8008 0.5440613026819924 0.8008 0.5431034482758621 0.6688 0.6130268199233716 0.668 0.6139846743295019 0.7344 0.7432950191570882 0.7352 0.7442528735632183 0.8 0.7432950191570882 0.8008
0 0.7145593869731801 0.7272 0.6206896551724138 0.7272 0.6197318007662835 0.6688 0.7145593869731801 0.668 0.7155172413793104 0.7264 0.7145593869731801 0.7272
0 0.867816091954023 0.8008 0.7509578544061303 0.8008 0.75 0.736 0.867816091954023 0.7352 0.8687739463601533 0.8 0.867816091954023 0.8008