0 0.6094839609483961 0.8330188679245283 0.3584379358437936 0.8330188679245283 0.3577405857740586 0.17735849056603772 0.504881450488145 0.17641509433962263 0.5055788005578801 0.439622641509434 0.7308228730822873 0.44056603773584907 0.7329149232914923 0.44339622641509435 0.7329149232914923 0.5830188679245283 0.6136680613668062 0.5839622641509434 0.6122733612273361 0.5858490566037736 0.6101813110181311 0.5867924528301887 0.6101813110181311 0.8320754716981132 0.6094839609483961 0.8330188679245283
0 0.7294281729428173 0.44056603773584907 0.5062761506276151 0.44056603773584907 0.5055788005578801 0.17735849056603772 0.691771269177127 0.17641509433962263 0.6924686192468619 0.3886792452830189 0.7301255230125523 0.439622641509434 0.7294281729428173 0.44056603773584907
0 0.899581589958159 0.44245283018867926 0.7391910739191074 0.44245283018867926 0.6980474198047419 0.3867924528301887 0.6980474198047419 0.17735849056603772 0.899581589958159 0.17641509433962263 0.900278940027894 0.44150943396226416 0.899581589958159 0.44245283018867926
0 0.3514644351464435 0.4650943396226415 0.24267782426778242 0.4650943396226415 0.2419804741980474 0.4207547169811321 0.12273361227336123 0.419811320754717 0.12203626220362622 0.2849056603773585 0.3514644351464435 0.2839622641509434 0.3521617852161785 0.4641509433962264 0.3514644351464435 0.4650943396226415
0 0.23570432357043236 0.6122641509433963 0.12691771269177127 0.6122641509433963 0.12622036262203626 0.42830188679245285 0.23570432357043236 0.42735849056603775 0.23640167364016737 0.6113207547169811 0.23570432357043236 0.6122641509433963
0 0.8145048814504882 0.5707547169811321 0.7377963737796374 0.5707547169811321 0.7370990237099023 0.4509433962264151 0.8145048814504882 0.45 0.8152022315202232 0.569811320754717 0.8145048814504882 0.5707547169811321
0 0.899581589958159 0.5707547169811321 0.8200836820083682 0.5707547169811321 0.8193863319386332 0.4509433962264151 0.899581589958159 0.45 0.900278940027894 0.569811320754717 0.899581589958159 0.5707547169811321
0 0.3486750348675035 0.6084905660377359 0.24546722454672246 0.6084905660377359 0.24476987447698745 0.47735849056603774 0.3486750348675035 0.47641509433962265 0.3493723849372385 0.6075471698113207 0.3486750348675035 0.6084905660377359
0 0.899581589958159 0.8330188679245283 0.7377963737796374 0.8330188679245283 0.7370990237099023 0.5773584905660377 0.899581589958159 0.5764150943396227 0.900278940027894 0.8320754716981132 0.899581589958159 0.8330188679245283
0 0.7336122733612274 0.8330188679245283 0.6164574616457462 0.8330188679245283 0.6157601115760112 0.5867924528301887 0.6129707112970711 0.5849056603773585 0.7322175732217573 0.5839622641509434 0.7329149232914923 0.7452830188679245 0.7343096234309623 0.7471698113207547 0.7343096234309623 0.8320754716981132 0.7336122733612274 0.8330188679245283
0 0.3514644351464435 0.8330188679245283 0.12273361227336123 0.8330188679245283 0.12203626220362622 0.620754716981132 0.3514644351464435 0.619811320754717 0.3521617852161785 0.8320754716981132 0.3514644351464435 0.8330188679245283