0 0.1471698113207547 0.1764386536373507 0.07924528301886792 0.1764386536373507 0.07886792452830188 0.08903365906623235 0.1471698113207547 0.08849077090119435 0.14754716981132077 0.1758957654723127 0.1471698113207547 0.1764386536373507
0 0.2588679245283019 0.22095548317046687 0.15245283018867925 0.22095548317046687 0.1520754716981132 0.08903365906623235 0.2588679245283019 0.08849077090119435 0.2592452830188679 0.22041259500542887 0.2588679245283019 0.22095548317046687
0 0.18867924528301888 0.34581976112920737 0.07924528301886792 0.34581976112920737 0.07886792452830188 0.18458197611292074 0.14641509433962263 0.18403908794788273 0.14679245283018869 0.2269272529858849 0.18867924528301888 0.2274701411509229 0.1890566037735849 0.34527687296416937 0.18867924528301888 0.34581976112920737
0 0.30943396226415093 0.47068403908794787 0.1939622641509434 0.47068403908794787 0.19358490566037737 0.2280130293159609 0.30943396226415093 0.2274701411509229 0.30981132075471696 0.47014115092290987 0.30943396226415093 0.47068403908794787
0 0.18716981132075472 0.47068403908794787 0.07924528301886792 0.47068403908794787 0.07886792452830188 0.3539630836047774 0.18716981132075472 0.3534201954397394 0.18754716981132075 0.47014115092290987 0.18716981132075472 0.47068403908794787
0 0.41509433962264153 0.8507057546145494 0.11622641509433962 0.8507057546145494 0.11584905660377358 0.5895765472312704 0.29358490566037737 0.5890336590662324 0.2939622641509434 0.47122692725298587 0.30943396226415093 0.47068403908794787 0.30981132075471696 0.3789359391965255 0.4181132075471698 0.3783930510314875 0.4184905660377358 0.5537459283387622 0.4158490566037736 0.5542888165038002 0.41547169811320755 0.8501628664495114 0.41509433962264153 0.8507057546145494
0 0.5547169811320755 0.5542888165038002 0.4762264150943396 0.5542888165038002 0.4758490566037736 0.5494028230184582 0.4226415094339623 0.5488599348534202 0.4222641509433962 0.3789359391965255 0.5547169811320755 0.3783930510314875 0.5550943396226415 0.5537459283387622 0.5547169811320755 0.5542888165038002
0 0.6150943396226415 0.5488599348534202 0.5607547169811321 0.5488599348534202 0.560377358490566 0.4223669923995657 0.6150943396226415 0.4218241042345277 0.6154716981132076 0.5483170466883822 0.6150943396226415 0.5488599348534202
0 0.7811320754716982 0.6389793702497285 0.6203773584905661 0.6389793702497285 0.62 0.4223669923995657 0.7811320754716982 0.4218241042345277 0.7815094339622641 0.6384364820846905 0.7811320754716982 0.6389793702497285
0 0.940377358490566 0.8963083604777415 0.7879245283018868 0.8963083604777415 0.7875471698113208 0.4223669923995657 0.940377358490566 0.4218241042345277 0.9407547169811321 0.8957654723127035 0.940377358490566 0.8963083604777415
0 0.22641509433962265 0.5890336590662324 0.11622641509433962 0.5890336590662324 0.11584905660377358 0.4799131378935939 0.22641509433962265 0.4793702497285559 0.22679245283018867 0.5884907709011944 0.22641509433962265 0.5890336590662324
0 0.2875471698113208 0.5803474484256244 0.23320754716981132 0.5803474484256244 0.2328301886792453 0.4799131378935939 0.2875471698113208 0.4793702497285559 0.2879245283018868 0.5798045602605864 0.2875471698113208 0.5803474484256244
0 0.5667924528301886 0.8507057546145494 0.47320754716981134 0.8507057546145494 0.47283018867924526 0.7806731813246471 0.4218867924528302 0.7801302931596091 0.42150943396226415 0.8501628664495114 0.4158490566037736 0.8507057546145494 0.41547169811320755 0.5548317046688382 0.6150943396226415 0.5542888165038002 0.6154716981132076 0.7252985884907709 0.5426415094339623 0.7258414766558089 0.5422641509433962 0.7307274701411509 0.5667924528301886 0.7312703583061889 0.5671698113207547 0.8501628664495114 0.5667924528301886 0.8507057546145494
0 0.7811320754716982 0.8963083604777415 0.6203773584905661 0.8963083604777415 0.62 0.6471226927252985 0.7811320754716982 0.6465798045602605 0.7815094339622641 0.8957654723127035 0.7811320754716982 0.8963083604777415
0 0.6150943396226415 0.8963083604777415 0.5713207547169812 0.8963083604777415 0.5709433962264151 0.7318132464712269 0.6150943396226415 0.7312703583061889 0.6154716981132076 0.8957654723127035 0.6150943396226415 0.8963083604777415
0 0.47245283018867923 0.8507057546145494 0.4218867924528302 0.8507057546145494 0.42150943396226415 0.7806731813246471 0.47245283018867923 0.7801302931596091 0.47283018867924526 0.8501628664495114 0.47245283018867923 0.8507057546145494