0 0.40105540897097625 0.43210862619808305 0.07387862796833773 0.43210862619808305 0.07321899736147758 0.14376996805111822 0.40105540897097625 0.14297124600638977 0.4017150395778364 0.43130990415335463 0.40105540897097625 0.43210862619808305
0 0.46437994722955145 0.24201277955271566 0.40897097625329815 0.24201277955271566 0.408311345646438 0.14376996805111822 0.46437994722955145 0.14297124600638977 0.4650395778364116 0.24121405750798722 0.46437994722955145 0.24201277955271566
0 0.6134564643799473 0.33466453674121405 0.40897097625329815 0.33466453674121405 0.408311345646438 0.24920127795527156 0.46965699208443273 0.24840255591054314 0.4703166226912929 0.14376996805111822 0.6134564643799473 0.14297124600638977 0.6141160949868074 0.33386581469648563 0.6134564643799473 0.33466453674121405
0 0.8430079155672823 0.33466453674121405 0.6213720316622692 0.33466453674121405 0.6207124010554089 0.14376996805111822 0.8430079155672823 0.14297124600638977 0.8436675461741425 0.33386581469648563 0.8430079155672823 0.33466453674121405
0 0.8535620052770448 0.5007987220447284 0.8529023746701847 0.28594249201277955 0.9327176781002638 0.28514376996805113 0.933377308707124 0.4984025559105431 0.8548812664907651 0.4992012779552716 0.8535620052770448 0.5007987220447284
0 0.47229551451187335 0.43210862619808305 0.4076517150395778 0.43210862619808305 0.40699208443271767 0.34345047923322686 0.47229551451187335 0.3426517571884984 0.4729551451187335 0.43130990415335463 0.47229551451187335 0.43210862619808305
0 0.6081794195250659 0.44009584664536744 0.47757255936675463 0.44009584664536744 0.47691292875989444 0.34345047923322686 0.6081794195250659 0.3426517571884984 0.6088390501319261 0.43929712460063897 0.6081794195250659 0.44009584664536744
0 0.8443271767810027 0.700479233226837 0.5052770448548812 0.700479233226837 0.5046174142480211 0.6198083067092651 0.47757255936675463 0.6190095846645367 0.47691292875989444 0.4472843450479233 0.6147757255936676 0.4464856230031949 0.6154353562005277 0.39456869009584666 0.6141160949868074 0.3929712460063898 0.6141160949868074 0.34345047923322686 0.8430079155672823 0.3426517571884984 0.8436675461741425 0.4984025559105431 0.8449868073878628 0.5 0.8449868073878628 0.6996805111821086 0.8443271767810027 0.700479233226837
0 0.6147757255936676 0.4464856230031949 0.6141160949868074 0.39456869009584666 0.6154353562005277 0.39456869009584666 0.6154353562005277 0.44568690095846647 0.6147757255936676 0.4464856230031949
0 0.27308707124010556 0.6988817891373802 0.2717678100263852 0.6972843450479234 0.07651715039577836 0.6972843450479234 0.0758575197889182 0.44089456869009586 0.27308707124010556 0.44009584664536744 0.2737467018469657 0.6980830670926518 0.27308707124010556 0.6988817891373802
0 0.43799472295514513 0.700479233226837 0.341688654353562 0.700479233226837 0.34102902374670185 0.5351437699680511 0.28100263852242746 0.5343450479233227 0.28034300791556727 0.44089456869009586 0.46965699208443273 0.44009584664536744 0.4703166226912929 0.6214057507987221 0.4393139841688654 0.6222044728434505 0.4386543535620053 0.6996805111821086 0.43799472295514513 0.700479233226837
0 0.9327176781002638 0.5007987220447284 0.8548812664907651 0.5007987220447284 0.8548812664907651 0.4992012779552716 0.9327176781002638 0.4992012779552716 0.9327176781002638 0.5007987220447284
0 0.33509234828496043 0.700479233226837 0.28100263852242746 0.700479233226837 0.28034300791556727 0.5415335463258786 0.33509234828496043 0.5407348242811502 0.33575197889182057 0.6996805111821086 0.33509234828496043 0.700479233226837
0 0.49868073878627966 0.700479233226837 0.47757255936675463 0.700479233226837 0.47691292875989444 0.6629392971246006 0.470976253298153 0.6621405750798722 0.4703166226912929 0.6996805111821086 0.4445910290237467 0.700479233226837 0.44393139841688656 0.6261980830670927 0.49868073878627966 0.6253993610223643 0.49934036939313986 0.6996805111821086 0.49868073878627966 0.700479233226837