0 0.2239858906525573 0.3185567010309278 0.014109347442680775 0.3185567010309278 0.013227513227513227 0.1422680412371134 0.21693121693121692 0.14123711340206185 0.21781305114638447 0.19381443298969073 0.2239858906525573 0.19484536082474227 0.22486772486772486 0.31752577319587627 0.2239858906525573 0.3185567010309278
0 0.4074074074074074 0.43402061855670104 0.2310405643738977 0.43402061855670104 0.23015873015873015 0.1958762886597938 0.4126984126984127 0.19484536082474227 0.41358024691358025 0.38969072164948454 0.4091710758377425 0.3907216494845361 0.40828924162257496 0.4329896907216495 0.4074074074074074 0.43402061855670104
0 0.746031746031746 0.4463917525773196 0.4144620811287478 0.4463917525773196 0.41358024691358025 0.43917525773195876 0.43209876543209874 0.4381443298969072 0.4329805996472663 0.4350515463917526 0.4144620811287478 0.43402061855670104 0.41358024691358025 0.1958762886597938 0.7848324514991182 0.19484536082474227 0.7857142857142857 0.4247422680412371 0.7477954144620811 0.42577319587628865 0.7469135802469136 0.44536082474226807 0.746031746031746 0.4463917525773196
0 0.9894179894179894 0.42577319587628865 0.7918871252204586 0.42577319587628865 0.791005291005291 0.1958762886597938 0.9894179894179894 0.19484536082474227 0.9902998236331569 0.4247422680412371 0.9894179894179894 0.42577319587628865
0 0.007054673721340388 0.7082474226804124 0.001763668430335097 0.7082474226804124 0.0008818342151675485 0.334020618556701 0.21693121693121692 0.33298969072164947 0.21781305114638447 0.7051546391752578 0.008818342151675485 0.7061855670103093 0.007054673721340388 0.7082474226804124
0 0.8571428571428571 0.5742268041237113 0.7530864197530864 0.5742268041237113 0.7522045855379189 0.465979381443299 0.7707231040564374 0.46494845360824744 0.7716049382716049 0.4329896907216495 0.8571428571428571 0.43195876288659796 0.8580246913580247 0.5731958762886598 0.8571428571428571 0.5742268041237113
0 0.9894179894179894 0.6134020618556701 0.8641975308641975 0.6134020618556701 0.86331569664903 0.4329896907216495 0.9294532627865961 0.43195876288659796 0.9303350970017636 0.4536082474226804 0.9347442680776014 0.45463917525773195 0.935626102292769 0.4329896907216495 0.9894179894179894 0.43195876288659796 0.9902998236331569 0.5525773195876289 0.9417989417989417 0.5536082474226804 0.9409171075837742 0.5567010309278351 0.9894179894179894 0.5577319587628866 0.9902998236331569 0.6123711340206186 0.9894179894179894 0.6134020618556701
0 0.2998236331569665 0.5288659793814433 0.2310405643738977 0.5288659793814433 0.23015873015873015 0.43917525773195876 0.2998236331569665 0.4381443298969072 0.30070546737213405 0.5278350515463918 0.2998236331569665 0.5288659793814433
0 0.4074074074074074 0.5288659793814433 0.30511463844797176 0.5288659793814433 0.30423280423280424 0.43917525773195876 0.4074074074074074 0.4381443298969072 0.40828924162257496 0.5278350515463918 0.4074074074074074 0.5288659793814433
0 0.527336860670194 0.7783505154639175 0.4144620811287478 0.7783505154639175 0.41358024691358025 0.44742268041237115 0.527336860670194 0.4463917525773196 0.5282186948853616 0.5896907216494846 0.4973544973544973 0.5907216494845361 0.4964726631393298 0.5938144329896907 0.527336860670194 0.5948453608247423 0.5282186948853616 0.7051546391752578 0.4973544973544973 0.7061855670103093 0.4964726631393298 0.711340206185567 0.527336860670194 0.7123711340206186 0.5282186948853616 0.777319587628866 0.527336860670194 0.7783505154639175
0 0.746031746031746 0.7783505154639175 0.5326278659611993 0.7783505154639175 0.5317460317460317 0.5917525773195876 0.5282186948853616 0.5896907216494846 0.5282186948853616 0.44742268041237115 0.746031746031746 0.4463917525773196 0.7469135802469136 0.777319587628866 0.746031746031746 0.7783505154639175
0 0.4074074074074074 0.7391752577319588 0.2310405643738977 0.7391752577319588 0.23015873015873015 0.5360824742268041 0.4074074074074074 0.5350515463917526 0.40828924162257496 0.7381443298969073 0.4074074074074074 0.7391752577319588
0 0.9894179894179894 0.7391752577319588 0.7530864197530864 0.7391752577319588 0.7522045855379189 0.5814432989690722 0.8571428571428571 0.5804123711340207 0.8580246913580247 0.6185567010309279 0.9894179894179894 0.6195876288659794 0.9902998236331569 0.7381443298969073 0.9894179894179894 0.7391752577319588