0 0.6788079470198676 0.2483050847457627 0.5016556291390728 0.2483050847457627 0.5008278145695364 0.2271186440677966 0.49337748344370863 0.22627118644067798 0.4925496688741722 0.17796610169491525 0.5 0.17711864406779662 0.5008278145695364 0.07288135593220339 0.6788079470198676 0.07203389830508475 0.679635761589404 0.24745762711864408 0.6788079470198676 0.2483050847457627
0 0.9370860927152318 0.3228813559322034 0.7433774834437086 0.3228813559322034 0.7425496688741722 0.24915254237288137 0.6870860927152318 0.2483050847457627 0.6862582781456954 0.07288135593220339 0.9370860927152318 0.07203389830508475 0.9379139072847682 0.3220338983050847 0.9370860927152318 0.3228813559322034
0 0.6788079470198676 0.31949152542372883 0.5082781456953642 0.31949152542372883 0.5074503311258278 0.2559322033898305 0.7350993377483444 0.25508474576271184 0.7359271523178808 0.3169491525423729 0.6804635761589404 0.3177966101694915 0.6788079470198676 0.31949152542372883
0 0.6788079470198676 0.4211864406779661 0.6059602649006622 0.4211864406779661 0.6051324503311258 0.32033898305084746 0.6788079470198676 0.31949152542372883 0.679635761589404 0.42033898305084744 0.6788079470198676 0.4211864406779661
0 0.9370860927152318 0.5059322033898305 0.6870860927152318 0.5059322033898305 0.6862582781456954 0.32372881355932204 0.9370860927152318 0.3228813559322034 0.9379139072847682 0.5050847457627119 0.9370860927152318 0.5059322033898305
0 0.597682119205298 0.4194915254237288 0.5016556291390728 0.4194915254237288 0.5008278145695364 0.3288135593220339 0.5529801324503312 0.32796610169491525 0.554635761589404 0.32457627118644067 0.597682119205298 0.32457627118644067 0.5985099337748344 0.4186440677966102 0.597682119205298 0.4194915254237288
0 0.4817880794701987 0.6601694915254237 0.061258278145695365 0.6601694915254237 0.060430463576158944 0.3949152542372881 0.16887417218543047 0.3940677966101695 0.1697019867549669 0.3847457627118644 0.26655629139072845 0.38389830508474576 0.2673841059602649 0.39322033898305087 0.3923841059602649 0.3940677966101695 0.3932119205298013 0.511864406779661 0.48344370860927155 0.5127118644067796 0.48427152317880795 0.523728813559322 0.4826158940397351 0.5254237288135594 0.4826158940397351 0.6593220338983051 0.4817880794701987 0.6601694915254237
0 0.48344370860927155 0.5076271186440678 0.3990066225165563 0.5076271186440678 0.3981788079470199 0.3949152542372881 0.48344370860927155 0.3940677966101695 0.48427152317880795 0.5067796610169492 0.48344370860927155 0.5076271186440678
0 0.5943708609271523 0.6991525423728814 0.49337748344370863 0.6991525423728814 0.4925496688741722 0.6610169491525424 0.48344370860927155 0.6601694915254237 0.4826158940397351 0.5254237288135594 0.5364238410596026 0.5245762711864407 0.5372516556291391 0.5067796610169492 0.5016556291390728 0.5059322033898305 0.5008278145695364 0.4271186440677966 0.6854304635761589 0.42627118644067796 0.6862582781456954 0.5050847457627119 0.5960264900662252 0.5059322033898305 0.5951986754966887 0.5864406779661017 0.5993377483443708 0.5872881355932204 0.6001655629139073 0.635593220338983 0.5960264900662252 0.6364406779661017 0.5951986754966887 0.6983050847457627 0.5943708609271523 0.6991525423728814
0 0.7649006622516556 0.838135593220339 0.6142384105960265 0.838135593220339 0.6134105960264901 0.6372881355932203 0.6059602649006622 0.6364406779661017 0.6051324503311258 0.588135593220339 0.6125827814569537 0.5872881355932204 0.6134105960264901 0.5135593220338983 0.6506622516556292 0.5127118644067796 0.6514900662251656 0.5372881355932203 0.6721854304635762 0.538135593220339 0.6730132450331126 0.5135593220338983 0.7649006622516556 0.5127118644067796 0.765728476821192 0.8372881355932204 0.7649006622516556 0.838135593220339
0 0.9370860927152318 0.838135593220339 0.7731788079470199 0.838135593220339 0.7723509933774835 0.5135593220338983 0.9370860927152318 0.5127118644067796 0.9379139072847682 0.8372881355932204 0.9370860927152318 0.838135593220339
0 0.2533112582781457 0.838135593220339 0.061258278145695365 0.838135593220339 0.060430463576158944 0.6661016949152543 0.28642384105960267 0.6652542372881356 0.28725165562913907 0.747457627118644 0.25496688741721857 0.7483050847457627 0.2541390728476821 0.8372881355932204 0.2533112582781457 0.838135593220339
0 0.4867549668874172 0.838135593220339 0.26158940397350994 0.838135593220339 0.26076158940397354 0.7542372881355932 0.2913907284768212 0.7533898305084745 0.29221854304635764 0.6661016949152543 0.4867549668874172 0.6652542372881356 0.48758278145695366 0.8372881355932204 0.4867549668874172 0.838135593220339
0 0.5761589403973509 0.8144067796610169 0.5248344370860927 0.8144067796610169 0.5240066225165563 0.8050847457627118 0.49337748344370863 0.8042372881355933 0.4925496688741722 0.7050847457627119 0.5943708609271523 0.7042372881355933 0.5951986754966887 0.8033898305084746 0.5778145695364238 0.8042372881355933 0.5769867549668874 0.8135593220338984 0.5761589403973509 0.8144067796610169