0 0.48120300751879697 0.16431451612903225 0.24937343358395989 0.16431451612903225 0.2487468671679198 0.06854838709677419 0.48120300751879697 0.06754032258064516 0.4818295739348371 0.16330645161290322 0.48120300751879697 0.16431451612903225
0 0.6441102756892231 0.6824596774193549 0.5162907268170426 0.6824596774193549 0.5156641604010025 0.2721774193548387 0.6441102756892231 0.2711693548387097 0.6447368421052632 0.6814516129032258 0.6441102756892231 0.6824596774193549
0 0.7080200501253133 0.43649193548387094 0.650375939849624 0.43649193548387094 0.649749373433584 0.2721774193548387 0.7080200501253133 0.2711693548387097 0.7086466165413534 0.43548387096774194 0.7080200501253133 0.43649193548387094
0 0.8245614035087719 0.4627016129032258 0.7230576441102757 0.4627016129032258 0.7224310776942355 0.4112903225806452 0.7406015037593985 0.4102822580645161 0.7412280701754386 0.4032258064516129 0.7130325814536341 0.4022177419354839 0.7124060150375939 0.2721774193548387 0.8245614035087719 0.2711693548387097 0.825187969924812 0.46169354838709675 0.8245614035087719 0.4627016129032258
0 0.9461152882205514 0.4122983870967742 0.8308270676691729 0.4122983870967742 0.8302005012531328 0.2721774193548387 0.9461152882205514 0.2711693548387097 0.9467418546365914 0.4112903225806452 0.9461152882205514 0.4122983870967742
0 0.20426065162907267 0.5433467741935484 0.042606516290726815 0.5433467741935484 0.041979949874686714 0.27419354838709675 0.23308270676691728 0.27318548387096775 0.2337092731829574 0.4737903225806452 0.20551378446115287 0.4747983870967742 0.20488721804511278 0.5423387096774194 0.20426065162907267 0.5433467741935484
0 0.3057644110275689 0.46673387096774194 0.23809523809523808 0.46673387096774194 0.237468671679198 0.27419354838709675 0.3057644110275689 0.27318548387096775 0.30639097744360905 0.4657258064516129 0.3057644110275689 0.46673387096774194
0 0.3483709273182957 0.3860887096774194 0.3107769423558897 0.3860887096774194 0.3101503759398496 0.27419354838709675 0.3483709273182957 0.27318548387096775 0.34899749373433586 0.3850806451612903 0.3483709273182957 0.3860887096774194
0 0.41604010025062654 0.3860887096774194 0.3533834586466165 0.3860887096774194 0.35275689223057644 0.27419354838709675 0.41604010025062654 0.27318548387096775 0.4166666666666667 0.3850806451612903 0.41604010025062654 0.3860887096774194
0 0.4724310776942356 0.3860887096774194 0.42105263157894735 0.3860887096774194 0.42042606516290726 0.27419354838709675 0.4724310776942356 0.27318548387096775 0.4730576441102757 0.3850806451612903 0.4724310776942356 0.3860887096774194
0 0.37969924812030076 0.46673387096774194 0.3107769423558897 0.46673387096774194 0.3101503759398496 0.3951612903225806 0.37969924812030076 0.3941532258064516 0.38032581453634084 0.4657258064516129 0.37969924812030076 0.46673387096774194
0 0.4724310776942356 0.46673387096774194 0.38471177944862156 0.46673387096774194 0.3840852130325815 0.3951612903225806 0.4724310776942356 0.3941532258064516 0.4730576441102757 0.4657258064516129 0.4724310776942356 0.46673387096774194
0 0.9461152882205514 0.6824596774193549 0.8308270676691729 0.6824596774193549 0.8302005012531328 0.4213709677419355 0.9461152882205514 0.42036290322580644 0.9467418546365914 0.6814516129032258 0.9461152882205514 0.6824596774193549
0 0.8245614035087719 0.6824596774193549 0.650375939849624 0.6824596774193549 0.649749373433584 0.4435483870967742 0.6867167919799498 0.4425403225806452 0.6873433583959899 0.4596774193548387 0.7080200501253133 0.46068548387096775 0.7086466165413534 0.46774193548387094 0.8245614035087719 0.46875 0.825187969924812 0.6814516129032258 0.8245614035087719 0.6824596774193549
0 0.34711779448621555 0.6824596774193549 0.20927318295739347 0.6824596774193549 0.20864661654135339 0.5504032258064516 0.23057644110275688 0.5493951612903226 0.231203007518797 0.5443548387096774 0.20551378446115287 0.5433467741935484 0.20488721804511278 0.47580645161290325 0.23308270676691728 0.4747983870967742 0.23433583959899748 0.4727822580645161 0.34711779448621555 0.4727822580645161 0.34774436090225563 0.6814516129032258 0.34711779448621555 0.6824596774193549
0 0.4724310776942356 0.6824596774193549 0.35213032581453635 0.6824596774193549 0.35150375939849626 0.4737903225806452 0.4724310776942356 0.4727822580645161 0.4730576441102757 0.6814516129032258 0.4724310776942356 0.6824596774193549
0 0.20426065162907267 0.6824596774193549 0.042606516290726815 0.6824596774193549 0.041979949874686714 0.5443548387096774 0.18045112781954886 0.5433467741935484 0.18107769423558898 0.5483870967741935 0.20426065162907267 0.5493951612903226 0.20488721804511278 0.6814516129032258 0.20426065162907267 0.6824596774193549