0 0.38878143133462284 0.1898854961832061 0.2688588007736944 0.1898854961832061 0.2678916827852998 0.07442748091603053 0.38878143133462284 0.07347328244274809 0.3897485493230174 0.18893129770992367 0.38878143133462284 0.1898854961832061
0 0.2746615087040619 0.5314885496183206 0.19148936170212766 0.5314885496183206 0.1895551257253385 0.5295801526717557 0.09864603481624758 0.5295801526717557 0.097678916827853 0.19083969465648856 0.26692456479690524 0.1898854961832061 0.2678916827852998 0.44274809160305345 0.27852998065764023 0.4437022900763359 0.27949709864603484 0.4866412213740458 0.27562862669245647 0.48854961832061067 0.27562862669245647 0.5305343511450382 0.2746615087040619 0.5314885496183206
0 0.8239845261121856 0.2833969465648855 0.6769825918762089 0.2833969465648855 0.6760154738878144 0.1984732824427481 0.7040618955512572 0.19751908396946566 0.7050290135396519 0.08015267175572519 0.8239845261121856 0.07919847328244274 0.8249516441005803 0.2824427480916031 0.8239845261121856 0.2833969465648855
0 0.27852998065764023 0.4437022900763359 0.2688588007736944 0.4437022900763359 0.2678916827852998 0.19083969465648856 0.38878143133462284 0.1898854961832061 0.3897485493230174 0.44083969465648853 0.2804642166344294 0.44179389312977096 0.27852998065764023 0.4437022900763359
0 0.6247582205029013 0.3463740458015267 0.5319148936170213 0.3463740458015267 0.5309477756286267 0.1984732824427481 0.6692456479690522 0.19751908396946566 0.6702127659574468 0.2824427480916031 0.6663442940038685 0.2862595419847328 0.660541586073501 0.29389312977099236 0.6566731141199227 0.29961832061068705 0.6508704061895552 0.30725190839694655 0.6470019342359767 0.31297709923664124 0.6450676982591876 0.31679389312977096 0.6392649903288201 0.3244274809160305 0.6353965183752418 0.3301526717557252 0.6295938104448743 0.3377862595419847 0.625725338491296 0.3435114503816794 0.6247582205029013 0.3463740458015267
0 0.8239845261121856 0.5429389312977099 0.7292069632495164 0.5429389312977099 0.7282398452611218 0.5057251908396947 0.7263056092843327 0.5057251908396947 0.7263056092843327 0.5419847328244275 0.632495164410058 0.5429389312977099 0.6315280464216635 0.34541984732824427 0.6334622823984526 0.3435114503816794 0.6373307543520309 0.3377862595419847 0.6411992263056093 0.3320610687022901 0.6450676982591876 0.32633587786259544 0.6508704061895552 0.3187022900763359 0.6547388781431335 0.31297709923664124 0.6586073500967118 0.30725190839694655 0.6644100580270793 0.29961832061068705 0.6663442940038685 0.2958015267175573 0.6702127659574468 0.2900763358778626 0.6711798839458414 0.2872137404580153 0.8239845261121856 0.2872137404580153 0.8249516441005803 0.4217557251908397 0.8123791102514507 0.42270992366412213 0.811411992263056 0.4484732824427481 0.8239845261121856 0.4494274809160305 0.8249516441005803 0.5419847328244275 0.8239845261121856 0.5429389312977099
0 0.6247582205029013 0.4150763358778626 0.5319148936170213 0.4150763358778626 0.5309477756286267 0.3511450381679389 0.6247582205029013 0.3501908396946565 0.625725338491296 0.41412213740458015 0.6247582205029013 0.4150763358778626
0 0.6247582205029013 0.6173664122137404 0.5319148936170213 0.6173664122137404 0.5309477756286267 0.4217557251908397 0.6247582205029013 0.4208015267175573 0.625725338491296 0.6164122137404581 0.6247582205029013 0.6173664122137404
0 0.38878143133462284 0.5333969465648855 0.2804642166344294 0.5333969465648855 0.27949709864603484 0.48854961832061067 0.28433268858800775 0.48759541984732824 0.2852998065764023 0.4484732824427481 0.38878143133462284 0.44751908396946566 0.3897485493230174 0.5324427480916031 0.38878143133462284 0.5333969465648855
0 0.2746615087040619 0.6269083969465649 0.09864603481624758 0.6269083969465649 0.097678916827853 0.5343511450381679 0.18568665377176016 0.5333969465648855 0.18665377176015474 0.5648854961832062 0.1895551257253385 0.5658396946564885 0.19052224371373308 0.5324427480916031 0.2746615087040619 0.5314885496183206 0.27562862669245647 0.6259541984732825 0.2746615087040619 0.6269083969465649
0 0.38878143133462284 0.7013358778625954 0.2804642166344294 0.7013358778625954 0.27949709864603484 0.5400763358778626 0.38878143133462284 0.5391221374045801 0.3897485493230174 0.700381679389313 0.38878143133462284 0.7013358778625954
0 0.8239845261121856 0.7070610687022901 0.6595744680851063 0.7070610687022901 0.6586073500967118 0.6965648854961832 0.632495164410058 0.6956106870229007 0.6315280464216635 0.549618320610687 0.8239845261121856 0.5486641221374046 0.8249516441005803 0.7061068702290076 0.8239845261121856 0.7070610687022901
0 0.620889748549323 0.7051526717557252 0.5319148936170213 0.7051526717557252 0.5309477756286267 0.6297709923664122 0.620889748549323 0.6288167938931297 0.6218568665377177 0.7041984732824428 0.620889748549323 0.7051526717557252
0 0.18762088974854932 0.7013358778625954 0.09864603481624758 0.7013358778625954 0.097678916827853 0.6335877862595419 0.19922630560928434 0.6326335877862596 0.20019342359767892 0.6812977099236641 0.1895551257253385 0.6822519083969466 0.1885880077369439 0.700381679389313 0.18762088974854932 0.7013358778625954
0 0.2746615087040619 0.7013358778625954 0.20502901353965183 0.7013358778625954 0.20406189555125726 0.6335877862595419 0.2746615087040619 0.6326335877862596 0.27562862669245647 0.700381679389313 0.2746615087040619 0.7013358778625954