0 0.29119031607262946 0.32130584192439865 0.07935440484196368 0.32130584192439865 0.07901815736381977 0.10080183276059565 0.29119031607262946 0.1002290950744559 0.2915265635507734 0.3207331042382589 0.29119031607262946 0.32130584192439865
0 0.4317417619367855 0.5103092783505154 0.3032952252858104 0.5103092783505154 0.30295897780766645 0.2027491408934708 0.4317417619367855 0.20217640320733105 0.4320780094149294 0.5097365406643757 0.4317417619367855 0.5103092783505154
0 0.5527908540685945 0.4381443298969072 0.4377942165433759 0.4381443298969072 0.437457969065232 0.2027491408934708 0.5527908540685945 0.20217640320733105 0.5531271015467384 0.43757159221076747 0.5527908540685945 0.4381443298969072
0 0.7545393409549428 0.5126002290950744 0.5595158036314728 0.5126002290950744 0.5591795561533288 0.44788087056128295 0.5585070611970411 0.44673539518900346 0.5585070611970411 0.2027491408934708 0.7565568258238063 0.20217640320733105 0.7568930733019502 0.3344788087056128 0.7552118359112306 0.33505154639175255 0.7548755884330868 0.5120274914089347 0.7545393409549428 0.5126002290950744
0 0.8406186953597848 0.3797250859106529 0.7619367854741089 0.3797250859106529 0.761600537995965 0.2027491408934708 0.9213180901143242 0.20217640320733105 0.9216543375924681 0.35853379152348225 0.8412911903160726 0.359106529209622 0.8409549428379287 0.37915234822451316 0.8406186953597848 0.3797250859106529
0 0.29119031607262946 0.7405498281786942 0.07935440484196368 0.7405498281786942 0.07901815736381977 0.3321878579610538 0.29119031607262946 0.3316151202749141 0.2915265635507734 0.7399770904925544 0.29119031607262946 0.7405498281786942
0 0.9166106254203094 0.5572737686139748 0.8480161398789509 0.5572737686139748 0.847679892400807 0.36884306987399773 0.9166106254203094 0.368270332187858 0.9169468728984532 0.5567010309278351 0.9166106254203094 0.5572737686139748
0 0.8406186953597848 0.5126002290950744 0.7619367854741089 0.5126002290950744 0.761600537995965 0.39060710194730813 0.8406186953597848 0.3900343642611684 0.8409549428379287 0.5120274914089347 0.8406186953597848 0.5126002290950744
0 0.5601882985877606 0.8218785796105383 0.5591795561533288 0.8213058419243986 0.5591795561533288 0.7101947308132875 0.4377942165433759 0.7096219931271478 0.437457969065232 0.44788087056128295 0.558843308675185 0.4473081328751432 0.5591795561533288 0.6964490263459335 0.5598520511096167 0.697594501718213 0.5598520511096167 0.8201603665521191 0.5605245460659045 0.8213058419243986 0.5601882985877606 0.8218785796105383
0 0.7874915938130465 0.8218785796105383 0.5608607935440484 0.8218785796105383 0.5598520511096167 0.8201603665521191 0.5598520511096167 0.6678121420389461 0.5591795561533288 0.6666666666666666 0.5591795561533288 0.5131729667812142 0.7545393409549428 0.5126002290950744 0.7548755884330868 0.5234822451317297 0.7874915938130465 0.5240549828178694 0.7878278412911903 0.8213058419243986 0.7874915938130465 0.8218785796105383
0 0.36314727639542704 0.6065292096219931 0.3032952252858104 0.6065292096219931 0.30295897780766645 0.5200458190148912 0.36314727639542704 0.5194730813287515 0.36348352387357097 0.6059564719358533 0.36314727639542704 0.6065292096219931
0 0.4317417619367855 0.6065292096219931 0.3691997310020175 0.6065292096219931 0.36886348352387355 0.5200458190148912 0.4317417619367855 0.5194730813287515 0.4320780094149294 0.6059564719358533 0.4317417619367855 0.6065292096219931
0 0.9213180901143242 0.8218785796105383 0.7935440484196369 0.8218785796105383 0.7932078009414929 0.5670103092783505 0.7945527908540686 0.565864833906071 0.7945527908540686 0.5246277205040092 0.8406186953597848 0.5240549828178694 0.8409549428379287 0.565864833906071 0.9213180901143242 0.5664375715922108 0.9216543375924681 0.8213058419243986 0.9213180901143242 0.8218785796105383
0 0.4586415601882986 0.8218785796105383 0.3032952252858104 0.8218785796105383 0.30295897780766645 0.6162657502863689 0.4317417619367855 0.6156930126002291 0.4320780094149294 0.7170675830469645 0.4586415601882986 0.7176403207331042 0.4589778076664425 0.8213058419243986 0.4586415601882986 0.8218785796105383
0 0.5534633490248824 0.8218785796105383 0.46469401479488903 0.8218785796105383 0.4643577673167451 0.718213058419244 0.5534633490248824 0.7176403207331042 0.5537995965030262 0.8213058419243986 0.5534633490248824 0.8218785796105383