0 0.40190249702734837 0.44034890264490717 0.09155766944114149 0.44034890264490717 0.09096313912009513 0.2847495779403489 0.40190249702734837 0.2844682048396173 0.40249702734839476 0.44006752954417555 0.40190249702734837 0.44034890264490717
0 0.5053507728894173 0.4803038829487901 0.4102259215219976 0.4803038829487901 0.40963139120095127 0.4462577377602701 0.4126040428061831 0.44597636465953855 0.41319857312722946 0.2847495779403489 0.8430439952437574 0.2844682048396173 0.8436385255648038 0.47945976364659537 0.5065398335315101 0.47974113674732694 0.5053507728894173 0.4803038829487901
0 0.20451843043995244 0.5405177265053461 0.09155766944114149 0.5405177265053461 0.09096313912009513 0.4462577377602701 0.20451843043995244 0.44597636465953855 0.2051129607609988 0.5402363534046145 0.20451843043995244 0.5405177265053461
0 0.3341260404280618 0.5405177265053461 0.2140309155766944 0.5405177265053461 0.21343638525564804 0.4462577377602701 0.3341260404280618 0.44597636465953855 0.3347205707491082 0.5402363534046145 0.3341260404280618 0.5405177265053461
0 0.5053507728894173 0.6277433877321328 0.3460166468489893 0.6277433877321328 0.3454221165279429 0.4462577377602701 0.4090368608799049 0.44597636465953855 0.40963139120095127 0.4800225098480585 0.5053507728894173 0.4803038829487901 0.5059453032104637 0.6274620146314013 0.5053507728894173 0.6277433877321328
0 0.6611177170035671 0.5827236916150816 0.5196195005945303 0.5827236916150816 0.5190249702734839 0.4845244794597636 0.6611177170035671 0.48424310635903206 0.6617122473246135 0.5211029825548678 0.6682520808561236 0.5213843556555994 0.66884661117717 0.5576814856499719 0.6623067776456599 0.5579628587507034 0.6617122473246135 0.58244231851435 0.6611177170035671 0.5827236916150816
0 0.8430439952437574 0.5579628587507034 0.6694411414982164 0.5579628587507034 0.66884661117717 0.5216657287563309 0.6700356718192628 0.5211029825548678 0.6700356718192628 0.4845244794597636 0.8430439952437574 0.48424310635903206 0.8436385255648038 0.5576814856499719 0.8430439952437574 0.5579628587507034
0 0.3341260404280618 0.6828925154755205 0.09155766944114149 0.6828925154755205 0.09096313912009513 0.5447383230163196 0.3341260404280618 0.544456949915588 0.3347205707491082 0.6826111423747889 0.3341260404280618 0.6828925154755205
0 0.8430439952437574 0.7318514350028137 0.5196195005945303 0.7318514350028137 0.5190249702734839 0.5869442881260551 0.6694411414982164 0.5866629150253235 0.6700356718192628 0.562183455261677 0.8430439952437574 0.5619020821609454 0.8436385255648038 0.7315700619020822 0.8430439952437574 0.7318514350028137
0 0.5053507728894173 0.6828925154755205 0.3460166468489893 0.6828925154755205 0.3454221165279429 0.6330894766460327 0.5053507728894173 0.632808103545301 0.5059453032104637 0.6826111423747889 0.5053507728894173 0.6828925154755205
0 0.2140309155766944 0.9575126617895329 0.08680142687277051 0.9575126617895329 0.08620689655172414 0.8581879572312887 0.2140309155766944 0.8579065841305571 0.2146254458977408 0.9572312886888014 0.2140309155766944 0.9575126617895329