0 0.9357923497267759 0.6068904593639576 0.8210382513661202 0.6068904593639576 0.8203551912568307 0.49823321554770317 0.2896174863387978 0.49734982332155475 0.2889344262295082 0.2420494699646643 0.7158469945355191 0.2411660777385159 0.7165300546448088 0.41519434628975266 0.6912568306010929 0.4160777385159011 0.6905737704918032 0.42226148409893993 0.9357923497267759 0.42314487632508835 0.9364754098360656 0.6060070671378092 0.9357923497267759 0.6068904593639576
0 0.842896174863388 0.4160777385159011 0.7226775956284153 0.4160777385159011 0.7219945355191257 0.2420494699646643 0.842896174863388 0.2411660777385159 0.8435792349726776 0.41519434628975266 0.842896174863388 0.4160777385159011
0 0.9357923497267759 0.32420494699646646 0.8483606557377049 0.32420494699646646 0.8476775956284153 0.2420494699646643 0.9357923497267759 0.2411660777385159 0.9364754098360656 0.32332155477031804 0.9357923497267759 0.32420494699646646
0 0.16120218579234974 0.5397526501766784 0.08743169398907104 0.5397526501766784 0.08674863387978142 0.3303886925795053 0.2827868852459016 0.3295053003533569 0.28346994535519127 0.5 0.16256830601092895 0.5008833922261484 0.16188524590163936 0.5388692579505301 0.16120218579234974 0.5397526501766784
0 0.9357923497267759 0.4160777385159011 0.8483606557377049 0.4160777385159011 0.8476775956284153 0.33568904593639576 0.9357923497267759 0.33480565371024734 0.9364754098360656 0.41519434628975266 0.9357923497267759 0.4160777385159011
0 0.42213114754098363 0.6952296819787986 0.2896174863387978 0.6952296819787986 0.2889344262295082 0.5053003533568905 0.42213114754098363 0.5044169611307421 0.4228142076502732 0.6943462897526502 0.42213114754098363 0.6952296819787986
0 0.5300546448087432 0.6952296819787986 0.4275956284153005 0.6952296819787986 0.42691256830601093 0.5053003533568905 0.5587431693989071 0.5044169611307421 0.5594262295081968 0.607773851590106 0.4685792349726776 0.6086572438162544 0.46789617486338797 0.6130742049469965 0.5300546448087432 0.6139575971731449 0.5307377049180327 0.6943462897526502 0.5300546448087432 0.6952296819787986
0 0.6420765027322405 0.6952296819787986 0.5355191256830601 0.6952296819787986 0.5348360655737705 0.6148409893992933 0.5628415300546448 0.6139575971731449 0.5635245901639344 0.5053003533568905 0.6420765027322405 0.5044169611307421 0.64275956284153 0.6943462897526502 0.6420765027322405 0.6952296819787986
0 0.7021857923497268 0.6952296819787986 0.6475409836065574 0.6952296819787986 0.6468579234972678 0.5053003533568905 0.8142076502732241 0.5044169611307421 0.8148907103825137 0.6060070671378092 0.703551912568306 0.6068904593639576 0.7028688524590164 0.6943462897526502 0.7021857923497268 0.6952296819787986
0 0.2103825136612022 0.5945229681978799 0.16530054644808742 0.5945229681978799 0.1646174863387978 0.5070671378091873 0.2103825136612022 0.5061837455830389 0.21106557377049182 0.5936395759717314 0.2103825136612022 0.5945229681978799
0 0.2827868852459016 0.5945229681978799 0.21584699453551912 0.5945229681978799 0.2151639344262295 0.5070671378091873 0.2827868852459016 0.5061837455830389 0.28346994535519127 0.5936395759717314 0.2827868852459016 0.5945229681978799
0 0.15710382513661203 0.6952296819787986 0.08743169398907104 0.6952296819787986 0.08674863387978142 0.5477031802120141 0.15710382513661203 0.5468197879858657 0.15778688524590165 0.6943462897526502 0.15710382513661203 0.6952296819787986
0 0.2827868852459016 0.6934628975265018 0.16530054644808742 0.6934628975265018 0.1646174863387978 0.6024734982332155 0.2827868852459016 0.6015901060070671 0.28346994535519127 0.6925795053003534 0.2827868852459016 0.6934628975265018
0 0.4713114754098361 0.8136042402826855 0.4139344262295082 0.8136042402826855 0.41325136612021857 0.7137809187279152 0.4713114754098361 0.7128975265017667 0.4719945355191257 0.8127208480565371 0.4713114754098361 0.8136042402826855
0 0.7021857923497268 0.9584805653710248 0.4139344262295082 0.9584805653710248 0.41325136612021857 0.8215547703180212 0.47540983606557374 0.8206713780918727 0.4760928961748634 0.7137809187279152 0.7021857923497268 0.7128975265017667 0.7028688524590164 0.9575971731448764 0.7021857923497268 0.9584805653710248