0 0.5307470078415187 0.28646253021756646 0.4634750309533636 0.28646253021756646 0.463268675196038 0.1861402095084609 0.5307470078415187 0.18573730862207896 0.5309533635988444 0.2860596293311845 0.5307470078415187 0.28646253021756646
0 0.35658274865868755 0.3944399677679291 0.29385059843169625 0.3944399677679291 0.2936442426743706 0.2860596293311845 0.29323153115971934 0.2852538275584206 0.29323153115971934 0.19419822723609992 0.3792818819645068 0.19379532634971797 0.37948823772183243 0.36341659951651895 0.35699546017333883 0.3638195004029009 0.3567891044160132 0.39403706688154716 0.35658274865868755 0.3944399677679291
0 0.4205530334296327 0.39605157131345686 0.39785390012381344 0.39605157131345686 0.3976475443664878 0.36422240128928285 0.3834089971110194 0.3638195004029009 0.38320264135369375 0.19419822723609992 0.4531572430870821 0.19379532634971797 0.45336359884440774 0.36422240128928285 0.42096574494428396 0.3646253021756648 0.4207593891869583 0.39564867042707497 0.4205530334296327 0.39605157131345686
0 0.5307470078415187 0.3912167606768735 0.4634750309533636 0.3912167606768735 0.463268675196038 0.29331184528605964 0.5307470078415187 0.2929089443996777 0.5309533635988444 0.39081385979049155 0.5307470078415187 0.3912167606768735
0 0.6912917870408585 0.5894439967767929 0.5670656211308296 0.5894439967767929 0.566859265373504 0.29572925060435135 0.6912917870408585 0.2953263497179694 0.6914981427981841 0.589041095890411 0.6912917870408585 0.5894439967767929
0 0.28972348328518366 0.4661563255439162 0.21708625670656212 0.4661563255439162 0.21687990094923648 0.30701047542304594 0.29013619479983493 0.306607574536664 0.2903425505571606 0.40048348106365833 0.2899298390425093 0.40128928283642223 0.2899298390425093 0.4657534246575342 0.28972348328518366 0.4661563255439162
0 0.4205530334296327 0.467767929089444 0.3425505571605448 0.467767929089444 0.3421378456458935 0.4669621273166801 0.3206768468840281 0.4669621273166801 0.3202641353693768 0.4661563255439162 0.317375154766818 0.4661563255439162 0.3169624432521667 0.4669621273166801 0.2959141560049525 0.4669621273166801 0.2955014444903013 0.4661563255439162 0.29013619479983493 0.4661563255439162 0.2899298390425093 0.40128928283642223 0.35988444077589765 0.4008863819500403 0.3600907965332233 0.370668815471394 0.3945522080066034 0.37026591458501207 0.39475856376392904 0.40128928283642223 0.4205530334296327 0.4016921837228042 0.4207593891869583 0.467365028203062 0.4205530334296327 0.467767929089444
0 0.4527445315724309 0.467767929089444 0.424267437061494 0.467767929089444 0.42406108130416836 0.3722804190169218 0.4531572430870821 0.3718775181305399 0.45336359884440774 0.39081385979049155 0.4529508873297565 0.39161966156325545 0.4529508873297565 0.467365028203062 0.4527445315724309 0.467767929089444
0 0.8130416838629798 0.749798549556809 0.8128353281056542 0.7147461724415793 0.810152703260421 0.7143432715551974 0.8099463475030954 0.7493956486704271 0.7156417664052827 0.749798549556809 0.7154354106479571 0.572119258662369 0.7189434585224928 0.5717163577759871 0.7191498142798184 0.5076551168412571 0.7135782088320264 0.5072522159548751 0.7133718530747007 0.44802578565672846 0.7346264960792406 0.4476228847703465 0.7348328518365662 0.37389202256244963 0.8089145687164672 0.3734891216760677 0.8091209244737928 0.44641418211120065 0.810152703260421 0.4468170829975826 0.8103590590177466 0.6430298146655923 0.8130416838629798 0.6434327155519742 0.8132480396203055 0.7493956486704271 0.8130416838629798 0.749798549556809
0 0.8345026826248453 0.5298146655922643 0.8134543953776311 0.5298146655922643 0.8132480396203055 0.44721998388396456 0.8345026826248453 0.4468170829975826 0.8347090383821708 0.5294117647058824 0.8345026826248453 0.5298146655922643
0 0.8827899298390425 0.5910556003223207 0.8134543953776311 0.5910556003223207 0.8132480396203055 0.5342465753424658 0.8406933553446141 0.5338436744560838 0.8408997111019397 0.44721998388396456 0.8625670656211308 0.4468170829975826 0.8627734213784565 0.5358581788879936 0.8827899298390425 0.5362610797743755 0.8829962855963681 0.5906526994359388 0.8827899298390425 0.5910556003223207
0 0.8931077177053239 0.5314262691377921 0.8662814692529922 0.5314262691377921 0.8660751134956666 0.44721998388396456 0.8931077177053239 0.4468170829975826 0.8933140734626496 0.5310233682514102 0.8931077177053239 0.5314262691377921
0 0.9727610400330169 0.5765511684125705 0.945934791580685 0.5765511684125705 0.9457284358233595 0.5358581788879936 0.9430458109781263 0.5354552780016116 0.9428394552208007 0.5052377115229654 0.9418076764341725 0.5048348106365834 0.9416013206768469 0.5310233682514102 0.8968221213371853 0.5314262691377921 0.8966157655798597 0.44721998388396456 0.9418076764341725 0.4468170829975826 0.9420140321914982 0.47461724415793716 0.9430458109781263 0.4750201450443191 0.9432521667354519 0.44721998388396456 0.9727610400330169 0.4468170829975826 0.9729673957903425 0.5761482675261885 0.9727610400330169 0.5765511684125705
0 0.28972348328518366 0.5942788074133764 0.26784977300866697 0.5942788074133764 0.26764341725134133 0.4665592264302981 0.28683450268262484 0.4661563255439162 0.2870408584399505 0.47219983883964545 0.28972348328518366 0.4726027397260274 0.2899298390425093 0.5938759065269944 0.28972348328518366 0.5942788074133764
0 0.35699546017333883 0.6587429492344883 0.29385059843169625 0.6587429492344883 0.2936442426743706 0.6003223207091055 0.29323153115971934 0.5995165189363416 0.29323153115971934 0.47300564061240935 0.2955014444903013 0.4726027397260274 0.2957078002476269 0.467365028203062 0.3169624432521667 0.4669621273166801 0.31716879900949235 0.5680902497985496 0.35699546017333883 0.5684931506849316 0.35720181593066447 0.6583400483481063 0.35699546017333883 0.6587429492344883
0 0.35699546017333883 0.5620467365028203 0.3206768468840281 0.5620467365028203 0.32047049112670245 0.467365028203062 0.3421378456458935 0.4669621273166801 0.34234420140321914 0.5278001611603546 0.3450268262484523 0.5282030620467365 0.34523318200577796 0.4939564867042707 0.35699546017333883 0.4935535858178888 0.35720181593066447 0.5616438356164384 0.35699546017333883 0.5620467365028203
0 0.11473380107304994 0.6055600322320709 0.0771770532397854 0.6055600322320709 0.07697069748245976 0.47219983883964545 0.13578208832026414 0.4717969379532635 0.13598844407758975 0.5793714746172441 0.1151465125877012 0.5797743755036261 0.11494015683037556 0.6051571313456889 0.11473380107304994 0.6055600322320709
0 0.26454808089145687 0.5531829170024174 0.21708625670656212 0.5531829170024174 0.21687990094923648 0.47300564061240935 0.26454808089145687 0.4726027397260274 0.2647544366487825 0.5527800161160354 0.26454808089145687 0.5531829170024174
0 0.35699546017333883 0.4871071716357776 0.3454395377631036 0.4871071716357776 0.34523318200577796 0.47461724415793716 0.35699546017333883 0.4742143432715552 0.35720181593066447 0.48670427074939565 0.35699546017333883 0.4871071716357776
0 0.4527445315724309 0.6039484286865431 0.36070986380520015 0.6039484286865431 0.3605035080478745 0.47461724415793716 0.4527445315724309 0.4742143432715552 0.4529508873297565 0.6035455278001611 0.4527445315724309 0.6039484286865431
0 0.19232356582748658 0.5749395648670427 0.14073462649607923 0.5749395648670427 0.14052827073875362 0.47703464947622887 0.21048287247214198 0.4766317485898469 0.2106892282294676 0.5471394037066881 0.19273627734213786 0.5475423045930701 0.19252992158481222 0.5745366639806607 0.19232356582748658 0.5749395648670427
0 0.945934791580685 0.7159548751007252 0.8675196037969459 0.7159548751007252 0.8673132480396203 0.5962933118452861 0.8860916219562526 0.5958904109589042 0.8862979777135782 0.5358581788879936 0.9430458109781263 0.5354552780016116 0.9432521667354519 0.580177276390008 0.945934791580685 0.58058017727639 0.9461411473380107 0.7155519742143432 0.945934791580685 0.7159548751007252
0 0.29054890631448616 0.7441579371474617 0.19356170037144035 0.7441579371474617 0.19335534461411474 0.5866236905721193 0.20346677672307056 0.5862207896857373 0.2036731324803962 0.5600322320709106 0.26454808089145687 0.5596293311845286 0.2647544366487825 0.6172441579371475 0.2682624845233182 0.6176470588235294 0.26846884028064383 0.5995165189363416 0.28972348328518366 0.5991136180499597 0.2899298390425093 0.628525382755842 0.2903425505571606 0.6293311845286059 0.2903425505571606 0.6647864625302176 0.2907552620718118 0.6655922643029815 0.2907552620718118 0.7437550362610797 0.29054890631448616 0.7441579371474617
0 0.18984729673957904 0.7441579371474617 0.11803549319026001 0.7441579371474617 0.11782913743293438 0.5866236905721193 0.18984729673957904 0.5862207896857373 0.19005365249690467 0.7437550362610797 0.18984729673957904 0.7441579371474617
0 0.8576145274453157 0.749798549556809 0.8134543953776311 0.749798549556809 0.8132480396203055 0.5962933118452861 0.8638052001650846 0.5958904109589042 0.8640115559224102 0.7155519742143432 0.858027238959967 0.7159548751007252 0.8578208832026414 0.7493956486704271 0.8576145274453157 0.749798549556809
0 0.42674370614940155 0.7457695406929895 0.3433759801898473 0.7457695406929895 0.3431696244325217 0.6655922643029815 0.3602971522905489 0.6651893634165995 0.3605035080478745 0.6107977437550363 0.42674370614940155 0.6103948428686543 0.4269500619067272 0.7453666398066076 0.42674370614940155 0.7457695406929895
0 0.11473380107304994 0.7441579371474617 0.0771770532397854 0.7441579371474617 0.07697069748245976 0.613215149073328 0.11473380107304994 0.612812248186946 0.11494015683037556 0.7437550362610797 0.11473380107304994 0.7441579371474617
0 0.33966157655798596 0.7078968573730863 0.29426330994634753 0.7078968573730863 0.2940569541890219 0.6663980660757454 0.2936442426743706 0.6655922643029815 0.33966157655798596 0.6651893634165995 0.3398679323153116 0.7074939564867043 0.33966157655798596 0.7078968573730863