0 0.2710951526032316 0.5081411126187245 0.2639138240574506 0.5081411126187245 0.2621184919210054 0.5067842605156038 0.05206463195691203 0.5067842605156038 0.05116696588868941 0.12347354138398914 0.40754039497307004 0.12279511533242876 0.40843806104129265 0.5061058344640434 0.27289048473967686 0.5067842605156038 0.2710951526032316 0.5081411126187245
0 0.7576301615798923 0.4280868385345997 0.7019748653500898 0.4280868385345997 0.7001795332136446 0.42672998643147897 0.42010771992818674 0.42672998643147897 0.41921005385996407 0.3093622795115332 0.40933572710951527 0.30868385345997285 0.40843806104129265 0.21166892808683854 0.7594254937163375 0.21099050203527817 0.7603231597845601 0.4260515603799186 0.7576301615798923 0.4280868385345997
0 0.926391382405745 0.324966078697422 0.770197486535009 0.324966078697422 0.7692998204667864 0.2157394843962008 0.926391382405745 0.21506105834464043 0.9272890484739676 0.3242876526458616 0.926391382405745 0.324966078697422
0 0.599640933572711 0.4362279511533243 0.40933572710951527 0.4362279511533243 0.40843806104129265 0.3093622795115332 0.41831238779174146 0.30868385345997285 0.41921005385996407 0.4260515603799186 0.599640933572711 0.42672998643147897 0.6005385996409336 0.4355495251017639 0.599640933572711 0.4362279511533243
0 0.926391382405745 0.43487109905020355 0.770197486535009 0.43487109905020355 0.7692998204667864 0.33242876526458615 0.926391382405745 0.33175033921302577 0.9272890484739676 0.43419267299864317 0.926391382405745 0.43487109905020355
0 0.5906642728904847 0.7388059701492538 0.42010771992818674 0.7388059701492538 0.41921005385996407 0.5006784260515604 0.40933572710951527 0.5 0.40843806104129265 0.4369063772048847 0.599640933572711 0.4362279511533243 0.6005385996409336 0.42740841248303935 0.7001795332136446 0.42672998643147897 0.7010771992818672 0.5630936227951153 0.5314183123877917 0.5637720488466758 0.5305206463195691 0.5712347354138398 0.5906642728904847 0.5719131614654003 0.5915619389587073 0.7381275440976933 0.5906642728904847 0.7388059701492538
0 0.926391382405745 0.5637720488466758 0.7109515260323159 0.5637720488466758 0.7100538599640933 0.4355495251017639 0.926391382405745 0.43487109905020355 0.9272890484739676 0.5630936227951153 0.926391382405745 0.5637720488466758
0 0.2621184919210054 0.6004070556309362 0.05206463195691203 0.6004070556309362 0.05116696588868941 0.5074626865671642 0.2621184919210054 0.5067842605156038 0.263016157989228 0.5997286295793759 0.2621184919210054 0.6004070556309362
0 0.40754039497307004 0.6004070556309362 0.27289048473967686 0.6004070556309362 0.2719928186714542 0.5074626865671642 0.40754039497307004 0.5067842605156038 0.40843806104129265 0.5997286295793759 0.40754039497307004 0.6004070556309362
0 0.926391382405745 0.8310719131614654 0.6014362657091562 0.8310719131614654 0.6005385996409336 0.5725915875169606 0.926391382405745 0.5719131614654003 0.9272890484739676 0.830393487109905 0.926391382405745 0.8310719131614654
0 0.40754039497307004 0.8310719131614654 0.05206463195691203 0.8310719131614654 0.05116696588868941 0.6092265943012212 0.40754039497307004 0.6085481682496607 0.40843806104129265 0.830393487109905 0.40754039497307004 0.8310719131614654
0 0.5906642728904847 0.8310719131614654 0.42010771992818674 0.8310719131614654 0.41921005385996407 0.746268656716418 0.5906642728904847 0.7455902306648575 0.5915619389587073 0.830393487109905 0.5906642728904847 0.8310719131614654