0 0.30939895118999594 0.2457191780821918 0.236385639370714 0.2457191780821918 0.23618394513916902 0.13641552511415525 0.30939895118999594 0.13613013698630136 0.3096006454215409 0.2454337899543379 0.30939895118999594 0.2457191780821918
0 0.38765631302944736 0.2811073059360731 0.31343283582089554 0.2811073059360731 0.31323114158935056 0.13641552511415525 0.38765631302944736 0.13613013698630136 0.38785800726099234 0.2808219178082192 0.38765631302944736 0.2811073059360731
0 0.4594594594594595 0.2811073059360731 0.39128680919725695 0.2811073059360731 0.39108511496571197 0.13641552511415525 0.4594594594594595 0.13613013698630136 0.45966115369100446 0.2808219178082192 0.4594594594594595 0.2811073059360731
0 0.5131101250504235 0.2845319634703196 0.4836627672448568 0.2845319634703196 0.4834610730133118 0.2813926940639269 0.46308995562726907 0.2811073059360731 0.4628882613957241 0.13641552511415525 0.5473981444130698 0.13613013698630136 0.5475998386446148 0.2808219178082192 0.5135135135135135 0.2811073059360731 0.5133118192819686 0.2842465753424658 0.5131101250504235 0.2845319634703196
0 0.609116579265833 0.20633561643835616 0.5510286405808794 0.20633561643835616 0.5508269463493344 0.13641552511415525 0.609116579265833 0.13613013698630136 0.609318273497378 0.2060502283105023 0.609116579265833 0.20633561643835616
0 0.6522791448164582 0.20633561643835616 0.6232351754739814 0.20633561643835616 0.6230334812424365 0.18949771689497716 0.6127470754336426 0.1892123287671233 0.6125453812020977 0.13641552511415525 0.6522791448164582 0.13613013698630136 0.6524808390480032 0.2060502283105023 0.6522791448164582 0.20633561643835616
0 0.609116579265833 0.2811073059360731 0.5510286405808794 0.2811073059360731 0.5508269463493344 0.21118721461187215 0.609116579265833 0.21090182648401826 0.609318273497378 0.2808219178082192 0.609116579265833 0.2811073059360731
0 0.6522791448164582 0.2811073059360731 0.6127470754336426 0.2811073059360731 0.6125453812020977 0.2243150684931507 0.6228317870108915 0.2240296803652968 0.6230334812424365 0.21118721461187215 0.6522791448164582 0.21090182648401826 0.6524808390480032 0.2808219178082192 0.6522791448164582 0.2811073059360731
0 0.30939895118999594 0.449486301369863 0.236385639370714 0.449486301369863 0.23618394513916902 0.2511415525114155 0.30939895118999594 0.2508561643835616 0.3096006454215409 0.4492009132420091 0.30939895118999594 0.449486301369863
0 0.5990318676885841 0.449486301369863 0.47317466720451795 0.449486301369863 0.47297297297297297 0.2865296803652968 0.48325937878176684 0.2862442922374429 0.4834610730133118 0.2848173515981735 0.5131101250504235 0.2845319634703196 0.5133118192819686 0.2865296803652968 0.5990318676885841 0.2868150684931507 0.5992335619201291 0.4492009132420091 0.5990318676885841 0.449486301369863
0 0.3582089552238806 0.3307648401826484 0.31343283582089554 0.3307648401826484 0.31323114158935056 0.2865296803652968 0.3582089552238806 0.2862442922374429 0.35841064945542556 0.3304794520547945 0.3582089552238806 0.3307648401826484
0 0.472771278741428 0.415810502283105 0.42396127470754336 0.415810502283105 0.4237595804759984 0.3310502283105023 0.3618394513916902 0.3307648401826484 0.36163775716014523 0.2865296803652968 0.472771278741428 0.2862442922374429 0.47297297297297297 0.4155251141552511 0.472771278741428 0.415810502283105
0 0.6417910447761194 0.3604452054794521 0.6026623638563937 0.3604452054794521 0.6024606696248487 0.29337899543379 0.6417910447761194 0.2930936073059361 0.6419927390076644 0.3601598173515982 0.6417910447761194 0.3604452054794521
0 0.754336425978217 0.4146689497716895 0.645421540943929 0.4146689497716895 0.645219846712384 0.29337899543379 0.754336425978217 0.2930936073059361 0.754538120209762 0.4143835616438356 0.754336425978217 0.4146689497716895
0 0.8168616377571601 0.3381849315068493 0.7583703106091165 0.3381849315068493 0.7581686163775716 0.29337899543379 0.8168616377571601 0.2930936073059361 0.8170633319887052 0.3378995433789954 0.8168616377571601 0.3381849315068493
0 0.9112545381202097 0.3764269406392694 0.8208955223880597 0.3764269406392694 0.8206938281565147 0.29337899543379 0.9112545381202097 0.2930936073059361 0.9114562323517548 0.3761415525114155 0.9112545381202097 0.3764269406392694
0 0.9435256151674062 0.4751712328767123 0.9052037111738604 0.4751712328767123 0.9050020169423154 0.3818493150684932 0.9164985881403792 0.3815639269406393 0.9167002823719241 0.3767123287671233 0.9152884227511093 0.3764269406392694 0.9150867285195643 0.29337899543379 0.9874949576442114 0.2930936073059361 0.9876966518757564 0.3761415525114155 0.9378781766841469 0.3764269406392694 0.9376764824526018 0.3812785388127854 0.9435256151674062 0.3815639269406393 0.9437273093989512 0.4748858447488584 0.9435256151674062 0.4751712328767123
0 0.38483259378781765 0.449486301369863 0.31343283582089554 0.449486301369863 0.31323114158935056 0.3361872146118721 0.38483259378781765 0.3359018264840183 0.3850342880193626 0.4492009132420091 0.38483259378781765 0.449486301369863
0 0.4203307785397338 0.3895547945205479 0.38886647841871724 0.3895547945205479 0.38866478418717226 0.3361872146118721 0.4203307785397338 0.3359018264840183 0.42053247277127875 0.3892694063926941 0.4203307785397338 0.3895547945205479
0 0.8168616377571601 0.4780251141552511 0.7583703106091165 0.4780251141552511 0.7581686163775716 0.3430365296803653 0.8168616377571601 0.3427511415525114 0.8170633319887052 0.4777397260273973 0.8168616377571601 0.4780251141552511
0 0.6417910447761194 0.4146689497716895 0.6026623638563937 0.4146689497716895 0.6024606696248487 0.365296803652968 0.6417910447761194 0.3650114155251142 0.6419927390076644 0.4143835616438356 0.6417910447761194 0.4146689497716895
0 0.9015732150060508 0.4751712328767123 0.8596208148446954 0.4751712328767123 0.8594191206131505 0.4463470319634703 0.8208955223880597 0.4460616438356164 0.8206938281565147 0.3818493150684932 0.9015732150060508 0.3815639269406393 0.9017749092375958 0.4748858447488584 0.9015732150060508 0.4751712328767123
0 0.9874949576442114 0.4751712328767123 0.9479628882613957 0.4751712328767123 0.9477611940298507 0.3818493150684932 0.9874949576442114 0.3815639269406393 0.9876966518757564 0.4748858447488584 0.9874949576442114 0.4751712328767123
0 0.4203307785397338 0.449486301369863 0.38886647841871724 0.449486301369863 0.38866478418717226 0.3949771689497717 0.4203307785397338 0.3946917808219178 0.42053247277127875 0.4492009132420091 0.4203307785397338 0.449486301369863
0 0.754336425978217 0.5396689497716894 0.6026623638563937 0.5396689497716894 0.6024606696248487 0.4195205479452055 0.7075433642597821 0.4192351598173516 0.7077450584913272 0.4480593607305936 0.7081484469544171 0.4486301369863014 0.7085518354175071 0.4497716894977169 0.709358612343687 0.4514840182648402 0.7097620008067769 0.4526255707762557 0.7105687777329568 0.454337899543379 0.7109721661960468 0.4554794520547945 0.7117789431222267 0.4571917808219178 0.7121823315853166 0.4583333333333333 0.7121823315853166 0.4594748858447489 0.7129891085114965 0.4606164383561644 0.7133924969745865 0.4617579908675799 0.7141992739007664 0.4634703196347032 0.7150060508269463 0.4651826484018265 0.7154094392900363 0.466324200913242 0.7162162162162162 0.4680365296803653 0.7166196046793062 0.4691780821917808 0.7170229931423961 0.4703196347031963 0.7178297700685761 0.4720319634703196 0.718636546994756 0.4737442922374429 0.718636546994756 0.4748858447488584 0.719039935457846 0.4754566210045662 0.7198467123840259 0.4771689497716895 0.7202501008471158 0.478310502283105 0.7210568777732956 0.4800228310502283 0.7214602662363856 0.4811643835616438 0.7222670431625655 0.4828767123287671 0.7226704316256555 0.4840182648401826 0.7234772085518354 0.4857305936073059 0.7238805970149254 0.4868721461187215 0.7246873739411053 0.4885844748858447 0.7248890681726503 0.4894406392694064 0.754336425978217 0.4894406392694064 0.754538120209762 0.5393835616438356 0.754336425978217 0.5396689497716894
0 0.754336425978217 0.4848744292237443 0.72730939895119 0.4848744292237443 0.7263009277934651 0.4828767123287671 0.7258975393303752 0.4817351598173516 0.7250907624041952 0.4800228310502283 0.7246873739411053 0.4788812785388128 0.7238805970149254 0.4771689497716895 0.7234772085518354 0.476027397260274 0.7226704316256555 0.4743150684931507 0.7222670431625655 0.4731735159817352 0.7214602662363856 0.4714611872146119 0.7210568777732956 0.4703196347031963 0.7206534893102057 0.4691780821917808 0.7198467123840259 0.4674657534246575 0.719039935457846 0.4657534246575342 0.719039935457846 0.4646118721461187 0.718636546994756 0.464041095890411 0.7178297700685761 0.4623287671232877 0.7174263816054861 0.4611872146118721 0.7166196046793062 0.4594748858447489 0.7162162162162162 0.4583333333333333 0.7154094392900363 0.45662100456621 0.7150060508269463 0.4554794520547945 0.7141992739007664 0.4537671232876712 0.7133924969745865 0.4520547945205479 0.7129891085114965 0.4509132420091324 0.7121823315853166 0.4492009132420091 0.7117789431222267 0.4480593607305936 0.7117789431222267 0.4469178082191781 0.7109721661960468 0.4463470319634703 0.7109721661960468 0.4195205479452055 0.754336425978217 0.4192351598173516 0.754538120209762 0.4845890410958904 0.754336425978217 0.4848744292237443
0 0.4691407825736184 0.449486301369863 0.42396127470754336 0.449486301369863 0.4237595804759984 0.4212328767123288 0.4691407825736184 0.4209474885844749 0.4693424768051634 0.4492009132420091 0.4691407825736184 0.449486301369863
0 0.8555869302137958 0.4962899543378995 0.8208955223880597 0.4962899543378995 0.8206938281565147 0.4509132420091324 0.8555869302137958 0.4506278538812785 0.8557886244453409 0.4960045662100457 0.8555869302137958 0.4962899543378995
0 0.9874949576442114 0.8273401826484018 0.7583703106091165 0.8273401826484018 0.7581686163775716 0.6381278538812786 0.754739814441307 0.6378424657534246 0.754538120209762 0.6718036529680366 0.7498991528842275 0.6720890410958904 0.7496974586526826 0.678082191780822 0.7067365873336022 0.6783675799086758 0.7065348931020573 0.5445205479452054 0.754336425978217 0.5442351598173516 0.754538120209762 0.5884703196347032 0.7579669221460267 0.588755707762557 0.7581686163775716 0.478310502283105 0.8168616377571601 0.4780251141552511 0.8170633319887052 0.5005707762557078 0.8592174263816055 0.5008561643835616 0.8594191206131505 0.4805936073059361 0.9874949576442114 0.4803082191780822 0.9876966518757564 0.827054794520548 0.9874949576442114 0.8273401826484018
0 0.7031060911657927 0.6783675799086758 0.6789027833803953 0.6783675799086758 0.6787010891488503 0.672945205479452 0.6026623638563937 0.6726598173515982 0.6024606696248487 0.5445205479452054 0.7031060911657927 0.5442351598173516 0.7033077853973376 0.678082191780822 0.7031060911657927 0.6783675799086758
0 0.6401774909237595 0.7314497716894978 0.6026623638563937 0.7314497716894978 0.6024606696248487 0.6832191780821918 0.6401774909237595 0.6829337899543378 0.6403791851553046 0.7311643835616438 0.6401774909237595 0.7314497716894978
0 0.7494957644211375 0.8273401826484018 0.6026623638563937 0.8273401826484018 0.6024606696248487 0.7363013698630136 0.6438079870915692 0.7360159817351598 0.6440096813231142 0.6832191780821918 0.7494957644211375 0.6829337899543378 0.7496974586526826 0.827054794520548 0.7494957644211375 0.8273401826484018