0 0.32124352331606215 0.24856321839080459 0.10362694300518134 0.24856321839080459 0.10319516407599309 0.09386973180076628 0.32124352331606215 0.09339080459770115 0.3216753022452504 0.24808429118773948 0.32124352331606215 0.24856321839080459
0 0.43523316062176165 0.24856321839080459 0.3290155440414508 0.24856321839080459 0.3285837651122625 0.09386973180076628 0.47668393782383417 0.09339080459770115 0.47711571675302245 0.21839080459770116 0.43609671848013815 0.21886973180076627 0.4356649395509499 0.24808429118773948 0.43523316062176165 0.24856321839080459
0 0.6260794473229706 0.24856321839080459 0.5293609671848014 0.24856321839080459 0.5289291882556131 0.2193486590038314 0.4835924006908463 0.21886973180076627 0.483160621761658 0.09386973180076628 0.6260794473229706 0.09339080459770115 0.6265112262521589 0.24808429118773948 0.6260794473229706 0.24856321839080459
0 0.6329879101899827 0.24856321839080459 0.6269430051813472 0.24856321839080459 0.6265112262521589 0.09386973180076628 0.6329879101899827 0.09339080459770115 0.633419689119171 0.24808429118773948 0.6329879101899827 0.24856321839080459
0 0.8549222797927462 0.24856321839080459 0.6338514680483592 0.24856321839080459 0.633419689119171 0.09386973180076628 0.8549222797927462 0.09339080459770115 0.8553540587219344 0.24808429118773948 0.8549222797927462 0.24856321839080459
0 0.22279792746113988 0.4477969348659004 0.10362694300518134 0.4477969348659004 0.10319516407599309 0.2547892720306513 0.25215889464594127 0.2543103448275862 0.25259067357512954 0.31800766283524906 0.2236614853195164 0.3184865900383142 0.22322970639032816 0.32375478927203066 0.25215889464594127 0.3242337164750958 0.25259067357512954 0.4061302681992337 0.2236614853195164 0.40660919540229884 0.22322970639032816 0.44731800766283525 0.22279792746113988 0.4477969348659004
0 0.43523316062176165 0.39990421455938696 0.37823834196891193 0.39990421455938696 0.37780656303972365 0.32471264367816094 0.3955094991364421 0.3242337164750958 0.3959412780656304 0.31896551724137934 0.25820379965457685 0.3184865900383142 0.25777202072538863 0.2547892720306513 0.43523316062176165 0.2543103448275862 0.4356649395509499 0.3994252873563218 0.43523316062176165 0.39990421455938696
0 0.4784110535405872 0.35201149425287354 0.44127806563039723 0.35201149425287354 0.44084628670120896 0.2547892720306513 0.4784110535405872 0.2543103448275862 0.4788428324697755 0.35153256704980845 0.4784110535405872 0.35201149425287354
0 0.5233160621761658 0.3184865900383142 0.4853195164075993 0.3184865900383142 0.4848877374784111 0.2547892720306513 0.5233160621761658 0.2543103448275862 0.5237478411053541 0.31800766283524906 0.5233160621761658 0.3184865900383142
0 0.5820379965457686 0.39798850574712646 0.5293609671848014 0.39798850574712646 0.5289291882556131 0.2547892720306513 0.697754749568221 0.2543103448275862 0.6981865284974094 0.3132183908045977 0.5639032815198618 0.3136973180076628 0.5634715025906736 0.31896551724137934 0.5820379965457686 0.3194444444444444 0.5824697754749568 0.3975095785440613 0.5820379965457686 0.39798850574712646
0 0.8549222797927462 0.4477969348659004 0.731433506044905 0.4477969348659004 0.7310017271157168 0.4013409961685824 0.7046632124352331 0.40086206896551724 0.7042314335060449 0.31992337164750956 0.7305699481865285 0.3194444444444444 0.7310017271157168 0.31417624521072796 0.7046632124352331 0.3136973180076628 0.7042314335060449 0.2547892720306513 0.8549222797927462 0.2543103448275862 0.8553540587219344 0.44731800766283525 0.8549222797927462 0.4477969348659004
0 0.7245250431778929 0.4477969348659004 0.5880829015544041 0.4477969348659004 0.5876511226252159 0.31992337164750956 0.697754749568221 0.3194444444444444 0.6981865284974094 0.4061302681992337 0.7245250431778929 0.40660919540229884 0.7249568221070811 0.44731800766283525 0.7245250431778929 0.4477969348659004
0 0.37132987910189985 0.4477969348659004 0.229706390328152 0.4477969348659004 0.22927461139896374 0.41475095785440613 0.25734024179620035 0.414272030651341 0.25777202072538863 0.32471264367816094 0.37132987910189985 0.3242337164750958 0.37176165803108807 0.44731800766283525 0.37132987910189985 0.4477969348659004
0 0.5233160621761658 0.35201149425287354 0.4853195164075993 0.35201149425287354 0.4848877374784111 0.32471264367816094 0.5233160621761658 0.3242337164750958 0.5237478411053541 0.35153256704980845 0.5233160621761658 0.35201149425287354
0 0.5233160621761658 0.5100574712643678 0.44127806563039723 0.5100574712643678 0.44084628670120896 0.35823754789272033 0.5233160621761658 0.3577586206896552 0.5237478411053541 0.5095785440613027 0.5233160621761658 0.5100574712643678
0 0.5820379965457686 0.4477969348659004 0.5293609671848014 0.4477969348659004 0.5289291882556131 0.4042145593869732 0.5820379965457686 0.40373563218390807 0.5824697754749568 0.44731800766283525 0.5820379965457686 0.4477969348659004
0 0.43523316062176165 0.4477969348659004 0.37823834196891193 0.4477969348659004 0.37780656303972365 0.4061302681992337 0.43523316062176165 0.40565134099616856 0.4356649395509499 0.44731800766283525 0.43523316062176165 0.4477969348659004
0 0.22797927461139897 0.9094827586206896 0.1001727115716753 0.9094827586206896 0.09974093264248704 0.5545977011494253 0.22797927461139897 0.5541187739463601 0.22841105354058722 0.9090038314176245 0.22797927461139897 0.9094827586206896
0 0.29533678756476683 0.703544061302682 0.23488773747841105 0.703544061302682 0.2344559585492228 0.5545977011494253 0.29533678756476683 0.5541187739463601 0.2957685664939551 0.7030651340996169 0.29533678756476683 0.703544061302682
0 0.40414507772020725 0.703544061302682 0.3005181347150259 0.703544061302682 0.30008635578583764 0.5545977011494253 0.40414507772020725 0.5541187739463601 0.4045768566493955 0.7030651340996169 0.40414507772020725 0.703544061302682
0 0.46459412780656306 0.703544061302682 0.41018998272884283 0.703544061302682 0.40975820379965455 0.5545977011494253 0.4930915371329879 0.5541187739463601 0.49352331606217614 0.6704980842911877 0.46545768566493956 0.6709770114942529 0.4650259067357513 0.7030651340996169 0.46459412780656306 0.703544061302682
0 0.6217616580310881 0.703544061302682 0.5241796200345423 0.703544061302682 0.5237478411053541 0.671455938697318 0.49827288428324695 0.6709770114942529 0.49784110535405873 0.5545977011494253 0.6217616580310881 0.5541187739463601 0.6221934369602763 0.7030651340996169 0.6217616580310881 0.703544061302682
0 0.7184801381692574 0.703544061302682 0.6278065630397237 0.703544061302682 0.6273747841105354 0.5545977011494253 0.7184801381692574 0.5541187739463601 0.7189119170984456 0.7030651340996169 0.7184801381692574 0.703544061302682
0 0.8609671848013817 0.9094827586206896 0.7245250431778929 0.9094827586206896 0.7240932642487047 0.5545977011494253 0.8609671848013817 0.5541187739463601 0.8613989637305699 0.9090038314176245 0.8609671848013817 0.9094827586206896
0 0.6217616580310881 0.7667624521072797 0.23488773747841105 0.7667624521072797 0.2344559585492228 0.7097701149425287 0.6217616580310881 0.7092911877394636 0.6221934369602763 0.7662835249042146 0.6217616580310881 0.7667624521072797
0 0.7184801381692574 0.9094827586206896 0.6278065630397237 0.9094827586206896 0.6273747841105354 0.7097701149425287 0.7184801381692574 0.7092911877394636 0.7189119170984456 0.9090038314176245 0.7184801381692574 0.9094827586206896
0 0.3022452504317789 0.9094827586206896 0.23488773747841105 0.9094827586206896 0.2344559585492228 0.7729885057471264 0.3022452504317789 0.7725095785440613 0.3026770293609672 0.9090038314176245 0.3022452504317789 0.9094827586206896
0 0.36787564766839376 0.9094827586206896 0.307426597582038 0.9094827586206896 0.3069948186528497 0.7729885057471264 0.36787564766839376 0.7725095785440613 0.36830742659758203 0.9090038314176245 0.36787564766839376 0.9094827586206896
0 0.4317789291882556 0.9094827586206896 0.3756476683937824 0.9094827586206896 0.3752158894645941 0.7729885057471264 0.4317789291882556 0.7725095785440613 0.4322107081174439 0.9090038314176245 0.4317789291882556 0.9094827586206896
0 0.5129533678756477 0.9688697318007663 0.4386873920552677 0.9688697318007663 0.43825561312607947 0.7729885057471264 0.47668393782383417 0.7725095785440613 0.47711571675302245 0.9348659003831418 0.47150259067357514 0.9353448275862069 0.47107081174438686 0.9099616858237548 0.4680483592400691 0.9094827586206896 0.4676165803108808 0.9386973180076629 0.48186528497409326 0.939176245210728 0.48229706390328153 0.8275862068965517 0.5164075993091537 0.8271072796934866 0.5168393782383419 0.9090038314176245 0.5138169257340242 0.9094827586206896 0.5133851468048359 0.9683908045977011 0.5129533678756477 0.9688697318007663
0 0.5164075993091537 0.8232758620689655 0.48272884283246975 0.8232758620689655 0.48229706390328153 0.7729885057471264 0.5164075993091537 0.7725095785440613 0.5168393782383419 0.8227969348659003 0.5164075993091537 0.8232758620689655
0 0.6217616580310881 0.9094827586206896 0.5224525043177893 0.9094827586206896 0.522020725388601 0.7729885057471264 0.6217616580310881 0.7725095785440613 0.6221934369602763 0.9090038314176245 0.6217616580310881 0.9094827586206896
0 0.4283246977547496 0.9688697318007663 0.3687392055267703 0.9688697318007663 0.36830742659758203 0.9195402298850575 0.4283246977547496 0.9190613026819924 0.42875647668393785 0.9683908045977011 0.4283246977547496 0.9688697318007663
0 0.5889464594127807 0.9688697318007663 0.5241796200345423 0.9688697318007663 0.5237478411053541 0.9204980842911877 0.5889464594127807 0.9200191570881227 0.5893782383419689 0.9683908045977011 0.5889464594127807 0.9688697318007663