0 0.13070866141732285 0.10596546310832025 0.04094488188976378 0.10596546310832025 0.04015748031496063 0.015698587127158554 0.13070866141732285 0.014913657770800628 0.131496062992126 0.10518053375196232 0.13070866141732285 0.10596546310832025
0 0.2677165354330709 0.17189952904238617 0.13858267716535433 0.17189952904238617 0.1377952755905512 0.015698587127158554 0.2677165354330709 0.014913657770800628 0.268503937007874 0.17111459968602827 0.2677165354330709 0.17189952904238617
0 0.2677165354330709 0.4042386185243328 0.04094488188976378 0.4042386185243328 0.04015748031496063 0.18053375196232338 0.2755905511811024 0.17974882260596547 0.2763779527559055 0.015698587127158554 0.4031496062992126 0.014913657770800628 0.40393700787401576 0.2370486656200942 0.2692913385826772 0.23783359497645212 0.268503937007874 0.40345368916797486 0.2677165354330709 0.4042386185243328
0 0.5606299212598426 0.17189952904238617 0.4125984251968504 0.17189952904238617 0.41181102362204725 0.015698587127158554 0.5606299212598426 0.014913657770800628 0.5614173228346456 0.17111459968602827 0.5606299212598426 0.17189952904238617
0 0.7181102362204724 0.17189952904238617 0.5700787401574803 0.17189952904238617 0.5692913385826772 0.015698587127158554 0.7181102362204724 0.014913657770800628 0.7188976377952756 0.17111459968602827 0.7181102362204724 0.17189952904238617
0 0.13070866141732285 0.17189952904238617 0.04094488188976378 0.17189952904238617 0.04015748031496063 0.11459968602825746 0.13070866141732285 0.11381475667189953 0.131496062992126 0.17111459968602827 0.13070866141732285 0.17189952904238617
0 0.6535433070866141 0.4042386185243328 0.5196850393700787 0.4042386185243328 0.5188976377952756 0.23861852433281006 0.4047244094488189 0.23783359497645212 0.40393700787401576 0.18053375196232338 0.6551181102362205 0.17974882260596547 0.6559055118110236 0.2794348508634223 0.662992125984252 0.2802197802197802 0.6637795275590551 0.37205651491365777 0.6551181102362205 0.3728414442700157 0.6543307086614173 0.40345368916797486 0.6535433070866141 0.4042386185243328
0 0.8062992125984252 0.39481946624803765 0.6645669291338583 0.39481946624803765 0.6637795275590551 0.28100470957613816 0.6622047244094488 0.2794348508634223 0.6622047244094488 0.18053375196232338 0.8062992125984252 0.17974882260596547 0.8070866141732284 0.3940345368916798 0.8062992125984252 0.39481946624803765
0 0.9716535433070866 0.38854003139717425 0.815748031496063 0.38854003139717425 0.8149606299212598 0.18053375196232338 0.9716535433070866 0.17974882260596547 0.9724409448818898 0.3877551020408163 0.9716535433070866 0.38854003139717425
0 0.45354330708661417 0.4042386185243328 0.27716535433070866 0.4042386185243328 0.2763779527559055 0.24646781789638933 0.510236220472441 0.2456828885400314 0.511023622047244 0.33437990580847726 0.45511811023622045 0.33516483516483514 0.45433070866141734 0.40345368916797486 0.45354330708661417 0.4042386185243328
0 0.510236220472441 0.4042386185243328 0.462992125984252 0.4042386185243328 0.4622047244094488 0.34379905808477235 0.510236220472441 0.34301412872841447 0.511023622047244 0.40345368916797486 0.510236220472441 0.4042386185243328
0 0.8062992125984252 0.5298273155416012 0.662992125984252 0.5298273155416012 0.6622047244094488 0.4050235478806907 0.6551181102362205 0.4042386185243328 0.6543307086614173 0.37362637362637363 0.662992125984252 0.3728414442700157 0.6637795275590551 0.3940345368916798 0.8062992125984252 0.39481946624803765 0.8078740157480315 0.3963893249607535 0.8299212598425196 0.3963893249607535 0.8307086614173228 0.4379905808477237 0.8078740157480315 0.4387755102040816 0.8070866141732284 0.5290423861852434 0.8062992125984252 0.5298273155416012
0 0.9716535433070866 0.48430141287284145 0.8393700787401575 0.48430141287284145 0.8385826771653543 0.39717425431711145 0.9716535433070866 0.3963893249607535 0.9724409448818898 0.4835164835164835 0.9716535433070866 0.48430141287284145
0 0.8708661417322835 0.6381475667189953 0.7543307086614173 0.6381475667189953 0.7535433070866142 0.5384615384615384 0.8141732283464567 0.5376766091051806 0.8149606299212598 0.49293563579277866 0.8708661417322835 0.4921507064364207 0.8716535433070867 0.6373626373626373 0.8708661417322835 0.6381475667189953
0 0.9716535433070866 0.6036106750392465 0.8803149606299212 0.6036106750392465 0.8795275590551181 0.49293563579277866 0.9716535433070866 0.4921507064364207 0.9724409448818898 0.6028257456828885 0.9716535433070866 0.6036106750392465
0 0.7448818897637796 0.6381475667189953 0.662992125984252 0.6381475667189953 0.6622047244094488 0.5384615384615384 0.7448818897637796 0.5376766091051806 0.7456692913385827 0.6373626373626373 0.7448818897637796 0.6381475667189953
0 0.9716535433070866 0.7040816326530612 0.8803149606299212 0.7040816326530612 0.8795275590551181 0.6122448979591837 0.9716535433070866 0.6114599686028257 0.9724409448818898 0.7032967032967034 0.9716535433070866 0.7040816326530612
0 0.7448818897637796 0.7040816326530612 0.662992125984252 0.7040816326530612 0.6622047244094488 0.6467817896389325 0.7448818897637796 0.6459968602825745 0.7456692913385827 0.7032967032967034 0.7448818897637796 0.7040816326530612
0 0.9716535433070866 0.9301412872841445 0.662992125984252 0.9301412872841445 0.6622047244094488 0.7111459968602826 0.752755905511811 0.7103610675039247 0.7535433070866142 0.6467817896389325 0.8708661417322835 0.6459968602825745 0.8716535433070867 0.7095761381475667 0.9716535433070866 0.7103610675039247 0.9724409448818898 0.9293563579277865 0.9716535433070866 0.9301412872841445