0 0.20631970260223048 0.3637602179836512 0.120817843866171 0.3637602179836512 0.11988847583643122 0.24795640326975477 0.20631970260223048 0.24659400544959129 0.20724907063197026 0.36239782016348776 0.20631970260223048 0.3637602179836512
0 0.9442379182156134 0.44550408719346046 0.8178438661710037 0.44550408719346046 0.8169144981412639 0.25885558583106266 0.9442379182156134 0.2574931880108992 0.9451672862453532 0.444141689373297 0.9442379182156134 0.44550408719346046
0 0.20631970260223048 0.7915531335149864 0.07806691449814127 0.7915531335149864 0.07713754646840149 0.3814713896457766 0.20631970260223048 0.3801089918256131 0.20724907063197026 0.7901907356948229 0.20631970260223048 0.7915531335149864
0 0.34386617100371747 0.5381471389645777 0.21933085501858737 0.5381471389645777 0.2184014869888476 0.3814713896457766 0.34386617100371747 0.3801089918256131 0.3447955390334573 0.5367847411444142 0.34386617100371747 0.5381471389645777
0 0.45724907063197023 0.7479564032697548 0.35315985130111527 0.7479564032697548 0.35223048327137546 0.3814713896457766 0.5762081784386617 0.3801089918256131 0.5771375464684015 0.7084468664850136 0.4591078066914498 0.7098092643051771 0.45817843866171004 0.7465940054495913 0.45724907063197023 0.7479564032697548
0 0.9442379182156134 0.603542234332425 0.8159851301115242 0.603542234332425 0.8150557620817844 0.5313351498637602 0.8169144981412639 0.5286103542234333 0.8169144981412639 0.4550408719346049 0.8680297397769516 0.4536784741144414 0.8689591078066915 0.547683923705722 0.9442379182156134 0.5490463215258855 0.9451672862453532 0.6021798365122616 0.9442379182156134 0.603542234332425
0 0.9442379182156134 0.5408719346049047 0.8754646840148699 0.5408719346049047 0.8745353159851301 0.4550408719346049 0.9442379182156134 0.4536784741144414 0.9451672862453532 0.5395095367847411 0.9442379182156134 0.5408719346049047
0 0.6728624535315985 0.6362397820163488 0.5855018587360595 0.6362397820163488 0.5845724907063197 0.5068119891008175 0.6728624535315985 0.5054495912806539 0.6737918215613383 0.6348773841961853 0.6728624535315985 0.6362397820163488
0 0.7639405204460966 0.6389645776566758 0.6840148698884758 0.6389645776566758 0.6830855018587361 0.5068119891008175 0.7639405204460966 0.5054495912806539 0.7648698884758365 0.6376021798365122 0.7639405204460966 0.6389645776566758
0 0.34386617100371747 0.6062670299727521 0.21933085501858737 0.6062670299727521 0.2184014869888476 0.547683923705722 0.34386617100371747 0.5463215258855586 0.3447955390334573 0.6049046321525886 0.34386617100371747 0.6062670299727521
0 0.34386617100371747 0.8460490463215259 0.21933085501858737 0.8460490463215259 0.2184014869888476 0.6130790190735694 0.34386617100371747 0.611716621253406 0.3447955390334573 0.8446866485013624 0.34386617100371747 0.8460490463215259
0 0.9442379182156134 0.8487738419618529 0.8159851301115242 0.8487738419618529 0.8150557620817844 0.6130790190735694 0.9442379182156134 0.611716621253406 0.9451672862453532 0.8474114441416893 0.9442379182156134 0.8487738419618529
0 0.6765799256505576 0.8460490463215259 0.5855018587360595 0.8460490463215259 0.5845724907063197 0.6457765667574932 0.7137546468401487 0.6444141689373297 0.7146840148698885 0.7384196185286104 0.6784386617100372 0.7397820163487738 0.6775092936802974 0.8446866485013624 0.6765799256505576 0.8460490463215259
0 0.7639405204460966 0.7397820163487738 0.7230483271375465 0.7397820163487738 0.7221189591078067 0.6457765667574932 0.7639405204460966 0.6444141689373297 0.7648698884758365 0.7384196185286104 0.7639405204460966 0.7397820163487738
0 0.5762081784386617 0.8460490463215259 0.4628252788104089 0.8460490463215259 0.46189591078066916 0.7111716621253406 0.5762081784386617 0.7098092643051771 0.5771375464684015 0.8446866485013624 0.5762081784386617 0.8460490463215259
0 0.7639405204460966 0.8460490463215259 0.6821561338289963 0.8460490463215259 0.6812267657992565 0.7465940054495913 0.7639405204460966 0.7452316076294278 0.7648698884758365 0.8446866485013624 0.7639405204460966 0.8460490463215259
0 0.4052044609665427 0.8460490463215259 0.35315985130111527 0.8460490463215259 0.35223048327137546 0.7547683923705722 0.4052044609665427 0.7534059945504087 0.40613382899628253 0.8446866485013624 0.4052044609665427 0.8460490463215259
0 0.45724907063197023 0.8460490463215259 0.4107806691449814 0.8460490463215259 0.40985130111524165 0.7547683923705722 0.45724907063197023 0.7534059945504087 0.45817843866171004 0.8446866485013624 0.45724907063197023 0.8460490463215259