0 0.4405487804878049 0.4051724137931034 0.3384146341463415 0.4051724137931034 0.33765243902439024 0.17733990147783252 0.4405487804878049 0.17610837438423646 0.4413109756097561 0.4039408866995074 0.4405487804878049 0.4051724137931034
0 0.6173780487804879 0.4051724137931034 0.44664634146341464 0.4051724137931034 0.4458841463414634 0.17733990147783252 0.6173780487804879 0.17610837438423646 0.618140243902439 0.4039408866995074 0.6173780487804879 0.4051724137931034
0 0.788109756097561 0.5036945812807881 0.7545731707317073 0.5036945812807881 0.7538109756097561 0.4975369458128079 0.5746951219512195 0.4963054187192118 0.5739329268292683 0.41379310344827586 0.6219512195121951 0.4125615763546798 0.6227134146341463 0.17733990147783252 0.788109756097561 0.17610837438423646 0.7888719512195121 0.5024630541871922 0.788109756097561 0.5036945812807881
0 0.8551829268292683 0.2770935960591133 0.7942073170731707 0.2770935960591133 0.7934451219512195 0.17733990147783252 0.8551829268292683 0.17610837438423646 0.8559451219512195 0.27586206896551724 0.8551829268292683 0.2770935960591133
0 0.9405487804878049 0.2770935960591133 0.8612804878048781 0.2770935960591133 0.8605182926829268 0.17733990147783252 0.9405487804878049 0.17610837438423646 0.9413109756097561 0.27586206896551724 0.9405487804878049 0.2770935960591133
0 0.9405487804878049 0.562807881773399 0.7942073170731707 0.562807881773399 0.7934451219512195 0.49507389162561577 0.8109756097560976 0.4938423645320197 0.8117378048780488 0.46798029556650245 0.7942073170731707 0.4667487684729064 0.7934451219512195 0.2857142857142857 0.8551829268292683 0.28448275862068967 0.8559451219512195 0.4187192118226601 0.9405487804878049 0.41995073891625617 0.9413109756097561 0.5615763546798029 0.9405487804878049 0.562807881773399
0 0.9405487804878049 0.41502463054187194 0.8612804878048781 0.41502463054187194 0.8605182926829268 0.2857142857142857 0.9405487804878049 0.28448275862068967 0.9413109756097561 0.41379310344827586 0.9405487804878049 0.41502463054187194
0 0.26676829268292684 0.5258620689655172 0.06402439024390244 0.5258620689655172 0.06326219512195122 0.3694581280788177 0.26676829268292684 0.3682266009852217 0.26753048780487804 0.5246305418719212 0.26676829268292684 0.5258620689655172
0 0.4024390243902439 0.4963054187192118 0.3384146341463415 0.4963054187192118 0.33765243902439024 0.41379310344827586 0.4024390243902439 0.4125615763546798 0.4032012195121951 0.49507389162561577 0.4024390243902439 0.4963054187192118
0 0.5746951219512195 0.646551724137931 0.4573170731707317 0.646551724137931 0.4565548780487805 0.5049261083743842 0.4771341463414634 0.5036945812807881 0.47789634146341464 0.4975369458128079 0.40853658536585363 0.4963054187192118 0.40777439024390244 0.41379310344827586 0.573170731707317 0.4125615763546798 0.5739329268292683 0.5615763546798029 0.5754573170731707 0.5640394088669951 0.5754573170731707 0.645320197044335 0.5746951219512195 0.646551724137931
0 0.788109756097561 0.7672413793103449 0.5792682926829268 0.7672413793103449 0.5785060975609756 0.5640394088669951 0.5746951219512195 0.562807881773399 0.5739329268292683 0.4975369458128079 0.7530487804878049 0.4963054187192118 0.7538109756097561 0.5024630541871922 0.788109756097561 0.5036945812807881 0.7888719512195121 0.7660098522167488 0.788109756097561 0.7672413793103449
0 0.45121951219512196 0.7672413793103449 0.3384146341463415 0.7672413793103449 0.33765243902439024 0.5049261083743842 0.45121951219512196 0.5036945812807881 0.45198170731707316 0.7660098522167488 0.45121951219512196 0.7672413793103449
0 0.20121951219512196 0.8780788177339901 0.06402439024390244 0.8780788177339901 0.06326219512195122 0.5344827586206896 0.20121951219512196 0.5332512315270936 0.20198170731707318 0.8768472906403941 0.20121951219512196 0.8780788177339901
0 0.9405487804878049 0.7672413793103449 0.7942073170731707 0.7672413793103449 0.7934451219512195 0.5689655172413793 0.9405487804878049 0.5677339901477833 0.9413109756097561 0.7660098522167488 0.9405487804878049 0.7672413793103449
0 0.5213414634146342 0.7672413793103449 0.4573170731707317 0.7672413793103449 0.4565548780487805 0.6551724137931034 0.5213414634146342 0.6539408866995073 0.5221036585365854 0.7660098522167488 0.5213414634146342 0.7672413793103449
0 0.5746951219512195 0.7672413793103449 0.5274390243902439 0.7672413793103449 0.5266768292682927 0.6551724137931034 0.5746951219512195 0.6539408866995073 0.5754573170731707 0.7660098522167488 0.5746951219512195 0.7672413793103449