0 0.21393841166936792 0.18408262454434993 0.06645056726094004 0.18408262454434993 0.06564019448946515 0.07411907654921021 0.0640194489465154 0.07290400972053462 0.21393841166936792 0.07229647630619684 0.21474878444084278 0.18347509113001215 0.21393841166936792 0.18408262454434993
0 0.2820097244732577 0.6130012150668287 0.06158833063209076 0.6130012150668287 0.060777957860615885 0.32320777642770354 0.44084278768233387 0.32260024301336576 0.44246353322528365 0.32138517618469015 0.44327390599675853 0.5722964763061968 0.28363047001620745 0.5729040097205347 0.28282009724473256 0.6123936816524909 0.2820097244732577 0.6130012150668287
0 0.7941653160453809 0.5109356014580801 0.5494327390599676 0.5109356014580801 0.5486223662884927 0.3244228432563791 0.7941653160453809 0.3238153098420413 0.7949756888168558 0.5103280680437424 0.7941653160453809 0.5109356014580801
0 0.9254457050243112 0.571688942891859 0.8038897893030794 0.571688942891859 0.8030794165316045 0.3244228432563791 0.9254457050243112 0.3238153098420413 0.9262560777957861 0.5710814094775213 0.9254457050243112 0.571688942891859
0 0.7941653160453809 0.6105710814094775 0.5494327390599676 0.6105710814094775 0.5486223662884927 0.5176184690157959 0.7941653160453809 0.517010935601458 0.7949756888168558 0.6099635479951397 0.7941653160453809 0.6105710814094775
0 0.9254457050243112 0.6567436208991495 0.8038897893030794 0.6567436208991495 0.8030794165316045 0.5771567436208992 0.9254457050243112 0.5765492102065614 0.9262560777957861 0.6561360874848117 0.9254457050243112 0.6567436208991495
0 0.44246353322528365 0.7381530984204131 0.2917341977309562 0.7381530984204131 0.2909238249594814 0.583232077764277 0.44246353322528365 0.5826245443499393 0.44327390599675853 0.7375455650060754 0.44246353322528365 0.7381530984204131
0 0.2820097244732577 0.7381530984204131 0.16045380875202594 0.7381530984204131 0.15964343598055106 0.6221142162818954 0.20583468395461912 0.6215066828675577 0.206645056726094 0.6136087484811664 0.2820097244732577 0.6130012150668287 0.28282009724473256 0.7375455650060754 0.2820097244732577 0.7381530984204131
0 0.7941653160453809 0.735722964763062 0.5494327390599676 0.735722964763062 0.5486223662884927 0.6172539489671932 0.7941653160453809 0.6166464155528554 0.7949756888168558 0.6828675577156743 0.8022690437601296 0.6834750911300121 0.8030794165316045 0.7229647630619684 0.7957860615883307 0.7235722964763062 0.7949756888168558 0.7351154313487241 0.7941653160453809 0.735722964763062
0 0.1507293354943274 0.7381530984204131 0.06158833063209076 0.7381530984204131 0.060777957860615885 0.6221142162818954 0.1507293354943274 0.6215066828675577 0.15153970826580226 0.7375455650060754 0.1507293354943274 0.7381530984204131
0 0.9254457050243112 0.735722964763062 0.8038897893030794 0.735722964763062 0.8030794165316045 0.6634264884568651 0.9254457050243112 0.6628189550425273 0.9262560777957861 0.7351154313487241 0.9254457050243112 0.735722964763062
0 0.17341977309562398 0.8547995139732685 0.05348460291734198 0.8547995139732685 0.0526742301458671 0.7533414337788579 0.17341977309562398 0.75273390036452 0.17423014586709887 0.8541919805589308 0.17341977309562398 0.8547995139732685