0 0.2329059829059829 0.3854292623941959 0.1064102564102564 0.3854292623941959 0.1061965811965812 0.17835550181378476 0.2329059829059829 0.17805320435308344 0.23311965811965812 0.3851269649334946 0.2329059829059829 0.3854292623941959
0 0.347008547008547 0.3854292623941959 0.23846153846153847 0.3854292623941959 0.23824786324786323 0.17835550181378476 0.347008547008547 0.17805320435308344 0.3472222222222222 0.3851269649334946 0.347008547008547 0.3854292623941959
0 0.4247863247863248 0.3854292623941959 0.3525641025641026 0.3854292623941959 0.3523504273504274 0.22249093107617895 0.38504273504273506 0.22218863361547764 0.3852564102564103 0.24667472793228537 0.39145299145299145 0.2469770253929867 0.39166666666666666 0.21644498186215236 0.3854700854700855 0.21614268440145104 0.3852564102564103 0.218863361547763 0.3525641025641026 0.21916565900846433 0.3523504273504274 0.17835550181378476 0.4247863247863248 0.17805320435308344 0.425 0.3851269649334946 0.4247863247863248 0.3854292623941959
0 0.6692307692307692 0.3818016928657799 0.43162393162393164 0.3818016928657799 0.43141025641025643 0.17835550181378476 0.6692307692307692 0.17805320435308344 0.6694444444444444 0.3814993954050786 0.6692307692307692 0.3818016928657799
0 0.8188034188034188 0.46644498186215233 0.6786324786324787 0.46644498186215233 0.6784188034188035 0.30652962515114873 0.805982905982906 0.3062273276904474 0.8061965811965812 0.35066505441354295 0.8188034188034188 0.35096735187424427 0.819017094017094 0.466142684401451 0.8188034188034188 0.46644498186215233
0 0 0.34794437726723093 0.04829059829059829 0.34794437726723093 0.048504273504273505 0.46130592503022977 0 0.4616082224909311
0 0.1188034188034188 0.4616082224909311 0.053418803418803416 0.4616082224909311 0.0532051282051282 0.3482466747279323 0.09743589743589744 0.34794437726723093 0.09764957264957265 0.3935912938331318 0.1188034188034188 0.3938935912938331 0.11901709401709401 0.46130592503022977 0.1188034188034188 0.4616082224909311
0 0.8534188034188034 0.6508464328899637 0.8188034188034188 0.6508464328899637 0.8185897435897436 0.46735187424425634 0.6786324786324787 0.467049576783555 0.6786324786324787 0.46644498186215233 0.8188034188034188 0.46644498186215233 0.819017094017094 0.3512696493349456 0.9705128205128205 0.35096735187424427 0.9707264957264957 0.5828295042321644 0.8538461538461538 0.5831318016928658 0.8536324786324786 0.6505441354292624 0.8534188034188034 0.6508464328899637
0 0.16666666666666666 0.4616082224909311 0.12393162393162394 0.4616082224909311 0.12371794871794872 0.3941958887545345 0.16666666666666666 0.3938935912938331 0.16688034188034187 0.46130592503022977 0.16666666666666666 0.4616082224909311
0 0.2123931623931624 0.4446795646916566 0.1717948717948718 0.4446795646916566 0.17158119658119658 0.3941958887545345 0.2123931623931624 0.3938935912938331 0.2126068376068376 0.4443772672309553 0.2123931623931624 0.4446795646916566
0 0.2653846153846154 0.4616082224909311 0.2170940170940171 0.4616082224909311 0.2168803418803419 0.3941958887545345 0.2653846153846154 0.3938935912938331 0.2655982905982906 0.46130592503022977 0.2653846153846154 0.4616082224909311
0 0.3581196581196581 0.4616082224909311 0.2705128205128205 0.4616082224909311 0.2702991452991453 0.3941958887545345 0.3581196581196581 0.3938935912938331 0.35833333333333334 0.46130592503022977 0.3581196581196581 0.4616082224909311
0 0.4341880341880342 0.4616082224909311 0.36324786324786323 0.4616082224909311 0.363034188034188 0.3941958887545345 0.4341880341880342 0.3938935912938331 0.4344017094017094 0.46130592503022977 0.4341880341880342 0.4616082224909311
0 0.2123931623931624 0.4616082224909311 0.1717948717948718 0.4616082224909311 0.17158119658119658 0.4449818621523579 0.2123931623931624 0.4446795646916566 0.2126068376068376 0.46130592503022977 0.2123931623931624 0.4616082224909311
0 0.8098290598290598 0.6568923821039904 0.7786324786324786 0.6568923821039904 0.7784188034188034 0.47944377267230953 0.8098290598290598 0.4791414752116082 0.810042735042735 0.656590084643289 0.8098290598290598 0.6568923821039904
0 0.9217948717948717 0.6508464328899637 0.8568376068376068 0.6508464328899637 0.8566239316239316 0.5882708585247884 0.9217948717948717 0.587968561064087 0.9220085470085471 0.6505441354292624 0.9217948717948717 0.6508464328899637
0 0.9705128205128205 0.6508464328899637 0.9252136752136753 0.6508464328899637 0.925 0.5882708585247884 0.9705128205128205 0.587968561064087 0.9707264957264957 0.6505441354292624 0.9705128205128205 0.6508464328899637