0 0.3888888888888889 0.22480106100795755 0.2191358024691358 0.22480106100795755 0.2183641975308642 0.038461538461538464 0.3888888888888889 0.03779840848806366 0.3896604938271605 0.22413793103448276 0.3888888888888889 0.22480106100795755
0 0.7638888888888888 0.22480106100795755 0.39969135802469136 0.22480106100795755 0.39891975308641975 0.038461538461538464 0.7638888888888888 0.03779840848806366 0.7646604938271605 0.22413793103448276 0.7638888888888888 0.22480106100795755
0 0.2916666666666667 0.43567639257294427 0.10030864197530864 0.43567639257294427 0.09953703703703703 0.3037135278514589 0.10108024691358025 0.30238726790450926 0.10108024691358025 0.23740053050397877 0.2916666666666667 0.236737400530504 0.2924382716049383 0.4350132625994695 0.2916666666666667 0.43567639257294427
0 0.4367283950617284 0.43567639257294427 0.37962962962962965 0.43567639257294427 0.37885802469135804 0.3209549071618037 0.2993827160493827 0.3202917771883289 0.2986111111111111 0.23740053050397877 0.5462962962962963 0.236737400530504 0.5470679012345679 0.3196286472148541 0.4382716049382716 0.3202917771883289 0.4375 0.4350132625994695 0.4367283950617284 0.43567639257294427
0 0.7638888888888888 0.43567639257294427 0.5555555555555556 0.43567639257294427 0.5547839506172839 0.23740053050397877 0.7638888888888888 0.236737400530504 0.7646604938271605 0.4350132625994695 0.7638888888888888 0.43567639257294427
0 0.37191358024691357 0.43567639257294427 0.2993827160493827 0.43567639257294427 0.2986111111111111 0.3249336870026525 0.37191358024691357 0.32427055702917773 0.3726851851851852 0.4350132625994695 0.37191358024691357 0.43567639257294427
0 0.5447530864197531 0.43567639257294427 0.4444444444444444 0.43567639257294427 0.44367283950617287 0.32625994694960214 0.5447530864197531 0.3255968169761273 0.5455246913580247 0.4350132625994695 0.5447530864197531 0.43567639257294427
0 0.3904320987654321 0.6783819628647215 0.21604938271604937 0.6783819628647215 0.2152777777777778 0.48408488063660476 0.3904320987654321 0.48342175066313 0.3912037037037037 0.6777188328912467 0.3904320987654321 0.6783819628647215
0 0.7638888888888888 0.6836870026525199 0.566358024691358 0.6836870026525199 0.5655864197530864 0.6724137931034483 0.3966049382716049 0.6717506631299734 0.3958333333333333 0.48408488063660476 0.7638888888888888 0.48342175066313 0.7646604938271605 0.6830238726790451 0.7638888888888888 0.6836870026525199
0 0.2916666666666667 0.78315649867374 0.19753086419753085 0.78315649867374 0.19675925925925927 0.7718832891246684 0.10493827160493827 0.7712201591511937 0.10416666666666667 0.6830238726790451 0.2916666666666667 0.6823607427055703 0.2924382716049383 0.7824933687002652 0.2916666666666667 0.78315649867374
0 0.3904320987654321 0.6836870026525199 0.2978395061728395 0.6836870026525199 0.2978395061728395 0.6823607427055703 0.3904320987654321 0.6823607427055703 0.3904320987654321 0.6836870026525199
0 0.5601851851851852 0.8826259946949602 0.37962962962962965 0.8826259946949602 0.37885802469135804 0.7440318302387268 0.2978395061728395 0.743368700265252 0.2970679012345679 0.6843501326259946 0.5679012345679012 0.6836870026525199 0.5686728395061729 0.7572944297082228 0.5617283950617284 0.7579575596816976 0.5609567901234568 0.8819628647214854 0.5601851851851852 0.8826259946949602
0 0.7638888888888888 0.8826259946949602 0.5679012345679012 0.8826259946949602 0.5671296296296297 0.7586206896551724 0.5686728395061729 0.7572944297082228 0.5686728395061729 0.6843501326259946 0.7638888888888888 0.6836870026525199 0.7646604938271605 0.8819628647214854 0.7638888888888888 0.8826259946949602
0 0.37191358024691357 0.8229442970822282 0.2978395061728395 0.8229442970822282 0.2970679012345679 0.7493368700265252 0.37191358024691357 0.7486737400530504 0.3726851851851852 0.8222811671087533 0.37191358024691357 0.8229442970822282
0 0.19135802469135801 0.8786472148541115 0.10493827160493827 0.8786472148541115 0.10416666666666667 0.7771883289124668 0.19135802469135801 0.7765251989389921 0.19212962962962962 0.8779840848806366 0.19135802469135801 0.8786472148541115
0 0.2916666666666667 0.8786472148541115 0.19753086419753085 0.8786472148541115 0.19675925925925927 0.7877984084880637 0.2916666666666667 0.7871352785145889 0.2924382716049383 0.8779840848806366 0.2916666666666667 0.8786472148541115
0 0.37191358024691357 0.8826259946949602 0.2978395061728395 0.8826259946949602 0.2970679012345679 0.8289124668435013 0.37191358024691357 0.8282493368700266 0.3726851851851852 0.8819628647214854 0.37191358024691357 0.8826259946949602