0 0.32329084588644263 0.4445350734094617 0.09617612977983778 0.4445350734094617 0.09675550405561993 0.2365415986949429 0.32213209733487835 0.23572593800978792 0.3227114716106605 0.3735725938009788 0.3238702201622248 0.37520391517128876 0.3238702201622248 0.4437194127243067 0.32329084588644263 0.4445350734094617
0 0.5863267670915412 0.4445350734094617 0.42294322132097334 0.4445350734094617 0.42178447276940906 0.4429037520391517 0.33371958285052145 0.4429037520391517 0.3331402085747393 0.37520391517128876 0.32329084588644263 0.3743882544861338 0.3227114716106605 0.2365415986949429 0.5863267670915412 0.23572593800978792 0.5869061413673233 0.4437194127243067 0.5863267670915412 0.4445350734094617
0 0.42178447276940906 0.8507340946166395 0.33371958285052145 0.8507340946166395 0.3331402085747393 0.4437194127243067 0.42178447276940906 0.4429037520391517 0.4223638470451912 0.8499184339314845 0.42178447276940906 0.8507340946166395
0 0.32329084588644263 0.5619902120717781 0.09617612977983778 0.5619902120717781 0.09559675550405562 0.45187601957585644 0.24797219003476245 0.45106035889070145 0.24855156431054462 0.5040783034257749 0.32329084588644263 0.5048939641109299 0.3238702201622248 0.5611745513866232 0.32329084588644263 0.5619902120717781
0 0.32329084588644263 0.49836867862969003 0.253765932792584 0.49836867862969003 0.25318655851680183 0.45187601957585644 0.32329084588644263 0.45106035889070145 0.3238702201622248 0.49755301794453505 0.32329084588644263 0.49836867862969003
0 0.7694090382387022 0.6631321370309952 0.7346465816917729 0.6631321370309952 0.7340672074159907 0.45187601957585644 0.9316338354577057 0.45106035889070145 0.9322132097334879 0.6541598694942904 0.7705677867902665 0.6549755301794453 0.7699884125144844 0.6623164763458401 0.7694090382387022 0.6631321370309952
0 0.5863267670915412 0.6533442088091354 0.4298957126303592 0.6533442088091354 0.42931633835457705 0.4535073409461664 0.5863267670915412 0.4526916802610114 0.5869061413673233 0.6525285481239804 0.5863267670915412 0.6533442088091354
0 0.1657010428736964 0.666394779771615 0.09617612977983778 0.666394779771615 0.09559675550405562 0.5693311582381729 0.1657010428736964 0.5685154975530179 0.16628041714947855 0.6655791190864601 0.1657010428736964 0.666394779771615
0 0.24565469293163383 0.666394779771615 0.17265353418308227 0.666394779771615 0.17207415990730013 0.5693311582381729 0.24565469293163383 0.5685154975530179 0.246234067207416 0.6655791190864601 0.24565469293163383 0.666394779771615
0 0.32329084588644263 0.666394779771615 0.2526071842410197 0.666394779771615 0.25202780996523755 0.5693311582381729 0.32329084588644263 0.5685154975530179 0.3238702201622248 0.6655791190864601 0.32329084588644263 0.666394779771615
0 0.5863267670915412 0.8507340946166395 0.4298957126303592 0.8507340946166395 0.42931633835457705 0.6639477977161501 0.5863267670915412 0.6631321370309952 0.5869061413673233 0.8499184339314845 0.5863267670915412 0.8507340946166395
0 0.18192352259559674 0.8507340946166395 0.09617612977983778 0.8507340946166395 0.09559675550405562 0.6753670473083198 0.18192352259559674 0.6745513866231647 0.1825028968713789 0.8499184339314845 0.18192352259559674 0.8507340946166395
0 0.32329084588644263 0.8507340946166395 0.18887601390498263 0.8507340946166395 0.18829663962920046 0.6753670473083198 0.32329084588644263 0.6745513866231647 0.3238702201622248 0.8499184339314845 0.32329084588644263 0.8507340946166395