0 0.35543766578249336 0.5053680981595092 0.22281167108753316 0.5053680981595092 0.22248010610079574 0.5030674846625767 0.236737400530504 0.5023006134969326 0.23706896551724138 0.3220858895705521 0.23872679045092837 0.32131901840490795 0.2390583554376658 0.147239263803681 0.35543766578249336 0.1464723926380368 0.3557692307692308 0.3205521472392638 0.4661803713527852 0.32131901840490795 0.46651193633952254 0.5030674846625767 0.35610079575596815 0.5038343558282209 0.35543766578249336 0.5053680981595092
0 0.866710875331565 0.7875766871165644 0.8176392572944297 0.7875766871165644 0.8173076923076923 0.7223926380368099 0.8156498673740054 0.7216257668711656 0.8153183023872679 0.6211656441717791 0.7380636604774535 0.620398773006135 0.7257957559681698 0.5920245398773006 0.7248010610079576 0.5881901840490797 0.7238063660477454 0.5874233128834356 0.7214854111405835 0.5805214723926381 0.7204907161803713 0.5797546012269938 0.71684350132626 0.5697852760736196 0.7158488063660478 0.5690184049079755 0.7005968169761273 0.5322085889570553 0.7002652519893899 0.5299079754601227 0.6986074270557029 0.5276073619631901 0.6982758620689655 0.5253067484662577 0.6972811671087533 0.5245398773006135 0.696949602122016 0.522239263803681 0.6952917771883289 0.5199386503067485 0.6949602122015915 0.5176380368098159 0.6939655172413793 0.5168711656441718 0.6936339522546419 0.5145705521472392 0.6926392572944297 0.5138036809815951 0.6923076923076923 0.5115030674846626 0.6906498673740054 0.50920245398773 0.6903183023872679 0.5069018404907976 0.6893236074270557 0.5061349693251533 0.6889920424403183 0.5038343558282209 0.6879973474801061 0.5030674846625767 0.6753978779840849 0.4723926380368098 0.6757294429708223 0.4700920245398773 0.6767241379310345 0.46932515337423314 0.6770557029177718 0.46702453987730064 0.678050397877984 0.4662576687116564 0.6783819628647215 0.4639570552147239 0.6800397877984085 0.4616564417177914 0.6803713527851459 0.4593558282208589 0.6813660477453581 0.45858895705521474 0.6816976127320955 0.4562883435582822 0.6826923076923077 0.455521472392638 0.6830238726790451 0.4532208588957055 0.6846816976127321 0.450920245398773 0.6850132625994695 0.4486196319018405 0.6860079575596817 0.44785276073619634 0.6863395225464191 0.4455521472392638 0.6879973474801061 0.4432515337423313 0.6883289124668435 0.4409509202453988 0.6893236074270557 0.4401840490797546 0.6896551724137931 0.4378834355828221 0.6906498673740054 0.4371165644171779 0.6909814323607427 0.4348159509202454 0.6926392572944297 0.4325153374233129 0.6929708222811671 0.4302147239263804 0.6939655172413793 0.4294478527607362 0.6942970822281167 0.42714723926380366 0.6952917771883289 0.4263803680981595 0.6956233421750663 0.424079754601227 0.6972811671087533 0.4217791411042945 0.6976127320954907 0.419478527607362 0.6989389920424404 0.4179447852760736 0.7446949602122016 0.4179447852760736 0.745026525198939 0.14877300613496933 0.8640583554376657 0.14800613496932516 0.8643899204244032 0.5138036809815951 0.866710875331565 0.5145705521472392 0.8670424403183024 0.7868098159509203 0.866710875331565 0.7875766871165644
0 0.11273209549071618 0.4087423312883436 0.06830238726790451 0.4087423312883436 0.0679708222811671 0.3220858895705521 0.11273209549071618 0.32131901840490795 0.11306366047745359 0.40797546012269936 0.11273209549071618 0.4087423312883436
0 0.23342175066312998 0.4946319018404908 0.11671087533156499 0.4946319018404908 0.11637931034482758 0.3220858895705521 0.23342175066312998 0.32131901840490795 0.23375331564986737 0.4938650306748466 0.23342175066312998 0.4946319018404908
0 0.6710875331564987 0.46855828220858897 0.5762599469496021 0.46855828220858897 0.5759283819628647 0.3220858895705521 0.6949602122015915 0.32131901840490795 0.6952917771883289 0.4125766871165644 0.6710875331564987 0.46855828220858897
0 0.7407161803713528 0.4087423312883436 0.6996021220159151 0.4087423312883436 0.6992705570291777 0.3220858895705521 0.7407161803713528 0.32131901840490795 0.7410477453580901 0.40797546012269936 0.7407161803713528 0.4087423312883436
0 0.9734748010610079 0.5069018404907976 0.8680371352785146 0.5069018404907976 0.8677055702917772 0.3220858895705521 0.9734748010610079 0.32131901840490795 0.9738063660477454 0.5061349693251533 0.9734748010610079 0.5069018404907976
0 0.11273209549071618 0.5130368098159509 0.06830238726790451 0.5130368098159509 0.0679708222811671 0.4171779141104294 0.11273209549071618 0.41641104294478526 0.11306366047745359 0.5122699386503068 0.11273209549071618 0.5130368098159509
0 0.7360742705570292 0.7216257668711656 0.5762599469496021 0.7216257668711656 0.5759283819628647 0.4785276073619632 0.6717506631299734 0.47776073619631904 0.6906498673740054 0.5214723926380368 0.6916445623342176 0.5253067484662577 0.6926392572944297 0.5260736196319018 0.6962864721485411 0.536042944785276 0.6972811671087533 0.5368098159509203 0.7098806366047745 0.5674846625766872 0.7102122015915119 0.5697852760736196 0.7112068965517241 0.5705521472392638 0.7115384615384616 0.5728527607361963 0.7145225464190982 0.5782208588957055 0.7148541114058355 0.5805214723926381 0.7158488063660478 0.5812883435582822 0.7161803713527851 0.5835889570552147 0.7178381962864722 0.5858895705521472 0.7364058355437666 0.6303680981595092 0.7364058355437666 0.7208588957055214 0.7360742705570292 0.7216257668711656
0 0.21883289124668434 0.6572085889570553 0.06830238726790451 0.6572085889570553 0.0679708222811671 0.5214723926380368 0.11604774535809019 0.5207055214723927 0.11637931034482758 0.5030674846625767 0.21883289124668434 0.5023006134969326 0.21916445623342176 0.656441717791411 0.21883289124668434 0.6572085889570553
0 0.36007957559681697 0.7891104294478528 0.3076923076923077 0.7891104294478528 0.3073607427055703 0.700920245398773 0.3047082228116711 0.6947852760736196 0.2980769230769231 0.6779141104294478 0.29774535809018565 0.6756134969325154 0.2967506631299735 0.6748466257668712 0.2921087533156499 0.6625766871165644 0.2917771883289125 0.6602760736196319 0.28978779840848806 0.6572085889570553 0.22281167108753316 0.6572085889570553 0.22248010610079574 0.5061349693251533 0.35543766578249336 0.5053680981595092 0.35610079575596815 0.5038343558282209 0.363395225464191 0.5038343558282209 0.3637267904509284 0.6288343558282209 0.36074270557029176 0.629601226993865 0.3604111405835544 0.7883435582822086 0.36007957559681697 0.7891104294478528
0 0.4661803713527852 0.7891104294478528 0.3640583554376658 0.7891104294478528 0.3637267904509284 0.504601226993865 0.4661803713527852 0.5038343558282209 0.46651193633952254 0.7883435582822086 0.4661803713527852 0.7891104294478528
0 0.9734748010610079 0.7216257668711656 0.8720159151193634 0.7216257668711656 0.871684350132626 0.5153374233128835 0.9734748010610079 0.5145705521472392 0.9738063660477454 0.7208588957055214 0.9734748010610079 0.7216257668711656
0 0.8116710875331565 0.7216257668711656 0.7400530503978779 0.7216257668711656 0.7397214854111406 0.6303680981595092 0.8116710875331565 0.629601226993865 0.8120026525198939 0.7208588957055214 0.8116710875331565 0.7216257668711656
0 0.1273209549071618 0.7891104294478528 0.06830238726790451 0.7891104294478528 0.0679708222811671 0.6656441717791411 0.1273209549071618 0.6648773006134969 0.1276525198938992 0.7883435582822086 0.1273209549071618 0.7891104294478528
0 0.20490716180371352 0.7829754601226994 0.1306366047745358 0.7829754601226994 0.13030503978779842 0.6656441717791411 0.20490716180371352 0.6648773006134969 0.20523872679045094 0.7822085889570553 0.20490716180371352 0.7829754601226994
0 0.2553050397877984 0.7875766871165644 0.20822281167108753 0.7875766871165644 0.20789124668435013 0.6656441717791411 0.2553050397877984 0.6648773006134969 0.2556366047745358 0.7868098159509203 0.2553050397877984 0.7875766871165644
0 0.30437665782493367 0.7891104294478528 0.259946949602122 0.7891104294478528 0.25961538461538464 0.6656441717791411 0.28846153846153844 0.6648773006134969 0.2911140583554377 0.6710122699386503 0.2921087533156499 0.6717791411042945 0.2947612732095491 0.6794478527607362 0.29509283819628646 0.6817484662576687 0.2967506631299735 0.6840490797546013 0.29708222811671087 0.6863496932515337 0.2980769230769231 0.6871165644171779 0.3047082228116711 0.7039877300613497 0.3047082228116711 0.7883435582822086 0.30437665782493367 0.7891104294478528