0 0.5428571428571428 0.36810551558752996 0.3047619047619048 0.36810551558752996 0.30357142857142855 0.2182254196642686 0.5428571428571428 0.2170263788968825 0.544047619047619 0.3669064748201439 0.5428571428571428 0.36810551558752996
0 0.6261904761904762 0.44964028776978415 0.5547619047619048 0.44964028776978415 0.5535714285714286 0.2182254196642686 0.7761904761904762 0.2170263788968825 0.7773809523809524 0.4460431654676259 0.6285714285714286 0.447242206235012 0.6261904761904762 0.44964028776978415
0 0.9142857142857143 0.4832134292565947 0.7928571428571428 0.4832134292565947 0.7916666666666666 0.33093525179856115 0.9142857142857143 0.32973621103117506 0.9154761904761904 0.48201438848920863 0.9142857142857143 0.4832134292565947
0 0.4 0.5311750599520384 0.3523809523809524 0.5311750599520384 0.35 0.5287769784172662 0.3047619047619048 0.5287769784172662 0.30357142857142855 0.37889688249400477 0.5428571428571428 0.3776978417266187 0.544047619047619 0.4460431654676259 0.5071428571428571 0.447242206235012 0.5059523809523809 0.5275779376498801 0.4023809523809524 0.5287769784172662 0.4 0.5311750599520384
0 0.6261904761904762 0.6990407673860911 0.5547619047619048 0.6990407673860911 0.5535714285714286 0.5299760191846523 0.5142857142857142 0.5287769784172662 0.513095238095238 0.4556354916067146 0.5523809523809524 0.45443645083932854 0.5547619047619048 0.44964028776978415 0.6261904761904762 0.44964028776978415 0.6273809523809524 0.5683453237410072 0.6321428571428571 0.5707434052757794 0.6321428571428571 0.6258992805755396 0.6273809523809524 0.6282973621103117 0.6273809523809524 0.697841726618705 0.6261904761904762 0.6990407673860911
0 0.7761904761904762 0.526378896882494 0.6357142857142857 0.526378896882494 0.6345238095238095 0.4556354916067146 0.7761904761904762 0.45443645083932854 0.7773809523809524 0.5251798561151079 0.7761904761904762 0.526378896882494
0 0.4 0.658273381294964 0.3047619047619048 0.658273381294964 0.30357142857142855 0.5347721822541966 0.35 0.5335731414868106 0.3523809523809524 0.5311750599520384 0.4 0.5311750599520384 0.4011904761904762 0.657074340527578 0.4 0.658273381294964
0 0.7761904761904762 0.6534772182254197 0.6357142857142857 0.6534772182254197 0.6345238095238095 0.6282973621103117 0.6321428571428571 0.6258992805755396 0.6321428571428571 0.5707434052757794 0.6345238095238095 0.5683453237410072 0.6345238095238095 0.5323741007194245 0.7761904761904762 0.5311750599520384 0.7773809523809524 0.6522781774580336 0.7761904761904762 0.6534772182254197
0 0.5452380952380952 0.7757793764988009 0.4095238095238095 0.7757793764988009 0.4083333333333333 0.5347721822541966 0.5047619047619047 0.5335731414868106 0.5071428571428571 0.5359712230215827 0.5452380952380952 0.5359712230215827 0.5464285714285714 0.7745803357314148 0.5452380952380952 0.7757793764988009
0 0.7761904761904762 0.7757793764988009 0.6357142857142857 0.7757793764988009 0.6345238095238095 0.6546762589928058 0.7761904761904762 0.6534772182254197 0.7773809523809524 0.7745803357314148 0.7761904761904762 0.7757793764988009
0 0.4 0.7757793764988009 0.3047619047619048 0.7757793764988009 0.30357142857142855 0.6666666666666666 0.4 0.6654676258992805 0.4011904761904762 0.7745803357314148 0.4 0.7757793764988009
0 0.6261904761904762 0.7757793764988009 0.5547619047619048 0.7757793764988009 0.5535714285714286 0.7050359712230215 0.6261904761904762 0.7038369304556354 0.6273809523809524 0.7745803357314148 0.6261904761904762 0.7757793764988009