0 0.7349397590361446 0.7515856236786469 0.7132530120481928 0.7515856236786469 0.7128514056224899 0.32346723044397463 0.7164658634538152 0.3224101479915433 0.7168674698795181 0.24312896405919662 0.7132530120481928 0.24207188160676532 0.7128514056224899 0.1014799154334038 0.7646586345381526 0.10042283298097252 0.7650602409638554 0.266384778012685 0.7642570281124498 0.26849894291754756 0.7642570281124498 0.45665961945031713 0.7357429718875502 0.45771670190274844 0.7353413654618474 0.7505285412262156 0.7349397590361446 0.7515856236786469
0 0.976706827309237 0.45771670190274844 0.9461847389558233 0.45771670190274844 0.9457831325301205 0.3763213530655391 0.9261044176706827 0.3752642706131078 0.9257028112449799 0.1014799154334038 0.976706827309237 0.10042283298097252 0.9771084337349397 0.23678646934460887 0.97429718875502 0.23784355179704017 0.9738955823293173 0.3298097251585624 0.976706827309237 0.3308668076109937 0.9771084337349397 0.45665961945031713 0.976706827309237 0.45771670190274844
0 0.1429718875502008 0.26744186046511625 0.024899598393574297 0.26744186046511625 0.024497991967871485 0.10993657505285412 0.1429718875502008 0.10887949260042283 0.14337349397590363 0.266384778012685 0.1429718875502008 0.26744186046511625
0 0.20963855421686747 0.45560253699788583 0.17751004016064256 0.45560253699788583 0.17710843373493976 0.39112050739957716 0.15100401606425704 0.39006342494714585 0.15060240963855423 0.10993657505285412 0.20963855421686747 0.10887949260042283 0.21004016064257028 0.45454545454545453 0.20963855421686747 0.45560253699788583
0 0.27630522088353415 0.45560253699788583 0.2176706827309237 0.45560253699788583 0.21726907630522088 0.10993657505285412 0.27630522088353415 0.10887949260042283 0.27670682730923696 0.45454545454545453 0.27630522088353415 0.45560253699788583
0 0.4738955823293173 0.45560253699788583 0.4497991967871486 0.45560253699788583 0.4493975903614458 0.3974630021141649 0.41445783132530123 0.3964059196617336 0.41405622489959837 0.45454545454545453 0.3855421686746988 0.45560253699788583 0.385140562248996 0.39957716701902746 0.363855421686747 0.3985200845665962 0.3634538152610442 0.11205073995771671 0.4738955823293173 0.1109936575052854 0.4742971887550201 0.45454545454545453 0.4738955823293173 0.45560253699788583
0 0.6216867469879518 0.45560253699788583 0.5204819277108433 0.45560253699788583 0.5200803212851406 0.4059196617336152 0.48032128514056227 0.4048625792811839 0.4799196787148594 0.11205073995771671 0.6216867469879518 0.1109936575052854 0.6220883534136546 0.45454545454545453 0.6216867469879518 0.45560253699788583
0 0.9196787148594378 0.45771670190274844 0.8714859437751004 0.45771670190274844 0.8710843373493976 0.40169133192389006 0.8281124497991967 0.40063424947145876 0.827710843373494 0.45665961945031713 0.8024096385542169 0.45771670190274844 0.802008032128514 0.39957716701902746 0.7694779116465863 0.3985200845665962 0.7690763052208835 0.11205073995771671 0.9196787148594378 0.1109936575052854 0.9200803212851406 0.45665961945031713 0.9196787148594378 0.45771670190274844
0 0.1429718875502008 0.45560253699788583 0.024096385542168676 0.45560253699788583 0.023694779116465864 0.26849894291754756 0.05060240963855422 0.26744186046511625 0.05100401606425703 0.2832980972515856 0.1429718875502008 0.2843551797040169 0.14337349397590363 0.45454545454545453 0.1429718875502008 0.45560253699788583
0 0.9413654618473896 0.45771670190274844 0.9261044176706827 0.45771670190274844 0.9257028112449799 0.386892177589852 0.9413654618473896 0.3858350951374207 0.9417670682730924 0.45665961945031713 0.9413654618473896 0.45771670190274844
0 0.3815261044176707 0.45560253699788583 0.363855421686747 0.45560253699788583 0.3634538152610442 0.4059196617336152 0.3815261044176707 0.4048625792811839 0.3819277108433735 0.45454545454545453 0.3815261044176707 0.45560253699788583
0 0.4457831325301205 0.45560253699788583 0.41767068273092367 0.45560253699788583 0.41726907630522087 0.4059196617336152 0.4457831325301205 0.4048625792811839 0.4461847389558233 0.45454545454545453 0.4457831325301205 0.45560253699788583
0 0.7975903614457831 0.45771670190274844 0.7686746987951807 0.45771670190274844 0.7690763052208835 0.4080338266384778 0.7975903614457831 0.4069767441860465 0.797991967871486 0.45665961945031713 0.7975903614457831 0.45771670190274844
0 0.4843373493975904 0.7431289640591966 0.3855421686746988 0.7431289640591966 0.385140562248996 0.6342494714587738 0.363855421686747 0.6331923890063424 0.3634538152610442 0.4693446088794926 0.4843373493975904 0.4682875264270613 0.4847389558232932 0.7420718816067653 0.4843373493975904 0.7431289640591966
0 0.5333333333333333 0.5570824524312896 0.4899598393574297 0.5570824524312896 0.4895582329317269 0.4693446088794926 0.5333333333333333 0.4682875264270613 0.5337349397590362 0.5560253699788583 0.5333333333333333 0.5570824524312896
0 0.6216867469879518 0.7431289640591966 0.5847389558232932 0.7431289640591966 0.5843373493975904 0.6553911205073996 0.5895582329317269 0.6543340380549683 0.5899598393574297 0.6490486257928119 0.5373493975903615 0.6479915433403806 0.5369477911646586 0.642706131078224 0.5341365461847389 0.6416490486257929 0.5337349397590362 0.6807610993657506 0.4899598393574297 0.6818181818181818 0.4895582329317269 0.5644820295983086 0.5333333333333333 0.5634249471458774 0.5337349397590362 0.5687103594080338 0.5365461847389559 0.5697674418604651 0.5369477911646586 0.4693446088794926 0.6216867469879518 0.4682875264270613 0.6220883534136546 0.7420718816067653 0.6216867469879518 0.7431289640591966
0 0.763855421686747 0.6522198731501057 0.7405622489959839 0.6522198731501057 0.7401606425702811 0.4693446088794926 0.763855421686747 0.4682875264270613 0.7642570281124498 0.6511627906976745 0.763855421686747 0.6522198731501057
0 0.9718875502008032 0.7431289640591966 0.8674698795180723 0.7431289640591966 0.8670682730923694 0.5306553911205074 0.8618473895582329 0.5295983086680761 0.8614457831325302 0.7420718816067653 0.7678714859437751 0.7431289640591966 0.7674698795180723 0.4693446088794926 0.9718875502008032 0.4682875264270613 0.9722891566265061 0.7420718816067653 0.9718875502008032 0.7431289640591966
0 0.20803212851405622 0.741014799154334 0.024096385542168676 0.741014799154334 0.023694779116465864 0.47357293868921774 0.20803212851405622 0.4725158562367865 0.20843373493975903 0.7399577167019028 0.20803212851405622 0.741014799154334
0 0.27630522088353415 0.741014799154334 0.21686746987951808 0.741014799154334 0.21646586345381527 0.47357293868921774 0.27630522088353415 0.4725158562367865 0.27670682730923696 0.7399577167019028 0.27630522088353415 0.741014799154334
0 0.3815261044176707 0.686046511627907 0.363855421686747 0.686046511627907 0.3634538152610442 0.6405919661733616 0.3815261044176707 0.6395348837209303 0.3819277108433735 0.6849894291754757 0.3815261044176707 0.686046511627907
0 0.5799196787148594 0.7431289640591966 0.5373493975903615 0.7431289640591966 0.5369477911646586 0.6553911205073996 0.5799196787148594 0.6543340380549683 0.5803212851405622 0.7420718816067653 0.5799196787148594 0.7431289640591966
0 0.763855421686747 0.7431289640591966 0.7405622489959839 0.7431289640591966 0.7401606425702811 0.6617336152219874 0.763855421686747 0.6606765327695561 0.7642570281124498 0.7420718816067653 0.763855421686747 0.7431289640591966
0 0.5092369477911647 0.7431289640591966 0.4875502008032129 0.7431289640591966 0.48714859437751 0.6892177589852009 0.5092369477911647 0.6881606765327696 0.5096385542168674 0.7420718816067653 0.5092369477911647 0.7431289640591966
0 0.5333333333333333 0.7431289640591966 0.5132530120481927 0.7431289640591966 0.51285140562249 0.6892177589852009 0.5333333333333333 0.6881606765327696 0.5337349397590362 0.7420718816067653 0.5333333333333333 0.7431289640591966
0 0.3815261044176707 0.7431289640591966 0.363855421686747 0.7431289640591966 0.3634538152610442 0.6913319238900634 0.3815261044176707 0.6902748414376322 0.3819277108433735 0.7420718816067653 0.3815261044176707 0.7431289640591966
0 0.3405622489959839 0.9164904862579282 0.1895582329317269 0.9164904862579282 0.1891566265060241 0.758985200845666 0.28353413654618476 0.7579281183932347 0.28393574297188756 0.733615221987315 0.3405622489959839 0.7325581395348837 0.3409638554216867 0.9154334038054969 0.3405622489959839 0.9164904862579282