0 0.4569460390355913 0.24481658692185007 0.20149253731343283 0.24481658692185007 0.20120551090700345 0.05635300372142477 0.4569460390355913 0.05608718766613503 0.4572330654420207 0.24455077086656035 0.4569460390355913 0.24481658692185007
0 0.5218140068886338 0.19271664008506115 0.46383467278989665 0.19271664008506115 0.4635476463834673 0.05635300372142477 0.5218140068886338 0.05608718766613503 0.5221010332950632 0.1924508240297714 0.5218140068886338 0.19271664008506115
0 0.6245694603903559 0.2953216374269006 0.46383467278989665 0.2953216374269006 0.4635476463834673 0.1972355130249867 0.5269804822043628 0.19696969696969696 0.5272675086107922 0.05635300372142477 0.6245694603903559 0.05608718766613503 0.6248564867967853 0.29505582137161085 0.6245694603903559 0.2953216374269006
0 0.6934557979334098 0.17251461988304093 0.6371986222732492 0.17251461988304093 0.6369115958668198 0.05635300372142477 0.6934557979334098 0.05608718766613503 0.6937428243398392 0.1722488038277512 0.6934557979334098 0.17251461988304093
0 0.8691159586681975 0.3048910154173312 0.7256027554535017 0.3048910154173312 0.7253157290470723 0.2301967038809144 0.6371986222732492 0.22993088782562468 0.6369115958668198 0.1796916533758639 0.7003444316877153 0.17942583732057416 0.7006314580941446 0.05635300372142477 0.8691159586681975 0.05608718766613503 0.8694029850746269 0.30462519936204147 0.8691159586681975 0.3048910154173312
0 0.711825487944891 0.35007974481658694 0.6320321469575201 0.35007974481658694 0.6317451205510907 0.24136097820308347 0.711825487944891 0.24109516214779372 0.7121125143513203 0.3498139287612972 0.711825487944891 0.35007974481658694
0 0.4569460390355913 0.4420520999468368 0.20149253731343283 0.4420520999468368 0.20120551090700345 0.2509303561935141 0.4569460390355913 0.25066454013822437 0.4572330654420207 0.44178628389154706 0.4569460390355913 0.4420520999468368
0 0.6245694603903559 0.4420520999468368 0.46383467278989665 0.4420520999468368 0.4635476463834673 0.3009037745879851 0.6245694603903559 0.30063795853269537 0.6248564867967853 0.44178628389154706 0.6245694603903559 0.4420520999468368
0 0.8691159586681975 0.4420520999468368 0.6383467278989667 0.4420520999468368 0.6380597014925373 0.36257309941520466 0.7250287026406429 0.3623072833599149 0.7253157290470723 0.31313131313131315 0.8691159586681975 0.3128654970760234 0.8694029850746269 0.44178628389154706 0.8691159586681975 0.4420520999468368
0 0.34615384615384615 0.6664008506113769 0.3168771526980482 0.6664008506113769 0.31630309988518945 0.6658692185007975 0.11538461538461539 0.6658692185007975 0.11509758897818599 0.5188729399255715 0.3157290470723307 0.5186071238702817 0.31601607347876004 0.5773524720893142 0.34615384615384615 0.5776182881446039 0.34644087256027556 0.6661350345560871 0.34615384615384615 0.6664008506113769
0 0.5241102181400689 0.6664008506113769 0.35017221584385766 0.6664008506113769 0.34988518943742825 0.5746943115364168 0.3203214695752009 0.5744284954811271 0.32003444316877155 0.5188729399255715 0.5241102181400689 0.5186071238702817 0.5243972445464983 0.6661350345560871 0.5241102181400689 0.6664008506113769
0 0.6308840413318025 0.8253588516746412 0.521239954075775 0.8253588516746412 0.5209529276693455 0.7655502392344498 0.5510907003444316 0.76528442317916 0.551377726750861 0.73471557682084 0.48392652123995405 0.7344497607655502 0.4833524684270953 0.7339181286549707 0.32261768082663606 0.7339181286549707 0.32233065442020664 0.6730462519936204 0.5309988518943742 0.6727804359383307 0.5312858783008036 0.5188729399255715 0.6308840413318025 0.5186071238702817 0.631171067738232 0.8250930356193514 0.6308840413318025 0.8253588516746412
0 0.8754305396096441 0.6674641148325359 0.6377726750861079 0.6674641148325359 0.6374856486796785 0.5188729399255715 0.8754305396096441 0.5186071238702817 0.8757175660160735 0.6671982987772461 0.8754305396096441 0.6674641148325359
0 0.3220436280137773 0.9029771398192451 0.11538461538461539 0.9029771398192451 0.11509758897818599 0.6661350345560871 0.31630309988518945 0.6658692185007975 0.3165901262916188 0.672514619883041 0.3220436280137773 0.6727804359383307 0.32233065442020664 0.9027113237639554 0.3220436280137773 0.9029771398192451
0 0.6940298507462687 0.753056884635832 0.6377726750861079 0.753056884635832 0.6374856486796785 0.6735778841041999 0.6940298507462687 0.6733120680489102 0.6943168771526981 0.7527910685805422 0.6940298507462687 0.753056884635832
0 0.743398392652124 0.9035087719298246 0.6377726750861079 0.9035087719298246 0.6374856486796785 0.7586390217969166 0.7003444316877153 0.7583732057416268 0.7006314580941446 0.6735778841041999 0.7588978185993112 0.6733120680489102 0.7591848450057406 0.7533227006911217 0.7439724454649828 0.7535885167464115 0.7436854190585533 0.9032429558745348 0.743398392652124 0.9035087719298246
0 0.8754305396096441 0.8024986709197236 0.7669345579793341 0.8024986709197236 0.7666475315729047 0.6735778841041999 0.8754305396096441 0.6733120680489102 0.8757175660160735 0.8022328548644339 0.8754305396096441 0.8024986709197236
0 0.5407577497129736 0.9029771398192451 0.32721010332950634 0.9029771398192451 0.3269230769230769 0.8761297182349814 0.32261768082663606 0.8758639021796917 0.32233065442020664 0.7341839447102605 0.4833524684270953 0.7339181286549707 0.4836394948335247 0.7650186071238703 0.5143513203214696 0.76528442317916 0.514638346727899 0.8314726209463051 0.5407577497129736 0.8317384370015949 0.5410447761194029 0.9027113237639554 0.5407577497129736 0.9029771398192451
0 0.5464982778415615 0.7620946305156832 0.48679678530424797 0.7620946305156832 0.4865097588978186 0.7379053694843168 0.5464982778415615 0.7376395534290271 0.5467853042479908 0.7618288144603934 0.5464982778415615 0.7620946305156832
0 0.8754305396096441 0.9035087719298246 0.7520091848450058 0.9035087719298246 0.7517221584385764 0.8096757044125465 0.8754305396096441 0.8094098883572568 0.8757175660160735 0.9032429558745348 0.8754305396096441 0.9035087719298246
0 0.6257175660160735 0.8838383838383839 0.5533869115958668 0.8838383838383839 0.5530998851894374 0.8314726209463051 0.6257175660160735 0.8312068048910154 0.6260045924225028 0.8835725677830941 0.6257175660160735 0.8838383838383839