0 0.4825 0.5341666666666667 0.235 0.5341666666666667 0.234375 0.31333333333333335 0.4825 0.3125 0.483125 0.5333333333333333 0.4825 0.5341666666666667
0 0.64375 0.5341666666666667 0.51875 0.5341666666666667 0.518125 0.31333333333333335 0.64375 0.3125 0.644375 0.5333333333333333 0.64375 0.5341666666666667
0 0.765 0.5341666666666667 0.65125 0.5341666666666667 0.650625 0.31333333333333335 0.765 0.3125 0.765625 0.5333333333333333 0.765 0.5341666666666667
0 0.29125 0.6225 0.235 0.6225 0.234375 0.5433333333333333 0.29125 0.5425 0.291875 0.6216666666666667 0.29125 0.6225
0 0.35375 0.6225 0.2975 0.6225 0.296875 0.5433333333333333 0.35375 0.5425 0.354375 0.6216666666666667 0.35375 0.6225
0 0.4825 0.7108333333333333 0.44875 0.7108333333333333 0.448125 0.6733333333333333 0.4425 0.6725 0.441875 0.71 0.3975 0.7108333333333333 0.396875 0.6233333333333333 0.36125 0.6225 0.360625 0.5433333333333333 0.4825 0.5425 0.483125 0.71 0.4825 0.7108333333333333
0 0.5775 0.6941666666666667 0.51875 0.6941666666666667 0.518125 0.5433333333333333 0.5775 0.5425 0.578125 0.6933333333333334 0.5775 0.6941666666666667
0 0.765 0.7958333333333333 0.6775 0.7958333333333333 0.676875 0.5983333333333334 0.585 0.5975 0.584375 0.5433333333333333 0.72125 0.5425 0.721875 0.6233333333333333 0.765 0.6241666666666666 0.765625 0.795 0.765 0.7958333333333333
0 0.765 0.6175 0.72875 0.6175 0.728125 0.5433333333333333 0.765 0.5425 0.765625 0.6166666666666667 0.765 0.6175
0 0.67125 0.7958333333333333 0.585 0.7958333333333333 0.584375 0.605 0.67125 0.6041666666666666 0.671875 0.795 0.67125 0.7958333333333333
0 0.39125 0.7958333333333333 0.235 0.7958333333333333 0.234375 0.63 0.39125 0.6291666666666667 0.391875 0.795 0.39125 0.7958333333333333
0 0.5775 0.7958333333333333 0.51875 0.7958333333333333 0.518125 0.7033333333333334 0.5775 0.7025 0.578125 0.795 0.5775 0.7958333333333333
0 0.4825 0.7958333333333333 0.44375 0.7958333333333333 0.443125 0.7183333333333334 0.4475 0.7175 0.448125 0.7116666666666667 0.4825 0.7108333333333333 0.483125 0.795 0.4825 0.7958333333333333
0 0.4375 0.7958333333333333 0.3975 0.7958333333333333 0.396875 0.7183333333333334 0.4375 0.7175 0.438125 0.795 0.4375 0.7958333333333333