0 0.5054347826086957 0.4415501905972046 0.1923913043478261 0.4415501905972046 0.19184782608695652 0.07878017789072427 0.5054347826086957 0.0781448538754765 0.5059782608695652 0.3176620076238882 0.4902173913043478 0.318297331639136 0.48967391304347824 0.3252858958068615 0.5054347826086957 0.32592121982210925 0.5059782608695652 0.4409148665819568 0.5054347826086957 0.4415501905972046
0 0.5108695652173914 0.318297331639136 0.5065217391304347 0.318297331639136 0.5059782608695652 0.07878017789072427 0.5108695652173914 0.0781448538754765 0.5114130434782609 0.3176620076238882 0.5108695652173914 0.318297331639136
0 0.9260869565217391 0.318297331639136 0.558695652173913 0.318297331639136 0.5581521739130435 0.2770012706480305 0.5195652173913043 0.27636594663278274 0.5190217391304348 0.07878017789072427 0.9260869565217391 0.0781448538754765 0.9266304347826086 0.3176620076238882 0.9260869565217391 0.318297331639136
0 0.17608695652173914 0.4313850063532402 0.05543478260869565 0.4313850063532402 0.05489130434782609 0.08005082592121983 0.17608695652173914 0.07941550190597205 0.1766304347826087 0.4307496823379924 0.17608695652173914 0.4313850063532402
0 0.49130434782608695 0.7757306226175349 0.3717391304347826 0.7757306226175349 0.37119565217391304 0.5514612452350699 0.4989130434782609 0.5508259212198221 0.4994565217391304 0.5997458703939009 0.5054347826086957 0.6003811944091486 0.5059782608695652 0.32655654383735705 0.6217391304347826 0.32592121982210925 0.6222826086956522 0.6874205844980941 0.4923913043478261 0.6880559085133418 0.49184782608695654 0.7750952986022872 0.49130434782608695 0.7757306226175349
0 0.9260869565217391 0.5571791613722998 0.6293478260869565 0.5571791613722998 0.628804347826087 0.32655654383735705 0.9260869565217391 0.32592121982210925 0.9266304347826086 0.5565438373570522 0.9260869565217391 0.5571791613722998
0 0.3641304347826087 0.6880559085133418 0.06304347826086956 0.6880559085133418 0.0625 0.45108005082592123 0.3641304347826087 0.45044472681067343 0.36467391304347824 0.6874205844980941 0.3641304347826087 0.6880559085133418
0 0.4989130434782609 0.5432020330368488 0.3717391304347826 0.5432020330368488 0.37119565217391304 0.47395171537484115 0.4097826086956522 0.4733163913595934 0.41032608695652173 0.45108005082592123 0.4989130434782609 0.45044472681067343 0.4994565217391304 0.542566709021601 0.4989130434782609 0.5432020330368488
0 0.716304347826087 0.6880559085133418 0.6293478260869565 0.6880559085133418 0.628804347826087 0.5667090216010165 0.716304347826087 0.5660736975857688 0.7168478260869565 0.6874205844980941 0.716304347826087 0.6880559085133418
0 0.9260869565217391 0.6880559085133418 0.7380434782608696 0.6880559085133418 0.7375 0.5667090216010165 0.9260869565217391 0.5660736975857688 0.9266304347826086 0.6874205844980941 0.9260869565217391 0.6880559085133418
0 0.3641304347826087 0.9104193138500636 0.06304347826086956 0.9104193138500636 0.0625 0.6963151207115629 0.3641304347826087 0.6956797966963151 0.36467391304347824 0.9097839898348158 0.3641304347826087 0.9104193138500636
0 0.49130434782608695 0.909148665819568 0.4097826086956522 0.909148665819568 0.4092391304347826 0.8958068614993647 0.3717391304347826 0.8951715374841169 0.37119565217391304 0.783989834815756 0.49130434782608695 0.7833545108005082 0.49184782608695654 0.9085133418043202 0.49130434782608695 0.909148665819568