0 0.2129514321295143 0.5575471698113208 0.10211706102117062 0.5575471698113208 0.10149439601494396 0.27547169811320754 0.2129514321295143 0.27452830188679245 0.21357409713574096 0.5566037735849056 0.2129514321295143 0.5575471698113208
0 0.48443337484433374 0.5575471698113208 0.2191780821917808 0.5575471698113208 0.21855541718555418 0.27547169811320754 0.48443337484433374 0.27452830188679245 0.4850560398505604 0.5566037735849056 0.48443337484433374 0.5575471698113208
0 0.6039850560398505 0.5575471698113208 0.48567870485678705 0.5575471698113208 0.4850560398505604 0.27547169811320754 0.4863013698630137 0.27547169811320754 0.4863013698630137 0.44339622641509435 0.49066002490660027 0.44433962264150945 0.4912826899128269 0.27547169811320754 0.6039850560398505 0.27452830188679245 0.6046077210460772 0.5566037735849056 0.6039850560398505 0.5575471698113208
0 0.7496886674968867 0.5575471698113208 0.6089663760896638 0.5575471698113208 0.6083437110834371 0.27547169811320754 0.7496886674968867 0.27452830188679245 0.7503113325031133 0.5566037735849056 0.7496886674968867 0.5575471698113208
0 0.9526774595267746 0.48962264150943396 0.7621419676214197 0.48962264150943396 0.7615193026151931 0.35660377358490564 0.9526774595267746 0.35566037735849054 0.9533001245330013 0.48867924528301887 0.9526774595267746 0.48962264150943396
0 0.9526774595267746 0.9216981132075471 0.7658779576587795 0.9216981132075471 0.7652552926525529 0.5075471698113208 0.7696139476961394 0.5066037735849057 0.7708592777085927 0.5028301886792453 0.8156911581569116 0.5028301886792453 0.8163138231631383 0.5075471698113208 0.9526774595267746 0.5084905660377359 0.9533001245330013 0.9207547169811321 0.9526774595267746 0.9216981132075471
0 0.27023661270236615 0.7933962264150943 0.10211706102117062 0.7933962264150943 0.10149439601494396 0.5660377358490566 0.27023661270236615 0.5650943396226416 0.27085927770859275 0.7924528301886793 0.27023661270236615 0.7933962264150943
0 0.41344956413449563 0.7933962264150943 0.2764632627646326 0.7933962264150943 0.27584059775840597 0.5660377358490566 0.44333748443337484 0.5650943396226416 0.4439601494396015 0.6716981132075471 0.41469489414694893 0.6726415094339623 0.4140722291407223 0.7924528301886793 0.41344956413449563 0.7933962264150943
0 0.5404732254047323 0.7933962264150943 0.4806973848069738 0.7933962264150943 0.4800747198007472 0.6735849056603773 0.44707347447073476 0.6726415094339623 0.4464508094645081 0.5660377358490566 0.5404732254047323 0.5650943396226416 0.541095890410959 0.7924528301886793 0.5404732254047323 0.7933962264150943
0 0.6562889165628891 0.7009433962264151 0.547945205479452 0.7009433962264151 0.5473225404732254 0.5660377358490566 0.6562889165628891 0.5650943396226416 0.6569115815691158 0.7 0.6562889165628891 0.7009433962264151
0 0.7496886674968867 0.6858490566037736 0.6612702366127023 0.6858490566037736 0.6606475716064757 0.5660377358490566 0.7085927770859277 0.5650943396226416 0.7092154420921544 0.6037735849056604 0.7123287671232876 0.6047169811320755 0.7129514321295143 0.5660377358490566 0.7496886674968867 0.5650943396226416 0.7503113325031133 0.6849056603773584 0.7496886674968867 0.6858490566037736
0 0.47571606475716066 0.7933962264150943 0.41843088418430885 0.7933962264150943 0.4178082191780822 0.6811320754716981 0.47571606475716066 0.680188679245283 0.4763387297633873 0.7924528301886793 0.47571606475716066 0.7933962264150943
0 0.7459526774595268 0.7858490566037736 0.663760896637609 0.7858490566037736 0.6631382316313823 0.6962264150943396 0.7459526774595268 0.6952830188679245 0.7465753424657534 0.7849056603773585 0.7459526774595268 0.7858490566037736
0 0.6562889165628891 0.7933962264150943 0.547945205479452 0.7933962264150943 0.5473225404732254 0.7075471698113207 0.6562889165628891 0.7066037735849057 0.6569115815691158 0.7924528301886793 0.6562889165628891 0.7933962264150943