0 0.9431554524361949 0.38168373151308305 0.5278422273781903 0.38168373151308305 0.527262180974478 0.3321956769055745 0.5261020881670534 0.3310580204778157 0.5261020881670534 0.23435722411831628 0.5249419953596288 0.23321956769055746 0.5249419953596288 0.18543799772468714 0.5237819025522041 0.18430034129692832 0.9431554524361949 0.18373151308304891 0.9437354988399071 0.38111490329920367 0.9431554524361949 0.38168373151308305
0 0.45243619489559167 0.5011376564277589 0.048723897911832945 0.5011376564277589 0.04814385150812065 0.18543799772468714 0.45243619489559167 0.18486916951080773 0.45301624129930396 0.5005688282138794 0.45243619489559167 0.5011376564277589
0 0.7761020881670534 0.5693970420932878 0.6624129930394431 0.5693970420932878 0.6618329466357309 0.5096700796359499 0.6566125290023201 0.5045506257110353 0.6508120649651972 0.5 0.6490719257540604 0.49943117178612056 0.648491879350348 0.49772468714448237 0.6415313225058005 0.4920364050056883 0.6345707656612529 0.4863481228668942 0.632830626450116 0.4857792946530148 0.6322505800464037 0.4840728100113766 0.6252900232018561 0.47838452787258245 0.6235498839907193 0.4778156996587031 0.622969837587007 0.4761092150170648 0.62122969837587 0.47554038680318544 0.6206496519721578 0.4738339021615472 0.6183294663573086 0.4726962457337884 0.6165893271461717 0.472127417519909 0.6160092807424594 0.47042093287827075 0.6102088167053364 0.4658703071672355 0.5348027842227379 0.4658703071672355 0.5336426914153132 0.46473265073947667 0.5290023201856149 0.46473265073947667 0.5284222737819025 0.38794084186575656 0.527262180974478 0.38680318543799774 0.7761020881670534 0.3862343572241183 0.7766821345707656 0.5688282138794084 0.7761020881670534 0.5693970420932878
0 0.9431554524361949 0.6922639362912401 0.7830626450116009 0.6922639362912401 0.7824825986078886 0.38680318543799774 0.9431554524361949 0.3862343572241183 0.9437354988399071 0.6916951080773607 0.9431554524361949 0.6922639362912401
0 0.6508120649651972 0.6069397042093287 0.5348027842227379 0.6069397042093287 0.5342227378190255 0.47667804323094426 0.6090487238979119 0.4761092150170648 0.6148491879350348 0.48179749715585896 0.6165893271461717 0.48236632536973834 0.617169373549884 0.4840728100113766 0.6189095127610209 0.48464163822525597 0.6194895591647331 0.4863481228668942 0.6241299303944315 0.48976109215017066 0.6334106728538283 0.49772468714448237 0.6403712296983759 0.5034129692832765 0.6496519721577726 0.5113765642775882 0.6513921113689095 0.5119453924914675 0.6513921113689095 0.6063708759954494 0.6508120649651972 0.6069397042093287
0 0.3004640371229698 0.6774744027303754 0.048723897911832945 0.6774744027303754 0.04814385150812065 0.5062571103526735 0.09048723897911833 0.5056882821387941 0.09106728538283063 0.5017064846416383 0.3004640371229698 0.5011376564277589 0.30104408352668216 0.676905574516496 0.3004640371229698 0.6774744027303754
0 0.45243619489559167 0.823094425483504 0.16589327146171692 0.823094425483504 0.16531322505800464 0.6848691695108078 0.27958236658932717 0.6843003412969283 0.28016241299303946 0.7064846416382252 0.3004640371229698 0.7070534698521047 0.30104408352668216 0.5017064846416383 0.45243619489559167 0.5011376564277589 0.45301624129930396 0.8225255972696246 0.45243619489559167 0.823094425483504
0 0.7250580046403712 0.9254835039817975 0.5290023201856149 0.9254835039817975 0.5284222737819025 0.6166097838452788 0.6612529002320185 0.6160409556313993 0.6618329466357309 0.5745164960182025 0.7761020881670534 0.573947667804323 0.7766821345707656 0.6916951080773607 0.7262180974477959 0.6922639362912401 0.7256380510440835 0.9249146757679181 0.7250580046403712 0.9254835039817975
0 0.15777262180974477 0.823094425483504 0.048723897911832945 0.823094425483504 0.04814385150812065 0.6848691695108078 0.15777262180974477 0.6843003412969283 0.1583526682134571 0.8225255972696246 0.15777262180974477 0.823094425483504
0 0.9431554524361949 0.9254835039817975 0.7320185614849188 0.9254835039817975 0.7314385150812065 0.7360637087599545 0.7737819025522041 0.735494880546075 0.7743619489559165 0.6985210466439136 0.9431554524361949 0.6979522184300341 0.9437354988399071 0.9249146757679181 0.9431554524361949 0.9254835039817975
0 0.45243619489559167 0.9232081911262798 0.3051044083526682 0.9232081911262798 0.30452436194895594 0.8304891922639362 0.45243619489559167 0.8299203640500569 0.45301624129930396 0.9010238907849829 0.40835266821345706 0.9015927189988624 0.4077726218097448 0.9203640500568828 0.45243619489559167 0.9209328782707622 0.45301624129930396 0.9226393629124005 0.45243619489559167 0.9232081911262798