0 0.2232258064516129 0.5039772727272728 0.15870967741935485 0.5039772727272728 0.15806451612903225 0.49772727272727274 0.05419354838709677 0.4971590909090909 0.053548387096774196 0.3034090909090909 0.2232258064516129 0.3028409090909091 0.2238709677419355 0.5034090909090909 0.2232258064516129 0.5039772727272728
0 0.24387096774193548 0.63125 0.15354838709677418 0.63125 0.1529032258064516 0.625 0.05419354838709677 0.6244318181818181 0.053548387096774196 0.5034090909090909 0.15741935483870967 0.5028409090909091 0.15870967741935485 0.5039772727272728 0.2232258064516129 0.5039772727272728 0.2238709677419355 0.3034090909090909 0.47483870967741937 0.3028409090909091 0.4754838709677419 0.5613636363636364 0.24516129032258063 0.5619318181818181 0.24451612903225806 0.6306818181818182 0.24387096774193548 0.63125
0 0.6735483870967742 0.4960227272727273 0.5419354838709678 0.4960227272727273 0.5412903225806451 0.3034090909090909 0.6735483870967742 0.3028409090909091 0.6741935483870968 0.4954545454545455 0.6735483870967742 0.4960227272727273
0 0.9651612903225807 0.4960227272727273 0.68 0.4960227272727273 0.6793548387096774 0.3034090909090909 0.9651612903225807 0.3028409090909091 0.9658064516129032 0.4954545454545455 0.9651612903225807 0.4960227272727273
0 0.7870967741935484 0.6221590909090909 0.5419354838709678 0.6221590909090909 0.5412903225806451 0.5011363636363636 0.7870967741935484 0.5005681818181819 0.787741935483871 0.6215909090909091 0.7870967741935484 0.6221590909090909
0 0.9651612903225807 0.79375 0.7935483870967742 0.79375 0.7929032258064516 0.5011363636363636 0.9651612903225807 0.5005681818181819 0.9658064516129032 0.7931818181818182 0.9651612903225807 0.79375
0 0.47483870967741937 0.7948863636363637 0.25290322580645164 0.7948863636363637 0.25225806451612903 0.5693181818181818 0.47483870967741937 0.56875 0.4754838709677419 0.7943181818181818 0.47483870967741937 0.7948863636363637
0 0.6296774193548387 0.7301136363636364 0.5419354838709678 0.7301136363636364 0.5412903225806451 0.6284090909090909 0.6735483870967742 0.6278409090909091 0.6741935483870968 0.6909090909090909 0.6296774193548387 0.7301136363636364
0 0.7870967741935484 0.79375 0.5419354838709678 0.79375 0.5412903225806451 0.7363636363636363 0.6335483870967742 0.7357954545454546 0.635483870967742 0.7340909090909091 0.6412903225806451 0.727840909090909 0.6445161290322581 0.7261363636363637 0.6503225806451612 0.7198863636363636 0.6535483870967742 0.7181818181818181 0.655483870967742 0.7153409090909091 0.6806451612903226 0.6943181818181818 0.6806451612903226 0.6284090909090909 0.7870967741935484 0.6278409090909091 0.787741935483871 0.7931818181818182 0.7870967741935484 0.79375
0 0.24387096774193548 0.73125 0.05419354838709677 0.73125 0.053548387096774196 0.6306818181818182 0.15225806451612903 0.6301136363636364 0.15354838709677418 0.63125 0.24387096774193548 0.63125 0.24451612903225806 0.7306818181818182 0.24387096774193548 0.73125
0 0.16516129032258065 0.7948863636363637 0.05419354838709677 0.7948863636363637 0.053548387096774196 0.7386363636363636 0.16516129032258065 0.7380681818181818 0.16580645161290322 0.7943181818181818 0.16516129032258065 0.7948863636363637
0 0.24387096774193548 0.7948863636363637 0.17419354838709677 0.7948863636363637 0.1735483870967742 0.7386363636363636 0.24387096774193548 0.7380681818181818 0.24451612903225806 0.7943181818181818 0.24387096774193548 0.7948863636363637
0 0.1625806451612903 0.9744318181818182 0.024516129032258065 0.9744318181818182 0.023870967741935485 0.8090909090909091 0.1625806451612903 0.8085227272727272 0.16322580645161291 0.9738636363636364 0.1625806451612903 0.9744318181818182