0 0.4120603015075377 0.4886744966442953 0.034170854271356785 0.4886744966442953 0.033668341708542715 0.125 0.4120603015075377 0.12458053691275167 0.4125628140703518 0.48825503355704697 0.4120603015075377 0.4886744966442953
0 0.6703517587939698 0.376258389261745 0.4130653266331658 0.376258389261745 0.4125628140703518 0.125 0.6703517587939698 0.12458053691275167 0.6708542713567839 0.37583892617449666 0.6703517587939698 0.376258389261745
0 0.5346733668341709 0.5004194630872483 0.4201005025125628 0.5004194630872483 0.41959798994974873 0.38338926174496646 0.5346733668341709 0.38296979865771813 0.535175879396985 0.5 0.5346733668341709 0.5004194630872483
0 0.6703517587939698 0.5004194630872483 0.5437185929648242 0.5004194630872483 0.5432160804020101 0.38338926174496646 0.6703517587939698 0.38296979865771813 0.6708542713567839 0.5 0.6703517587939698 0.5004194630872483
0 0.4120603015075377 0.7462248322147651 0.2663316582914573 0.7462248322147651 0.2658291457286432 0.4890939597315436 0.4120603015075377 0.4886744966442953 0.4125628140703518 0.7458053691275168 0.4120603015075377 0.7462248322147651
0 0.13668341708542714 0.6111577181208053 0.034170854271356785 0.6111577181208053 0.033668341708542715 0.49580536912751677 0.13668341708542714 0.49538590604026844 0.1371859296482412 0.610738255033557 0.13668341708542714 0.6111577181208053
0 0.25728643216080405 0.6111577181208053 0.1457286432160804 0.6111577181208053 0.14522613065326634 0.49580536912751677 0.25728643216080405 0.49538590604026844 0.2577889447236181 0.610738255033557 0.25728643216080405 0.6111577181208053
0 0.6703517587939698 0.6153523489932886 0.4201005025125628 0.6153523489932886 0.41959798994974873 0.5067114093959731 0.6703517587939698 0.5062919463087249 0.6708542713567839 0.6149328859060402 0.6703517587939698 0.6153523489932886
0 0.25728643216080405 0.8947147651006712 0.034170854271356785 0.8947147651006712 0.033668341708542715 0.6182885906040269 0.25728643216080405 0.6178691275167785 0.2577889447236181 0.8942953020134228 0.25728643216080405 0.8947147651006712
0 0.6703517587939698 0.8947147651006712 0.4391959798994975 0.8947147651006712 0.4386934673366834 0.7466442953020134 0.4201005025125628 0.7462248322147651 0.41959798994974873 0.6216442953020134 0.6703517587939698 0.6212248322147651 0.6708542713567839 0.8942953020134228 0.6703517587939698 0.8947147651006712
0 0.4301507537688442 0.8947147651006712 0.2663316582914573 0.8947147651006712 0.2658291457286432 0.7533557046979866 0.4301507537688442 0.7529362416107382 0.4306532663316583 0.8942953020134228 0.4301507537688442 0.8947147651006712