0 0.18546365914786966 0.23660205245153934 0.045112781954887216 0.23660205245153934 0.045112781954887216 0.2354618015963512 0.18546365914786966 0.2354618015963512 0.18546365914786966 0.23660205245153934
0 0.3634085213032581 0.3996579247434436 0.045112781954887216 0.3996579247434436 0.043859649122807015 0.23717217787913342 0.18546365914786966 0.23660205245153934 0.18796992481203006 0.2354618015963512 0.37092731829573933 0.2354618015963512 0.37218045112781956 0.3671607753705815 0.3659147869674185 0.3677309007981756 0.36466165413533835 0.3990877993158495 0.3634085213032581 0.3996579247434436
0 0.3684210526315789 0.48745724059293044 0.3057644110275689 0.48745724059293044 0.30451127819548873 0.40364880273660203 0.37092731829573933 0.403078677309008 0.37218045112781956 0.23603192702394526 0.8822055137844611 0.2354618015963512 0.8834586466165414 0.4526795895096921 0.37092731829573933 0.4532497149372862 0.36967418546365916 0.4868871151653364 0.3684210526315789 0.48745724059293044
0 0.2857142857142857 0.48745724059293044 0.045112781954887216 0.48745724059293044 0.043859649122807015 0.4070695553021665 0.2857142857142857 0.4064994298745724 0.2869674185463659 0.4868871151653364 0.2857142857142857 0.48745724059293044
0 0.5639097744360902 0.6949828962371721 0.37343358395989973 0.6949828962371721 0.37218045112781956 0.4880273660205245 0.36967418546365916 0.4868871151653364 0.36967418546365916 0.45381984036488027 0.5639097744360902 0.4532497149372862 0.5651629072681704 0.6944127708095781 0.5639097744360902 0.6949828962371721
0 0.8822055137844611 0.5387685290763968 0.5739348370927319 0.5387685290763968 0.5726817042606517 0.4583808437856328 0.8822055137844611 0.45781071835803877 0.8834586466165414 0.5381984036488028 0.8822055137844611 0.5387685290763968
0 0.3609022556390977 0.571835803876853 0.045112781954887216 0.571835803876853 0.043859649122807015 0.49144811858608894 0.3609022556390977 0.4908779931584949 0.36215538847117795 0.5712656784492588 0.3609022556390977 0.571835803876853
0 0.8822055137844611 0.7588369441277081 0.5739348370927319 0.7588369441277081 0.5726817042606517 0.5438996579247435 0.8822055137844611 0.5433295324971493 0.8834586466165414 0.758266818700114 0.8822055137844611 0.7588369441277081
0 0.3609022556390977 0.7588369441277081 0.045112781954887216 0.7588369441277081 0.043859649122807015 0.5769669327251995 0.3609022556390977 0.5763968072976055 0.36215538847117795 0.758266818700114 0.3609022556390977 0.7588369441277081
0 0.5639097744360902 0.7588369441277081 0.37593984962406013 0.7588369441277081 0.37468671679197996 0.7001140250855188 0.49624060150375937 0.6995438996579247 0.4974937343358396 0.7149372862029647 0.5639097744360902 0.7155074116305588 0.5651629072681704 0.758266818700114 0.5639097744360902 0.7588369441277081
0 0.5639097744360902 0.7120866590649944 0.506265664160401 0.7120866590649944 0.5050125313283208 0.7001140250855188 0.5639097744360902 0.6995438996579247 0.5651629072681704 0.7115165336374002 0.5639097744360902 0.7120866590649944
0 0.18796992481203006 0.9572405929304447 0.03258145363408521 0.9572405929304447 0.03132832080200501 0.7787913340935005 0.18796992481203006 0.7782212086659065 0.18922305764411027 0.9566704675028507 0.18796992481203006 0.9572405929304447