0 0.19607843137254902 0.28642714570858285 0.15250544662309368 0.28642714570858285 0.1503267973856209 0.282435129740519 0.032679738562091505 0.282435129740519 0.03159041394335512 0.03792415169660679 0.289760348583878 0.036926147704590816 0.2908496732026144 0.2215568862275449 0.29520697167755994 0.22355289421157684 0.29520697167755994 0.2834331337325349 0.19825708061002179 0.2844311377245509 0.19607843137254902 0.28642714570858285
0 0.3899782135076253 0.11077844311377245 0.2962962962962963 0.11077844311377245 0.29520697167755994 0.03792415169660679 0.3899782135076253 0.036926147704590816 0.39106753812636164 0.10978043912175649 0.3899782135076253 0.11077844311377245
0 0.6405228758169934 0.2085828343313373 0.5947712418300654 0.2085828343313373 0.593681917211329 0.041916167664670656 0.6405228758169934 0.04091816367265469 0.6416122004357299 0.20758483033932135 0.6405228758169934 0.2085828343313373
0 0.8954248366013072 0.2085828343313373 0.6492374727668845 0.2085828343313373 0.6481481481481481 0.041916167664670656 0.8954248366013072 0.04091816367265469 0.8965141612200436 0.20758483033932135 0.8954248366013072 0.2085828343313373
0 0.954248366013072 0.45209580838323354 0.9041394335511983 0.45209580838323354 0.9030501089324618 0.041916167664670656 0.954248366013072 0.04091816367265469 0.9553376906318083 0.45109780439121755 0.954248366013072 0.45209580838323354
0 0.3899782135076253 0.2844311377245509 0.2962962962962963 0.2844311377245509 0.29520697167755994 0.1157684630738523 0.37037037037037035 0.11477045908183632 0.37145969498910675 0.16367265469061876 0.3899782135076253 0.16467065868263472 0.39106753812636164 0.2834331337325349 0.3899782135076253 0.2844311377245509
0 0.3899782135076253 0.16067864271457086 0.3790849673202614 0.16067864271457086 0.3779956427015251 0.1157684630738523 0.3899782135076253 0.11477045908183632 0.39106753812636164 0.1596806387225549 0.3899782135076253 0.16067864271457086
0 0.5228758169934641 0.2844311377245509 0.40522875816993464 0.2844311377245509 0.40413943355119825 0.13572854291417166 0.5228758169934641 0.1347305389221557 0.5239651416122004 0.2834331337325349 0.5228758169934641 0.2844311377245509
0 0.8954248366013072 0.2884231536926148 0.5947712418300654 0.2884231536926148 0.593681917211329 0.2155688622754491 0.6405228758169934 0.21457085828343314 0.6416122004357299 0.24151696606786427 0.6470588235294118 0.24251497005988024 0.6481481481481481 0.2155688622754491 0.8954248366013072 0.21457085828343314 0.8965141612200436 0.2874251497005988 0.8954248366013072 0.2884231536926148
0 0.21350762527233116 0.44610778443113774 0.030501089324618737 0.44610778443113774 0.029411764705882353 0.2894211576846307 0.1503267973856209 0.2884231536926148 0.15250544662309368 0.28642714570858285 0.19607843137254902 0.28642714570858285 0.19716775599128541 0.35528942115768464 0.21350762527233116 0.3562874251497006 0.21459694989106753 0.44510978043912175 0.21350762527233116 0.44610778443113774
0 0.3899782135076253 0.44610778443113774 0.2222222222222222 0.44610778443113774 0.22113289760348584 0.2894211576846307 0.3899782135076253 0.2884231536926148 0.39106753812636164 0.44510978043912175 0.3899782135076253 0.44610778443113774
0 0.6405228758169934 0.45209580838323354 0.5947712418300654 0.45209580838323354 0.593681917211329 0.2934131736526946 0.6405228758169934 0.29241516966067865 0.6416122004357299 0.45109780439121755 0.6405228758169934 0.45209580838323354
0 0.8954248366013072 0.45209580838323354 0.6492374727668845 0.45209580838323354 0.6481481481481481 0.2934131736526946 0.7690631808278867 0.29241516966067865 0.7701525054466231 0.3652694610778443 0.7930283224400871 0.3662674650698603 0.7941176470588235 0.2934131736526946 0.8954248366013072 0.29241516966067865 0.8965141612200436 0.45109780439121755 0.8954248366013072 0.45209580838323354
0 0.477124183006536 0.8612774451097804 0.32679738562091504 0.8612774451097804 0.32570806100217864 0.6966067864271457 0.32788671023965144 0.6946107784431138 0.32788671023965144 0.530938123752495 0.45751633986928103 0.5299401197604791 0.45860566448801743 0.6367265469061876 0.477124183006536 0.6377245508982036 0.4782135076252723 0.8602794411177644 0.477124183006536 0.8612774451097804
0 0.579520697167756 0.6297405189620758 0.4662309368191721 0.6297405189620758 0.4651416122004357 0.530938123752495 0.579520697167756 0.5299401197604791 0.5806100217864923 0.6287425149700598 0.579520697167756 0.6297405189620758
0 0.6884531590413944 0.6297405189620758 0.5904139433551199 0.6297405189620758 0.5893246187363834 0.530938123752495 0.6884531590413944 0.5299401197604791 0.6895424836601307 0.6287425149700598 0.6884531590413944 0.6297405189620758
0 0.8191721132897604 0.7774451097804391 0.7037037037037037 0.7774451097804391 0.7026143790849673 0.6287425149700598 0.8191721132897604 0.627744510978044 0.8202614379084967 0.7764471057884231 0.8191721132897604 0.7774451097804391
0 0.6187363834422658 0.7115768463073853 0.485838779956427 0.7115768463073853 0.48474945533769065 0.6387225548902196 0.6187363834422658 0.6377245508982036 0.6198257080610022 0.7105788423153693 0.6187363834422658 0.7115768463073853
0 0.6884531590413944 0.7115768463073853 0.6274509803921569 0.7115768463073853 0.6263616557734205 0.6387225548902196 0.6884531590413944 0.6377245508982036 0.6895424836601307 0.7105788423153693 0.6884531590413944 0.7115768463073853
0 0.6884531590413944 0.8273453093812375 0.5054466230936819 0.8273453093812375 0.5043572984749455 0.7784431137724551 0.485838779956427 0.7774451097804391 0.48474945533769065 0.716566866267465 0.6884531590413944 0.7155688622754491 0.6895424836601307 0.8263473053892215 0.6884531590413944 0.8273453093812375
0 0.6884531590413944 0.9391217564870259 0.32679738562091504 0.9391217564870259 0.32570806100217864 0.8662674650698603 0.48366013071895425 0.8652694610778443 0.48474945533769065 0.8562874251497006 0.5032679738562091 0.8552894211576846 0.5043572984749455 0.8323353293413174 0.6884531590413944 0.8313373253493014 0.6895424836601307 0.93812375249501 0.6884531590413944 0.9391217564870259