0 0.9171483622350675 0.21985157699443414 0.6127167630057804 0.21985157699443414 0.6117533718689788 0.07421150278293136 0.9171483622350675 0.07328385899814471 0.918111753371869 0.2189239332096475 0.9171483622350675 0.21985157699443414
0 0.24470134874759153 0.19944341372912802 0.1001926782273603 0.19944341372912802 0.09922928709055877 0.09090909090909091 0.2466281310211946 0.08998144712430427 0.24759152215799615 0.150278293135436 0.24566473988439305 0.15213358070500926 0.24566473988439305 0.19851576994434136 0.24470134874759153 0.19944341372912802
0 0.2023121387283237 0.3608534322820037 0.10211946050096339 0.3608534322820037 0.10115606936416185 0.20593692022263452 0.2023121387283237 0.20500927643784786 0.20327552986512523 0.35992578849721707 0.2023121387283237 0.3608534322820037
0 0.40655105973025046 0.4090909090909091 0.21001926782273603 0.4090909090909091 0.20905587668593448 0.23562152133580705 0.2524084778420039 0.23469387755102042 0.25337186897880537 0.2300556586270872 0.24855491329479767 0.22912801484230055 0.24759152215799615 0.20593692022263452 0.40655105973025046 0.20500927643784786 0.407514450867052 0.40816326530612246 0.40655105973025046 0.4090909090909091
0 0.5202312138728323 0.3979591836734694 0.4393063583815029 0.3979591836734694 0.43545279383429675 0.3942486085343228 0.42870905587668595 0.38961038961038963 0.42870905587668595 0.30612244897959184 0.4373795761078998 0.29777365491651203 0.5202312138728323 0.29777365491651203 0.5221579961464354 0.29962894248608535 0.5308285163776493 0.30612244897959184 0.5308285163776493 0.3877551020408163 0.5289017341040463 0.38961038961038963 0.5260115606936416 0.3942486085343228 0.5202312138728323 0.3979591836734694
0 0.2023121387283237 0.4090909090909091 0.09633911368015415 0.4090909090909091 0.0953757225433526 0.3673469387755102 0.2023121387283237 0.36641929499072357 0.20327552986512523 0.40816326530612246 0.2023121387283237 0.4090909090909091
0 0.28516377649325625 0.5964749536178108 0.06358381502890173 0.5964749536178108 0.0626204238921002 0.41929499072356213 0.28516377649325625 0.41836734693877553 0.2861271676300578 0.5955473098330241 0.28516377649325625 0.5964749536178108
0 0.6763005780346821 0.6614100185528757 0.6088631984585742 0.6614100185528757 0.6078998073217726 0.6363636363636364 0.5684007707129094 0.6354359925788498 0.5674373795761078 0.660482374768089 0.4951830443159923 0.6614100185528757 0.49421965317919075 0.6289424860853432 0.2928709055876686 0.6280148423005566 0.29190751445086704 0.41929499072356213 0.6242774566473989 0.41836734693877553 0.6252408477842004 0.4935064935064935 0.6763005780346821 0.49443413729128016 0.6772639691714836 0.660482374768089 0.6763005780346821 0.6614100185528757
0 0.905587668593449 0.7152133580705009 0.6782273603082851 0.7152133580705009 0.6772639691714836 0.49536178107606677 0.905587668593449 0.49443413729128016 0.9065510597302505 0.7142857142857143 0.905587668593449 0.7152133580705009
0 0.18689788053949905 0.6614100185528757 0.06358381502890173 0.6614100185528757 0.0626204238921002 0.6029684601113172 0.18689788053949905 0.6020408163265306 0.18786127167630057 0.660482374768089 0.18689788053949905 0.6614100185528757
0 0.28516377649325625 0.6614100185528757 0.19460500963391136 0.6614100185528757 0.1936416184971098 0.6029684601113172 0.28516377649325625 0.6020408163265306 0.2861271676300578 0.660482374768089 0.28516377649325625 0.6614100185528757
0 0.4951830443159923 0.7430426716141002 0.23892100192678228 0.7430426716141002 0.23795761078998073 0.6679035250463822 0.2909441233140655 0.6669758812615956 0.29190751445086704 0.634508348794063 0.4161849710982659 0.6335807050092764 0.41714836223506746 0.6289424860853432 0.4932562620423892 0.6280148423005566 0.49421965317919075 0.660482374768089 0.49614643545279385 0.6623376623376623 0.49614643545279385 0.7421150278293135 0.4951830443159923 0.7430426716141002
0 0.23121387283236994 0.8376623376623377 0.06358381502890173 0.8376623376623377 0.0626204238921002 0.6679035250463822 0.23121387283236994 0.6669758812615956 0.2321772639691715 0.8367346938775511 0.23121387283236994 0.8376623376623377
0 0.6666666666666666 0.8376623376623377 0.5009633911368016 0.8376623376623377 0.5 0.6679035250463822 0.6666666666666666 0.6669758812615956 0.6676300578034682 0.8367346938775511 0.6666666666666666 0.8376623376623377
0 0.905587668593449 0.8376623376623377 0.6782273603082851 0.8376623376623377 0.6772639691714836 0.7235621521335807 0.905587668593449 0.7226345083487941 0.9065510597302505 0.8367346938775511 0.905587668593449 0.8376623376623377
0 0.3140655105973025 0.8376623376623377 0.23892100192678228 0.8376623376623377 0.23795761078998073 0.7476808905380334 0.3140655105973025 0.7467532467532467 0.315028901734104 0.8367346938775511 0.3140655105973025 0.8376623376623377
0 0.42196531791907516 0.8376623376623377 0.3217726396917148 0.8376623376623377 0.3208092485549133 0.7476808905380334 0.42196531791907516 0.7467532467532467 0.4229287090558767 0.8367346938775511 0.42196531791907516 0.8376623376623377
0 0.4951830443159923 0.8376623376623377 0.4296724470134875 0.8376623376623377 0.42870905587668595 0.7476808905380334 0.4951830443159923 0.7467532467532467 0.49614643545279385 0.8367346938775511 0.4951830443159923 0.8376623376623377