0 0.16711590296495957 0.49342825848849947 0.06037735849056604 0.49342825848849947 0.060107816711590295 0.2891566265060241 0.16711590296495957 0.28860898138006574 0.1673854447439353 0.4928806133625411 0.16711590296495957 0.49342825848849947
0 0.2086253369272237 0.39266155531215774 0.17035040431266846 0.39266155531215774 0.17008086253369273 0.2891566265060241 0.2086253369272237 0.28860898138006574 0.20889487870619947 0.39211391018619934 0.2086253369272237 0.39266155531215774
0 0.38652291105121295 0.49561883899233294 0.21185983827493263 0.49561883899233294 0.21159029649595687 0.2891566265060241 0.38652291105121295 0.28860898138006574 0.3867924528301887 0.4950711938663746 0.38652291105121295 0.49561883899233294
0 0.44528301886792454 0.3784227820372399 0.3897574123989218 0.3784227820372399 0.3894878706199461 0.2891566265060241 0.44528301886792454 0.28860898138006574 0.44555256064690024 0.3778751369112815 0.44528301886792454 0.3784227820372399
0 0.8070080862533693 0.608433734939759 0.6749326145552561 0.608433734939759 0.6746630727762803 0.48521358159912376 0.7132075471698113 0.4846659364731654 0.713477088948787 0.2913472070098576 0.7412398921832885 0.2907995618838992 0.7415094339622641 0.484118291347207 0.8070080862533693 0.4846659364731654 0.807277628032345 0.6078860898138007 0.8070080862533693 0.608433734939759
0 0.44258760107816714 0.4923329682365827 0.3897574123989218 0.4923329682365827 0.3894878706199461 0.3855421686746988 0.44258760107816714 0.3849945235487404 0.44285714285714284 0.49178532311062434 0.44258760107816714 0.4923329682365827
0 0.2086253369272237 0.49342825848849947 0.17035040431266846 0.49342825848849947 0.17008086253369273 0.39868565169769987 0.2086253369272237 0.39813800657174153 0.20889487870619947 0.4928806133625411 0.2086253369272237 0.49342825848849947
0 0.6716981132075471 0.608433734939759 0.5622641509433962 0.608433734939759 0.5619946091644205 0.40525739320920046 0.6716981132075471 0.40470974808324206 0.6719676549865229 0.6078860898138007 0.6716981132075471 0.608433734939759
0 0.7110512129380054 0.4813800657174151 0.6749326145552561 0.4813800657174151 0.6746630727762803 0.40525739320920046 0.7110512129380054 0.40470974808324206 0.7113207547169811 0.48083242059145676 0.7110512129380054 0.4813800657174151
0 0.8070080862533693 0.48028477546549836 0.7444743935309973 0.48028477546549836 0.7442048517520216 0.40525739320920046 0.8070080862533693 0.40470974808324206 0.807277628032345 0.47973713033953996 0.8070080862533693 0.48028477546549836
0 0.9477088948787062 0.608433734939759 0.8097035040431266 0.608433734939759 0.809433962264151 0.40525739320920046 0.9477088948787062 0.40470974808324206 0.9479784366576819 0.6078860898138007 0.9477088948787062 0.608433734939759
0 0.38652291105121295 0.7234392113910186 0.21239892183288409 0.7234392113910186 0.21212938005390836 0.5717415115005476 0.21078167115902965 0.5711938663745892 0.2105121293800539 0.4994523548740416 0.21159029649595687 0.49835706462212487 0.21159029649595687 0.49616648411829134 0.38652291105121295 0.49561883899233294 0.3867924528301887 0.7228915662650602 0.38652291105121295 0.7234392113910186
0 0.1347708894878706 0.7234392113910186 0.06037735849056604 0.7234392113910186 0.060107816711590295 0.4994523548740416 0.1347708894878706 0.49890470974808326 0.13504043126684637 0.7228915662650602 0.1347708894878706 0.7234392113910186
0 0.2091644204851752 0.6445783132530121 0.13800539083557953 0.6445783132530121 0.13773584905660377 0.4994523548740416 0.21024258760107817 0.49890470974808326 0.2105121293800539 0.5706462212486308 0.20943396226415095 0.5717415115005476 0.20943396226415095 0.6440306681270537 0.2091644204851752 0.6445783132530121
0 0.44528301886792454 0.7234392113910186 0.3897574123989218 0.7234392113910186 0.3894878706199461 0.4994523548740416 0.44258760107816714 0.49890470974808326 0.44285714285714284 0.5038335158817087 0.44528301886792454 0.5043811610076671 0.44555256064690024 0.7228915662650602 0.44528301886792454 0.7234392113910186
0 0.4981132075471698 0.6073384446878423 0.4522911051212938 0.6073384446878423 0.4520215633423181 0.5235487404162102 0.4981132075471698 0.523001095290252 0.49838274932614557 0.6067907995618839 0.4981132075471698 0.6073384446878423
0 0.2091644204851752 0.7234392113910186 0.13800539083557953 0.7234392113910186 0.13773584905660377 0.6495071193866374 0.2091644204851752 0.6489594742606791 0.20943396226415095 0.7228915662650602 0.2091644204851752 0.7234392113910186