0 0.337888198757764 0.4785831960461285 0.1341614906832298 0.4785831960461285 0.13354037267080746 0.22075782537067545 0.337888198757764 0.21993410214168038 0.3385093167701863 0.47775947281713343 0.337888198757764 0.4785831960461285
0 0.5490683229813664 0.4785831960461285 0.3391304347826087 0.4785831960461285 0.3385093167701863 0.22075782537067545 0.5826086956521739 0.21993410214168038 0.5832298136645963 0.3970345963756178 0.5503105590062112 0.3978583196046129 0.5496894409937888 0.47775947281713343 0.5490683229813664 0.4785831960461285
0 0.7763975155279503 0.5197693574958814 0.684472049689441 0.5197693574958814 0.6838509316770186 0.47611202635914335 0.55527950310559 0.47528830313014825 0.5546583850931677 0.40691927512355847 0.5888198757763975 0.4060955518945634 0.5894409937888199 0.22075782537067545 0.7763975155279503 0.21993410214168038 0.7770186335403727 0.5189456342668863 0.7763975155279503 0.5197693574958814
0 0.3552795031055901 0.4802306425041186 0.1341614906832298 0.4802306425041186 0.1341614906832298 0.4785831960461285 0.3552795031055901 0.4785831960461285 0.3552795031055901 0.4802306425041186
0 0.5838509316770186 0.8113673805601318 0.48695652173913045 0.8113673805601318 0.4863354037267081 0.48105436573311366 0.3565217391304348 0.4802306425041186 0.3565217391304348 0.4785831960461285 0.5490683229813664 0.4785831960461285 0.5496894409937888 0.6046128500823723 0.5838509316770186 0.6054365733113674 0.584472049689441 0.8105436573311368 0.5838509316770186 0.8113673805601318
0 0.7763975155279503 0.7207578253706755 0.5925465838509317 0.7207578253706755 0.5919254658385094 0.5963756177924218 0.55527950310559 0.5955518945634267 0.5546583850931677 0.5205930807248764 0.5664596273291925 0.5197693574958814 0.5670807453416149 0.48599670510708404 0.675776397515528 0.48517298187808894 0.6763975155279504 0.528830313014827 0.7763975155279503 0.5296540362438221 0.7770186335403727 0.7199341021416804 0.7763975155279503 0.7207578253706755
0 0.3527950310559006 0.6762767710049423 0.1341614906832298 0.6762767710049423 0.13354037267080746 0.48929159802306427 0.34658385093167704 0.48846787479406917 0.34720496894409936 0.515650741350906 0.3527950310559006 0.5164744645799012 0.35341614906832297 0.6754530477759473 0.3527950310559006 0.6762767710049423
0 0.4782608695652174 0.6449752883031301 0.46335403726708074 0.6449752883031301 0.46273291925465837 0.6227347611202636 0.36149068322981365 0.6219110378912686 0.36086956521739133 0.556836902800659 0.36335403726708076 0.5551894563426688 0.36335403726708076 0.48929159802306427 0.4782608695652174 0.48846787479406917 0.4788819875776398 0.6441515650741351 0.4782608695652174 0.6449752883031301
0 0.4782608695652174 0.7388797364085667 0.3627329192546584 0.7388797364085667 0.362111801242236 0.6309719934102141 0.4546583850931677 0.6301482701812191 0.45527950310559007 0.6540362438220758 0.4782608695652174 0.6548599670510709 0.4788819875776398 0.7380560131795717 0.4782608695652174 0.7388797364085667
0 0.675776397515528 0.8113673805601318 0.5925465838509317 0.8113673805601318 0.5919254658385094 0.728171334431631 0.675776397515528 0.7273476112026359 0.6763975155279504 0.8105436573311368 0.675776397515528 0.8113673805601318
0 0.7763975155279503 0.8113673805601318 0.7031055900621118 0.8113673805601318 0.7024844720496894 0.728171334431631 0.7763975155279503 0.7273476112026359 0.7770186335403727 0.8105436573311368 0.7763975155279503 0.8113673805601318