0 0.0966209081309398 0.5950173812282734 0.027455121436114043 0.5950173812282734 0.02719112988384372 0.1981460023174971 0.18321013727560717 0.19756662804171496 0.1834741288278775 0.3186558516801854 0.1494192185850053 0.31923522595596754 0.14915522703273495 0.5237543453070683 0.09714889123548047 0.5243337195828505 0.09688489968321014 0.5944380069524913 0.0966209081309398 0.5950173812282734
0 0.18743400211193242 0.7479721900347625 0.14730728616684266 0.7479721900347625 0.14704329461457233 0.6755504055619931 0.1525871172122492 0.6749710312862109 0.15285110876451954 0.3267670915411356 0.18796198521647306 0.3261877172653534 0.1882259767687434 0.1981460023174971 0.2529039070749736 0.19756662804171496 0.2531678986272439 0.3870220162224797 0.19482576557550157 0.38760139049826187 0.19456177402323124 0.3962920046349942 0.22544878563885956 0.39687137891077634 0.2257127771911299 0.492468134414832 0.2212249208025343 0.49304750869061414 0.220960929250264 0.574739281575898 0.19482576557550157 0.5753186558516802 0.19456177402323124 0.5793742757821553 0.1940337909186906 0.5805330243337196 0.19350580781414994 0.5828505214368482 0.19350580781414994 0.5874855156431055 0.19297782470960928 0.5886442641946698 0.19244984160506864 0.5909617612977984 0.19244984160506864 0.5944380069524913 0.19192185850052798 0.5955967555040557 0.19139387539598732 0.5979142526071842 0.19139387539598732 0.6025492468134415 0.19086589229144668 0.6037079953650057 0.19033790918690602 0.6060254924681344 0.19033790918690602 0.6095017381228274 0.18980992608236535 0.6106604866743917 0.18980992608236535 0.6129779837775203 0.18928194297782472 0.6141367323290846 0.18928194297782472 0.6176129779837776 0.18875395987328406 0.6187717265353418 0.1882259767687434 0.6210892236384704 0.1882259767687434 0.6257242178447276 0.18769799366420276 0.626882966396292 0.18769799366420276 0.7473928157589803 0.18743400211193242 0.7479721900347625
0 0.48099260823653645 0.7479721900347625 0.31520591341077087 0.7479721900347625 0.3149419218585005 0.6002317497103129 0.2750791974656811 0.5996523754345308 0.2748152059134108 0.4936268829663963 0.2296726504751848 0.49304750869061414 0.22940865892291445 0.39745075318655854 0.2565997888067582 0.39687137891077634 0.2568637803590285 0.1981460023174971 0.48099260823653645 0.19756662804171496 0.48125659978880675 0.7473928157589803 0.48099260823653645 0.7479721900347625
0 0.6684266103484688 0.4559675550405562 0.5232312565997888 0.4559675550405562 0.5229672650475184 0.20046349942062572 0.6684266103484688 0.19988412514484358 0.6686906019007391 0.45538818076477405 0.6684266103484688 0.4559675550405562
0 0.7259767687434002 0.45712630359212053 0.6937697993664202 0.45712630359212053 0.6932418162618796 0.4559675550405562 0.672650475184794 0.4559675550405562 0.6723864836325237 0.20046349942062572 0.7613516367476241 0.19988412514484358 0.7616156282998944 0.4542294322132097 0.7265047518479408 0.4548088064889919 0.7259767687434002 0.45712630359212053
0 0.8321013727560718 0.4548088064889919 0.7618796198521647 0.4548088064889919 0.7616156282998944 0.20046349942062572 0.8178458289334741 0.19988412514484358 0.8181098204857444 0.38006952491309387 0.8321013727560718 0.380648899188876 0.8323653643083422 0.4542294322132097 0.8321013727560718 0.4548088064889919
0 0.8796198521647307 0.313441483198146 0.8215417106652587 0.313441483198146 0.8212777191129884 0.20046349942062572 0.9577613516367476 0.19988412514484358 0.958025343189018 0.31170336037079954 0.8801478352692714 0.3122827346465817 0.8796198521647307 0.313441483198146
0 0.9577613516367476 0.4524913093858633 0.9023231256599789 0.4524913093858633 0.9020591341077085 0.3626882966396292 0.8909714889123548 0.3383545770567787 0.8907074973600845 0.3366164542294322 0.8899155227032735 0.33603707995365006 0.8896515311510031 0.3342989571263036 0.8888595564941922 0.33371958285052145 0.883843717001056 0.32155272305909616 0.883051742344245 0.320973348783314 0.8827877507919747 0.31923522595596754 0.8819957761351637 0.3186558516801854 0.879883843717001 0.3128621089223638 0.9577613516367476 0.3122827346465817 0.958025343189018 0.373117033603708 0.9472016895459345 0.37369640787949016 0.9469376979936642 0.38122827346465815 0.9577613516367476 0.38180764774044035 0.958025343189018 0.4519119351100811 0.9577613516367476 0.4524913093858633
0 0.8975712777191129 0.4466975666280417 0.8363252375923971 0.4466975666280417 0.8360612460401268 0.373117033603708 0.8215417106652587 0.3725376593279258 0.8212777191129884 0.32213209733487835 0.8785638859556494 0.32155272305909616 0.8883315733896515 0.3429895712630359 0.8933474128827877 0.3551564310544612 0.8941393875395988 0.35573580533024335 0.8944033790918691 0.3574739281575898 0.8951953537486801 0.35805330243337197 0.8978352692713834 0.3650057937427578 0.8978352692713834 0.4461181923522596 0.8975712777191129 0.4466975666280417
0 0.7581837381203802 0.6112398609501738 0.6372756071805702 0.6112398609501738 0.6370116156282999 0.46349942062572425 0.6932418162618796 0.46292004634994205 0.6935058078141499 0.45770567786790267 0.7259767687434002 0.45712630359212053 0.7262407602956705 0.4600231749710313 0.7613516367476241 0.46060254924681343 0.7616156282998944 0.5422943221320974 0.7587117212249208 0.5428736964078795 0.7584477296726505 0.6106604866743917 0.7581837381203802 0.6112398609501738
0 0.8796198521647307 0.7827346465816918 0.8342133051742344 0.7827346465816918 0.8278775079197466 0.7676709154113557 0.8270855332629355 0.7670915411355735 0.8210137275607181 0.7526071842410197 0.8202217529039071 0.7520278099652375 0.8178458289334741 0.7456546929316339 0.7618796198521647 0.7456546929316339 0.7616156282998944 0.46118192352259557 0.9577613516367476 0.46060254924681343 0.958025343189018 0.7427578215527231 0.8970432946145723 0.7433371958285052 0.8965153115100317 0.7456546929316339 0.8957233368532207 0.746234067207416 0.8928194297782471 0.753765932792584 0.8920274551214361 0.7543453070683661 0.8917634635691658 0.7560834298957126 0.8909714889123548 0.7566628041714948 0.8907074973600845 0.7584009269988412 0.8899155227032735 0.7589803012746235 0.8896515311510031 0.7607184241019699 0.8888595564941922 0.761297798377752 0.8859556494192186 0.7688296639629201 0.8851636747624076 0.7694090382387022 0.8848996832101372 0.7711471610660486 0.8841077085533263 0.7717265353418308 0.883843717001056 0.7734646581691773 0.883051742344245 0.7740440324449595 0.8827877507919747 0.7757821552723059 0.8819957761351637 0.776361529548088 0.8796198521647307 0.7827346465816918
0 0.6335797254487856 0.7456546929316339 0.5232312565997888 0.7456546929316339 0.5229672650475184 0.46349942062572425 0.6335797254487856 0.46292004634994205 0.633843717001056 0.7450753186558516 0.6335797254487856 0.7456546929316339
0 0.27085533262935585 0.5996523754345308 0.2249208025343189 0.5996523754345308 0.22465681098204857 0.5017381228273464 0.27085533262935585 0.5011587485515643 0.2711193241816262 0.5990730011587485 0.27085533262935585 0.5996523754345308
0 0.14361140443505807 0.7479721900347625 0.10137275607180571 0.7479721900347625 0.10110876451953538 0.5353418308227115 0.14889123548046462 0.5347624565469293 0.14915522703273495 0.6674391657010429 0.14413938753959873 0.668018539976825 0.1438753959873284 0.7473928157589803 0.14361140443505807 0.7479721900347625
0 0.23231256599788808 0.7479721900347625 0.19165786694825765 0.7479721900347625 0.19139387539598732 0.6303592120509849 0.19192185850052798 0.6292004634994206 0.19244984160506864 0.626882966396292 0.19244984160506864 0.6234067207415991 0.19297782470960928 0.6222479721900348 0.19297782470960928 0.6199304750869061 0.19350580781414994 0.6187717265353418 0.19350580781414994 0.6152954808806489 0.1940337909186906 0.6141367323290846 0.19456177402323124 0.6118192352259559 0.19456177402323124 0.6071842410196987 0.1950897571277719 0.6060254924681344 0.1950897571277719 0.6013904982618772 0.19614572333685323 0.5990730011587485 0.19614572333685323 0.5944380069524913 0.19667370644139387 0.593279258400927 0.19720168954593453 0.5909617612977984 0.19720168954593453 0.5863267670915412 0.1977296726504752 0.5851680185399768 0.1979936642027455 0.5834298957126304 0.22069693769799367 0.5834298957126304 0.220960929250264 0.6071842410196987 0.23231256599788808 0.6077636152954808 0.2325765575501584 0.7473928157589803 0.23231256599788808 0.7479721900347625
0 0.0966209081309398 0.7479721900347625 0.027455121436114043 0.7479721900347625 0.02719112988384372 0.6048667439165701 0.0966209081309398 0.604287369640788 0.09688489968321014 0.7473928157589803 0.0966209081309398 0.7479721900347625
0 0.31045406546990495 0.7479721900347625 0.2365364308342133 0.7479721900347625 0.23627243928194297 0.608342989571263 0.31045406546990495 0.6077636152954808 0.3107180570221753 0.7473928157589803 0.31045406546990495 0.7479721900347625
0 0.6858500527983105 0.7456546929316339 0.6372756071805702 0.7456546929316339 0.6370116156282999 0.6187717265353418 0.6858500527983105 0.6181923522595597 0.6861140443505808 0.7450753186558516 0.6858500527983105 0.7456546929316339
0 0.7581837381203802 0.7456546929316339 0.689545934530095 0.7456546929316339 0.6892819429778247 0.6187717265353418 0.7581837381203802 0.6181923522595597 0.7584477296726505 0.7450753186558516 0.7581837381203802 0.7456546929316339