0 0.4201388888888889 0.2994604316546763 0.3402777777777778 0.2994604316546763 0.3394097222222222 0.09892086330935251 0.5173611111111112 0.09802158273381295 0.5182291666666666 0.26798561151079137 0.421875 0.26888489208633093 0.4210069444444444 0.29856115107913667 0.4201388888888889 0.2994604316546763
0 0.5920138888888888 0.2077338129496403 0.5243055555555556 0.2077338129496403 0.5234375 0.09892086330935251 0.5920138888888888 0.09802158273381295 0.5928819444444444 0.2068345323741007 0.5920138888888888 0.2077338129496403
0 0.6475694444444444 0.4577338129496403 0.5833333333333334 0.4577338129496403 0.5824652777777778 0.45323741007194246 0.5243055555555556 0.4523381294964029 0.5234375 0.21402877697841727 0.8246527777777778 0.2131294964028777 0.8255208333333334 0.4550359712230216 0.6493055555555556 0.45593525179856115 0.6475694444444444 0.4577338129496403
0 0.5173611111111112 0.32823741007194246 0.4270833333333333 0.32823741007194246 0.4262152777777778 0.2751798561151079 0.5173611111111112 0.27428057553956836 0.5182291666666666 0.3273381294964029 0.5173611111111112 0.32823741007194246
0 0.5173611111111112 0.4577338129496403 0.3402777777777778 0.4577338129496403 0.3394097222222222 0.3057553956834532 0.4201388888888889 0.30485611510791366 0.4210069444444444 0.3327338129496403 0.5173611111111112 0.33363309352517984 0.5182291666666666 0.4568345323741007 0.5173611111111112 0.4577338129496403
0 0.7847222222222222 0.7257194244604317 0.6579861111111112 0.7257194244604317 0.6571180555555556 0.64568345323741 0.6840277777777778 0.6447841726618705 0.6848958333333334 0.6402877697841727 0.6510416666666666 0.6393884892086331 0.6501736111111112 0.670863309352518 0.5746527777777778 0.6717625899280576 0.5737847222222222 0.5773381294964028 0.6475694444444444 0.5764388489208633 0.6484375 0.4568345323741007 0.7899305555555556 0.45593525179856115 0.7907986111111112 0.6384892086330936 0.7864583333333334 0.6393884892086331 0.7855902777777778 0.7248201438848921 0.7847222222222222 0.7257194244604317
0 0.9548611111111112 0.6681654676258992 0.7916666666666666 0.6681654676258992 0.7907986111111112 0.4568345323741007 0.8246527777777778 0.45593525179856115 0.8255208333333334 0.460431654676259 0.9548611111111112 0.4613309352517986 0.9557291666666666 0.6672661870503597 0.9548611111111112 0.6681654676258992
0 0.6423611111111112 0.5710431654676259 0.5746527777777778 0.5710431654676259 0.5737847222222222 0.46402877697841727 0.6423611111111112 0.4631294964028777 0.6432291666666666 0.5701438848920863 0.6423611111111112 0.5710431654676259
0 0.3298611111111111 0.585431654676259 0.03819444444444445 0.585431654676259 0.03732638888888889 0.4694244604316547 0.3298611111111111 0.4685251798561151 0.3307291666666667 0.5845323741007195 0.3298611111111111 0.585431654676259
0 0.4270833333333333 0.5674460431654677 0.3402777777777778 0.5674460431654677 0.3394097222222222 0.4694244604316547 0.421875 0.4685251798561151 0.4227430555555556 0.5215827338129496 0.4270833333333333 0.5224820143884892 0.4279513888888889 0.5665467625899281 0.4270833333333333 0.5674460431654677
0 0.5677083333333334 0.5710431654676259 0.4340277777777778 0.5710431654676259 0.4331597222222222 0.4712230215827338 0.5677083333333334 0.47032374100719426 0.5685763888888888 0.5701438848920863 0.5677083333333334 0.5710431654676259
0 0.5677083333333334 0.6717625899280576 0.3402777777777778 0.6717625899280576 0.3394097222222222 0.6061151079136691 0.3428819444444444 0.60431654676259 0.3428819444444444 0.5773381294964028 0.3802083333333333 0.5764388489208633 0.3810763888888889 0.60431654676259 0.3854166666666667 0.6052158273381295 0.3862847222222222 0.5773381294964028 0.5677083333333334 0.5764388489208633 0.5685763888888888 0.670863309352518 0.5677083333333334 0.6717625899280576
0 0.3298611111111111 0.8983812949640287 0.03298611111111111 0.8983812949640287 0.03211805555555555 0.6061151079136691 0.3177083333333333 0.6052158273381295 0.3185763888888889 0.8381294964028777 0.328125 0.8390287769784173 0.3289930555555556 0.8902877697841727 0.3307291666666667 0.8920863309352518 0.3307291666666667 0.8974820143884892 0.3298611111111111 0.8983812949640287
0 0.9548611111111112 0.8192446043165468 0.7916666666666666 0.8192446043165468 0.7907986111111112 0.6744604316546763 0.9548611111111112 0.6735611510791367 0.9557291666666666 0.8183453237410072 0.9548611111111112 0.8192446043165468
0 0.453125 0.7562949640287769 0.3402777777777778 0.7562949640287769 0.3394097222222222 0.6780575539568345 0.453125 0.677158273381295 0.4539930555555556 0.7553956834532374 0.453125 0.7562949640287769
0 0.6493055555555556 0.8192446043165468 0.4618055555555556 0.8192446043165468 0.4609375 0.6780575539568345 0.6493055555555556 0.677158273381295 0.6501736111111112 0.8183453237410072 0.6493055555555556 0.8192446043165468
0 0.7847222222222222 0.8192446043165468 0.6579861111111112 0.8192446043165468 0.6571180555555556 0.7320143884892086 0.7847222222222222 0.7311151079136691 0.7855902777777778 0.8183453237410072 0.7847222222222222 0.8192446043165468
0 0.453125 0.8192446043165468 0.3402777777777778 0.8192446043165468 0.3394097222222222 0.762589928057554 0.453125 0.7616906474820144 0.4539930555555556 0.8183453237410072 0.453125 0.8192446043165468