0 0.5245009074410163 0.31327543424317617 0.22141560798548093 0.31327543424317617 0.22050816696914702 0.031017369727047148 0.5226860254083484 0.030397022332506202 0.5235934664246824 0.19478908188585609 0.5335753176043557 0.19540942928039703 0.5344827586206896 0.18238213399503722 0.5362976406533575 0.18238213399503722 0.5362976406533575 0.2841191066997519 0.5263157894736842 0.2847394540942928 0.5254083484573503 0.31265508684863524 0.5245009074410163 0.31327543424317617
0 0.8711433756805808 0.17555831265508684 0.5353901996370236 0.17555831265508684 0.5344827586206896 0.031017369727047148 0.8711433756805808 0.030397022332506202 0.8720508166969148 0.17493796526054592 0.8711433756805808 0.17555831265508684
0 0.6569872958257713 0.4820099255583127 0.5372050816696915 0.4820099255583127 0.5362976406533575 0.18238213399503722 0.7005444646098004 0.18176178660049627 0.7014519056261344 0.2841191066997519 0.6588021778584392 0.2847394540942928 0.6578947368421053 0.4813895781637717 0.6569872958257713 0.4820099255583127
0 0.8711433756805808 0.2847394540942928 0.7096188747731398 0.2847394540942928 0.7087114337568058 0.18238213399503722 0.8711433756805808 0.18176178660049627 0.8720508166969148 0.2841191066997519 0.8711433756805808 0.2847394540942928
0 0.8711433756805808 0.3715880893300248 0.7586206896551724 0.3715880893300248 0.7577132486388385 0.2890818858560794 0.8711433756805808 0.28846153846153844 0.8720508166969148 0.3709677419354839 0.8711433756805808 0.3715880893300248
0 0.7459165154264973 0.36910669975186106 0.6696914700544465 0.36910669975186106 0.6687840290381125 0.29280397022332505 0.7459165154264973 0.29218362282878413 0.7468239564428312 0.3684863523573201 0.7459165154264973 0.36910669975186106
0 0.5245009074410163 0.4820099255583127 0.22141560798548093 0.4820099255583127 0.22050816696914702 0.3213399503722084 0.5245009074410163 0.3207196029776675 0.5254083484573503 0.4813895781637717 0.5245009074410163 0.4820099255583127
0 0.8711433756805808 0.5663771712158809 0.6678765880217786 0.5663771712158809 0.6669691470054446 0.3771712158808933 0.8711433756805808 0.37655086848635233 0.8720508166969148 0.56575682382134 0.8711433756805808 0.5663771712158809
0 0.37568058076225047 0.6656327543424317 0.22141560798548093 0.6656327543424317 0.22050816696914702 0.49007444168734493 0.37568058076225047 0.48945409429280395 0.3765880217785844 0.6650124069478908 0.37568058076225047 0.6656327543424317
0 0.5245009074410163 0.5663771712158809 0.38838475499092556 0.5663771712158809 0.3874773139745917 0.49007444168734493 0.5245009074410163 0.48945409429280395 0.5254083484573503 0.56575682382134 0.5245009074410163 0.5663771712158809
0 0.6569872958257713 0.5663771712158809 0.5372050816696915 0.5663771712158809 0.5362976406533575 0.49007444168734493 0.6569872958257713 0.48945409429280395 0.6578947368421053 0.56575682382134 0.6569872958257713 0.5663771712158809
0 0.5136116152450091 0.6581885856079405 0.3992740471869328 0.6581885856079405 0.39836660617059894 0.5831265508684863 0.5136116152450091 0.5825062034739454 0.514519056261343 0.6575682382133995 0.5136116152450091 0.6581885856079405
0 0.37568058076225047 0.7686104218362283 0.23049001814882034 0.7686104218362283 0.2295825771324864 0.673697270471464 0.37568058076225047 0.6730769230769231 0.3765880217785844 0.7679900744416873 0.37568058076225047 0.7686104218362283
0 0.5136116152450091 0.7735732009925558 0.41197822141560797 0.7735732009925558 0.411070780399274 0.673697270471464 0.5136116152450091 0.6730769230769231 0.514519056261343 0.7729528535980149 0.5136116152450091 0.7735732009925558
0 0.778584392014519 0.7748138957816377 0.5281306715063521 0.7748138957816377 0.5272232304900182 0.6873449131513648 0.778584392014519 0.6867245657568238 0.779491833030853 0.7741935483870968 0.778584392014519 0.7748138957816377
0 0.778584392014519 0.9410669975186104 0.35571687840290384 0.9410669975186104 0.3548094373865699 0.78287841191067 0.778584392014519 0.782258064516129 0.779491833030853 0.9404466501240695 0.778584392014519 0.9410669975186104
0 0.3430127041742287 0.9323821339950372 0.23049001814882034 0.9323821339950372 0.2295825771324864 0.7890818858560794 0.3430127041742287 0.7884615384615384 0.34392014519056263 0.9317617866004962 0.3430127041742287 0.9323821339950372