0 0.1497764530551416 0.3485663082437276 0.07451564828614009 0.3485663082437276 0.0741430700447094 0.12724014336917563 0.1497764530551416 0.12634408602150538 0.15014903129657228 0.34767025089605735 0.1497764530551416 0.3485663082437276
0 0.18926974664679583 0.3503584229390681 0.15424739195231 0.3503584229390681 0.15387481371087927 0.12724014336917563 0.3226527570789866 0.12634408602150538 0.3230253353204173 0.34408602150537637 0.19001490312965721 0.3449820788530466 0.18964232488822652 0.34946236559139787 0.18926974664679583 0.3503584229390681
0 0.6087928464977646 0.3521505376344086 0.5327868852459017 0.3521505376344086 0.5324143070044709 0.20430107526881722 0.6087928464977646 0.20340501792114696 0.6091654247391952 0.35125448028673834 0.6087928464977646 0.3521505376344086
0 0.713859910581222 0.5224014336917563 0.6125186289120715 0.5224014336917563 0.6121460506706409 0.2060931899641577 0.7339791356184798 0.20519713261648745 0.7347242921013413 0.20698924731182797 0.7742175856929955 0.20698924731182797 0.7745901639344263 0.4211469534050179 0.7146050670640834 0.4220430107526882 0.7142324888226528 0.521505376344086 0.713859910581222 0.5224014336917563
0 0.18926974664679583 0.6442652329749103 0.15424739195231 0.6442652329749103 0.15387481371087927 0.35125448028673834 0.18926974664679583 0.3503584229390681 0.18964232488822652 0.3548387096774194 0.23397913561847988 0.3557347670250896 0.23435171385991058 0.4444444444444444 0.19001490312965721 0.4453405017921147 0.18964232488822652 0.6433691756272402 0.18926974664679583 0.6442652329749103
0 0.11102831594634874 0.40770609318996415 0.07451564828614009 0.40770609318996415 0.0741430700447094 0.35663082437275984 0.11102831594634874 0.3557347670250896 0.11140089418777943 0.4068100358422939 0.11102831594634874 0.40770609318996415
0 0.1497764530551416 0.40770609318996415 0.11549925484351714 0.40770609318996415 0.11512667660208643 0.35663082437275984 0.1497764530551416 0.3557347670250896 0.15014903129657228 0.4068100358422939 0.1497764530551416 0.40770609318996415
0 0.2600596125186289 0.5116487455197133 0.23621460506706407 0.5116487455197133 0.23584202682563338 0.44623655913978494 0.23435171385991058 0.4444444444444444 0.23435171385991058 0.35663082437275984 0.2600596125186289 0.3557347670250896 0.26043219076005963 0.510752688172043 0.2600596125186289 0.5116487455197133
0 0.30774962742175854 0.5116487455197133 0.27123695976154993 0.5116487455197133 0.2708643815201192 0.3602150537634409 0.30774962742175854 0.3593189964157706 0.30812220566318926 0.510752688172043 0.30774962742175854 0.5116487455197133
0 0.6087928464977646 0.6245519713261649 0.5327868852459017 0.6245519713261649 0.5324143070044709 0.3602150537634409 0.6087928464977646 0.3593189964157706 0.6091654247391952 0.6236559139784946 0.6087928464977646 0.6245519713261649
0 0.47168405365126675 0.6514336917562724 0.4120715350223547 0.6514336917562724 0.411698956780924 0.3709677419354839 0.47168405365126675 0.37007168458781364 0.4720566318926975 0.6505376344086021 0.47168405365126675 0.6514336917562724
0 0.3554396423248882 0.5116487455197133 0.312220566318927 0.5116487455197133 0.31184798807749625 0.3781362007168459 0.3554396423248882 0.3772401433691756 0.35581222056631895 0.510752688172043 0.3554396423248882 0.5116487455197133
0 0.4016393442622951 0.5116487455197133 0.3591654247391952 0.5116487455197133 0.35879284649776455 0.3781362007168459 0.4016393442622951 0.3772401433691756 0.4020119225037258 0.510752688172043 0.4016393442622951 0.5116487455197133
0 0.1497764530551416 0.6442652329749103 0.07377049180327869 0.6442652329749103 0.073397913561848 0.5304659498207885 0.0741430700447094 0.5286738351254481 0.0741430700447094 0.4157706093189964 0.1497764530551416 0.41487455197132617 0.15014903129657228 0.6433691756272402 0.1497764530551416 0.6442652329749103
0 0.9277198211624441 0.7159498207885304 0.8278688524590164 0.7159498207885304 0.827123695976155 0.71415770609319 0.5268256333830105 0.71415770609319 0.5264530551415797 0.6397849462365591 0.6885245901639344 0.6388888888888888 0.6888971684053651 0.5412186379928315 0.713859910581222 0.5403225806451613 0.7142324888226528 0.5967741935483871 0.7265275707898659 0.5976702508960573 0.7269001490312966 0.4390681003584229 0.7794336810730254 0.4381720430107527 0.779806259314456 0.5878136200716846 0.786140089418778 0.5887096774193549 0.7865126676602087 0.4551971326164875 0.9277198211624441 0.4543010752688172 0.9280923994038748 0.7150537634408602 0.9277198211624441 0.7159498207885304
0 0.23248882265275708 0.5116487455197133 0.19374068554396423 0.5116487455197133 0.19336810730253354 0.45698924731182794 0.23248882265275708 0.4560931899641577 0.23286140089418778 0.510752688172043 0.23248882265275708 0.5116487455197133
0 0.3211624441132638 0.78584229390681 0.19374068554396423 0.78584229390681 0.19336810730253354 0.5197132616487455 0.3211624441132638 0.5188172043010753 0.3215350223546945 0.7849462365591398 0.3211624441132638 0.78584229390681
0 0.3867362146050671 0.6442652329749103 0.33084947839046197 0.6442652329749103 0.3304769001490313 0.5197132616487455 0.4016393442622951 0.5188172043010753 0.4020119225037258 0.6415770609318996 0.38748137108792846 0.6424731182795699 0.3867362146050671 0.6442652329749103
0 0.6810730253353204 0.6245519713261649 0.6125186289120715 0.6245519713261649 0.6121460506706409 0.5304659498207885 0.6810730253353204 0.5295698924731183 0.6814456035767511 0.6236559139784946 0.6810730253353204 0.6245519713261649
0 0.3867362146050671 0.75 0.32488822652757077 0.75 0.3245156482861401 0.6559139784946236 0.3621460506706408 0.6550179211469535 0.36251862891207154 0.6451612903225806 0.3867362146050671 0.6442652329749103 0.38710879284649774 0.7491039426523297 0.3867362146050671 0.75