0 0.9699604743083003 0.2800687285223368 0.7889328063241107 0.2800687285223368 0.7885375494071146 0.06300114547537228 0.9699604743083003 0.06242840778923253 0.9703557312252964 0.27949599083619703 0.9699604743083003 0.2800687285223368
0 0.18498023715415018 0.4507445589919817 0.04110671936758893 0.4507445589919817 0.040711462450592886 0.19129438717067582 0.18498023715415018 0.19072164948453607 0.18537549407114626 0.45017182130584193 0.18498023715415018 0.4507445589919817
0 0.3430830039525692 0.4507445589919817 0.19130434782608696 0.4507445589919817 0.19090909090909092 0.19129438717067582 0.3430830039525692 0.19072164948453607 0.34347826086956523 0.45017182130584193 0.3430830039525692 0.4507445589919817
0 0.566798418972332 0.6042382588774341 0.3494071146245059 0.6042382588774341 0.34901185770750986 0.19129438717067582 0.566798418972332 0.19072164948453607 0.567193675889328 0.6036655211912944 0.566798418972332 0.6042382588774341
0 0.6814229249011857 0.5836197021764032 0.5723320158102767 0.5836197021764032 0.5719367588932807 0.19129438717067582 0.6814229249011857 0.19072164948453607 0.6818181818181818 0.5830469644902635 0.6814229249011857 0.5836197021764032
0 0.7802371541501977 0.35223367697594504 0.6861660079051384 0.35223367697594504 0.6857707509881423 0.19129438717067582 0.7802371541501977 0.19072164948453607 0.7806324110671937 0.3516609392898053 0.7802371541501977 0.35223367697594504
0 0.9699604743083003 0.7142038946162658 0.7889328063241107 0.7142038946162658 0.7885375494071146 0.28751431844215347 0.9699604743083003 0.2869415807560137 0.9703557312252964 0.713631156930126 0.9699604743083003 0.7142038946162658
0 0.7802371541501977 0.48281786941580757 0.6861660079051384 0.48281786941580757 0.6857707509881423 0.35967926689576174 0.7802371541501977 0.359106529209622 0.7806324110671937 0.4822451317296678 0.7802371541501977 0.48281786941580757
0 0.12727272727272726 0.5733104238258877 0.04110671936758893 0.5733104238258877 0.040711462450592886 0.45933562428407787 0.12727272727272726 0.4587628865979381 0.12766798418972333 0.572737686139748 0.12727272727272726 0.5733104238258877
0 0.27430830039525694 0.8447880870561283 0.19130434782608696 0.8447880870561283 0.19090909090909092 0.5738831615120275 0.13280632411067195 0.5733104238258877 0.1324110671936759 0.45933562428407787 0.3486166007905138 0.4587628865979381 0.34901185770750986 0.6036655211912944 0.3438735177865613 0.6042382588774341 0.34347826086956523 0.697594501718213 0.3090909090909091 0.6981672394043528 0.3075098814229249 0.7016036655211912 0.30632411067193677 0.702176403207331 0.3059288537549407 0.7038946162657503 0.3047430830039526 0.7044673539518901 0.30434782608695654 0.7061855670103093 0.30237154150197626 0.7079037800687286 0.3019762845849802 0.7096219931271478 0.3007905138339921 0.7101947308132875 0.30039525691699603 0.7119129438717068 0.2992094861660079 0.7124856815578465 0.29802371541501976 0.7153493699885453 0.2968379446640316 0.715922107674685 0.2964426877470356 0.7176403207331042 0.29525691699604745 0.718213058419244 0.2948616600790514 0.7199312714776632 0.2928853754940711 0.7216494845360825 0.2924901185770751 0.7233676975945017 0.29130434782608694 0.7239404352806414 0.2909090909090909 0.7256586483390607 0.28972332015810276 0.7262313860252004 0.2885375494071146 0.7290950744558992 0.2873517786561265 0.7296678121420389 0.28695652173913044 0.7313860252004581 0.2857707509881423 0.7319587628865979 0.28537549407114626 0.7336769759450171 0.283399209486166 0.7353951890034365 0.28300395256916994 0.7371134020618557 0.2818181818181818 0.7376861397479955 0.28142292490118576 0.7394043528064147 0.2802371541501976 0.7399770904925544 0.2790513833992095 0.7428407789232532 0.27786561264822135 0.7434135166093929 0.2774703557312253 0.7451317296678122 0.27628458498023717 0.7457044673539519 0.2758893280632411 0.7474226804123711 0.274703557312253 0.7479954180985109 0.274703557312253 0.8442153493699885 0.27430830039525694 0.8447880870561283
0 0.7802371541501977 0.5836197021764032 0.6861660079051384 0.5836197021764032 0.6857707509881423 0.49026345933562426 0.7802371541501977 0.4896907216494845 0.7806324110671937 0.5830469644902635 0.7802371541501977 0.5836197021764032
0 0.18498023715415018 0.8447880870561283 0.04110671936758893 0.8447880870561283 0.040711462450592886 0.581901489117984 0.18498023715415018 0.5813287514318443 0.18537549407114626 0.8442153493699885 0.18498023715415018 0.8447880870561283
0 0.7802371541501977 0.8447880870561283 0.5723320158102767 0.8447880870561283 0.5719367588932807 0.5910652920962199 0.7802371541501977 0.5904925544100802 0.7806324110671937 0.8442153493699885 0.7802371541501977 0.8447880870561283
0 0.566798418972332 0.8447880870561283 0.3494071146245059 0.8447880870561283 0.34901185770750986 0.6048109965635738 0.566798418972332 0.6042382588774341 0.567193675889328 0.8442153493699885 0.566798418972332 0.8447880870561283
0 0.3430830039525692 0.8447880870561283 0.2798418972332016 0.8447880870561283 0.27944664031620553 0.7514318442153494 0.2802371541501976 0.7502863688430699 0.28063241106719367 0.7485681557846506 0.2841897233201581 0.7445589919816724 0.2845849802371542 0.7428407789232532 0.28972332015810276 0.736540664375716 0.2901185770750988 0.7348224513172967 0.29367588932806327 0.7308132875143184 0.2940711462450593 0.7290950744558992 0.2992094861660079 0.722794959908362 0.29960474308300394 0.7210767468499427 0.3031620553359684 0.7170675830469645 0.30355731225296445 0.7153493699885453 0.30869565217391304 0.709049255441008 0.3090909090909091 0.7073310423825888 0.31146245059288535 0.7050400916380298 0.3430830039525692 0.7050400916380298 0.34347826086956523 0.8442153493699885 0.3430830039525692 0.8447880870561283