0 0.7914258188824663 0.27220543806646524 0.6488439306358381 0.27220543806646524 0.6486030828516378 0.025981873111782478 0.7177263969171483 0.0256797583081571 0.7179672447013488 0.12386706948640483 0.7914258188824663 0.12416918429003021 0.7916666666666666 0.2719033232628399 0.7914258188824663 0.27220543806646524
0 0.2548169556840077 0.26858006042296073 0.057321772639691716 0.26858006042296073 0.05708092485549133 0.12326283987915408 0.2548169556840077 0.1229607250755287 0.2550578034682081 0.2682779456193353 0.2548169556840077 0.26858006042296073
0 0.33815028901734107 0.26858006042296073 0.2663776493256262 0.26858006042296073 0.2661368015414258 0.12326283987915408 0.33815028901734107 0.1229607250755287 0.3383911368015414 0.2682779456193353 0.33815028901734107 0.26858006042296073
0 0.5616570327552987 0.19486404833836857 0.5033718689788054 0.19486404833836857 0.503131021194605 0.12447129909365559 0.5616570327552987 0.12416918429003021 0.5618978805394991 0.19456193353474321 0.5616570327552987 0.19486404833836857
0 0.6440269749518305 0.20030211480362536 0.5929672447013488 0.20030211480362536 0.5927263969171483 0.19516616314199395 0.5659922928709056 0.19486404833836857 0.5657514450867052 0.12447129909365559 0.6440269749518305 0.12416918429003021 0.6442678227360308 0.2 0.6440269749518305 0.20030211480362536
0 0.6440269749518305 0.27220543806646524 0.5597302504816956 0.27220543806646524 0.5592485549132948 0.2716012084592145 0.5245664739884393 0.2716012084592145 0.5240847784200385 0.27220543806646524 0.5033718689788054 0.27220543806646524 0.503131021194605 0.20060422960725074 0.6440269749518305 0.20030211480362536 0.6442678227360308 0.2719033232628399 0.6440269749518305 0.27220543806646524
0 0.5592485549132948 0.3525679758308157 0.5033718689788054 0.3525679758308157 0.503131021194605 0.2773413897280967 0.5240847784200385 0.2770392749244713 0.524325626204239 0.2719033232628399 0.5592485549132948 0.2716012084592145 0.5594894026974951 0.3522658610271903 0.5592485549132948 0.3525679758308157
0 0.6045279383429673 0.3525679758308157 0.5645472061657033 0.3525679758308157 0.5643063583815029 0.2785498489425982 0.6045279383429673 0.2782477341389728 0.6047687861271677 0.3522658610271903 0.6045279383429673 0.3525679758308157
0 0.7066473988439307 0.4570996978851964 0.6498073217726397 0.4570996978851964 0.6495664739884393 0.3528700906344411 0.6088631984585742 0.3525679758308157 0.6086223506743738 0.2785498489425982 0.7066473988439307 0.2782477341389728 0.706888246628131 0.456797583081571 0.7066473988439307 0.4570996978851964
0 0.25337186897880537 0.56404833836858 0.057321772639691716 0.56404833836858 0.05708092485549133 0.2827794561933535 0.25337186897880537 0.2824773413897281 0.2536127167630058 0.5637462235649546 0.25337186897880537 0.56404833836858
0 0.6445086705202312 0.4552870090634441 0.5033718689788054 0.4552870090634441 0.503131021194605 0.3595166163141994 0.6445086705202312 0.359214501510574 0.6447495183044316 0.45498489425981875 0.6445086705202312 0.4552870090634441
0 0.6454720616570327 0.5646525679758309 0.5033718689788054 0.5646525679758309 0.503131021194605 0.4622356495468278 0.6454720616570327 0.4619335347432024 0.6457129094412332 0.5643504531722054 0.6454720616570327 0.5646525679758309
0 0.9142581888246628 0.8178247734138973 0.6507707129094412 0.8178247734138973 0.6505298651252408 0.7854984894259819 0.6500481695568401 0.7848942598187311 0.6500481695568401 0.66404833836858 0.6495664739884393 0.6634441087613293 0.6495664739884393 0.6586102719033232 0.6500481695568401 0.6580060422960725 0.6500481695568401 0.6465256797583081 0.6495664739884393 0.6459214501510574 0.6495664739884393 0.4622356495468278 0.791907514450867 0.4619335347432024 0.7921483622350675 0.6090634441087613 0.9142581888246628 0.6093655589123868 0.9144990366088632 0.817522658610272 0.9142581888246628 0.8178247734138973
0 0.33815028901734107 0.56404833836858 0.2586705202312139 0.56404833836858 0.2584296724470135 0.4670694864048338 0.33815028901734107 0.46676737160120846 0.3383911368015414 0.5637462235649546 0.33815028901734107 0.56404833836858
0 0.649325626204239 0.6589123867069486 0.5033718689788054 0.6589123867069486 0.503131021194605 0.570392749244713 0.649325626204239 0.5700906344410877 0.6495664739884393 0.6459214501510574 0.6500481695568401 0.6465256797583081 0.6500481695568401 0.6580060422960725 0.649325626204239 0.6589123867069486
0 0.33815028901734107 0.7501510574018126 0.1960500963391137 0.7501510574018126 0.1958092485549133 0.6598187311178247 0.057321772639691716 0.6595166163141994 0.05708092485549133 0.5722054380664653 0.33815028901734107 0.5719033232628399 0.3383911368015414 0.7498489425981874 0.33815028901734107 0.7501510574018126
0 0.4653179190751445 0.8154078549848942 0.3444123314065511 0.8154078549848942 0.34417148362235067 0.6114803625377644 0.4653179190751445 0.611178247734139 0.4655587668593449 0.8151057401812689 0.4653179190751445 0.8154078549848942
0 0.6498073217726397 0.7851963746223565 0.5033718689788054 0.7851963746223565 0.503131021194605 0.66404833836858 0.6498073217726397 0.6637462235649547 0.6500481695568401 0.7848942598187311 0.6498073217726397 0.7851963746223565
0 0.18882466281310212 0.9235649546827794 0.02601156069364162 0.9235649546827794 0.026252408477842003 0.8574018126888218 0.026734104046242775 0.856797583081571 0.026734104046242775 0.7909365558912387 0.05876685934489403 0.7906344410876133 0.059007707129094415 0.7818731117824773 0.02697495183044316 0.781570996978852 0.026734104046242775 0.7244712990936556 0.027215799614643547 0.7238670694864048 0.027215799614643547 0.6682779456193354 0.18882466281310212 0.66797583081571 0.1890655105973025 0.923262839879154 0.18882466281310212 0.9235649546827794
0 0.273121387283237 0.8154078549848942 0.1960500963391137 0.8154078549848942 0.1958092485549133 0.7564954682779457 0.273121387283237 0.7561933534743203 0.2733622350674374 0.8151057401812689 0.273121387283237 0.8154078549848942
0 0.33815028901734107 0.8154078549848942 0.2779383429672447 0.8154078549848942 0.2776974951830443 0.7564954682779457 0.33815028901734107 0.7561933534743203 0.3383911368015414 0.8151057401812689 0.33815028901734107 0.8154078549848942