0 0.15705128205128205 0.3453002610966057 0.03365384615384615 0.3453002610966057 0.03325320512820513 0.12532637075718014 0.15705128205128205 0.12467362924281984 0.15745192307692307 0.34464751958224543 0.15705128205128205 0.3453002610966057
0 0.35496794871794873 0.6116187989556136 0.28044871794871795 0.6116187989556136 0.2796474358974359 0.610313315926893 0.22916666666666666 0.610313315926893 0.2283653846153846 0.6116187989556136 0.17708333333333334 0.6116187989556136 0.1762820512820513 0.610313315926893 0.17548076923076922 0.6116187989556136 0.16346153846153846 0.6116187989556136 0.16306089743589744 0.4830287206266319 0.1622596153846154 0.48172323759791125 0.1622596153846154 0.3537859007832898 0.16145833333333334 0.3524804177545692 0.16145833333333334 0.12532637075718014 0.30288461538461536 0.12467362924281984 0.3032852564102564 0.3524804177545692 0.35496794871794873 0.3531331592689295 0.35536858974358976 0.6109660574412533 0.35496794871794873 0.6116187989556136
0 0.6025641025641025 0.3779373368146214 0.5625 0.3779373368146214 0.5620993589743589 0.34595300261096606 0.4863782051282051 0.3453002610966057 0.4859775641025641 0.1279373368146214 0.6025641025641025 0.1272845953002611 0.6029647435897436 0.3772845953002611 0.6025641025641025 0.3779373368146214
0 0.7315705128205128 0.3779373368146214 0.6073717948717948 0.3779373368146214 0.6069711538461539 0.1279373368146214 0.7540064102564102 0.1272845953002611 0.7544070512820513 0.3394255874673629 0.7323717948717948 0.34007832898172324 0.7319711538461539 0.3772845953002611 0.7315705128205128 0.3779373368146214
0 0.1762820512820513 0.7278067885117493 0.10817307692307693 0.7278067885117493 0.1077724358974359 0.4804177545691906 0.03365384615384615 0.47976501305483027 0.03325320512820513 0.3524804177545692 0.16105769230769232 0.3518276762402089 0.1622596153846154 0.3537859007832898 0.1622596153846154 0.48172323759791125 0.16306089743589744 0.4830287206266319 0.16306089743589744 0.6109660574412533 0.15625 0.6116187989556136 0.15584935897435898 0.6201044386422977 0.1762820512820513 0.6207571801566579 0.17668269230769232 0.7271540469973891 0.1762820512820513 0.7278067885117493
0 0.7315705128205128 0.575065274151436 0.5576923076923077 0.575065274151436 0.5572916666666666 0.47911227154047 0.4863782051282051 0.47845953002610964 0.4859775641025641 0.3524804177545692 0.5576923076923077 0.3518276762402089 0.5580929487179487 0.3838120104438642 0.7315705128205128 0.38446475195822455 0.7319711538461539 0.5744125326370757 0.7315705128205128 0.575065274151436
0 0.7532051282051282 0.610313315926893 0.7387820512820513 0.610313315926893 0.7383814102564102 0.3524804177545692 0.8060897435897436 0.3518276762402089 0.8064903846153846 0.608355091383812 0.7540064102564102 0.6090078328981723 0.7532051282051282 0.610313315926893
0 0.5528846153846154 0.575065274151436 0.4863782051282051 0.575065274151436 0.4859775641025641 0.4856396866840731 0.5528846153846154 0.4849869451697128 0.5532852564102564 0.5744125326370757 0.5528846153846154 0.575065274151436
0 0.10256410256410256 0.6560052219321149 0.03365384615384615 0.6560052219321149 0.03325320512820513 0.4869451697127937 0.10256410256410256 0.48629242819843344 0.10296474358974358 0.6553524804177546 0.10256410256410256 0.6560052219321149
0 0.6025641025641025 0.8387728459530026 0.4863782051282051 0.8387728459530026 0.4859775641025641 0.5835509138381201 0.6025641025641025 0.5828981723237598 0.6029647435897436 0.8381201044386423 0.6025641025641025 0.8387728459530026
0 0.6722756410256411 0.7016971279373369 0.6081730769230769 0.7016971279373369 0.6077724358974359 0.6070496083550914 0.6322115384615384 0.606396866840731 0.6326121794871795 0.5835509138381201 0.6722756410256411 0.5828981723237598 0.672676282051282 0.7010443864229765 0.6722756410256411 0.7016971279373369
0 0.7532051282051282 0.7016971279373369 0.6770833333333334 0.7016971279373369 0.6766826923076923 0.5835509138381201 0.7315705128205128 0.5828981723237598 0.7319711538461539 0.6214099216710183 0.7532051282051282 0.6220626631853786 0.7536057692307693 0.7010443864229765 0.7532051282051282 0.7016971279373369
0 0.30288461538461536 0.8413838120104439 0.18108974358974358 0.8413838120104439 0.18068910256410256 0.6240208877284595 0.2283653846153846 0.6233681462140992 0.22876602564102563 0.6109660574412533 0.2796474358974359 0.610313315926893 0.2800480769230769 0.6174934725848564 0.30288461538461536 0.6181462140992167 0.3032852564102564 0.8407310704960835 0.30288461538461536 0.8413838120104439
0 0.10256410256410256 0.7591383812010444 0.03365384615384615 0.7591383812010444 0.03325320512820513 0.664490861618799 0.10256410256410256 0.6638381201044387 0.10296474358974358 0.758485639686684 0.10256410256410256 0.7591383812010444
0 0.7532051282051282 0.8387728459530026 0.6770833333333334 0.8387728459530026 0.6766826923076923 0.7088772845953003 0.7532051282051282 0.70822454308094 0.7536057692307693 0.8381201044386423 0.7532051282051282 0.8387728459530026
0 0.6706730769230769 0.8361618798955613 0.6097756410256411 0.8361618798955613 0.609375 0.7114882506527415 0.6706730769230769 0.7108355091383812 0.671073717948718 0.835509138381201 0.6706730769230769 0.8361618798955613
0 0.1762820512820513 0.8413838120104439 0.10817307692307693 0.8413838120104439 0.1077724358974359 0.7349869451697127 0.1762820512820513 0.7343342036553525 0.17668269230769232 0.8407310704960835 0.1762820512820513 0.8413838120104439
0 0.10256410256410256 0.8413838120104439 0.03365384615384615 0.8413838120104439 0.03325320512820513 0.7663185378590078 0.10256410256410256 0.7656657963446475 0.10296474358974358 0.8407310704960835 0.10256410256410256 0.8413838120104439