0 0.3944353518821604 0.45031847133757963 0.05237315875613748 0.45031847133757963 0.05155482815057283 0.22420382165605096 0.3944353518821604 0.22356687898089173 0.395253682487725 0.4496815286624204 0.3944353518821604 0.45031847133757963
0 0.6039279869067103 0.45031847133757963 0.40425531914893614 0.45031847133757963 0.4034369885433715 0.22420382165605096 0.6039279869067103 0.22356687898089173 0.6047463175122749 0.4496815286624204 0.6039279869067103 0.45031847133757963
0 0.6039279869067103 0.7598726114649682 0.4369885433715221 0.7598726114649682 0.43617021276595747 0.5515923566878981 0.3011456628477905 0.5509554140127388 0.30032733224222585 0.4573248407643312 0.6104746317512275 0.456687898089172 0.6112929623567921 0.22420382165605096 0.9181669394435352 0.22356687898089173 0.9189852700490998 0.6025477707006369 0.613747954173486 0.6031847133757962 0.6129296235679215 0.5515923566878981 0.6055646481178396 0.5509554140127388 0.6047463175122749 0.759235668789809 0.6039279869067103 0.7598726114649682
0 0.1702127659574468 0.5509554140127388 0.05237315875613748 0.5509554140127388 0.05155482815057283 0.4573248407643312 0.1702127659574468 0.456687898089172 0.17103109656301146 0.5503184713375796 0.1702127659574468 0.5509554140127388
0 0.2896890343698854 0.5509554140127388 0.18003273322422259 0.5509554140127388 0.17921440261865793 0.4573248407643312 0.2896890343698854 0.456687898089172 0.2905073649754501 0.5503184713375796 0.2896890343698854 0.5509554140127388
0 0.23240589198036007 0.6719745222929936 0.05237315875613748 0.6719745222929936 0.05155482815057283 0.556687898089172 0.23240589198036007 0.5560509554140127 0.2332242225859247 0.6713375796178344 0.23240589198036007 0.6719745222929936
0 0.4288052373158756 0.6719745222929936 0.24222585924713586 0.6719745222929936 0.2414075286415712 0.556687898089172 0.4288052373158756 0.5560509554140127 0.42962356792144024 0.6713375796178344 0.4288052373158756 0.6719745222929936
0 0.9181669394435352 0.8732484076433121 0.613747954173486 0.8732484076433121 0.6129296235679215 0.619108280254777 0.9181669394435352 0.6184713375796178 0.9189852700490998 0.8726114649681529 0.9181669394435352 0.8732484076433121
0 0.4288052373158756 0.8732484076433121 0.05237315875613748 0.8732484076433121 0.05155482815057283 0.6789808917197452 0.4288052373158756 0.678343949044586 0.42962356792144024 0.8726114649681529 0.4288052373158756 0.8732484076433121
0 0.530278232405892 0.8732484076433121 0.4369885433715221 0.8732484076433121 0.43617021276595747 0.7668789808917198 0.530278232405892 0.7662420382165606 0.5310965630114566 0.8726114649681529 0.530278232405892 0.8732484076433121
0 0.6039279869067103 0.8605095541401274 0.5384615384615384 0.8605095541401274 0.5376432078559739 0.7668789808917198 0.6039279869067103 0.7662420382165606 0.6047463175122749 0.8598726114649682 0.6039279869067103 0.8605095541401274