0 0.8581788879935536 0.3373266078184111 0.7993553585817889 0.3373266078184111 0.7989524576954069 0.2673392181588903 0.6236905721192587 0.26670870113493067 0.6232876712328768 0.08827238335435057 0.8581788879935536 0.08764186633039092 0.8585817888799355 0.33669609079445145 0.8581788879935536 0.3373266078184111
0 0.9637389202256245 0.4407313997477932 0.863013698630137 0.4407313997477932 0.862610797743755 0.08827238335435057 0.9637389202256245 0.08764186633039092 0.9641418211120064 0.4401008827238335 0.9637389202256245 0.4407313997477932
0 0.25141015310233683 0.4407313997477932 0.16921837228041903 0.4407313997477932 0.16881547139403708 0.09079445145018916 0.33440773569701854 0.09016393442622951 0.3348106365834005 0.26229508196721313 0.25302175664786464 0.26292559899117274 0.2526188557614827 0.2698612862547289 0.2518130539887188 0.27112232030264816 0.2518130539887188 0.4401008827238335 0.25141015310233683 0.4407313997477932
0 0.40531829170024175 0.39659520807061793 0.34649476228847703 0.39659520807061793 0.3460918614020951 0.3480453972257251 0.32634971796937956 0.3474148802017655 0.3259468170829976 0.27112232030264816 0.34568896051571313 0.27049180327868855 0.3460918614020951 0.2635561160151324 0.33521353746978244 0.26292559899117274 0.3348106365834005 0.22068095838587642 0.3440773569701853 0.22005044136191676 0.3444802578565673 0.09079445145018916 0.40531829170024175 0.09016393442622951 0.4057211925866237 0.39596469104665827 0.40531829170024175 0.39659520807061793
0 0.5108783239323127 0.26292559899117274 0.410958904109589 0.26292559899117274 0.41055600322320707 0.09079445145018916 0.5108783239323127 0.09016393442622951 0.5112812248186946 0.26229508196721313 0.5108783239323127 0.26292559899117274
0 0.7268331990330379 0.4407313997477932 0.6236905721192587 0.4407313997477932 0.6232876712328768 0.2673392181588903 0.6551168412570507 0.26670870113493067 0.6555197421434327 0.2723833543505675 0.7268331990330379 0.2730138713745271 0.7272360999194198 0.4401008827238335 0.7268331990330379 0.4407313997477932
0 0.3408541498791297 0.4407313997477932 0.25221595487510073 0.4407313997477932 0.2518130539887188 0.27112232030264816 0.32151490733279614 0.27049180327868855 0.3219178082191781 0.3530895334174023 0.3408541498791297 0.3537200504413619 0.34125705076551166 0.4401008827238335 0.3408541498791297 0.4407313997477932
0 0.5108783239323127 0.349936948297604 0.410958904109589 0.349936948297604 0.41055600322320707 0.27112232030264816 0.5108783239323127 0.27049180327868855 0.5112812248186946 0.3493064312736444 0.5108783239323127 0.349936948297604
0 0.7937147461724415 0.4407313997477932 0.7316680096696213 0.4407313997477932 0.7312651087832394 0.27364438839848676 0.7937147461724415 0.2730138713745271 0.7941176470588235 0.4401008827238335 0.7937147461724415 0.4407313997477932
0 0.8581788879935536 0.4407313997477932 0.7993553585817889 0.4407313997477932 0.7989524576954069 0.3442622950819672 0.8581788879935536 0.34363177805800754 0.8585817888799355 0.4401008827238335 0.8581788879935536 0.4407313997477932
0 0.5108783239323127 0.4407313997477932 0.4101531023368251 0.4407313997477932 0.40975020145044316 0.35813366960907944 0.5108783239323127 0.3575031525851198 0.5112812248186946 0.4401008827238335 0.5108783239323127 0.4407313997477932
0 0.40531829170024175 0.4407313997477932 0.34649476228847703 0.4407313997477932 0.3460918614020951 0.40226986128625475 0.40531829170024175 0.4016393442622951 0.4057211925866237 0.4401008827238335 0.40531829170024175 0.4407313997477932
0 0.5447219983883964 0.701765447667087 0.3835616438356164 0.701765447667087 0.38315874294923447 0.5674653215636822 0.5447219983883964 0.5668348045397226 0.5451248992747784 0.7011349306431274 0.5447219983883964 0.701765447667087
0 0.7155519742143432 0.9174022698612863 0.6204673650282031 0.9174022698612863 0.6200644641418211 0.5674653215636822 0.7155519742143432 0.5668348045397226 0.7159548751007252 0.9167717528373266 0.7155519742143432 0.9174022698612863
0 0.6116035455278002 0.7068095838587641 0.5519742143432715 0.7068095838587641 0.5515713134568896 0.5762925598991173 0.6116035455278002 0.5756620428751577 0.6120064464141821 0.7061790668348046 0.6116035455278002 0.7068095838587641
0 0.5116841257050766 0.9174022698612863 0.3835616438356164 0.9174022698612863 0.38315874294923447 0.7162673392181589 0.5116841257050766 0.7156368221941992 0.5120870265914585 0.9167717528373266 0.5116841257050766 0.9174022698612863
0 0.6116035455278002 0.9174022698612863 0.5197421434327155 0.9174022698612863 0.5193392425463336 0.7162673392181589 0.6116035455278002 0.7156368221941992 0.6120064464141821 0.9167717528373266 0.6116035455278002 0.9174022698612863