0 0.15940685820203893 0.24160811865729898 0.06209453197405004 0.24160811865729898 0.061631139944392954 0.02888368462138954 0.15940685820203893 0.02849336455893833 0.15987025023169602 0.24121779859484777 0.15940685820203893 0.24160811865729898
0 0.11121408711770157 0.3251366120218579 0.06209453197405004 0.3251366120218579 0.061631139944392954 0.24902419984387197 0.11121408711770157 0.24863387978142076 0.11167747914735866 0.32474629195940674 0.11121408711770157 0.3251366120218579
0 0.21501390176088972 0.45784543325526933 0.060240963855421686 0.45784543325526933 0.0597775718257646 0.33801717408274784 0.21501390176088972 0.33762685402029663 0.2154772937905468 0.4574551131928181 0.21501390176088972 0.45784543325526933
0 0.43373493975903615 0.802888368462139 0.2965708989805375 0.802888368462139 0.29610750695088045 0.5995316159250585 0.38832252085264135 0.5991412958626073 0.3887859128822984 0.4637002341920375 0.22150139017608897 0.4633099141295863 0.22103799814643188 0.33801717408274784 0.7164040778498609 0.33762685402029663 0.7168674698795181 0.5925058548009368 0.5607043558850788 0.592896174863388 0.5602409638554217 0.6221701795472288 0.5060240963855421 0.62256049960968 0.504633920296571 0.6237314597970336 0.5041705282669138 0.6249024199843872 0.5018535681186284 0.6260733801717409 0.5013901760889713 0.6272443403590945 0.49721964782205746 0.629976580796253 0.49675625579240035 0.6311475409836066 0.49443929564411493 0.6323185011709602 0.4939759036144578 0.6334894613583139 0.4916589434661724 0.6346604215456675 0.4911955514365153 0.6358313817330211 0.48980537534754404 0.6362217017954723 0.4893419833178869 0.637392661982826 0.4870250231696015 0.6385636221701796 0.4865616311399444 0.6397345823575332 0.48424467099165897 0.6409055425448869 0.48378127896200185 0.6420765027322405 0.4819277108433735 0.6428571428571429 0.48053753475440225 0.6432474629195941 0.4643188137164041 0.6576893052302888 0.4629286376274328 0.65807962529274 0.458758109360519 0.6623731459797033 0.4341983317886932 0.682279469164715 0.4341983317886932 0.8024980483996877 0.43373493975903615 0.802888368462139
0 0.9351251158480074 0.43989071038251365 0.7247451343836886 0.43989071038251365 0.7242817423540315 0.33801717408274784 0.9351251158480074 0.33762685402029663 0.9355885078776645 0.43950039032006244 0.9351251158480074 0.43989071038251365
0 0.9351251158480074 0.592896174863388 0.7247451343836886 0.592896174863388 0.7242817423540315 0.4465261514441842 0.9351251158480074 0.446135831381733 0.9355885078776645 0.5925058548009368 0.9351251158480074 0.592896174863388
0 0.16774791473586653 0.5983606557377049 0.0639481000926784 0.5983606557377049 0.06302131603336422 0.5975800156128025 0.060240963855421686 0.5975800156128025 0.0597775718257646 0.4637002341920375 0.16774791473586653 0.4633099141295863 0.16821130676552362 0.5979703356752537 0.16774791473586653 0.5983606557377049
0 0.38832252085264135 0.5991412958626073 0.20111214087117701 0.5991412958626073 0.20018535681186284 0.5983606557377049 0.17608897126969417 0.5983606557377049 0.17562557924003708 0.4637002341920375 0.38832252085264135 0.4633099141295863 0.3887859128822984 0.5987509758001561 0.38832252085264135 0.5991412958626073
0 0.7775718257645968 0.8669008587041374 0.6227988878591288 0.8669008587041374 0.6223354958294718 0.6932084309133489 0.5681186283595923 0.6928181108508977 0.5676552363299351 0.5995316159250585 0.7775718257645968 0.5991412958626073 0.7780352177942539 0.8665105386416861 0.7775718257645968 0.8669008587041374
0 0.1927710843373494 0.6826697892271663 0.0639481000926784 0.6826697892271663 0.06348470806302131 0.6049960967993755 0.1927710843373494 0.6046057767369243 0.1932344763670065 0.682279469164715 0.1927710843373494 0.6826697892271663
0 0.29008341056533826 0.6623731459797033 0.20111214087117701 0.6623731459797033 0.20064874884151992 0.6049960967993755 0.29008341056533826 0.6046057767369243 0.2905468025949954 0.6619828259172521 0.29008341056533826 0.6623731459797033
0 0.5597775718257646 0.6928181108508977 0.44300278035217794 0.6928181108508977 0.4425393883225209 0.6854020296643247 0.4453197405004634 0.6838407494145199 0.4457831325301205 0.6826697892271663 0.44717330861909177 0.682279469164715 0.44763670064874883 0.6811085089773614 0.4499536607970343 0.6799375487900078 0.45041705282669137 0.6787665886026542 0.45273401297497684 0.6775956284153005 0.4531974050046339 0.6764246682279469 0.45736793327154773 0.6736924277907884 0.4578313253012048 0.6725214676034348 0.46014828544949027 0.6713505074160812 0.4606116774791474 0.6701795472287275 0.4629286376274328 0.6690085870413739 0.4633920296570899 0.6678376268540203 0.46478220574606116 0.667447306791569 0.4652455977757183 0.6662763466042154 0.4675625579240037 0.6651053864168618 0.4680259499536608 0.6639344262295082 0.47034291010194623 0.6627634660421545 0.47080630213160335 0.6615925058548009 0.4749768303985171 0.6588602654176424 0.47544022242817424 0.6576893052302888 0.48285449490268767 0.6522248243559718 0.48424467099165897 0.6518345042935206 0.4902687673772011 0.6459797033567526 0.4916589434661724 0.6455893832943014 0.5004633920296571 0.637392661982826 0.5018535681186284 0.6370023419203747 0.5078776645041705 0.6311475409836066 0.5597775718257646 0.6311475409836066 0.5602409638554217 0.6924277907884465 0.5597775718257646 0.6928181108508977
0 0.2882298424467099 0.8669008587041374 0.05931417979610751 0.8669008587041374 0.05885078776645042 0.6916471506635441 0.20018535681186284 0.6912568306010929 0.20064874884151992 0.6697892271662763 0.2882298424467099 0.6693989071038251 0.288693234476367 0.8665105386416861 0.2882298424467099 0.8669008587041374
0 0.6135310472659871 0.8669008587041374 0.44300278035217794 0.8669008587041374 0.4425393883225209 0.6994535519125683 0.6135310472659871 0.6990632318501171 0.6139944392956441 0.8665105386416861 0.6135310472659871 0.8669008587041374
0 0.43373493975903615 0.8669008587041374 0.2965708989805375 0.8669008587041374 0.29610750695088045 0.810304449648712 0.43373493975903615 0.8099141295862607 0.4341983317886932 0.8665105386416861 0.43373493975903615 0.8669008587041374