0 0.18091451292246521 0.23393461104847801 0.0781974817760106 0.23393461104847801 0.07786613651424784 0.1375422773393461 0.18091451292246521 0.13697857948139797 0.18124585818422798 0.23337091319052988 0.18091451292246521 0.23393461104847801
0 0.2710404241219351 0.28241262683201807 0.18754141815772035 0.28241262683201807 0.1872100728959576 0.1375422773393461 0.2710404241219351 0.13697857948139797 0.27137176938369784 0.2818489289740699 0.2710404241219351 0.28241262683201807
0 0.3379721669980119 0.37034949267192785 0.33697813121272363 0.3697857948139797 0.3366467859509609 0.36809470124013527 0.3320079522862823 0.3613303269447576 0.33101391650099404 0.36076662908680945 0.3306825712392313 0.35907553551296506 0.3273691186216037 0.35456595264937996 0.3240556660039761 0.3500563697857948 0.3230616302186879 0.34949267192784667 0.32273028495692513 0.34780157835400227 0.32173624917163685 0.34723788049605414 0.3214049039098741 0.3455467869222097 0.31809145129224653 0.3410372040586246 0.314777998674619 0.3365276211950395 0.3137839628893307 0.3359639233370913 0.31345261762756793 0.3342728297632469 0.3121272365805169 0.33314543404735064 0.3111332007952286 0.33258173618940245 0.3108018555334659 0.33089064261555806 0.3098078197481776 0.33032694475760993 0.30947647448641485 0.3286358511837655 0.3061630218687873 0.3241262683201804 0.3028495692511597 0.3196166854565953 0.30185553346587146 0.31905298759864714 0.3015241882041087 0.3173618940248027 0.3005301524188204 0.31679819616685456 0.30019880715705766 0.31510710259301017 0.2968853545394301 0.310597519729425 0.2958913187541418 0.3100338218714769 0.29555997349237906 0.3083427282976325 0.2945659377070908 0.30777903043968435 0.294234592445328 0.3060879368658399 0.291583830351226 0.30270574971815106 0.2876076872100729 0.2970687711386697 0.2866136514247846 0.2965050732807215 0.28628230616302186 0.2948139797068771 0.2823061630218688 0.2891770011273957 0.27965540092776675 0.28579481397970685 0.27866136514247847 0.2852311161217587 0.2783300198807157 0.2835400225479143 0.2773359840954274 0.2829763246899662 0.2773359840954274 0.1375422773393461 0.3379721669980119 0.13697857948139797 0.3383035122597747 0.3697857948139797 0.3379721669980119 0.37034949267192785
0 0.5400927766732936 0.3782412626832018 0.3445990722332671 0.3782412626832018 0.3442677269715043 0.1375422773393461 0.5400927766732936 0.13697857948139797 0.5404241219350563 0.37767756482525366 0.5400927766732936 0.3782412626832018
0 0.6023856858846919 0.2508455467869222 0.5467196819085487 0.2508455467869222 0.546388336646786 0.1375422773393461 0.6023856858846919 0.13697857948139797 0.6027170311464546 0.2502818489289741 0.6023856858846919 0.2508455467869222
0 0.7495029821073559 0.3782412626832018 0.6083499005964215 0.3782412626832018 0.6080185553346588 0.1375422773393461 0.7495029821073559 0.13697857948139797 0.7498343273691186 0.37767756482525366 0.7495029821073559 0.3782412626832018
0 0.9178263750828363 0.3782412626832018 0.7554671968190855 0.3782412626832018 0.7551358515573228 0.1375422773393461 0.9178263750828363 0.13697857948139797 0.9181577203445991 0.37767756482525366 0.9178263750828363 0.3782412626832018
0 0.18091451292246521 0.4695603156708005 0.0781974817760106 0.4695603156708005 0.07786613651424784 0.24464487034949267 0.18091451292246521 0.24408117249154454 0.18124585818422798 0.4689966178128523 0.18091451292246521 0.4695603156708005
0 0.6023856858846919 0.3782412626832018 0.5467196819085487 0.3782412626832018 0.546388336646786 0.2615558060879369 0.6023856858846919 0.26099210822998875 0.6027170311464546 0.37767756482525366 0.6023856858846919 0.3782412626832018
0 0.3379721669980119 0.45941375422773395 0.18754141815772035 0.45941375422773395 0.1872100728959576 0.29312288613303267 0.27501656726308815 0.29255918827508454 0.2776673293571902 0.2970687711386697 0.27866136514247847 0.2976324689966178 0.27899271040424123 0.2993235625704622 0.2799867461895295 0.29988726042841035 0.2803180914512923 0.3015783540022548 0.2836315440689198 0.3060879368658399 0.2869449966865474 0.310597519729425 0.28793903247183567 0.3111612175873732 0.2882703777335984 0.3128523111612176 0.28926441351888665 0.3134160090191657 0.2895957587806494 0.31510710259301017 0.292909211398277 0.3196166854565953 0.2988734261100066 0.3286358511837655 0.30218687872763417 0.33314543404735064 0.30483764082173626 0.3365276211950395 0.30583167660702454 0.3370913190529876 0.3061630218687873 0.338782412626832 0.3071570576540755 0.33934611048478014 0.3074884029158383 0.3410372040586246 0.3108018555334659 0.3455467869222097 0.31411530815109345 0.3500563697857948 0.31510934393638174 0.3506200676437429 0.31544068919814444 0.3523111612175874 0.3164347249834327 0.3528748590755355 0.3167660702451955 0.35456595264937996 0.32007952286282304 0.35907553551296506 0.32339297548045065 0.36358511837655016 0.3243870112657389 0.3641488162344983 0.32471835652750164 0.36583990980834274 0.3257123923127899 0.3664036076662909 0.3260437375745527 0.36809470124013527 0.32935719019218024 0.37260428410372043 0.3353214049039099 0.38162344983089064 0.3383035122597747 0.3855693348365276 0.3383035122597747 0.4588500563697858 0.3379721669980119 0.45941375422773395
0 0.44068919814446655 0.6341600901916573 0.3445990722332671 0.6341600901916573 0.3442677269715043 0.38895152198421645 0.44068919814446655 0.3883878241262683 0.4410205434062293 0.6335963923337091 0.44068919814446655 0.6341600901916573
0 0.5719019218025182 0.7717023675310034 0.44665341285619614 0.7717023675310034 0.4463220675944334 0.38895152198421645 0.5400927766732936 0.3883878241262683 0.5404241219350563 0.5332581736189402 0.5778661365142479 0.5338218714768884 0.5781974817760106 0.6234498308906427 0.5407554671968191 0.6240135287485907 0.5404241219350563 0.6335963923337091 0.5719019218025182 0.6341600901916573 0.572233267064281 0.7711386696730552 0.5719019218025182 0.7717023675310034
0 0.7064280980781975 0.6240135287485907 0.5785288270377733 0.6240135287485907 0.5781974817760106 0.5343855693348365 0.5407554671968191 0.5338218714768884 0.5404241219350563 0.38895152198421645 0.7064280980781975 0.3883878241262683 0.7067594433399602 0.6234498308906427 0.7064280980781975 0.6240135287485907
0 0.9178263750828363 0.7717023675310034 0.5791915175612988 0.7717023675310034 0.5781974817760106 0.770011273957159 0.5781974817760106 0.6245772266065389 0.7064280980781975 0.6240135287485907 0.7067594433399602 0.38895152198421645 0.9178263750828363 0.3883878241262683 0.9181577203445991 0.7711386696730552 0.9178263750828363 0.7717023675310034
0 0.5453943008614976 0.906989853438557 0.06693174287607687 0.906989853438557 0.06660039761431412 0.4926719278466742 0.3306825712392313 0.49210822998872605 0.33101391650099404 0.7936865839909808 0.5453943008614976 0.794250281848929 0.5457256461232605 0.9064261555806088 0.5453943008614976 0.906989853438557
0 0.44068919814446655 0.7717023675310034 0.3445990722332671 0.7717023675310034 0.3442677269715043 0.6437429537767756 0.44068919814446655 0.6431792559188275 0.4410205434062293 0.7711386696730552 0.44068919814446655 0.7717023675310034