0 0.8340461933276304 0.28689516129032255 0.5238095238095238 0.28689516129032255 0.5236669518106644 0.22056451612903225 0.8340461933276304 0.22036290322580646 0.8341887653264899 0.28669354838709676 0.8340461933276304 0.28689516129032255
0 0.285143997718848 0.51875 0.24978614200171087 0.51875 0.24964357000285145 0.5137096774193548 0.14941545480467636 0.5135080645161291 0.14913031080695752 0.5139112903225806 0.04932991160536071 0.5139112903225806 0.049044767607641856 0.5143145161290322 0.012261191901910464 0.5143145161290322 0.01211861990305104 0.2217741935483871 0.28542914171656686 0.22157258064516128 0.2855717137154263 0.5181451612903226 0.285143997718848 0.51875
0 0.6621043627031651 0.4280241935483871 0.5238095238095238 0.4280241935483871 0.5236669518106644 0.29516129032258065 0.6535500427715997 0.29495967741935486 0.653692614770459 0.35604838709677417 0.6621043627031651 0.35625 0.6622469347020246 0.42782258064516127 0.6621043627031651 0.4280241935483871
0 0.8340461933276304 0.5038306451612903 0.6663815226689478 0.5038306451612903 0.6662389506700884 0.3564516129032258 0.6706586826347305 0.35625 0.67080125463359 0.29516129032258065 0.8340461933276304 0.29495967741935486 0.8341887653264899 0.5036290322580645 0.8340461933276304 0.5038306451612903
0 0.6621043627031651 0.5038306451612903 0.6549757627601939 0.5038306451612903 0.654690618762475 0.5034274193548387 0.5238095238095238 0.5034274193548387 0.5236669518106644 0.43548387096774194 0.6621043627031651 0.43528225806451615 0.6622469347020246 0.5036290322580645 0.6621043627031651 0.5038306451612903
0 0.802965497576276 0.6953629032258064 0.7077274023381808 0.6953629032258064 0.7075848303393214 0.5629032258064516 0.7034502423723981 0.5627016129032258 0.7033076703735386 0.6951612903225807 0.6549757627601939 0.6953629032258064 0.6548331907613345 0.510483870967742 0.8380382092956943 0.5102822580645161 0.8381807812945538 0.5818548387096775 0.8374679213002566 0.5824596774193549 0.8366124893071001 0.583266129032258 0.8360422013116624 0.5836693548387096 0.8354719133162247 0.5836693548387096 0.834901625320787 0.5848790322580645 0.8340461933276304 0.5856854838709677 0.8334759053321927 0.5860887096774193 0.832905617336755 0.5860887096774193 0.8323353293413174 0.5868951612903226 0.8317650413458797 0.5872983870967742 0.8310521813515825 0.5879032258064516 0.8309096093527232 0.588508064516129 0.8303393213572854 0.588508064516129 0.8297690333618477 0.5893145161290323 0.82919874536641 0.5897177419354839 0.8283433133732535 0.5905241935483871 0.8277730253778158 0.5905241935483871 0.8272027373823782 0.5913306451612903 0.8267750213857998 0.5915322580645161 0.8266324493869404 0.5921370967741936 0.8257770173937838 0.5929435483870967 0.8252067293983462 0.5929435483870967 0.8249215854006273 0.5933467741935484 0.8240661534074708 0.5941532258064516 0.8232107214143143 0.5949596774193548 0.8226404334188765 0.5949596774193548 0.8223552894211577 0.5957661290322581 0.8214998574280011 0.5965725806451613 0.8206444254348446 0.5973790322580645 0.8200741374394069 0.5973790322580645 0.8197889934416881 0.5977822580645161 0.8189335614485315 0.5985887096774194 0.8183632734530938 0.598991935483871 0.8179355574565156 0.5991935483870968 0.8175078414599373 0.6002016129032258 0.8169375534644996 0.6002016129032258 0.8163672654690619 0.601008064516129 0.8157969774736242 0.6014112903225807 0.8149415454804676 0.6022177419354838 0.8143712574850299 0.6022177419354838 0.8140861134873111 0.6026209677419355 0.8136583974907328 0.6028225806451613 0.8132306814941546 0.6038306451612904 0.812375249500998 0.6046370967741935 0.8118049615055604 0.6046370967741935 0.8115198175078414 0.6050403225806451 0.8106643855146849 0.6058467741935484 0.8099515255203878 0.6064516129032258 0.8098089535215284 0.6070564516129032 0.8092386655260907 0.6070564516129032 0.8089535215283719 0.6074596774193548 0.8080980895352153 0.6082661290322581 0.8075278015397775 0.6086693548387097 0.8069575135443399 0.6090725806451613 0.8063872255489022 0.6094758064516129 0.8055317935557457 0.6102822580645161 0.8051040775591674 0.6104838709677419 0.804961505560308 0.6110887096774194 0.8043912175648703 0.6114919354838709 0.8038209295694325 0.6118951612903226 0.8031080695751355 0.6125 0.8031080695751355 0.6951612903225807 0.802965497576276 0.6953629032258064
0 0.9001996007984032 0.5796370967741935 0.8420302252637581 0.5796370967741935 0.8418876532648988 0.510483870967742 0.9001996007984032 0.5102822580645161 0.9003421727972626 0.5794354838709678 0.9001996007984032 0.5796370967741935
0 0.326489877388081 0.7046370967741935 0.24322783005417736 0.7046370967741935 0.24308525805531794 0.6866935483870967 0.23781009409751924 0.686491935483871 0.23766752209865982 0.7044354838709678 0.14171656686626746 0.7046370967741935 0.14157399486740804 0.5193548387096775 0.249500998003992 0.5191532258064516 0.24978614200171087 0.51875 0.285143997718848 0.51875 0.28542914171656686 0.5183467741935484 0.2857142857142857 0.5191532258064516 0.326489877388081 0.5191532258064516 0.3266324493869404 0.7044354838709678 0.326489877388081 0.7046370967741935
0 0.3889364128885087 0.6191532258064516 0.33105218135158254 0.6191532258064516 0.3309096093527231 0.5193548387096775 0.3889364128885087 0.5191532258064516 0.38907898488736814 0.6189516129032258 0.3889364128885087 0.6191532258064516
0 0.9001996007984032 0.6953629032258064 0.806672369546621 0.6953629032258064 0.8065297975477617 0.6153225806451613 0.8072426575420587 0.6151209677419355 0.8075278015397775 0.6147177419354839 0.8079555175363559 0.614516129032258 0.8083832335329342 0.613508064516129 0.8089535215283719 0.6131048387096775 0.8095238095238095 0.6127016129032258 0.8100940975192472 0.6122983870967742 0.8109495295124037 0.6114919354838709 0.8115198175078414 0.6110887096774194 0.8119475335044197 0.6108870967741935 0.8120901055032792 0.6102822580645161 0.8126603934987169 0.6098790322580645 0.8132306814941546 0.6094758064516129 0.8140861134873111 0.6086693548387097 0.8146564014827488 0.6082661290322581 0.8152266894781864 0.6078629032258065 0.8157969774736242 0.6074596774193548 0.8165098374679213 0.6068548387096774 0.8166524094667807 0.60625 0.8172226974622184 0.6058467741935484 0.8177929854576561 0.6054435483870968 0.8183632734530938 0.6050403225806451 0.8192187054462503 0.604233870967742 0.8197889934416881 0.6038306451612904 0.8203592814371258 0.6038306451612904 0.820786997433704 0.603225806451613 0.8209295694325635 0.6026209677419355 0.82178500142572 0.6018145161290323 0.8223552894211577 0.6014112903225807 0.8229255774165953 0.6014112903225807 0.8234958654120331 0.6006048387096774 0.8243512974051896 0.5997983870967742 0.8247790134017678 0.5995967741935484 0.8249215854006273 0.598991935483871 0.825491873396065 0.598991935483871 0.8260621613915027 0.5981854838709677 0.8266324493869404 0.5977822580645161 0.827487881380097 0.5969758064516129 0.8280581693755347 0.5969758064516129 0.8286284573709723 0.5961693548387097 0.82919874536641 0.5957661290322581 0.8296264613629883 0.5955645161290323 0.8300541773595665 0.5945564516129033 0.8306244653550042 0.5941532258064516 0.831194753350442 0.5941532258064516 0.8317650413458797 0.5933467741935484 0.8326204733390362 0.5925403225806452 0.8331907613344739 0.5921370967741936 0.8337610493299116 0.5921370967741936 0.8343313373253493 0.5909274193548387 0.8351867693185059 0.5901209677419355 0.8357570573139436 0.5897177419354839 0.8363273453093812 0.5897177419354839 0.8368976333048189 0.5889112903225806 0.8374679213002566 0.588508064516129 0.8378956372968349 0.5883064516129032 0.8383233532934131 0.5872983870967742 0.8388936412888509 0.5872983870967742 0.8394639292842886 0.586491935483871 0.8400342172797263 0.5860887096774193 0.8408896492728828 0.5852822580645162 0.8414599372683205 0.5852822580645162 0.8420302252637581 0.5844758064516129 0.9001996007984032 0.5844758064516129 0.9003421727972626 0.6951612903225807 0.9001996007984032 0.6953629032258064
0 0.3889364128885087 0.7046370967741935 0.33105218135158254 0.7046370967741935 0.3309096093527231 0.6237903225806452 0.3889364128885087 0.6235887096774193 0.38907898488736814 0.7044354838709678 0.3889364128885087 0.7046370967741935
0 0.7031650983746792 0.8901209677419355 0.6549757627601939 0.8901209677419355 0.6548331907613345 0.7020161290322581 0.7031650983746792 0.7018145161290322 0.7033076703735386 0.8899193548387097 0.7031650983746792 0.8901209677419355
0 0.8471628172226975 0.8901209677419355 0.7077274023381808 0.8901209677419355 0.7075848303393214 0.7020161290322581 0.7496435700028514 0.7018145161290322 0.7497861420017109 0.7201612903225807 0.7927003136583974 0.7203629032258064 0.7928428856572569 0.7020161290322581 0.8471628172226975 0.7018145161290322 0.8473053892215568 0.8899193548387097 0.8471628172226975 0.8901209677419355
0 0.9001996007984032 0.8901209677419355 0.8514399771884802 0.8901209677419355 0.8512974051896207 0.7020161290322581 0.9001996007984032 0.7018145161290322 0.9003421727972626 0.8899193548387097 0.9001996007984032 0.8901209677419355
0 0.268320501853436 0.8905241935483871 0.14171656686626746 0.8905241935483871 0.14157399486740804 0.7411290322580645 0.1412888508696892 0.7407258064516129 0.14157399486740804 0.7403225806451613 0.14157399486740804 0.7120967741935483 0.19275734245794127 0.7118951612903226 0.1928999144568007 0.792741935483871 0.268320501853436 0.7929435483870968 0.2684630738522954 0.8903225806451613 0.268320501853436 0.8905241935483871
0 0.268320501853436 0.788508064516129 0.1964642144282863 0.788508064516129 0.19632164242942687 0.7120967741935483 0.23638437410892502 0.7118951612903226 0.23652694610778444 0.7294354838709678 0.268320501853436 0.7296370967741935 0.2684630738522954 0.7883064516129032 0.268320501853436 0.788508064516129
0 0.3889364128885087 0.8905241935483871 0.27345309381237526 0.8905241935483871 0.27331052181351584 0.7298387096774194 0.28200741374394067 0.7296370967741935 0.2821499857428001 0.7120967741935483 0.3889364128885087 0.7118951612903226 0.38907898488736814 0.8903225806451613 0.3889364128885087 0.8905241935483871