0 0.2619047619047619 0.4078125 0.06696428571428571 0.4078125 0.0665922619047619 0.20625 0.2619047619047619 0.20572916666666666 0.2622767857142857 0.40729166666666666 0.2619047619047619 0.4078125
0 0.4836309523809524 0.5026041666666666 0.26860119047619047 0.5026041666666666 0.2682291666666667 0.20625 0.4836309523809524 0.20572916666666666 0.48400297619047616 0.5020833333333333 0.4836309523809524 0.5026041666666666
0 0.6175595238095238 0.39947916666666666 0.4895833333333333 0.39947916666666666 0.48921130952380953 0.20625 0.6175595238095238 0.20572916666666666 0.6179315476190477 0.39895833333333336 0.6175595238095238 0.39947916666666666
0 0.7410714285714286 0.4734375 0.6235119047619048 0.4734375 0.6231398809523809 0.20625 0.7410714285714286 0.20572916666666666 0.7414434523809523 0.47291666666666665 0.7410714285714286 0.4734375
0 0.9122023809523809 0.3828125 0.7537202380952381 0.3828125 0.7533482142857143 0.20625 0.9122023809523809 0.20572916666666666 0.9125744047619048 0.38229166666666664 0.9122023809523809 0.3828125
0 0.9263392857142857 0.7828125 0.7552083333333334 0.7828125 0.7548363095238095 0.4010416666666667 0.9263392857142857 0.4005208333333333 0.9267113095238095 0.7822916666666667 0.9263392857142857 0.7828125
0 0.5818452380952381 0.5713541666666667 0.5096726190476191 0.5713541666666667 0.5093005952380952 0.4822916666666667 0.484375 0.4817708333333333 0.48400297619047616 0.40729166666666666 0.6175595238095238 0.40677083333333336 0.6179315476190477 0.47291666666666665 0.5825892857142857 0.4734375 0.5822172619047619 0.5708333333333333 0.5818452380952381 0.5713541666666667
0 0.16517857142857142 0.6026041666666667 0.06696428571428571 0.6026041666666667 0.0665922619047619 0.415625 0.16517857142857142 0.41510416666666666 0.16555059523809523 0.6020833333333333 0.16517857142857142 0.6026041666666667
0 0.2619047619047619 0.4661458333333333 0.17113095238095238 0.4661458333333333 0.17075892857142858 0.415625 0.2619047619047619 0.41510416666666666 0.2622767857142857 0.465625 0.2619047619047619 0.4661458333333333
0 0.2619047619047619 0.6026041666666667 0.17113095238095238 0.6026041666666667 0.17075892857142858 0.4739583333333333 0.2425595238095238 0.4734375 0.24293154761904762 0.5291666666666667 0.2619047619047619 0.5296875 0.2622767857142857 0.6020833333333333 0.2619047619047619 0.6026041666666667
0 0.6555059523809523 0.5671875 0.5877976190476191 0.5671875 0.5874255952380952 0.48125 0.6555059523809523 0.48072916666666665 0.6558779761904762 0.5666666666666667 0.6555059523809523 0.5671875
0 0.7410714285714286 0.5671875 0.6614583333333334 0.5671875 0.6610863095238095 0.48125 0.7410714285714286 0.48072916666666665 0.7414434523809523 0.5666666666666667 0.7410714285714286 0.5671875
0 0.5818452380952381 0.6578125 0.48735119047619047 0.6578125 0.4869791666666667 0.503125 0.484375 0.5026041666666666 0.48400297619047616 0.4822916666666667 0.5089285714285714 0.4817708333333333 0.5093005952380952 0.5708333333333333 0.5818452380952381 0.5713541666666667 0.5822172619047619 0.6572916666666667 0.5818452380952381 0.6578125
0 0.40476190476190477 0.8140625 0.33556547619047616 0.8140625 0.29985119047619047 0.7640625 0.26860119047619047 0.7640625 0.2682291666666667 0.5114583333333333 0.4174107142857143 0.5109375 0.4177827380952381 0.503125 0.48660714285714285 0.5026041666666666 0.4869791666666667 0.5802083333333333 0.48139880952380953 0.5807291666666666 0.4810267857142857 0.7625 0.4419642857142857 0.7630208333333334 0.43005952380952384 0.7796875 0.42819940476190477 0.78125 0.42782738095238093 0.7828125 0.4259672619047619 0.784375 0.4255952380952381 0.7859375 0.42373511904761907 0.7875 0.42336309523809523 0.7890625 0.42224702380952384 0.7895833333333333 0.4211309523809524 0.7921875 0.42001488095238093 0.7927083333333333 0.41964285714285715 0.7942708333333334 0.4177827380952381 0.7958333333333333 0.4174107142857143 0.7973958333333333 0.40476190476190477 0.8140625
0 0.7410714285714286 0.7630208333333334 0.5877976190476191 0.7630208333333334 0.5874255952380952 0.575 0.7410714285714286 0.5744791666666667 0.7414434523809523 0.7625 0.7410714285714286 0.7630208333333334
0 0.2619047619047619 0.7640625 0.06696428571428571 0.7640625 0.0665922619047619 0.6104166666666667 0.2619047619047619 0.6098958333333333 0.2622767857142857 0.7635416666666667 0.2619047619047619 0.7640625
0 0.5818452380952381 0.7630208333333334 0.48735119047619047 0.7630208333333334 0.4869791666666667 0.665625 0.5818452380952381 0.6651041666666667 0.5822172619047619 0.7625 0.5818452380952381 0.7630208333333334