0 0.3844621513944223 0.5041067761806981 0.2350597609561753 0.5041067761806981 0.2340637450199203 0.28336755646817247 0.3844621513944223 0.28234086242299794 0.3854581673306773 0.5030800821355236 0.3844621513944223 0.5041067761806981
0 0.6414342629482072 0.5143737166324436 0.3286852589641434 0.5143737166324436 0.3286852589641434 0.5123203285420944 0.39243027888446214 0.5123203285420944 0.3934262948207171 0.28336755646817247 0.6414342629482072 0.28234086242299794 0.6424302788844621 0.5133470225872689 0.6414342629482072 0.5143737166324436
0 0.8007968127490039 0.48767967145790553 0.651394422310757 0.48767967145790553 0.650398406374502 0.4537987679671458 0.6434262948207171 0.4527720739219713 0.6424302788844621 0.28336755646817247 0.8007968127490039 0.28234086242299794 0.8017928286852589 0.486652977412731 0.8007968127490039 0.48767967145790553
0 0.8007968127490039 0.6273100616016427 0.701195219123506 0.6273100616016427 0.700199203187251 0.5790554414784395 0.6932270916334662 0.5780287474332649 0.6922310756972112 0.5954825462012321 0.651394422310757 0.5965092402464066 0.650398406374502 0.49691991786447637 0.8007968127490039 0.49589322381930184 0.8017928286852589 0.6262833675564682 0.8007968127490039 0.6273100616016427
0 0.3187250996015936 0.5965092402464066 0.2350597609561753 0.5965092402464066 0.2340637450199203 0.5133470225872689 0.3187250996015936 0.5123203285420944 0.3197211155378486 0.5954825462012321 0.3187250996015936 0.5965092402464066
0 0.4900398406374502 0.7114989733059548 0.3944223107569721 0.7114989733059548 0.3934262948207171 0.5975359342915811 0.3286852589641434 0.5965092402464066 0.32768924302788843 0.5154004106776181 0.6414342629482072 0.5143737166324436 0.6424302788844621 0.5954825462012321 0.49203187250996017 0.5965092402464066 0.4910358565737052 0.7104722792607803 0.4900398406374502 0.7114989733059548
0 0.3844621513944223 0.795687885010267 0.2350597609561753 0.795687885010267 0.2340637450199203 0.6057494866529775 0.3844621513944223 0.6047227926078029 0.3854581673306773 0.7946611909650924 0.3844621513944223 0.795687885010267
0 0.6912350597609562 0.795687885010267 0.5 0.795687885010267 0.499003984063745 0.6057494866529775 0.6912350597609562 0.6047227926078029 0.6922310756972112 0.7946611909650924 0.6912350597609562 0.795687885010267
0 0.8007968127490039 0.7114989733059548 0.701195219123506 0.7114989733059548 0.700199203187251 0.6365503080082136 0.8007968127490039 0.635523613963039 0.8017928286852589 0.7104722792607803 0.8007968127490039 0.7114989733059548
0 0.4900398406374502 0.795687885010267 0.3944223107569721 0.795687885010267 0.3934262948207171 0.7207392197125256 0.4900398406374502 0.7197125256673511 0.4910358565737052 0.7946611909650924 0.4900398406374502 0.795687885010267
0 0.8007968127490039 0.795687885010267 0.701195219123506 0.795687885010267 0.700199203187251 0.7207392197125256 0.8007968127490039 0.7197125256673511 0.8017928286852589 0.7946611909650924 0.8007968127490039 0.795687885010267