0 0.13968253968253969 0.19738651994497936 0.020634920634920634 0.19738651994497936 0.02023809523809524 0.08665749656121045 0.13968253968253969 0.0859697386519945 0.14007936507936508 0.19669876203576342 0.13968253968253969 0.19738651994497936
0 0.13968253968253969 0.5508940852819807 0.020634920634920634 0.5508940852819807 0.02023809523809524 0.2063273727647868 0.13968253968253969 0.20563961485557083 0.14007936507936508 0.5502063273727648 0.13968253968253969 0.5508940852819807
0 0.5571428571428572 0.6279229711141678 0.4595238095238095 0.6279229711141678 0.4587301587301587 0.625171939477304 0.3523809523809524 0.625171939477304 0.351984126984127 0.53232462173315 0.35793650793650794 0.5316368638239339 0.35833333333333334 0.34800550206327374 0.5571428571428572 0.34731774415405775 0.5575396825396826 0.6272352132049519 0.5571428571428572 0.6279229711141678
0 0.8587301587301587 0.6224209078404401 0.6484126984126984 0.6224209078404401 0.648015873015873 0.5543328748280605 0.7579365079365079 0.5536451169188445 0.7583333333333333 0.34800550206327374 0.823015873015873 0.34731774415405775 0.8234126984126984 0.45529573590096284 0.8587301587301587 0.45598349381017883 0.8591269841269841 0.6217331499312242 0.8587301587301587 0.6224209078404401
0 0.8587301587301587 0.44910591471801925 0.8269841269841269 0.44910591471801925 0.8265873015873015 0.34800550206327374 0.8587301587301587 0.34731774415405775 0.8591269841269841 0.4484181568088033 0.8587301587301587 0.44910591471801925
0 0.957936507936508 0.5880330123796423 0.8634920634920635 0.5880330123796423 0.8630952380952381 0.34800550206327374 0.957936507936508 0.34731774415405775 0.9583333333333334 0.5873452544704264 0.957936507936508 0.5880330123796423
0 0.28253968253968254 0.6237964236588721 0.1984126984126984 0.6237964236588721 0.198015873015873 0.4154057771664374 0.30158730158730157 0.41471801925722146 0.30198412698412697 0.5845942228335625 0.2833333333333333 0.5852819807427786 0.28293650793650793 0.6231086657496562 0.28253968253968254 0.6237964236588721
0 0.35079365079365077 0.5261348005502063 0.319047619047619 0.5261348005502063 0.31865079365079363 0.49793672627235214 0.30634920634920637 0.4972489683631362 0.305952380952381 0.4154057771664374 0.35079365079365077 0.41471801925722146 0.35119047619047616 0.5254470426409904 0.35079365079365077 0.5261348005502063
0 0.6436507936507937 0.5330123796423659 0.5944444444444444 0.5330123796423659 0.594047619047619 0.4167812929848693 0.6436507936507937 0.4160935350756534 0.6440476190476191 0.53232462173315 0.6436507936507937 0.5330123796423659
0 0.7547619047619047 0.546767537826685 0.7174603174603175 0.546767537826685 0.7170634920634921 0.49793672627235214 0.7031746031746032 0.4972489683631362 0.7027777777777777 0.546079779917469 0.6476190476190476 0.546767537826685 0.6472222222222223 0.4167812929848693 0.7547619047619047 0.4160935350756534 0.7551587301587301 0.546079779917469 0.7547619047619047 0.546767537826685
0 0.35079365079365077 0.7242090784044016 0.2865079365079365 0.7242090784044016 0.2861111111111111 0.594222833562586 0.3055555555555556 0.59353507565337 0.305952380952381 0.53232462173315 0.3515873015873016 0.5316368638239339 0.351984126984127 0.624484181568088 0.35119047619047616 0.6258596973865199 0.35119047619047616 0.7235213204951857 0.35079365079365077 0.7242090784044016
0 0.6436507936507937 0.6224209078404401 0.5936507936507937 0.6224209078404401 0.5932539682539683 0.5433287482806052 0.6436507936507937 0.5426409903713892 0.6440476190476191 0.6217331499312242 0.6436507936507937 0.6224209078404401
0 0.957936507936508 0.7943603851444292 0.8253968253968254 0.7943603851444292 0.825 0.6299862448418156 0.8626984126984127 0.6292984869325997 0.8630952380952381 0.5955983493810179 0.957936507936508 0.5949105914718019 0.9583333333333334 0.7936726272352133 0.957936507936508 0.7943603851444292
0 0.28253968253968254 0.7957359009628611 0.1984126984126984 0.7957359009628611 0.198015873015873 0.6286107290233838 0.28253968253968254 0.6279229711141678 0.28293650793650793 0.7950481430536451 0.28253968253968254 0.7957359009628611
0 0.5571428571428572 0.7957359009628611 0.35873015873015873 0.7957359009628611 0.35833333333333334 0.6327372764786795 0.4587301587301587 0.6320495185694636 0.4591269841269841 0.6286107290233838 0.5571428571428572 0.6279229711141678 0.5575396825396826 0.7950481430536451 0.5571428571428572 0.7957359009628611
0 0.6952380952380952 0.7943603851444292 0.5936507936507937 0.7943603851444292 0.5932539682539683 0.6299862448418156 0.7150793650793651 0.6292984869325997 0.7154761904761905 0.7042640990371389 0.696031746031746 0.7049518569463549 0.6956349206349206 0.7936726272352133 0.6952380952380952 0.7943603851444292
0 0.8214285714285714 0.7943603851444292 0.6984126984126984 0.7943603851444292 0.698015873015873 0.7111416781292985 0.7174603174603175 0.7104539202200826 0.7178571428571429 0.6299862448418156 0.8214285714285714 0.6292984869325997 0.8218253968253968 0.7936726272352133 0.8214285714285714 0.7943603851444292
0 0.35079365079365077 0.7957359009628611 0.2865079365079365 0.7957359009628611 0.2861111111111111 0.7303988995873453 0.35079365079365077 0.7297111416781293 0.35119047619047616 0.7950481430536451 0.35079365079365077 0.7957359009628611