0 0.9309878213802436 0.4684873949579832 0.5345060893098782 0.4684873949579832 0.5338294993234101 0.17086834733893558 0.9309878213802436 0.17016806722689076 0.9316644113667117 0.4677871148459384 0.9309878213802436 0.4684873949579832
0 0.2476319350473613 0.3536414565826331 0.08119079837618404 0.3536414565826331 0.08051420838971583 0.1722689075630252 0.2476319350473613 0.1715686274509804 0.2483085250338295 0.35294117647058826 0.2476319350473613 0.3536414565826331
0 0.3261163734776725 0.8060224089635855 0.2313937753721245 0.8060224089635855 0.2307171853856563 0.6974789915966386 0.18267929634641408 0.6967787114845938 0.18200270635994586 0.6120448179271709 0.23004059539918809 0.6113445378151261 0.2307171853856563 0.41456582633053224 0.19215155615696888 0.41386554621848737 0.19147496617050067 0.3599439775910364 0.2530446549391069 0.3592436974789916 0.25372124492557513 0.1722689075630252 0.4749661705006766 0.1715686274509804 0.47564276048714477 0.41456582633053224 0.3017591339648173 0.41526610644257705 0.3010825439783491 0.4173669467787115 0.3342354533152909 0.4180672268907563 0.3349120433017591 0.42296918767507 0.3071718538565629 0.42366946778711484 0.30649526387009474 0.530812324929972 0.3017591339648173 0.5315126050420168 0.3010825439783491 0.6106442577030813 0.37347767253044656 0.6113445378151261 0.37415426251691475 0.696078431372549 0.3274695534506089 0.6967787114845938 0.3267929634641407 0.8053221288515406 0.3261163734776725 0.8060224089635855
0 0.18673883626522328 0.41386554621848737 0.08119079837618404 0.41386554621848737 0.08051420838971583 0.3599439775910364 0.18673883626522328 0.3592436974789916 0.18741542625169147 0.41316526610644255 0.18673883626522328 0.41386554621848737
0 0.4749661705006766 0.6057422969187675 0.3071718538565629 0.6057422969187675 0.30649526387009474 0.5770308123249299 0.3017591339648173 0.5763305322128851 0.3010825439783491 0.5322128851540616 0.30581867388362655 0.5315126050420168 0.30649526387009474 0.42436974789915966 0.3342354533152909 0.42366946778711484 0.3349120433017591 0.41876750700280113 0.3017591339648173 0.4180672268907563 0.3010825439783491 0.41596638655462187 0.4749661705006766 0.41526610644257705 0.47564276048714477 0.6050420168067226 0.4749661705006766 0.6057422969187675
0 0.22462787550744248 0.507703081232493 0.08119079837618404 0.507703081232493 0.08051420838971583 0.41876750700280113 0.22462787550744248 0.4180672268907563 0.2253044654939107 0.5070028011204482 0.22462787550744248 0.507703081232493
0 0.6752368064952639 0.6939775910364145 0.6359945872801083 0.6939775910364145 0.63531799729364 0.6204481792717087 0.5412719891745602 0.6197478991596639 0.540595399188092 0.4803921568627451 0.6752368064952639 0.4796918767507003 0.6759133964817321 0.6932773109243697 0.6752368064952639 0.6939775910364145
0 0.8768606224627875 0.6687675070028011 0.8389715832205683 0.6687675070028011 0.8382949932341002 0.6204481792717087 0.6792963464140731 0.6197478991596639 0.6786197564276049 0.4803921568627451 0.9282814614343707 0.4796918767507003 0.928958051420839 0.6190476190476191 0.878213802435724 0.6197478991596639 0.8775372124492558 0.6680672268907563 0.8768606224627875 0.6687675070028011
0 0.22462787550744248 0.6057422969187675 0.08119079837618404 0.6057422969187675 0.08051420838971583 0.5126050420168067 0.22462787550744248 0.5119047619047619 0.2253044654939107 0.6050420168067226 0.22462787550744248 0.6057422969187675
0 0.17726657645466848 0.6967787114845938 0.08119079837618404 0.6967787114845938 0.08051420838971583 0.6120448179271709 0.17726657645466848 0.6113445378151261 0.17794316644113667 0.696078431372549 0.17726657645466848 0.6967787114845938
0 0.4749661705006766 0.6967787114845938 0.37889039242219213 0.6967787114845938 0.37821380243572394 0.6120448179271709 0.4749661705006766 0.6113445378151261 0.47564276048714477 0.696078431372549 0.4749661705006766 0.6967787114845938
0 0.9309878213802436 0.8704481792717087 0.5345060893098782 0.8704481792717087 0.5338294993234101 0.6302521008403361 0.625169147496617 0.6295518207282913 0.6258457374830853 0.7044817927170869 0.6847090663058186 0.7051820728291317 0.6853856562922869 0.6302521008403361 0.8281461434370772 0.6295518207282913 0.8288227334235453 0.6778711484593838 0.8863328822733424 0.6785714285714286 0.8870094722598105 0.6302521008403361 0.9309878213802436 0.6295518207282913 0.9316644113667117 0.8697478991596639 0.9309878213802436 0.8704481792717087
0 0.22462787550744248 0.8704481792717087 0.08119079837618404 0.8704481792717087 0.08051420838971583 0.7016806722689075 0.22462787550744248 0.7009803921568627 0.2253044654939107 0.8697478991596639 0.22462787550744248 0.8704481792717087
0 0.4749661705006766 0.8704481792717087 0.33152909336941816 0.8704481792717087 0.3308525033829499 0.7016806722689075 0.4749661705006766 0.7009803921568627 0.47564276048714477 0.8697478991596639 0.4749661705006766 0.8704481792717087
0 0.3261163734776725 0.8704481792717087 0.2313937753721245 0.8704481792717087 0.2307171853856563 0.8123249299719888 0.3261163734776725 0.811624649859944 0.3267929634641407 0.8697478991596639 0.3261163734776725 0.8704481792717087
0 0.14343707713125844 0.9936974789915967 0.07983761840324763 0.9936974789915967 0.07916102841677942 0.8837535014005602 0.14343707713125844 0.8830532212885154 0.14411366711772666 0.9929971988795518 0.14343707713125844 0.9936974789915967