0 0.27070707070707073 0.29365079365079366 0.09090909090909091 0.29365079365079366 0.0898989898989899 0.19336219336219337 0.27070707070707073 0.19264069264069264 0.2717171717171717 0.29292929292929293 0.27070707070707073 0.29365079365079366
0 0.896969696969697 0.4725829725829726 0.3696969696969697 0.4725829725829726 0.3686868686868687 0.4054834054834055 0.2828282828282828 0.40476190476190477 0.2818181818181818 0.19336219336219337 0.8424242424242424 0.19264069264069264 0.8434343434343434 0.2597402597402597 0.896969696969697 0.26046176046176045 0.897979797979798 0.47186147186147187 0.896969696969697 0.4725829725829726
0 0.9555555555555556 0.2518037518037518 0.8525252525252526 0.2518037518037518 0.8515151515151516 0.19336219336219337 0.9555555555555556 0.19264069264069264 0.9565656565656566 0.2510822510822511 0.9555555555555556 0.2518037518037518
0 0.27070707070707073 0.40476190476190477 0.09696969696969697 0.40476190476190477 0.09595959595959595 0.30158730158730157 0.27070707070707073 0.3008658008658009 0.2717171717171717 0.40404040404040403 0.27070707070707073 0.40476190476190477
0 0.3575757575757576 0.5331890331890332 0.09090909090909091 0.5331890331890332 0.0898989898989899 0.4126984126984127 0.3575757575757576 0.411976911976912 0.35858585858585856 0.5324675324675324 0.3575757575757576 0.5331890331890332
0 0.5454545454545454 0.663059163059163 0.3696969696969697 0.663059163059163 0.3686868686868687 0.4733044733044733 0.5454545454545454 0.4725829725829726 0.5464646464646464 0.6623376623376623 0.5454545454545454 0.663059163059163
0 0.6909090909090909 0.562049062049062 0.5575757575757576 0.562049062049062 0.5565656565656566 0.4805194805194805 0.6909090909090909 0.4797979797979798 0.6919191919191919 0.5613275613275613 0.6909090909090909 0.562049062049062
0 0.896969696969697 0.562049062049062 0.703030303030303 0.562049062049062 0.702020202020202 0.4805194805194805 0.896969696969697 0.4797979797979798 0.897979797979798 0.5613275613275613 0.896969696969697 0.562049062049062
0 0.3575757575757576 0.753968253968254 0.09090909090909091 0.753968253968254 0.0898989898989899 0.5396825396825397 0.3575757575757576 0.538961038961039 0.35858585858585856 0.7532467532467533 0.3575757575757576 0.753968253968254
0 0.896969696969697 0.753968253968254 0.5575757575757576 0.753968253968254 0.5565656565656566 0.56998556998557 0.896969696969697 0.5692640692640693 0.897979797979798 0.7532467532467533 0.896969696969697 0.753968253968254
0 0.5454545454545454 0.753968253968254 0.3696969696969697 0.753968253968254 0.3686868686868687 0.6695526695526696 0.5454545454545454 0.6688311688311688 0.5464646464646464 0.7532467532467533 0.5454545454545454 0.753968253968254