0 0.9624664879356568 0.1721915285451197 0.8793565683646113 0.1721915285451197 0.8780160857908847 0.09760589318600368 0.9624664879356568 0.09668508287292818 0.9638069705093834 0.1712707182320442 0.9624664879356568 0.1721915285451197
0 0.4879356568364611 0.5552486187845304 0.39946380697050937 0.5552486187845304 0.39812332439678283 0.5451197053406999 0.0938337801608579 0.5441988950276243 0.09249329758713137 0.19152854511970535 0.4906166219839142 0.19060773480662985 0.49195710455764075 0.2265193370165746 0.49865951742627346 0.2274401473296501 0.5 0.36464088397790057 0.4906166219839142 0.36556169429097607 0.48927613941018766 0.5543278084714549 0.4879356568364611 0.5552486187845304
0 0.7426273458445041 0.5478821362799263 0.5013404825737265 0.5478821362799263 0.5 0.2283609576427256 0.5026809651474531 0.2265193370165746 0.5026809651474531 0.19152854511970535 0.7426273458445041 0.19060773480662985 0.7439678284182306 0.5469613259668509 0.7426273458445041 0.5478821362799263
0 0.9544235924932976 0.40791896869244937 0.7560321715817694 0.40791896869244937 0.7546916890080428 0.19152854511970535 0.9544235924932976 0.19060773480662985 0.9557640750670241 0.40699815837937386 0.9544235924932976 0.40791896869244937
0 0.9544235924932976 0.5478821362799263 0.7560321715817694 0.5478821362799263 0.7546916890080428 0.4143646408839779 0.8337801608579088 0.4134438305709024 0.8364611260053619 0.4171270718232044 0.9544235924932976 0.4171270718232044 0.9557640750670241 0.5469613259668509 0.9544235924932976 0.5478821362799263
0 0.23056300268096513 0.6362799263351749 0.0938337801608579 0.6362799263351749 0.09249329758713137 0.5524861878453039 0.23056300268096513 0.5515653775322283 0.23190348525469168 0.6353591160220995 0.23056300268096513 0.6362799263351749
0 0.38337801608579086 0.6362799263351749 0.24396782841823056 0.6362799263351749 0.24262734584450402 0.5524861878453039 0.38337801608579086 0.5515653775322283 0.3847184986595174 0.6353591160220995 0.38337801608579086 0.6362799263351749
0 0.5764075067024129 0.7541436464088398 0.39946380697050937 0.7541436464088398 0.39812332439678283 0.5561694290976059 0.67828418230563 0.5552486187845304 0.6796246648793566 0.6372007366482505 0.579088471849866 0.638121546961326 0.5777479892761395 0.7532228360957642 0.5764075067024129 0.7541436464088398
0 0.8176943699731903 0.638121546961326 0.6943699731903485 0.638121546961326 0.693029490616622 0.5561694290976059 0.8176943699731903 0.5552486187845304 0.8190348525469169 0.6372007366482505 0.8176943699731903 0.638121546961326
0 0.9544235924932976 0.638121546961326 0.8310991957104558 0.638121546961326 0.8297587131367292 0.5561694290976059 0.9544235924932976 0.5552486187845304 0.9557640750670241 0.6372007366482505 0.9544235924932976 0.638121546961326
0 0.38337801608579086 0.8462246777163904 0.09651474530831099 0.8462246777163904 0.09517426273458444 0.6445672191528545 0.09249329758713137 0.6427255985267035 0.38337801608579086 0.641804788213628 0.3847184986595174 0.8453038674033149 0.38337801608579086 0.8462246777163904
0 0.9544235924932976 0.8462246777163904 0.5924932975871313 0.8462246777163904 0.5911528150134048 0.6464088397790055 0.9544235924932976 0.64548802946593 0.9557640750670241 0.8453038674033149 0.9544235924932976 0.8462246777163904
0 0.5764075067024129 0.8462246777163904 0.39946380697050937 0.8462246777163904 0.39812332439678283 0.7642725598526704 0.5764075067024129 0.7633517495395948 0.5777479892761395 0.8453038674033149 0.5764075067024129 0.8462246777163904
0 0.8002680965147453 0.998158379373849 0.8002680965147453 0.8674033149171271 0.9571045576407506 0.8664825046040515 0.9584450402144772 0.998158379373849