0 0.6390328151986183 0.6137521222410866 0.37823834196891193 0.6137521222410866 0.37737478411053543 0.567062818336163 0.37305699481865284 0.566213921901528 0.37219343696027635 0.5110356536502547 0.3799654576856649 0.5101867572156197 0.38082901554404147 0.42784380305602715 0.37305699481865284 0.42699490662139217 0.37219343696027635 0.37181663837011886 0.3799654576856649 0.3709677419354839 0.38082901554404147 0.22580645161290322 0.6390328151986183 0.22495755517826826 0.6398963730569949 0.6129032258064516 0.6390328151986183 0.6137521222410866
0 0.36787564766839376 0.6120543293718166 0.13126079447322972 0.6120543293718166 0.1303972366148532 0.37181663837011886 0.37132987910189985 0.3709677419354839 0.37219343696027635 0.42614601018675724 0.3704663212435233 0.42784380305602715 0.3704663212435233 0.5093378607809848 0.37219343696027635 0.5110356536502547 0.37219343696027635 0.565365025466893 0.3687392055267703 0.567062818336163 0.3687392055267703 0.6112054329371817 0.36787564766839376 0.6120543293718166
0 0.7616580310880829 0.634125636672326 0.6493955094991365 0.634125636672326 0.6485319516407599 0.37181663837011886 0.7616580310880829 0.3709677419354839 0.7625215889464594 0.633276740237691 0.7616580310880829 0.634125636672326
0 0.9084628670120898 0.5033955857385399 0.772020725388601 0.5033955857385399 0.7711571675302246 0.37181663837011886 0.9084628670120898 0.3709677419354839 0.9093264248704663 0.5025466893039049 0.9084628670120898 0.5033955857385399
0 0.3799654576856649 0.5101867572156197 0.37132987910189985 0.5101867572156197 0.3704663212435233 0.42784380305602715 0.3799654576856649 0.42699490662139217 0.38082901554404147 0.5093378607809848 0.3799654576856649 0.5101867572156197
0 0.9032815198618307 0.6324278438030561 0.772020725388601 0.6324278438030561 0.7711571675302246 0.5144312393887945 0.9032815198618307 0.5135823429541596 0.9041450777202072 0.631578947368421 0.9032815198618307 0.6324278438030561
0 0.6390328151986183 0.7512733446519525 0.37823834196891193 0.7512733446519525 0.37737478411053543 0.6146010186757216 0.6390328151986183 0.6137521222410866 0.6398963730569949 0.7504244482173175 0.6390328151986183 0.7512733446519525
0 0.57426597582038 0.6740237691001698 0.57426597582038 0.6281833616298812 0.44559585492227977 0.6273344651952462 0.44473229706390327 0.6723259762308998 0.4464594127806563 0.6723259762308998 0.4464594127806563 0.631578947368421 0.5699481865284974 0.6307300509337861 0.5708117443868739 0.6740237691001698 0.5734024179620034 0.6748726655348047 0.57426597582038 0.6740237691001698
0 0.36787564766839376 0.8599320882852292 0.13126079447322972 0.8599320882852292 0.1303972366148532 0.6196943972835314 0.36787564766839376 0.6188455008488964 0.3687392055267703 0.8590831918505942 0.36787564766839376 0.8599320882852292
0 0.5734024179620034 0.6748726655348047 0.5708117443868739 0.6740237691001698 0.5708117443868739 0.631578947368421 0.4473229706390328 0.6307300509337861 0.4464594127806563 0.6723259762308998 0.44473229706390327 0.6723259762308998 0.44473229706390327 0.6281833616298812 0.5734024179620034 0.6273344651952462 0.57426597582038 0.6740237691001698 0.5734024179620034 0.6748726655348047
0 0.9067357512953368 0.8599320882852292 0.6493955094991365 0.8599320882852292 0.6485319516407599 0.6451612903225806 0.9067357512953368 0.6443123938879457 0.9075993091537133 0.8590831918505942 0.9067357512953368 0.8599320882852292
0 0.45595854922279794 0.8599320882852292 0.37823834196891193 0.8599320882852292 0.37737478411053543 0.7606112054329371 0.45595854922279794 0.7597623089983022 0.45682210708117443 0.8590831918505942 0.45595854922279794 0.8599320882852292
0 0.5492227979274611 0.8599320882852292 0.46632124352331605 0.8599320882852292 0.46545768566493956 0.7606112054329371 0.5492227979274611 0.7597623089983022 0.5500863557858376 0.8590831918505942 0.5492227979274611 0.8599320882852292
0 0.6390328151986183 0.8599320882852292 0.5595854922279793 0.8599320882852292 0.5587219343696027 0.7606112054329371 0.6390328151986183 0.7597623089983022 0.6398963730569949 0.8590831918505942 0.6390328151986183 0.8599320882852292