0 0.6147186147186147 0.4725378787878788 0.48917748917748916 0.4725378787878788 0.4880952380952381 0.2840909090909091 0.22510822510822512 0.2831439393939394 0.22402597402597402 0.10984848484848485 0.5086580086580087 0.10890151515151515 0.5097402597402597 0.19318181818181818 0.7077922077922078 0.19412878787878787 0.7088744588744589 0.44886363636363635 0.6168831168831169 0.4498106060606061 0.6158008658008658 0.4715909090909091 0.6147186147186147 0.4725378787878788
0 0.47835497835497837 0.4649621212121212 0.3463203463203463 0.4649621212121212 0.34523809523809523 0.2840909090909091 0.487012987012987 0.2831439393939394 0.4880952380952381 0.4337121212121212 0.4805194805194805 0.4346590909090909 0.47943722943722944 0.4640151515151515 0.47835497835497837 0.4649621212121212
0 0.3354978354978355 0.3721590909090909 0.22510822510822512 0.3721590909090909 0.22402597402597402 0.2916666666666667 0.3354978354978355 0.29071969696969696 0.3365800865800866 0.3712121212121212 0.3354978354978355 0.3721590909090909
0 0.31385281385281383 0.46875 0.26406926406926406 0.46875 0.2619047619047619 0.4649621212121212 0.22077922077922077 0.4649621212121212 0.2196969696969697 0.3787878787878788 0.3354978354978355 0.3778409090909091 0.3365800865800866 0.4640151515151515 0.31601731601731603 0.4649621212121212 0.31385281385281383 0.46875
0 0.6818181818181818 0.5085227272727273 0.6233766233766234 0.5085227272727273 0.6222943722943723 0.45454545454545453 0.7077922077922078 0.45359848484848486 0.7088744588744589 0.49242424242424243 0.683982683982684 0.4933712121212121 0.6829004329004329 0.5075757575757576 0.6818181818181818 0.5085227272727273
0 0.31601731601731603 0.6089015151515151 0.23809523809523808 0.6089015151515151 0.237012987012987 0.5814393939393939 0.22077922077922077 0.5804924242424242 0.2196969696969697 0.4734848484848485 0.31601731601731603 0.4725378787878788 0.3170995670995671 0.6079545454545454 0.31601731601731603 0.6089015151515151
0 0.7077922077922078 0.6486742424242424 0.4805194805194805 0.6486742424242424 0.47943722943722944 0.5435606060606061 0.512987012987013 0.5426136363636364 0.5140692640692641 0.5378787878787878 0.3246753246753247 0.5369318181818182 0.3235930735930736 0.4734848484848485 0.6147186147186147 0.4725378787878788 0.6158008658008658 0.5984848484848485 0.7077922077922078 0.5994318181818182 0.7088744588744589 0.6477272727272727 0.7077922077922078 0.6486742424242424
0 0.7077922077922078 0.5956439393939394 0.6233766233766234 0.5956439393939394 0.6222943722943723 0.5132575757575758 0.7077922077922078 0.5123106060606061 0.7088744588744589 0.5946969696969697 0.7077922077922078 0.5956439393939394
0 0.38961038961038963 0.6089015151515151 0.3246753246753247 0.6089015151515151 0.3235930735930736 0.5435606060606061 0.38961038961038963 0.5426136363636364 0.3906926406926407 0.6079545454545454 0.38961038961038963 0.6089015151515151
0 0.4523809523809524 0.6164772727272727 0.4004329004329004 0.6164772727272727 0.39935064935064934 0.5435606060606061 0.474025974025974 0.5426136363636364 0.4751082251082251 0.6079545454545454 0.45454545454545453 0.6089015151515151 0.45346320346320346 0.615530303030303 0.4523809523809524 0.6164772727272727
0 0.6341991341991342 0.8664772727272727 0.4805194805194805 0.8664772727272727 0.47943722943722944 0.6553030303030303 0.6341991341991342 0.6543560606060606 0.6352813852813853 0.865530303030303 0.6341991341991342 0.8664772727272727
0 0.8008658008658008 0.8664772727272727 0.6428571428571429 0.8664772727272727 0.6417748917748918 0.6553030303030303 0.8008658008658008 0.6543560606060606 0.801948051948052 0.865530303030303 0.8008658008658008 0.8664772727272727