0 0.8003220611916264 0.21333922261484098 0.5925925925925926 0.21333922261484098 0.5917874396135265 0.03180212014134275 0.8003220611916264 0.03136042402826855 0.8011272141706924 0.21289752650176677 0.8003220611916264 0.21333922261484098
0 0.5136876006441223 0.5825971731448764 0.10950080515297907 0.5825971731448764 0.10869565217391304 0.32773851590106007 0.46859903381642515 0.32729681978798586 0.4726247987117552 0.3295053003533569 0.4742351046698873 0.33127208480565373 0.4774557165861514 0.3339222614840989 0.4806763285024155 0.3365724381625442 0.4822866344605475 0.338339222614841 0.48389694041867953 0.3401060070671378 0.48470209339774556 0.3414310954063604 0.48711755233494364 0.3418727915194346 0.4887278582930757 0.34363957597173145 0.49033816425120774 0.3454063604240283 0.49355877616747185 0.3480565371024735 0.4967793880837359 0.3507067137809187 0.49838969404186795 0.35247349823321555 0.501610305958132 0.3551236749116608 0.5048309178743962 0.357773851590106 0.5064412238325282 0.35954063604240283 0.5096618357487923 0.3621908127208481 0.5112721417069244 0.36395759717314485 0.5144927536231884 0.3666077738515901 0.5144927536231884 0.5821554770318021 0.5136876006441223 0.5825971731448764
0 0.8003220611916264 0.5463780918727915 0.5265700483091788 0.5463780918727915 0.5257648953301127 0.5141342756183745 0.5152979066022544 0.5136925795053003 0.5144927536231884 0.3674911660777385 0.5161030595813204 0.3674911660777385 0.5177133655394525 0.36925795053003535 0.5193236714975845 0.3710247349823322 0.5241545893719807 0.3745583038869258 0.5257648953301127 0.3763250883392226 0.5273752012882448 0.37809187279151946 0.5322061191626409 0.38162544169611307 0.5322061191626409 0.3833922261484099 0.5362318840579711 0.38560070671378094 0.8003220611916264 0.38560070671378094 0.8011272141706924 0.5459363957597173 0.8003220611916264 0.5463780918727915
0 0.8003220611916264 0.6285335689045937 0.5265700483091788 0.6285335689045937 0.5257648953301127 0.5521201413427562 0.8003220611916264 0.551678445229682 0.8011272141706924 0.6280918727915195 0.8003220611916264 0.6285335689045937
0 0.5136876006441223 0.8272968197879859 0.3961352657004831 0.8272968197879859 0.39533011272141705 0.7279151943462897 0.39371980676328505 0.7270318021201413 0.392109500805153 0.7252650176678446 0.391304347826087 0.723939929328622 0.3888888888888889 0.7234982332155477 0.3856682769726248 0.7208480565371025 0.3808373590982287 0.7173144876325088 0.37600644122383253 0.7137809187279152 0.3711755233494364 0.7102473498233216 0.3647342995169082 0.7058303886925795 0.3615136876006441 0.7031802120141343 0.35668276972624796 0.6996466431095406 0.3502415458937198 0.6952296819787986 0.34863123993558776 0.6934628975265018 0.3421900161030596 0.6890459363957597 0.3413848631239936 0.6877208480565371 0.286634460547504 0.6877208480565371 0.285829307568438 0.5901060070671378 0.3397745571658615 0.5896643109540636 0.34057971014492755 0.5830388692579506 0.5136876006441223 0.5825971731448764 0.5144927536231884 0.8268551236749117 0.5136876006441223 0.8272968197879859
0 0.27375201288244766 0.6877208480565371 0.10789049919484701 0.6877208480565371 0.107085346215781 0.5901060070671378 0.27375201288244766 0.5896643109540636 0.2745571658615137 0.6872791519434629 0.27375201288244766 0.6877208480565371
0 0.6135265700483091 0.7186395759717314 0.5265700483091788 0.7186395759717314 0.5257648953301127 0.6351590106007067 0.6135265700483091 0.6347173144876325 0.6143317230273752 0.7181978798586572 0.6135265700483091 0.7186395759717314
0 0.8003220611916264 0.7186395759717314 0.6247987117552335 0.7186395759717314 0.6239935587761675 0.6351590106007067 0.8003220611916264 0.6347173144876325 0.8011272141706924 0.7181978798586572 0.8003220611916264 0.7186395759717314
0 0.38486312399355876 0.9085689045936396 0.10789049919484701 0.9085689045936396 0.107085346215781 0.6943462897526502 0.3333333333333333 0.693904593639576 0.3357487922705314 0.6952296819787986 0.3421900161030596 0.6996466431095406 0.3438003220611916 0.7014134275618374 0.3446054750402576 0.7027385159010601 0.3470209339774557 0.7031802120141343 0.3502415458937198 0.7058303886925795 0.35507246376811596 0.7093639575971732 0.3615136876006441 0.7137809187279152 0.3663446054750403 0.7173144876325088 0.3711755233494364 0.7208480565371025 0.3776167471819646 0.7252650176678446 0.37922705314009664 0.7270318021201413 0.3856682769726248 0.7314487632508834 0.3856682769726248 0.9081272084805654 0.38486312399355876 0.9085689045936396
0 0.8003220611916264 0.9085689045936396 0.5265700483091788 0.9085689045936396 0.5257648953301127 0.7243816254416962 0.8003220611916264 0.723939929328622 0.8011272141706924 0.9081272084805654 0.8003220611916264 0.9085689045936396
0 0.5136876006441223 0.9085689045936396 0.3961352657004831 0.9085689045936396 0.39533011272141705 0.833922261484099 0.5136876006441223 0.8334805653710248 0.5144927536231884 0.9081272084805654 0.5136876006441223 0.9085689045936396