0 0.9110320284697508 0.3191808191808192 0.703202846975089 0.3191808191808192 0.702846975088968 0.12087912087912088 0.9110320284697508 0.12037962037962038 0.9113879003558719 0.31868131868131866 0.9110320284697508 0.3191808191808192
0 0.2640569395017794 0.541958041958042 0.06690391459074733 0.541958041958042 0.06654804270462633 0.2217782217782218 0.2640569395017794 0.22127872127872128 0.26441281138790035 0.5414585414585414 0.2640569395017794 0.541958041958042
0 0.37935943060498223 0.5539460539460539 0.22277580071174377 0.5539460539460539 0.22241992882562278 0.5524475524475524 0.2711743772241993 0.551948051948052 0.2715302491103203 0.2217782217782218 0.6889679715302491 0.22127872127872128 0.6893238434163701 0.42657342657342656 0.5316725978647687 0.4270729270729271 0.5313167259786477 0.43656343656343655 0.5437722419928825 0.4370629370629371 0.5441281138790035 0.5054945054945055 0.5686832740213523 0.505994005994006 0.5690391459074733 0.5374625374625375 0.3800711743772242 0.537962037962038 0.3797153024911032 0.5534465534465535 0.37935943060498223 0.5539460539460539
0 0.9217081850533808 0.8356643356643356 0.702491103202847 0.8356643356643356 0.701423487544484 0.8341658341658341 0.701423487544484 0.3206793206793207 0.9217081850533808 0.32017982017982016 0.9220640569395018 0.8351648351648352 0.9217081850533808 0.8356643356643356
0 0.6889679715302491 0.537962037962038 0.5765124555160143 0.537962037962038 0.5761565836298932 0.43756243756243757 0.6889679715302491 0.4370629370629371 0.6893238434163701 0.5374625374625375 0.6889679715302491 0.537962037962038
0 0.5686832740213523 0.8226773226773226 0.3871886120996441 0.8226773226773226 0.38683274021352315 0.5484515484515484 0.5686832740213523 0.547952047952048 0.5690391459074733 0.8221778221778222 0.5686832740213523 0.8226773226773226
0 0.6889679715302491 0.6668331668331668 0.5765124555160143 0.6668331668331668 0.5761565836298932 0.5484515484515484 0.6889679715302491 0.547952047952048 0.6893238434163701 0.6663336663336663 0.6889679715302491 0.6668331668331668
0 0.21494661921708186 0.8226773226773226 0.06690391459074733 0.8226773226773226 0.06654804270462633 0.5524475524475524 0.21494661921708186 0.551948051948052 0.21530249110320285 0.8221778221778222 0.21494661921708186 0.8226773226773226
0 0.37935943060498223 0.7077922077922078 0.22277580071174377 0.7077922077922078 0.22241992882562278 0.5544455544455544 0.37935943060498223 0.5539460539460539 0.3797153024911032 0.7072927072927073 0.37935943060498223 0.7077922077922078
0 0.6889679715302491 0.8226773226773226 0.5765124555160143 0.8226773226773226 0.5761565836298932 0.6673326673326674 0.6889679715302491 0.6668331668331668 0.6893238434163701 0.8221778221778222 0.6889679715302491 0.8226773226773226
0 0.30177935943060497 0.8226773226773226 0.22277580071174377 0.8226773226773226 0.22241992882562278 0.7182817182817183 0.30177935943060497 0.7177822177822177 0.302135231316726 0.8221778221778222 0.30177935943060497 0.8226773226773226
0 0.37935943060498223 0.8226773226773226 0.3096085409252669 0.8226773226773226 0.3092526690391459 0.7182817182817183 0.37935943060498223 0.7177822177822177 0.3797153024911032 0.8221778221778222 0.37935943060498223 0.8226773226773226