0 0.5165262475696695 0.41089108910891087 0.48282566429034346 0.41089108910891087 0.48250162022035 0.4073550212164074 0.45690213869086194 0.40664780763790664 0.45657809462086846 0.18246110325318246 0.43486714193130266 0.18175388967468176 0.4345430978613091 0.23903818953323905 0.33441348023331174 0.23974540311173975 0.3340894361633182 0.02545968882602546 0.5722618276085548 0.024752475247524754 0.5725858716785482 0.40594059405940597 0.5171743357096565 0.40664780763790664 0.516850291639663 0.4101838755304102 0.5165262475696695 0.41089108910891087
0 0.7822423849643552 0.18741159830268742 0.7653920933246922 0.18741159830268742 0.7650680492546986 0.11032531824611033 0.6662346079066753 0.10961810466760961 0.6659105638366818 0.0297029702970297 0.9040829552819183 0.028995756718528994 0.9044069993519118 0.10891089108910891 0.7828904731043422 0.10961810466760961 0.7825664290343487 0.1867043847241867 0.7822423849643552 0.18741159830268742
0 0.07647440051847051 0.20014144271570014 0.017498379779650033 0.20014144271570014 0.017174335709656513 0.03536067892503536 0.07647440051847051 0.034653465346534656 0.07679844458846403 0.19943422913719944 0.07647440051847051 0.20014144271570014
0 0.10887880751782242 0.20014144271570014 0.08101101749837979 0.20014144271570014 0.08068697342838627 0.03536067892503536 0.1270252754374595 0.034653465346534656 0.127349319507453 0.15983026874115983 0.12313674659753726 0.16053748231966053 0.12281270252754374 0.1782178217821782 0.10952689565780946 0.1789250353606789 0.10920285158781594 0.19943422913719944 0.10887880751782242 0.20014144271570014
0 0.17174335709656513 0.7220650636492221 0.13091380427738172 0.7220650636492221 0.13058976020738822 0.3408769448373409 0.17692806221646143 0.34016973125884015 0.17725210628645496 0.20084865629420084 0.13091380427738172 0.20014144271570014 0.13058976020738822 0.03536067892503536 0.24303305249513935 0.034653465346534656 0.24335709656513285 0.45685997171145687 0.17239144523655217 0.45756718528995755 0.17206740116655866 0.7213578500707214 0.17174335709656513 0.7220650636492221
0 0.7634478289047311 0.582036775106082 0.6662346079066753 0.582036775106082 0.6659105638366818 0.12446958981612447 0.7589112119248218 0.12376237623762376 0.7592352559948153 0.22065063649222066 0.7634478289047311 0.22135785007072137 0.7637718729747246 0.2743988684582744 0.7828904731043422 0.2751060820367751 0.7832145171743357 0.42715700141442714 0.7640959170447181 0.42786421499292787 0.7637718729747246 0.5813295615275813 0.7634478289047311 0.582036775106082
0 0.9040829552819183 0.42786421499292787 0.7874270900842515 0.42786421499292787 0.787103046014258 0.12446958981612447 0.9040829552819183 0.12376237623762376 0.9044069993519118 0.42715700141442714 0.9040829552819183 0.42786421499292787
0 0.12572909915748542 0.714992927864215 0.017498379779650033 0.714992927864215 0.017174335709656513 0.21074964639321075 0.12572909915748542 0.21004243281471005 0.12605314322747893 0.7142857142857143 0.12572909915748542 0.714992927864215
0 0.17239144523655217 0.3316831683168317 0.13091380427738172 0.3316831683168317 0.13058976020738822 0.21074964639321075 0.17239144523655217 0.21004243281471005 0.17271548930654568 0.33097595473833097 0.17239144523655217 0.3316831683168317
0 0.4510693454309786 0.5113154172560113 0.33441348023331174 0.5113154172560113 0.3340894361633182 0.24045261669024046 0.43421905379131565 0.23974540311173975 0.4345430978613091 0.27015558698727016 0.4510693454309786 0.2708628005657709 0.45139338950097213 0.5106082036775106 0.4510693454309786 0.5113154172560113
0 0.6351263771872975 0.8847241867043847 0.5780946208684381 0.8847241867043847 0.5777705767984446 0.7779349363507779 0.5729099157485418 0.7772277227722773 0.5725858716785482 0.884016973125884 0.5392093324692158 0.8847241867043847 0.5388852883992223 0.7779349363507779 0.5035644847699287 0.7772277227722773 0.5032404406999352 0.5728429985855729 0.45690213869086194 0.5721357850070722 0.45657809462086846 0.4186704384724187 0.48217757615035645 0.41796322489391796 0.48250162022035 0.4115983026874116 0.5165262475696695 0.41089108910891087 0.516850291639663 0.41725601131541723 0.5722618276085548 0.41796322489391796 0.5725858716785482 0.6492220650636492 0.577446532728451 0.6499292786421499 0.5777705767984446 0.5827439886845828 0.6351263771872975 0.582036775106082 0.635450421257291 0.884016973125884 0.6351263771872975 0.8847241867043847
0 0.9040829552819183 0.7333804809052333 0.8360337005832793 0.7333804809052333 0.8357096565132858 0.5176803394625177 0.7686325340246274 0.516973125884017 0.7683084899546339 0.43847241867043846 0.9040829552819183 0.4377652050919378 0.9044069993519118 0.7326732673267327 0.9040829552819183 0.7333804809052333
0 0.24303305249513935 0.6216407355021216 0.21062864549578741 0.6216407355021216 0.2103046014257939 0.4639321074964639 0.24303305249513935 0.46322489391796323 0.24335709656513285 0.620933521923621 0.24303305249513935 0.6216407355021216
0 0.20285158781594298 0.7220650636492221 0.1782242384964355 0.7220650636492221 0.177900194426442 0.46534653465346537 0.20285158781594298 0.46463932107496464 0.2031756318859365 0.7213578500707214 0.20285158781594298 0.7220650636492221
0 0.4510693454309786 0.7291371994342292 0.33441348023331174 0.7291371994342292 0.3340894361633182 0.5162659123055162 0.4510693454309786 0.5155586987270155 0.45139338950097213 0.7284299858557284 0.4510693454309786 0.7291371994342292
0 0.830848995463383 0.7333804809052333 0.7686325340246274 0.7333804809052333 0.7683084899546339 0.5233380480905233 0.830848995463383 0.5226308345120226 0.8311730395333765 0.7326732673267327 0.830848995463383 0.7333804809052333
0 0.49773169151004537 0.7291371994342292 0.45690213869086194 0.7291371994342292 0.45657809462086846 0.5827439886845828 0.49773169151004537 0.582036775106082 0.4980557355800389 0.7284299858557284 0.49773169151004537 0.7291371994342292
0 0.7634478289047311 0.7333804809052333 0.6662346079066753 0.7333804809052333 0.6659105638366818 0.5827439886845828 0.7634478289047311 0.582036775106082 0.7637718729747246 0.7326732673267327 0.7634478289047311 0.7333804809052333
0 0.5333765392093325 0.8847241867043847 0.5035644847699287 0.8847241867043847 0.5032404406999352 0.7878359264497878 0.5333765392093325 0.7871287128712872 0.533700583279326 0.884016973125884 0.5333765392093325 0.8847241867043847