0 0.3720682302771855 0.31149193548387094 0.30597014925373134 0.31149193548387094 0.3054371002132196 0.20766129032258066 0.3720682302771855 0.20665322580645162 0.3726012793176972 0.31048387096774194 0.3720682302771855 0.31149193548387094
0 0.4488272921108742 0.31149193548387094 0.3784648187633262 0.31149193548387094 0.3779317697228145 0.20766129032258066 0.4488272921108742 0.20665322580645162 0.4493603411513859 0.31048387096774194 0.4488272921108742 0.31149193548387094
0 0.6226012793176973 0.4405241935483871 0.4541577825159915 0.4405241935483871 0.45362473347547977 0.20766129032258066 0.6226012793176973 0.20665322580645162 0.6231343283582089 0.43951612903225806 0.6226012793176973 0.4405241935483871
0 0.22921108742004265 0.5030241935483871 0.08315565031982942 0.5030241935483871 0.0826226012793177 0.3064516129032258 0.22921108742004265 0.30544354838709675 0.22974413646055436 0.5020161290322581 0.22921108742004265 0.5030241935483871
0 0.3752665245202559 0.8538306451612904 0.2345415778251599 0.8538306451612904 0.2340085287846482 0.3064516129032258 0.3006396588486141 0.30544354838709675 0.3011727078891258 0.46774193548387094 0.3752665245202559 0.46875 0.3757995735607676 0.8528225806451613 0.3752665245202559 0.8538306451612904
0 0.3720682302771855 0.4586693548387097 0.30597014925373134 0.4586693548387097 0.3054371002132196 0.32056451612903225 0.3720682302771855 0.31955645161290325 0.3726012793176972 0.4576612903225806 0.3720682302771855 0.4586693548387097
0 0.4488272921108742 0.4586693548387097 0.3784648187633262 0.4586693548387097 0.3779317697228145 0.32056451612903225 0.4488272921108742 0.31955645161290325 0.4493603411513859 0.4576612903225806 0.4488272921108742 0.4586693548387097
0 0.7953091684434968 0.5272177419354839 0.6300639658848614 0.5272177419354839 0.6295309168443497 0.34475806451612906 0.7953091684434968 0.34375 0.7958422174840085 0.5262096774193549 0.7953091684434968 0.5272177419354839
0 0.9211087420042644 0.7167338709677419 0.802771855010661 0.7167338709677419 0.8022388059701493 0.34475806451612906 0.9211087420042644 0.34375 0.9216417910447762 0.7157258064516129 0.9211087420042644 0.7167338709677419
0 0.5085287846481876 0.8538306451612904 0.3763326226012793 0.8538306451612904 0.3757995735607676 0.46975806451612906 0.39872068230277186 0.46875 0.39925373134328357 0.4838709677419355 0.4466950959488273 0.4848790322580645 0.447228144989339 0.46975806451612906 0.453091684434968 0.46875 0.45362473347547977 0.4495967741935484 0.509594882729211 0.4485887096774194 0.5101279317697228 0.592741935483871 0.5090618336886994 0.594758064516129 0.5090618336886994 0.8528225806451613 0.5085287846481876 0.8538306451612904
0 0.6226012793176973 0.6804435483870968 0.5127931769722814 0.6804435483870968 0.5122601279317697 0.594758064516129 0.5101279317697228 0.592741935483871 0.5101279317697228 0.4495967741935484 0.6226012793176973 0.4485887096774194 0.6231343283582089 0.6794354838709677 0.6226012793176973 0.6804435483870968
0 0.22921108742004265 0.6381048387096774 0.08315565031982942 0.6381048387096774 0.0826226012793177 0.5120967741935484 0.22921108742004265 0.5110887096774194 0.22974413646055436 0.6370967741935484 0.22921108742004265 0.6381048387096774
0 0.7953091684434968 0.7167338709677419 0.732409381663113 0.7167338709677419 0.7318763326226013 0.5403225806451613 0.7953091684434968 0.5393145161290323 0.7958422174840085 0.7157258064516129 0.7953091684434968 0.7167338709677419
0 0.22921108742004265 0.8538306451612904 0.08315565031982942 0.8538306451612904 0.0826226012793177 0.6471774193548387 0.22921108742004265 0.6461693548387096 0.22974413646055436 0.8528225806451613 0.22921108742004265 0.8538306451612904
0 0.5692963752665245 0.7752016129032258 0.5127931769722814 0.7752016129032258 0.5122601279317697 0.6875 0.5692963752665245 0.686491935483871 0.5698294243070362 0.7741935483870968 0.5692963752665245 0.7752016129032258
0 0.6226012793176973 0.8538306451612904 0.5735607675906184 0.8538306451612904 0.5730277185501066 0.6875 0.6226012793176973 0.686491935483871 0.6231343283582089 0.8528225806451613 0.6226012793176973 0.8538306451612904
0 0.5692963752665245 0.8538306451612904 0.5127931769722814 0.8538306451612904 0.5122601279317697 0.782258064516129 0.5692963752665245 0.78125 0.5698294243070362 0.8528225806451613 0.5692963752665245 0.8538306451612904