0 0.18664383561643835 0.4661563255439162 0.04223744292237443 0.4661563255439162 0.04195205479452055 0.1982272360999194 0.18664383561643835 0.19782433521353748 0.18692922374429224 0.4657534246575342 0.18664383561643835 0.4661563255439162
0 0.3658675799086758 0.4661563255439162 0.19121004566210045 0.4661563255439162 0.1909246575342466 0.1982272360999194 0.3658675799086758 0.19782433521353748 0.3661529680365297 0.4657534246575342 0.3658675799086758 0.4661563255439162
0 0.6569634703196348 0.5209508460918614 0.3704337899543379 0.5209508460918614 0.370148401826484 0.1982272360999194 0.6569634703196348 0.19782433521353748 0.6572488584474886 0.5205479452054794 0.6569634703196348 0.5209508460918614
0 0.8230593607305936 0.4460112812248187 0.6615296803652968 0.4460112812248187 0.661244292237443 0.1982272360999194 0.841324200913242 0.19782433521353748 0.8416095890410958 0.41982272360999195 0.8236301369863014 0.4202256244963739 0.8233447488584474 0.44560838033843675 0.8230593607305936 0.4460112812248187
0 0.7534246575342466 0.7884770346494763 0.6615296803652968 0.7884770346494763 0.661244292237443 0.4520547945205479 0.7534246575342466 0.45165189363416597 0.7537100456621004 0.7880741337630943 0.7534246575342466 0.7884770346494763
0 0.841324200913242 0.5531829170024174 0.7579908675799086 0.5531829170024174 0.7577054794520548 0.4520547945205479 0.841324200913242 0.45165189363416597 0.8416095890410958 0.5527800161160354 0.841324200913242 0.5531829170024174
0 0.12899543378995434 0.58058017727639 0.04223744292237443 0.58058017727639 0.04195205479452055 0.47300564061240935 0.12899543378995434 0.4726027397260274 0.1292808219178082 0.580177276390008 0.12899543378995434 0.58058017727639
0 0.4571917808219178 0.693392425463336 0.3453196347031963 0.693392425463336 0.3450342465753425 0.6535052377115229 0.3438926940639269 0.6518936341659952 0.3436073059360731 0.6506849315068494 0.3427511415525114 0.6502820306204674 0.3427511415525114 0.6486704270749396 0.3410388127853881 0.6462530217566479 0.3404680365296804 0.6446414182111201 0.3393264840182648 0.6422240128928284 0.339041095890411 0.6410153102336825 0.3381849315068493 0.6406124093473006 0.3381849315068493 0.6390008058017728 0.336472602739726 0.636583400483481 0.336472602739726 0.6349717969379532 0.3353310502283105 0.6341659951651893 0.334189497716895 0.6317485898468976 0.3336187214611872 0.6301369863013698 0.3333333333333333 0.628928283642224 0.3324771689497717 0.628525382755842 0.3319063926940639 0.6269137792103142 0.3307648401826484 0.6244963738920226 0.3296232876712329 0.6220789685737309 0.3290525114155251 0.6204673650282031 0.3287671232876712 0.6192586623690572 0.3279109589041096 0.6188557614826753 0.3267694063926941 0.6164383561643836 0.3256278538812785 0.6140209508460919 0.3250570776255708 0.6124093473005641 0.3233447488584475 0.6091861402095085 0.3233447488584475 0.6075745366639806 0.322203196347032 0.6067687348912167 0.3210616438356164 0.604351329572925 0.3204908675799087 0.6027397260273972 0.3202054794520548 0.6015310233682514 0.3193493150684932 0.6011281224818694 0.3187785388127854 0.5995165189363416 0.3170662100456621 0.5962933118452861 0.3164954337899543 0.5946817082997583 0.3147831050228311 0.5914585012087027 0.3147831050228311 0.5898468976631749 0.3125 0.5866236905721193 0.3119292237442922 0.5850120870265915 0.3102168949771689 0.5817888799355359 0.3099315068493151 0.58058017727639 0.13470319634703196 0.58058017727639 0.1344178082191781 0.47300564061240935 0.3658675799086758 0.4726027397260274 0.3661529680365297 0.5197421434327155 0.3698630136986301 0.5201450443190975 0.3704337899543379 0.5209508460918614 0.4571917808219178 0.5209508460918614 0.4574771689497717 0.6929895245769541 0.4571917808219178 0.693392425463336
0 0.6569634703196348 0.7884770346494763 0.4623287671232877 0.7884770346494763 0.4620433789954338 0.5269943593875906 0.6569634703196348 0.5265914585012087 0.6572488584474886 0.7880741337630943 0.6569634703196348 0.7884770346494763
0 0.841324200913242 0.678082191780822 0.7579908675799086 0.678082191780822 0.7577054794520548 0.5592264302981467 0.841324200913242 0.5588235294117647 0.8416095890410958 0.67767929089444 0.841324200913242 0.678082191780822
0 0.18664383561643835 0.7884770346494763 0.04223744292237443 0.7884770346494763 0.04195205479452055 0.5866236905721193 0.18664383561643835 0.5862207896857373 0.18692922374429224 0.7880741337630943 0.18664383561643835 0.7884770346494763
0 0.3401826484018265 0.7884770346494763 0.19121004566210045 0.7884770346494763 0.1909246575342466 0.5866236905721193 0.3070776255707763 0.5862207896857373 0.3079337899543379 0.5882352941176471 0.3090753424657534 0.5906526994359388 0.3093607305936073 0.5918614020950846 0.3102168949771689 0.5922643029814666 0.3102168949771689 0.5938759065269944 0.3119292237442922 0.5962933118452861 0.3130707762557078 0.5987107171635777 0.3147831050228311 0.6019339242546333 0.3147831050228311 0.6035455278001611 0.3159246575342466 0.604351329572925 0.3164954337899543 0.6059629331184528 0.3176369863013699 0.6083803384367445 0.3187785388127854 0.6107977437550363 0.3210616438356164 0.6148267526188558 0.3210616438356164 0.6164383561643836 0.3233447488584475 0.6196615632554392 0.3239155251141553 0.621273166800967 0.3242009132420091 0.6224818694601129 0.3250570776255708 0.6228847703464948 0.3256278538812785 0.6244963738920226 0.3267694063926941 0.6269137792103142 0.3273401826484018 0.628525382755842 0.3284817351598174 0.6309427880741337 0.3287671232876712 0.6321514907332796 0.3296232876712329 0.6325543916196615 0.3296232876712329 0.6341659951651893 0.3307648401826484 0.6349717969379532 0.3319063926940639 0.637389202256245 0.3324771689497717 0.6390008058017728 0.334189497716895 0.6422240128928284 0.334189497716895 0.6438356164383562 0.3359018264840183 0.645447219983884 0.336472602739726 0.6470588235294118 0.3376141552511416 0.6494762288477035 0.3381849315068493 0.6510878323932313 0.3404680365296804 0.6551168412570507 0.3404680365296804 0.7880741337630943 0.3401826484018265 0.7884770346494763
0 0.841324200913242 0.7884770346494763 0.7579908675799086 0.7884770346494763 0.7577054794520548 0.684931506849315 0.841324200913242 0.6845286059629331 0.8416095890410958 0.7880741337630943 0.841324200913242 0.7884770346494763
0 0.4012557077625571 0.7884770346494763 0.3453196347031963 0.7884770346494763 0.3450342465753425 0.6994359387590653 0.4012557077625571 0.6990330378726833 0.401541095890411 0.7880741337630943 0.4012557077625571 0.7884770346494763
0 0.4571917808219178 0.7884770346494763 0.4075342465753425 0.7884770346494763 0.4072488584474886 0.6994359387590653 0.4571917808219178 0.6990330378726833 0.4574771689497717 0.7880741337630943 0.4571917808219178 0.7884770346494763
0 0.4035388127853881 0.9383561643835616 0.3127853881278539 0.9383561643835616 0.3125 0.8009669621273167 0.4035388127853881 0.8005640612409347 0.403824200913242 0.9379532634971797 0.4035388127853881 0.9383561643835616