0 0.8210526315789474 0.4730250481695568 0.656140350877193 0.4730250481695568 0.6640350877192982 0.4624277456647399 0.6692982456140351 0.45472061657032753 0.6692982456140351 0.3815028901734104 0.6657894736842105 0.37764932562620424 0.6464912280701754 0.35452793834296725 0.625438596491228 0.32947976878612717 0.6149122807017544 0.3159922928709056 0.6149122807017544 0.25626204238921 0.6166666666666667 0.2543352601156069 0.6175438596491228 0.2514450867052023 0.6289473684210526 0.24084778420038536 0.6298245614035087 0.23795761078998073 0.6631578947368421 0.20327552986512523 0.7771929824561403 0.20327552986512523 0.793859649122807 0.22157996146435452 0.7982456140350878 0.22832369942196531 0.8008771929824562 0.22928709055876687 0.8236842105263158 0.25626204238921 0.8236842105263158 0.35260115606936415 0.8219298245614035 0.35452793834296725 0.8219298245614035 0.4720616570327553 0.8210526315789474 0.4730250481695568
0 0.6526315789473685 0.4614643545279383 0.5508771929824562 0.4614643545279383 0.55 0.3815028901734104 0.5631578947368421 0.3670520231213873 0.5894736842105263 0.3400770712909441 0.5921052631578947 0.33911368015414256 0.5929824561403508 0.33622350674373797 0.5956140350877193 0.3352601156069364 0.5964912280701754 0.33236994219653176 0.6105263157894737 0.31888246628131023 0.6271929824561403 0.3371868978805395 0.6464912280701754 0.3603082851637765 0.6657894736842105 0.3834296724470135 0.6657894736842105 0.44315992292870904 0.6640350877192982 0.44508670520231214 0.6552631578947369 0.45664739884393063 0.6526315789473685 0.4614643545279383
0 0.8210526315789474 0.6329479768786127 0.5649122807017544 0.6329479768786127 0.5640350877192982 0.47591522157996147 0.6526315789473685 0.4749518304431599 0.6543859649122807 0.4730250481695568 0.8210526315789474 0.4730250481695568 0.8219298245614035 0.6319845857418112 0.8210526315789474 0.6329479768786127
0 0.2807017543859649 0.6252408477842004 0.24561403508771928 0.6252408477842004 0.24385964912280703 0.6233140655105973 0.1824561403508772 0.6233140655105973 0.18157894736842106 0.558766859344894 0.2929824561403509 0.5578034682080925 0.29385964912280704 0.47591522157996147 0.41228070175438597 0.4749518304431599 0.4131578947368421 0.5337186897880539 0.4114035087719298 0.535645472061657 0.4114035087719298 0.5568400770712909 0.3350877192982456 0.5578034682080925 0.33421052631578946 0.5645472061657033 0.34912280701754383 0.5655105973025049 0.35 0.6223506743737958 0.2824561403508772 0.6233140655105973 0.2807017543859649 0.6252408477842004
0 0.5596491228070175 0.6252408477842004 0.41754385964912283 0.6252408477842004 0.4166666666666667 0.535645472061657 0.4131578947368421 0.5337186897880539 0.4131578947368421 0.47591522157996147 0.5596491228070175 0.4749518304431599 0.5605263157894737 0.6242774566473989 0.5596491228070175 0.6252408477842004
0 0.9421052631578948 0.6271676300578035 0.8263157894736842 0.6271676300578035 0.8254385964912281 0.47591522157996147 0.9421052631578948 0.4749518304431599 0.9429824561403509 0.626204238921002 0.9421052631578948 0.6271676300578035
0 0.4105263157894737 0.6252408477842004 0.35789473684210527 0.6252408477842004 0.3570175438596491 0.5664739884393064 0.4105263157894737 0.5655105973025049 0.4114035087719298 0.6242774566473989 0.4105263157894737 0.6252408477842004
0 0.34912280701754383 0.8179190751445087 0.2912280701754386 0.8179190751445087 0.29035087719298247 0.7803468208092486 0.1824561403508772 0.779383429672447 0.18157894736842106 0.6319845857418112 0.24385964912280703 0.6310211946050096 0.24473684210526317 0.626204238921002 0.2807017543859649 0.6252408477842004 0.28157894736842104 0.630057803468208 0.34912280701754383 0.6310211946050096 0.35 0.8169556840077071 0.34912280701754383 0.8179190751445087
0 0.5 0.7369942196531792 0.43859649122807015 0.7369942196531792 0.4368421052631579 0.733140655105973 0.3631578947368421 0.733140655105973 0.362280701754386 0.6319845857418112 0.5596491228070175 0.6310211946050096 0.5605263157894737 0.7321772639691715 0.5017543859649123 0.733140655105973 0.5 0.7369942196531792
0 0.8210526315789474 0.708092485549133 0.6929824561403509 0.708092485549133 0.6912280701754386 0.7042389210019268 0.5649122807017544 0.7042389210019268 0.5640350877192982 0.6339113680154143 0.8210526315789474 0.6329479768786127 0.8219298245614035 0.7071290944123314 0.8210526315789474 0.708092485549133
0 0.9421052631578948 0.7658959537572254 0.8543859649122807 0.7658959537572254 0.8535087719298246 0.7090558766859345 0.8263157894736842 0.708092485549133 0.8254385964912281 0.6339113680154143 0.9421052631578948 0.6329479768786127 0.9429824561403509 0.7649325626204239 0.9421052631578948 0.7658959537572254
0 0.6912280701754386 0.8179190751445087 0.5649122807017544 0.8179190751445087 0.5640350877192982 0.7052023121387283 0.6912280701754386 0.7042389210019268 0.6921052631578948 0.7109826589595376 0.7140350877192982 0.7119460500963392 0.7149122807017544 0.7649325626204239 0.6929824561403509 0.7658959537572254 0.6921052631578948 0.8169556840077071 0.6912280701754386 0.8179190751445087
0 0.7894736842105263 0.7658959537572254 0.7192982456140351 0.7658959537572254 0.718421052631579 0.7129094412331407 0.7894736842105263 0.7119460500963392 0.7903508771929825 0.7649325626204239 0.7894736842105263 0.7658959537572254
0 0.8473684210526315 0.7658959537572254 0.7964912280701755 0.7658959537572254 0.7956140350877193 0.7129094412331407 0.8473684210526315 0.7119460500963392 0.8482456140350877 0.7649325626204239 0.8473684210526315 0.7658959537572254
0 0.5596491228070175 0.8179190751445087 0.43859649122807015 0.8179190751445087 0.437719298245614 0.7379576107899807 0.5596491228070175 0.7369942196531792 0.5605263157894737 0.8169556840077071 0.5596491228070175 0.8179190751445087
0 0.43157894736842106 0.8179190751445087 0.3631578947368421 0.8179190751445087 0.362280701754386 0.7398843930635838 0.43157894736842106 0.7389210019267822 0.4324561403508772 0.8169556840077071 0.43157894736842106 0.8179190751445087