0 0.6598101265822784 0.5284697508896797 0.5870253164556962 0.5284697508896797 0.5862341772151899 0.5207591933570581 0.47943037974683544 0.5201660735468565 0.4786392405063291 0.527876631079478 0.3575949367088608 0.5284697508896797 0.35680379746835444 0.5207591933570581 0.2389240506329114 0.5201660735468565 0.23813291139240506 0.5160142348754448 0.13291139240506328 0.5154211150652431 0.13212025316455697 0.4246737841043891 0.125 0.42408066429418745 0.12420886075949367 0.24673784104389088 0.6598101265822784 0.24614472123368922 0.6606012658227848 0.527876631079478 0.6598101265822784 0.5284697508896797
0 0.8892405063291139 0.5201660735468565 0.6677215189873418 0.5201660735468565 0.6669303797468354 0.24673784104389088 0.8892405063291139 0.24614472123368922 0.8900316455696202 0.5195729537366548 0.8892405063291139 0.5201660735468565
0 0.5348101265822784 0.702846975088968 0.5268987341772152 0.702846975088968 0.5261075949367089 0.5290628706998813 0.47943037974683544 0.5284697508896797 0.4786392405063291 0.5207591933570581 0.5854430379746836 0.5201660735468565 0.5862341772151899 0.527876631079478 0.5363924050632911 0.5284697508896797 0.5356012658227848 0.7022538552787663 0.5348101265822784 0.702846975088968
0 0.24208860759493672 0.6281138790035588 0.125 0.6281138790035588 0.12420886075949367 0.5290628706998813 0.24208860759493672 0.5284697508896797 0.24287974683544303 0.627520759193357 0.24208860759493672 0.6281138790035588
0 0.34651898734177217 0.6281138790035588 0.25158227848101267 0.6281138790035588 0.25079113924050633 0.5290628706998813 0.34651898734177217 0.5284697508896797 0.3473101265822785 0.627520759193357 0.34651898734177217 0.6281138790035588
0 0.5253164556962026 0.7882562277580071 0.3575949367088608 0.7882562277580071 0.35680379746835444 0.5290628706998813 0.5253164556962026 0.5284697508896797 0.5261075949367089 0.7876631079478055 0.5253164556962026 0.7882562277580071
0 0.7294303797468354 0.902135231316726 0.5348101265822784 0.902135231316726 0.5340189873417721 0.7888493475682088 0.5268987341772152 0.7882562277580071 0.5261075949367089 0.7034400948991696 0.5348101265822784 0.702846975088968 0.5356012658227848 0.5290628706998813 0.7294303797468354 0.5284697508896797 0.7302215189873418 0.9015421115065243 0.7294303797468354 0.902135231316726
0 0.8892405063291139 0.7740213523131673 0.7389240506329114 0.7740213523131673 0.7381329113924051 0.5290628706998813 0.8892405063291139 0.5284697508896797 0.8900316455696202 0.7734282325029656 0.8892405063291139 0.7740213523131673
0 0.34651898734177217 0.902135231316726 0.125 0.902135231316726 0.12420886075949367 0.6358244365361803 0.34651898734177217 0.6352313167259787 0.3473101265822785 0.9015421115065243 0.34651898734177217 0.902135231316726
0 0.8892405063291139 0.902135231316726 0.7389240506329114 0.902135231316726 0.7381329113924051 0.7793594306049823 0.8892405063291139 0.7787663107947805 0.8900316455696202 0.9015421115065243 0.8892405063291139 0.902135231316726
0 0.5237341772151899 0.902135231316726 0.3575949367088608 0.902135231316726 0.35680379746835444 0.797153024911032 0.5237341772151899 0.7965599051008304 0.5245253164556962 0.9015421115065243 0.5237341772151899 0.902135231316726