0 0.3550185873605948 0.45164609053497945 0.3048327137546468 0.45164609053497945 0.30390334572490707 0.4074074074074074 0.3550185873605948 0.4063786008230453 0.3559479553903346 0.4506172839506173 0.3550185873605948 0.45164609053497945
0 0.40148698884758366 0.45164609053497945 0.362453531598513 0.45164609053497945 0.36152416356877326 0.4074074074074074 0.40148698884758366 0.4063786008230453 0.4024163568773234 0.4506172839506173 0.40148698884758366 0.45164609053497945
0 0.44052044609665425 0.529835390946502 0.4070631970260223 0.529835390946502 0.40613382899628253 0.4074074074074074 0.5966542750929368 0.4063786008230453 0.5975836431226765 0.48559670781893005 0.46096654275092935 0.48662551440329216 0.45539033457249073 0.492798353909465 0.44144981412639406 0.5061728395061729 0.44144981412639406 0.5288065843621399 0.44052044609665425 0.529835390946502
0 0.8382899628252788 0.5751028806584362 0.6598513011152416 0.5751028806584362 0.6589219330855018 0.4403292181069959 0.8382899628252788 0.43930041152263377 0.8392193308550185 0.5740740740740741 0.8382899628252788 0.5751028806584362
0 0.9535315985130112 0.5751028806584362 0.845724907063197 0.5751028806584362 0.8447955390334573 0.5061728395061729 0.8401486988847584 0.5051440329218106 0.8392193308550185 0.4403292181069959 0.9535315985130112 0.43930041152263377 0.9544609665427509 0.5740740740740741 0.9535315985130112 0.5751028806584362
0 0.40148698884758366 0.5833333333333334 0.3048327137546468 0.5833333333333334 0.30390334572490707 0.4567901234567901 0.40148698884758366 0.455761316872428 0.4024163568773234 0.5823045267489712 0.40148698884758366 0.5833333333333334
0 0.5390334572490706 0.5833333333333334 0.44609665427509293 0.5833333333333334 0.4451672862453532 0.5061728395061729 0.4479553903345725 0.5030864197530864 0.4591078066914498 0.492798353909465 0.4628252788104089 0.49074074074074076 0.5390334572490706 0.49074074074074076 0.5399628252788105 0.5823045267489712 0.5390334572490706 0.5833333333333334
0 0.5966542750929368 0.5833333333333334 0.5427509293680297 0.5833333333333334 0.54182156133829 0.49176954732510286 0.5966542750929368 0.49074074074074076 0.5975836431226765 0.5823045267489712 0.5966542750929368 0.5833333333333334
0 0.44052044609665425 0.5833333333333334 0.4070631970260223 0.5833333333333334 0.40613382899628253 0.5370370370370371 0.44052044609665425 0.5360082304526749 0.44144981412639406 0.5823045267489712 0.44052044609665425 0.5833333333333334
0 0.7602230483271375 0.6162551440329218 0.6598513011152416 0.6162551440329218 0.6589219330855018 0.5843621399176955 0.7602230483271375 0.5833333333333334 0.7611524163568774 0.6152263374485597 0.7602230483271375 0.6162551440329218
0 0.9535315985130112 0.6594650205761317 0.7676579925650557 0.6594650205761317 0.766728624535316 0.5843621399176955 0.9535315985130112 0.5833333333333334 0.9544609665427509 0.6584362139917695 0.9535315985130112 0.6594650205761317
0 0.5966542750929368 0.6512345679012346 0.5 0.6512345679012346 0.49907063197026025 0.5967078189300411 0.5966542750929368 0.595679012345679 0.5975836431226765 0.6502057613168725 0.5966542750929368 0.6512345679012346
0 0.7602230483271375 0.7582304526748971 0.6598513011152416 0.7582304526748971 0.6589219330855018 0.6213991769547325 0.7602230483271375 0.6203703703703703 0.7611524163568774 0.757201646090535 0.7602230483271375 0.7582304526748971
0 0.604089219330855 0.8240740740740741 0.49256505576208176 0.8240740740740741 0.491635687732342 0.6604938271604939 0.604089219330855 0.6594650205761317 0.6050185873605948 0.823045267489712 0.604089219330855 0.8240740740740741
0 0.8029739776951673 0.7582304526748971 0.7676579925650557 0.7582304526748971 0.766728624535316 0.6646090534979424 0.8029739776951673 0.6635802469135802 0.8039033457249071 0.757201646090535 0.8029739776951673 0.7582304526748971
0 0.9535315985130112 0.7582304526748971 0.8104089219330854 0.7582304526748971 0.8094795539033457 0.6646090534979424 0.9535315985130112 0.6635802469135802 0.9544609665427509 0.757201646090535 0.9535315985130112 0.7582304526748971