0 0.4188034188034188 0.3244084682440847 0.08205128205128205 0.3244084682440847 0.0811965811965812 0.0660024906600249 0.4188034188034188 0.06537982565379825 0.41965811965811967 0.32378580323785805 0.4188034188034188 0.3244084682440847
0 0.6444444444444445 0.20112079701120797 0.6205128205128205 0.20112079701120797 0.6196581196581197 0.1793275217932752 0.42735042735042733 0.17870485678704856 0.4264957264957265 0.0660024906600249 0.6444444444444445 0.06537982565379825 0.6452991452991453 0.20049813200498132 0.6444444444444445 0.20112079701120797
0 0.9282051282051282 0.14009962640099627 0.652991452991453 0.14009962640099627 0.6521367521367522 0.0660024906600249 0.9282051282051282 0.06537982565379825 0.9290598290598291 0.13947696139476962 0.9282051282051282 0.14009962640099627
0 0.9282051282051282 0.3244084682440847 0.652991452991453 0.3244084682440847 0.6521367521367522 0.1444582814445828 0.9282051282051282 0.14383561643835616 0.9290598290598291 0.32378580323785805 0.9282051282051282 0.3244084682440847
0 0.48034188034188036 0.3792029887920299 0.42735042735042733 0.3792029887920299 0.4264957264957265 0.1843088418430884 0.5914529914529915 0.18368617683686178 0.5923076923076923 0.2054794520547945 0.6444444444444445 0.20610211706102116 0.6452991452991453 0.25280199252801994 0.48034188034188036 0.2534246575342466 0.4794871794871795 0.32254047322540474 0.4811965811965812 0.32378580323785805 0.4811965811965812 0.37858032378580325 0.48034188034188036 0.3792029887920299
0 0.6444444444444445 0.3244084682440847 0.4888888888888889 0.3244084682440847 0.488034188034188 0.2590286425902864 0.5692307692307692 0.25840597758405975 0.5700854700854701 0.2764632627646326 0.5726495726495726 0.2770859277708593 0.5735042735042735 0.2590286425902864 0.6444444444444445 0.25840597758405975 0.6452991452991453 0.32378580323785805 0.6444444444444445 0.3244084682440847
0 0.29743589743589743 0.5560398505603985 0.08547008547008547 0.5560398505603985 0.08461538461538462 0.44831880448318806 0.29743589743589743 0.4476961394769614 0.2982905982905983 0.5554171855541719 0.29743589743589743 0.5560398505603985
0 0.5128205128205128 0.6232876712328768 0.305982905982906 0.6232876712328768 0.30512820512820515 0.44831880448318806 0.5128205128205128 0.4476961394769614 0.5136752136752136 0.6226650062266501 0.5128205128205128 0.6232876712328768
0 0.9264957264957265 0.6457036114570361 0.6837606837606838 0.6457036114570361 0.6829059829059829 0.6400996264009963 0.6273504273504273 0.6394769613947696 0.6264957264957265 0.6077210460772104 0.6205128205128205 0.6070983810709838 0.6196581196581197 0.6164383561643836 0.5846153846153846 0.6170610211706102 0.5837606837606838 0.6288916562889165 0.5145299145299145 0.6295143212951432 0.5136752136752136 0.44831880448318806 0.9264957264957265 0.4476961394769614 0.9273504273504274 0.6450809464508095 0.9264957264957265 0.6457036114570361
0 0.19829059829059828 0.6668742216687422 0.08888888888888889 0.6668742216687422 0.08803418803418804 0.5616438356164384 0.19829059829059828 0.5610211706102117 0.19914529914529913 0.6662515566625156 0.19829059829059828 0.6668742216687422
0 0.29743589743589743 0.6232876712328768 0.20683760683760682 0.6232876712328768 0.20598290598290597 0.5616438356164384 0.29743589743589743 0.5610211706102117 0.2982905982905983 0.6226650062266501 0.29743589743589743 0.6232876712328768
0 0.41367521367521365 0.8212951432129514 0.20683760683760682 0.8212951432129514 0.20598290598290597 0.6301369863013698 0.41367521367521365 0.6295143212951432 0.41452991452991456 0.8206724782067247 0.41367521367521365 0.8212951432129514
0 0.5897435897435898 0.8212951432129514 0.4222222222222222 0.8212951432129514 0.42136752136752137 0.6301369863013698 0.582905982905983 0.6295143212951432 0.5837606837606838 0.6500622665006227 0.6820512820512821 0.6506849315068494 0.6829059829059829 0.7447073474470735 0.5914529914529915 0.7453300124533001 0.5905982905982906 0.8206724782067247 0.5897435897435898 0.8212951432129514
0 0.9264957264957265 0.8212951432129514 0.6905982905982906 0.8212951432129514 0.6897435897435897 0.651307596513076 0.9264957264957265 0.6506849315068494 0.9273504273504274 0.8206724782067247 0.9264957264957265 0.8212951432129514
0 0.19829059829059828 0.74906600249066 0.08547008547008547 0.74906600249066 0.08461538461538462 0.6724782067247821 0.19829059829059828 0.6718555417185554 0.19914529914529913 0.7484433374844334 0.19829059829059828 0.74906600249066
0 0.6820512820512821 0.8212951432129514 0.5982905982905983 0.8212951432129514 0.5974358974358974 0.7521793275217933 0.6820512820512821 0.7515566625155666 0.6829059829059829 0.8206724782067247 0.6820512820512821 0.8212951432129514
0 0.19829059829059828 0.8212951432129514 0.08547008547008547 0.8212951432129514 0.08461538461538462 0.7534246575342466 0.19829059829059828 0.7528019925280199 0.19914529914529913 0.8206724782067247 0.19829059829059828 0.8212951432129514