0 0.24791666666666667 0.535 0.095 0.535 0.09479166666666666 0.29428571428571426 0.24791666666666667 0.29404761904761906 0.248125 0.5347619047619048 0.24791666666666667 0.535
0 0.5495833333333333 0.6269047619047619 0.25625 0.6269047619047619 0.25604166666666667 0.29428571428571426 0.5495833333333333 0.29404761904761906 0.5497916666666667 0.6266666666666667 0.5495833333333333 0.6269047619047619
0 0.7441666666666666 0.6269047619047619 0.55 0.6269047619047619 0.5497916666666667 0.5676190476190476 0.55625 0.5673809523809524 0.5564583333333334 0.29428571428571426 0.7441666666666666 0.29404761904761906 0.744375 0.6266666666666667 0.7441666666666666 0.6269047619047619
0 0.8870833333333333 0.4369047619047619 0.75375 0.4369047619047619 0.7535416666666667 0.29428571428571426 0.8870833333333333 0.29404761904761906 0.8872916666666667 0.43666666666666665 0.8870833333333333 0.4369047619047619
0 0.8208333333333333 0.5145238095238095 0.75375 0.5145238095238095 0.7535416666666667 0.44952380952380955 0.8208333333333333 0.4492857142857143 0.8210416666666667 0.5142857142857142 0.8208333333333333 0.5145238095238095
0 0.8870833333333333 0.6230952380952381 0.75375 0.6230952380952381 0.7535416666666667 0.5238095238095238 0.82875 0.5235714285714286 0.8289583333333334 0.44952380952380955 0.8870833333333333 0.4492857142857143 0.8872916666666667 0.6228571428571429 0.8870833333333333 0.6230952380952381
0 0.24791666666666667 0.7816666666666666 0.095 0.7816666666666666 0.09479166666666666 0.5395238095238095 0.24791666666666667 0.5392857142857143 0.248125 0.7814285714285715 0.24791666666666667 0.7816666666666666
0 0.3075 0.7816666666666666 0.25625 0.7816666666666666 0.25604166666666667 0.6271428571428571 0.3625 0.6269047619047619 0.36270833333333335 0.6723809523809524 0.30791666666666667 0.6726190476190477 0.3077083333333333 0.7814285714285715 0.3075 0.7816666666666666
0 0.8870833333333333 0.8464285714285714 0.75375 0.8464285714285714 0.7535416666666667 0.6319047619047619 0.8870833333333333 0.6316666666666667 0.8872916666666667 0.8461904761904762 0.8870833333333333 0.8464285714285714
0 0.7441666666666666 0.8464285714285714 0.5991666666666666 0.8464285714285714 0.5989583333333334 0.6980952380952381 0.6233333333333333 0.6978571428571428 0.6235416666666667 0.6347619047619047 0.7441666666666666 0.6345238095238095 0.744375 0.8461904761904762 0.7441666666666666 0.8464285714285714
0 0.48333333333333334 0.7816666666666666 0.37125 0.7816666666666666 0.37104166666666666 0.6366666666666667 0.4845833333333333 0.6364285714285715 0.4845833333333333 0.6369047619047619 0.4839583333333333 0.6371428571428571 0.4839583333333333 0.7076190476190476 0.48354166666666665 0.7080952380952381 0.48354166666666665 0.7814285714285715 0.48333333333333334 0.7816666666666666
0 0.5883333333333334 0.7792857142857142 0.49166666666666664 0.7792857142857142 0.491875 0.7080952380952381 0.4922916666666667 0.7076190476190476 0.4922916666666667 0.6366666666666667 0.5908333333333333 0.6364285714285715 0.5910416666666667 0.6852380952380952 0.55875 0.6854761904761905 0.5585416666666667 0.6928571428571428 0.5908333333333333 0.6930952380952381 0.5910416666666667 0.6980952380952381 0.58875 0.6983333333333334 0.5885416666666666 0.7790476190476191 0.5883333333333334 0.7792857142857142
0 0.3625 0.7816666666666666 0.3145833333333333 0.7816666666666666 0.314375 0.6823809523809524 0.3625 0.6821428571428572 0.36270833333333335 0.7814285714285715 0.3625 0.7816666666666666