0 0.7520435967302452 0.19932432432432431 0.03678474114441417 0.19932432432432431 0.036103542234332424 0.06306306306306306 0.7520435967302452 0.061936936936936936 0.752724795640327 0.1981981981981982 0.7520435967302452 0.19932432432432431
0 0.2220708446866485 0.42905405405405406 0.03678474114441417 0.42905405405405406 0.036103542234332424 0.20945945945945946 0.2220708446866485 0.20833333333333334 0.22275204359673023 0.42792792792792794 0.2220708446866485 0.42905405405405406
0 0.46321525885558584 0.48761261261261263 0.36648501362397823 0.48761261261261263 0.36580381471389645 0.4774774774774775 0.23024523160762944 0.47635135135135137 0.2295640326975477 0.20945945945945946 0.46321525885558584 0.20833333333333334 0.46389645776566757 0.4864864864864865 0.46321525885558584 0.48761261261261263
0 0.6321525885558583 0.46959459459459457 0.4713896457765668 0.46959459459459457 0.470708446866485 0.20945945945945946 0.5967302452316077 0.20833333333333334 0.5974114441416893 0.4144144144144144 0.6321525885558583 0.4155405405405405 0.6328337874659401 0.46846846846846846 0.6321525885558583 0.46959459459459457
0 0.6811989100817438 0.393018018018018 0.6062670299727521 0.393018018018018 0.6055858310626703 0.20945945945945946 0.6811989100817438 0.20833333333333334 0.6818801089918256 0.3918918918918919 0.6811989100817438 0.393018018018018
0 0.7520435967302452 0.393018018018018 0.6880108991825613 0.393018018018018 0.6873297002724795 0.20945945945945946 0.7520435967302452 0.20833333333333334 0.752724795640327 0.3918918918918919 0.7520435967302452 0.393018018018018
0 0.9400544959128065 0.5011261261261262 0.885558583106267 0.5011261261261262 0.8841961852861036 0.4988738738738739 0.829700272479564 0.4988738738738739 0.8290190735694822 0.20945945945945946 0.9400544959128065 0.20833333333333334 0.9407356948228883 0.5 0.9400544959128065 0.5011261261261262
0 0.7520435967302452 0.49436936936936937 0.670299727520436 0.49436936936936937 0.6696185286103542 0.46846846846846846 0.6880108991825613 0.46734234234234234 0.6886920980926431 0.4166666666666667 0.7520435967302452 0.4155405405405405 0.752724795640327 0.49324324324324326 0.7520435967302452 0.49436936936936937
0 0.164850136239782 0.6925675675675675 0.03814713896457766 0.6925675675675675 0.03746594005449591 0.44144144144144143 0.164850136239782 0.4403153153153153 0.16553133514986376 0.6914414414414415 0.164850136239782 0.6925675675675675
0 0.30381471389645776 0.6069819819819819 0.17438692098092642 0.6069819819819819 0.1737057220708447 0.44144144144144143 0.2220708446866485 0.4403153153153153 0.22275204359673023 0.4864864864864865 0.3106267029972752 0.48761261261261263 0.31130790190735697 0.5788288288288288 0.30517711171662126 0.579954954954955 0.30449591280653954 0.6058558558558559 0.30381471389645776 0.6069819819819819
0 0.4264305177111717 0.7038288288288288 0.3119891008174387 0.7038288288288288 0.31130790190735697 0.48873873873873874 0.47002724795640327 0.48761261261261263 0.470708446866485 0.47072072072072074 0.5136239782016349 0.46959459459459457 0.5143051771117166 0.5878378378378378 0.42779291553133514 0.588963963963964 0.4271117166212534 0.7027027027027027 0.4264305177111717 0.7038288288288288
0 0.5980926430517711 0.588963963963964 0.5217983651226158 0.588963963963964 0.521117166212534 0.481981981981982 0.5980926430517711 0.48085585585585583 0.5987738419618529 0.5878378378378378 0.5980926430517711 0.588963963963964
0 0.7520435967302452 0.8502252252252253 0.6130790190735694 0.8502252252252253 0.6123978201634878 0.5045045045045045 0.7520435967302452 0.5033783783783784 0.752724795640327 0.8490990990990991 0.7520435967302452 0.8502252252252253
0 0.5980926430517711 0.8502252252252253 0.43460490463215257 0.8502252252252253 0.43392370572207084 0.6013513513513513 0.5980926430517711 0.6002252252252253 0.5987738419618529 0.8490990990990991 0.5980926430517711 0.8502252252252253
0 0.30381471389645776 0.8502252252252253 0.17302452316076294 0.8502252252252253 0.1723433242506812 0.6171171171171171 0.30381471389645776 0.615990990990991 0.30449591280653954 0.8490990990990991 0.30381471389645776 0.8502252252252253
0 0.10354223433242507 0.8502252252252253 0.03814713896457766 0.8502252252252253 0.03746594005449591 0.704954954954955 0.10354223433242507 0.7038288288288288 0.10422343324250681 0.8490990990990991 0.10354223433242507 0.8502252252252253
0 0.164850136239782 0.8502252252252253 0.11171662125340599 0.8502252252252253 0.11103542234332425 0.704954954954955 0.164850136239782 0.7038288288288288 0.16553133514986376 0.8490990990990991 0.164850136239782 0.8502252252252253
0 0.36648501362397823 0.8074324324324325 0.3119891008174387 0.8074324324324325 0.31130790190735697 0.7162162162162162 0.36648501362397823 0.7150900900900901 0.36716621253405995 0.8063063063063063 0.36648501362397823 0.8074324324324325
0 0.4264305177111717 0.8074324324324325 0.3746594005449591 0.8074324324324325 0.3739782016348774 0.7162162162162162 0.4264305177111717 0.7150900900900901 0.4271117166212534 0.8063063063063063 0.4264305177111717 0.8074324324324325