0 0.23206106870229007 0.3450502152080344 0.08549618320610687 0.3450502152080344 0.08473282442748091 0.20946915351506457 0.18778625954198475 0.20875179340028693 0.18854961832061068 0.04878048780487805 0.39541984732824426 0.04806312769010043 0.39618320610687024 0.15925394548063126 0.28091603053435116 0.1599713055954089 0.28015267175572517 0.19799139167862267 0.233587786259542 0.19870875179340028 0.23282442748091603 0.34433285509325684 0.23206106870229007 0.3450502152080344
0 0.5343511450381679 0.15710186513629842 0.4030534351145038 0.15710186513629842 0.4022900763358779 0.04878048780487805 0.5343511450381679 0.04806312769010043 0.5351145038167939 0.1563845050215208 0.5343511450381679 0.15710186513629842
0 0.39541984732824426 0.3450502152080344 0.3251908396946565 0.3450502152080344 0.3244274809160305 0.1606886657101865 0.39541984732824426 0.1599713055954089 0.39618320610687024 0.34433285509325684 0.39541984732824426 0.3450502152080344
0 0.4732824427480916 0.2187948350071736 0.4030534351145038 0.2187948350071736 0.4022900763358779 0.16355810616929697 0.4732824427480916 0.16284074605451937 0.47404580152671755 0.21807747489239598 0.4732824427480916 0.2187948350071736
0 0.5343511450381679 0.2187948350071736 0.47938931297709925 0.2187948350071736 0.47862595419847326 0.1649928263988522 0.48091603053435117 0.16284074605451937 0.5343511450381679 0.16284074605451937 0.5351145038167939 0.21807747489239598 0.5343511450381679 0.2187948350071736
0 0.31755725190839695 0.3450502152080344 0.2366412213740458 0.3450502152080344 0.23587786259541985 0.32568149210903874 0.23282442748091603 0.3242467718794835 0.23282442748091603 0.22381635581061693 0.23587786259541985 0.2223816355810617 0.23587786259541985 0.20373027259684362 0.31755725190839695 0.203012912482066 0.3183206106870229 0.34433285509325684 0.31755725190839695 0.3450502152080344
0 0.5343511450381679 0.3450502152080344 0.4030534351145038 0.3450502152080344 0.4022900763358779 0.22525107604017217 0.5343511450381679 0.22453371592539456 0.5351145038167939 0.34433285509325684 0.5343511450381679 0.3450502152080344
0 0.732824427480916 0.8142037302725968 0.5389312977099237 0.8142037302725968 0.5381679389312977 0.4921090387374462 0.6198473282442748 0.4913916786226686 0.6206106870229008 0.5968436154949784 0.732824427480916 0.5975609756097561 0.733587786259542 0.8134863701578192 0.732824427480916 0.8142037302725968
0 0.6763358778625954 0.5860832137733142 0.6335877862595419 0.5860832137733142 0.632824427480916 0.503586800573888 0.6763358778625954 0.5028694404591105 0.6770992366412214 0.5853658536585366 0.6763358778625954 0.5860832137733142
0 0.8656488549618321 0.5860832137733142 0.6824427480916031 0.5860832137733142 0.6816793893129771 0.503586800573888 0.8656488549618321 0.5028694404591105 0.8664122137404581 0.5853658536585366 0.8656488549618321 0.5860832137733142
0 0.20610687022900764 0.6291248206599713 0.18473282442748093 0.6291248206599713 0.18396946564885497 0.5882352941176471 0.20610687022900764 0.5875179340028694 0.20687022900763358 0.6284074605451937 0.20610687022900764 0.6291248206599713
0 0.2687022900763359 0.6291248206599713 0.21221374045801528 0.6291248206599713 0.21145038167938932 0.5882352941176471 0.2687022900763359 0.5875179340028694 0.2694656488549618 0.6284074605451937 0.2687022900763359 0.6291248206599713
0 0.38625954198473283 0.8816355810616929 0.31603053435114503 0.8816355810616929 0.3152671755725191 0.7360114777618364 0.300763358778626 0.7352941176470589 0.3 0.7230989956958394 0.2732824427480916 0.7223816355810617 0.27251908396946567 0.5882352941176471 0.38778625954198476 0.5875179340028694 0.3885496183206107 0.7345767575322812 0.38702290076335877 0.7360114777618364 0.38702290076335877 0.8809182209469153 0.38625954198473283 0.8816355810616929
0 0.5221374045801527 0.6922525107604017 0.3938931297709924 0.6922525107604017 0.3931297709923664 0.5882352941176471 0.5221374045801527 0.5875179340028694 0.5229007633587787 0.6915351506456241 0.5221374045801527 0.6922525107604017
0 0.8656488549618321 0.802725968436155 0.7465648854961832 0.802725968436155 0.7458015267175573 0.5911047345767575 0.8656488549618321 0.5903873744619799 0.8664122137404581 0.8020086083213773 0.8656488549618321 0.802725968436155
0 0.2687022900763359 0.6893830703012912 0.18473282442748093 0.6893830703012912 0.18396946564885497 0.6341463414634146 0.2687022900763359 0.633428981348637 0.2694656488549618 0.6886657101865137 0.2687022900763359 0.6893830703012912
0 0.2687022900763359 0.7625538020086083 0.18473282442748093 0.7625538020086083 0.18396946564885497 0.6958393113342898 0.2687022900763359 0.6951219512195121 0.2694656488549618 0.7618364418938307 0.2687022900763359 0.7625538020086083
0 0.45648854961832064 0.7553802008608321 0.3938931297709924 0.7553802008608321 0.3931297709923664 0.7360114777618364 0.3893129770992366 0.7352941176470589 0.3885496183206107 0.697274031563845 0.5221374045801527 0.6965566714490674 0.5229007633587787 0.7345767575322812 0.4580152671755725 0.7352941176470589 0.45725190839694657 0.7546628407460545 0.45648854961832064 0.7553802008608321
0 0.3099236641221374 0.8816355810616929 0.07938931297709924 0.8816355810616929 0.07862595419847328 0.7474892395982783 0.17557251908396945 0.7467718794835008 0.1763358778625954 0.7704447632711621 0.2717557251908397 0.7711621233859397 0.27251908396946567 0.7417503586800573 0.3099236641221374 0.7410329985652798 0.31068702290076333 0.8809182209469153 0.3099236641221374 0.8816355810616929
0 0.5221374045801527 0.8816355810616929 0.46259541984732827 0.8816355810616929 0.4618320610687023 0.7417503586800573 0.5221374045801527 0.7410329985652798 0.5229007633587787 0.8809182209469153 0.5221374045801527 0.8816355810616929
0 0.45648854961832064 0.802725968436155 0.3938931297709924 0.802725968436155 0.3931297709923664 0.7604017216642754 0.45648854961832064 0.7596843615494978 0.45725190839694657 0.8020086083213773 0.45648854961832064 0.802725968436155
0 0.45648854961832064 0.8816355810616929 0.3938931297709924 0.8816355810616929 0.3931297709923664 0.8077474892395983 0.45648854961832064 0.8070301291248206 0.45725190839694657 0.8809182209469153 0.45648854961832064 0.8816355810616929