0 0.38190954773869346 0.2743119266055046 0.28391959798994976 0.2743119266055046 0.2832914572864322 0.22935779816513763 0.17964824120603015 0.22844036697247708 0.17902010050251257 0.10091743119266056 0.38190954773869346 0.1 0.38253768844221103 0.27339449541284405 0.38190954773869346 0.2743119266055046
0 0.4120603015075377 0.38623853211009174 0.38944723618090454 0.38623853211009174 0.3888190954773869 0.10091743119266056 0.6419597989949749 0.1 0.6425879396984925 0.3688073394495413 0.6451005025125628 0.3706422018348624 0.6451005025125628 0.3834862385321101 0.41331658291457285 0.38440366972477064 0.4120603015075377 0.38623853211009174
0 0.7349246231155779 0.23577981651376148 0.6482412060301508 0.23577981651376148 0.6476130653266332 0.10091743119266056 0.7349246231155779 0.1 0.7355527638190955 0.23486238532110093 0.7349246231155779 0.23577981651376148
0 0.9095477386934674 0.40642201834862385 0.8052763819095478 0.40642201834862385 0.8046482412060302 0.3614678899082569 0.7412060301507538 0.3605504587155963 0.7405778894472361 0.10091743119266056 0.9095477386934674 0.1 0.910175879396985 0.4055045871559633 0.9095477386934674 0.40642201834862385
0 0.2776381909547739 0.44128440366972477 0.17964824120603015 0.44128440366972477 0.17902010050251257 0.23486238532110093 0.2776381909547739 0.23394495412844038 0.27826633165829145 0.44036697247706424 0.2776381909547739 0.44128440366972477
0 0.7349246231155779 0.3605504587155963 0.6482412060301508 0.3605504587155963 0.6476130653266332 0.24403669724770644 0.7349246231155779 0.24311926605504589 0.7355527638190955 0.3596330275229358 0.7349246231155779 0.3605504587155963
0 0.38190954773869346 0.44128440366972477 0.28391959798994976 0.44128440366972477 0.2832914572864322 0.28256880733944956 0.38190954773869346 0.281651376146789 0.38253768844221103 0.3577981651376147 0.33668341708542715 0.3587155963302752 0.3360552763819096 0.3688073394495413 0.38190954773869346 0.3697247706422018 0.38253768844221103 0.44036697247706424 0.38190954773869346 0.44128440366972477
0 0.7487437185929648 0.7238532110091743 0.6482412060301508 0.7238532110091743 0.6476130653266332 0.4917431192660551 0.6451005025125628 0.48990825688073397 0.6451005025125628 0.3706422018348624 0.7977386934673367 0.3697247706422018 0.7983668341708543 0.45871559633027525 0.7971105527638191 0.46055045871559636 0.7964824120603015 0.463302752293578 0.7945979899497487 0.46422018348623856 0.792713567839196 0.4688073394495413 0.7908291457286433 0.46972477064220186 0.7902010050251256 0.4724770642201835 0.7883165829145728 0.47339449541284406 0.7864321608040201 0.4779816513761468 0.7845477386934674 0.47889908256880737 0.7839195979899497 0.481651376146789 0.782035175879397 0.48256880733944957 0.7801507537688442 0.4871559633027523 0.7782663316582915 0.48807339449541287 0.7776381909547738 0.4908256880733945 0.7757537688442211 0.4917431192660551 0.7738693467336684 0.4963302752293578 0.7719849246231156 0.4972477064220184 0.7713567839195979 0.5 0.7694723618090452 0.5009174311926605 0.7688442211055276 0.5036697247706422 0.7669597989949749 0.5045871559633027 0.7650753768844221 0.5091743119266054 0.7631909547738693 0.5100917431192661 0.7625628140703518 0.5128440366972477 0.760678391959799 0.5137614678899083 0.7587939698492462 0.518348623853211 0.7569095477386935 0.5192660550458715 0.7562814070351759 0.5220183486238532 0.7543969849246231 0.5229357798165137 0.7525125628140703 0.5275229357798165 0.7506281407035176 0.5284403669724771 0.7493718592964824 0.5321100917431193 0.7493718592964824 0.7229357798165138 0.7487437185929648 0.7238532110091743
0 0.6407035175879398 0.7238532110091743 0.614321608040201 0.7238532110091743 0.6136934673366834 0.7064220183486238 0.6030150753768844 0.7055045871559633 0.6023869346733668 0.7229357798165138 0.38944723618090454 0.7238532110091743 0.3888190954773869 0.44954128440366975 0.4120603015075377 0.44862385321100917 0.4126884422110553 0.3853211009174312 0.6444723618090452 0.38440366972477064 0.6451005025125628 0.48990825688073397 0.6419597989949749 0.4908256880733945 0.6413316582914573 0.7229357798165138 0.6407035175879398 0.7238532110091743
0 0.9095477386934674 0.7238532110091743 0.7613065326633166 0.7238532110091743 0.760678391959799 0.708256880733945 0.7550251256281407 0.7073394495412844 0.7543969849246231 0.5357798165137615 0.7569095477386935 0.5339449541284403 0.757537688442211 0.5311926605504587 0.7631909547738693 0.5247706422018349 0.7638190954773869 0.5220183486238532 0.7694723618090452 0.5155963302752293 0.7701005025125628 0.5128440366972477 0.7719849246231156 0.5119266055045871 0.7726130653266332 0.5091743119266054 0.7757537688442211 0.5064220183486239 0.7763819095477387 0.5036697247706422 0.7782663316582915 0.5027522935779817 0.7788944723618091 0.5 0.7845477386934674 0.4935779816513762 0.785175879396985 0.4908256880733945 0.7908291457286433 0.48440366972477067 0.7914572864321608 0.481651376146789 0.7971105527638191 0.47522935779816516 0.7977386934673367 0.4724770642201835 0.803391959798995 0.46605504587155966 0.8046482412060302 0.46238532110091746 0.8046482412060302 0.41834862385321103 0.9095477386934674 0.41743119266055045 0.910175879396985 0.7229357798165138 0.9095477386934674 0.7238532110091743
0 0.38190954773869346 0.7238532110091743 0.17964824120603015 0.7238532110091743 0.17902010050251257 0.44954128440366975 0.38190954773869346 0.44862385321100917 0.38253768844221103 0.7229357798165138 0.38190954773869346 0.7238532110091743