0 0.17811550151975683 0.5133101851851852 0.11185410334346504 0.5133101851851852 0.1115501519756839 0.36689814814814814 0.13495440729483282 0.3663194444444444 0.135258358662614 0.22685185185185186 0.18662613981762918 0.22627314814814814 0.18723404255319148 0.22743055555555555 0.23768996960486322 0.22743055555555555 0.23799392097264438 0.3923611111111111 0.17872340425531916 0.3929398148148148 0.178419452887538 0.5127314814814815 0.17811550151975683 0.5133101851851852
0 0.4838905775075988 0.6336805555555556 0.425531914893617 0.6336805555555556 0.42522796352583586 0.5138888888888888 0.2419452887537994 0.5133101851851852 0.24164133738601823 0.22916666666666666 0.3641337386018237 0.22858796296296297 0.364741641337386 0.22974537037037038 0.425531914893617 0.22974537037037038 0.4258358662613982 0.4074074074074074 0.4838905775075988 0.4079861111111111 0.48419452887537995 0.6331018518518519 0.4838905775075988 0.6336805555555556
0 0.6759878419452887 0.25636574074074076 0.5483282674772036 0.25636574074074076 0.5480243161094225 0.22916666666666666 0.6759878419452887 0.22858796296296297 0.6762917933130699 0.25578703703703703 0.6759878419452887 0.25636574074074076
0 0.8042553191489362 0.8072916666666666 0.7325227963525835 0.8072916666666666 0.7322188449848024 0.625 0.6881458966565349 0.6244212962962963 0.6878419452887538 0.22916666666666666 0.8042553191489362 0.22858796296296297 0.8045592705167173 0.8067129629629629 0.8042553191489362 0.8072916666666666
0 0.9440729483282675 0.25405092592592593 0.8164133738601824 0.25405092592592593 0.8161094224924013 0.22916666666666666 0.9440729483282675 0.22858796296296297 0.9443768996960487 0.2534722222222222 0.9440729483282675 0.25405092592592593
0 0.13069908814589665 0.35474537037037035 0.03282674772036474 0.35474537037037035 0.03252279635258359 0.2349537037037037 0.13069908814589665 0.234375 0.1310030395136778 0.3541666666666667 0.13069908814589665 0.35474537037037035
0 0.9440729483282675 0.5133101851851852 0.8079027355623101 0.5133101851851852 0.8075987841945289 0.2708333333333333 0.9440729483282675 0.27025462962962965 0.9443768996960487 0.5127314814814815 0.9440729483282675 0.5133101851851852
0 0.6838905775075987 0.6244212962962963 0.5483282674772036 0.6244212962962963 0.5480243161094225 0.27314814814814814 0.6838905775075987 0.2725694444444444 0.6841945288753799 0.6238425925925926 0.6838905775075987 0.6244212962962963
0 0.10395136778115502 0.5005787037037037 0.030395136778115502 0.5005787037037037 0.030091185410334346 0.36689814814814814 0.10395136778115502 0.3663194444444444 0.10425531914893617 0.5 0.10395136778115502 0.5005787037037037
0 0.23768996960486322 0.5121527777777778 0.1829787234042553 0.5121527777777778 0.18267477203647417 0.40162037037037035 0.23768996960486322 0.4010416666666667 0.23799392097264438 0.5115740740740741 0.23768996960486322 0.5121527777777778
0 0.2857142857142857 0.8107638888888888 0.13677811550151975 0.8107638888888888 0.1364741641337386 0.5243055555555556 0.26382978723404255 0.5237268518518519 0.2641337386018237 0.5138888888888888 0.2887537993920973 0.5133101851851852 0.28905775075987844 0.5995370370370371 0.286322188449848 0.6001157407407407 0.28601823708206686 0.8101851851851852 0.2857142857142857 0.8107638888888888
0 0.425531914893617 0.8107638888888888 0.28936170212765955 0.8107638888888888 0.28905775075987844 0.5138888888888888 0.4249240121580547 0.5133101851851852 0.42522796352583586 0.6331018518518519 0.4258358662613982 0.6342592592592593 0.4258358662613982 0.8101851851851852 0.425531914893617 0.8107638888888888
0 0.9440729483282675 0.7633101851851852 0.8079027355623101 0.7633101851851852 0.8075987841945289 0.5208333333333334 0.9440729483282675 0.5202546296296297 0.9443768996960487 0.7627314814814815 0.9440729483282675 0.7633101851851852
0 0.1325227963525836 0.8107638888888888 0.02796352583586626 0.8107638888888888 0.027659574468085105 0.5243055555555556 0.1325227963525836 0.5237268518518519 0.13282674772036474 0.8101851851851852 0.1325227963525836 0.8107638888888888
0 0.643161094224924 0.7633101851851852 0.5483282674772036 0.7633101851851852 0.5480243161094225 0.6319444444444444 0.643161094224924 0.6313657407407407 0.6434650455927051 0.7627314814814815 0.643161094224924 0.7633101851851852
0 0.7258358662613982 0.7633101851851852 0.6480243161094225 0.7633101851851852 0.6477203647416413 0.6319444444444444 0.7258358662613982 0.6313657407407407 0.7261398176291793 0.7627314814814815 0.7258358662613982 0.7633101851851852
0 0.7227963525835867 0.8072916666666666 0.5483282674772036 0.8072916666666666 0.5480243161094225 0.7800925925925926 0.7227963525835867 0.7795138888888888 0.7231003039513678 0.8067129629629629 0.7227963525835867 0.8072916666666666
0 0.9440729483282675 0.8072916666666666 0.8145896656534954 0.8072916666666666 0.8142857142857143 0.7800925925925926 0.9440729483282675 0.7795138888888888 0.9443768996960487 0.8067129629629629 0.9440729483282675 0.8072916666666666