0 0.7005988023952096 0.4230769230769231 0.6212574850299402 0.4230769230769231 0.6205089820359282 0.39295644114921224 0.5494011976047904 0.3924930491195551 0.5486526946107785 0.056533827618164965 0.6601796407185628 0.056070435588507876 0.6609281437125748 0.05004633920296571 0.811377245508982 0.04958294717330862 0.812125748502994 0.05560704355885079 0.9595808383233533 0.056070435588507876 0.9603293413173652 0.39202965708989806 0.7020958083832335 0.3924930491195551 0.7013473053892215 0.422613531047266 0.7005988023952096 0.4230769230769231
0 0.5344311377245509 0.3924930491195551 0.07335329341317365 0.3924930491195551 0.07260479041916168 0.057460611677479144 0.22005988023952097 0.056997219647822055 0.22080838323353294 0.051899907321594066 0.3712574850299401 0.05143651529193698 0.37200598802395207 0.05560704355885079 0.5344311377245509 0.056070435588507876 0.5351796407185628 0.39202965708989806 0.5344311377245509 0.3924930491195551
0 0.33682634730538924 0.6306765523632993 0.2619760479041916 0.6306765523632993 0.26122754491017963 0.5996292863762743 0.25748502994011974 0.5991658943466173 0.25673652694610777 0.5532900834105653 0.26047904191616766 0.5528266913809082 0.26122754491017963 0.5468025949953661 0.07335329341317365 0.546339202965709 0.07260479041916168 0.4235403151065802 0.1317365269461078 0.4230769230769231 0.13248502994011976 0.39295644114921224 0.47604790419161674 0.3924930491195551 0.47679640718562877 0.422613531047266 0.5344311377245509 0.4230769230769231 0.5351796407185628 0.44670991658943465 0.5381736526946108 0.44763670064874883 0.5381736526946108 0.5078776645041705 0.5351796407185628 0.5088044485634847 0.5351796407185628 0.5458758109360519 0.3383233532934132 0.546339202965709 0.3375748502994012 0.5523632993512512 0.3405688622754491 0.5532900834105653 0.3405688622754491 0.5987025023169601 0.3375748502994012 0.5996292863762743 0.3375748502994012 0.6302131603336423 0.33682634730538924 0.6306765523632993
0 0.7155688622754491 0.634383688600556 0.6317365269461078 0.634383688600556 0.6309880239520959 0.6014828544949027 0.5494011976047904 0.6010194624652456 0.5486526946107785 0.4235403151065802 0.811377245508982 0.4230769230769231 0.812125748502994 0.5477293790546802 0.8308383233532934 0.5481927710843374 0.8315868263473054 0.5282669138090825 0.9595808383233533 0.5278035217794254 0.9603293413173652 0.6005560704355886 0.9356287425149701 0.6010194624652456 0.9348802395209581 0.6107506950880445 0.842814371257485 0.6112140871177015 0.8420658682634731 0.6014828544949027 0.7170658682634731 0.6010194624652456 0.7163173652694611 0.633920296570899 0.7155688622754491 0.634383688600556
0 0.8847305389221557 0.510194624652456 0.8173652694610778 0.510194624652456 0.8166167664670658 0.43466172381835033 0.8847305389221557 0.4341983317886932 0.8854790419161677 0.5097312326227988 0.8847305389221557 0.510194624652456
0 0.2470059880239521 0.6056533827618165 0.1122754491017964 0.6056533827618165 0.11152694610778444 0.5532900834105653 0.25 0.5528266913809082 0.25074850299401197 0.5987025023169601 0.24775449101796407 0.5996292863762743 0.24775449101796407 0.6051899907321594 0.2470059880239521 0.6056533827618165
0 0.5344311377245509 0.6297497683039852 0.47005988023952094 0.6297497683039852 0.469311377245509 0.6107506950880445 0.44610778443113774 0.6102873030583874 0.4453592814371258 0.5588507877664504 0.5344311377245509 0.5583873957367933 0.5351796407185628 0.629286376274328 0.5344311377245509 0.6297497683039852
0 0.9341317365269461 0.634383688600556 0.842814371257485 0.634383688600556 0.8420658682634731 0.6163113994439295 0.9341317365269461 0.6158480074142725 0.9348802395209581 0.633920296570899 0.9341317365269461 0.634383688600556
0 0.1377245508982036 0.938368860055607 0.07335329341317365 0.938368860055607 0.07260479041916168 0.6348470806302131 0.1377245508982036 0.634383688600556 0.13847305389221556 0.93790546802595 0.1377245508982036 0.938368860055607
0 0.38922155688622756 0.943002780352178 0.24850299401197604 0.943002780352178 0.24775449101796407 0.9388322520852641 0.1497005988023952 0.938368860055607 0.14895209580838323 0.6348470806302131 0.4416167664670659 0.634383688600556 0.44236526946107785 0.93790546802595 0.3907185628742515 0.938368860055607 0.38997005988023953 0.9425393883225208 0.38922155688622756 0.943002780352178
0 0.7155688622754491 0.705746061167748 0.4550898203592814 0.705746061167748 0.45434131736526945 0.6348470806302131 0.7155688622754491 0.634383688600556 0.7163173652694611 0.7052826691380908 0.7155688622754491 0.705746061167748
0 0.7979041916167665 0.705746061167748 0.7230538922155688 0.705746061167748 0.7223053892215568 0.6348470806302131 0.7709580838323353 0.634383688600556 0.7717065868263473 0.6431881371640408 0.7979041916167665 0.6436515291936978 0.7986526946107785 0.7052826691380908 0.7979041916167665 0.705746061167748
0 0.5434131736526946 0.7761816496756255 0.4550898203592814 0.7761816496756255 0.45434131736526945 0.7136237256719185 0.562874251497006 0.7131603336422614 0.563622754491018 0.7479147358665431 0.5449101796407185 0.7483781278962002 0.5441616766467066 0.7757182576459685 0.5434131736526946 0.7761816496756255
0 0.6017964071856288 0.9420759962928638 0.5224550898203593 0.9420759962928638 0.5217065868263473 0.9388322520852641 0.4550898203592814 0.938368860055607 0.45434131736526945 0.7831325301204819 0.5479041916167665 0.7826691380908248 0.5486526946107785 0.82483781278962 0.5703592814371258 0.8253012048192772 0.5711077844311377 0.7136237256719185 0.7679640718562875 0.7131603336422614 0.7687125748502994 0.7738646895273401 0.7559880239520959 0.7743280815569972 0.7552395209580839 0.8192771084337349 0.6631736526946108 0.819740500463392 0.6624251497005988 0.93790546802595 0.6032934131736527 0.938368860055607 0.6025449101796407 0.9416126042632067 0.6017964071856288 0.9420759962928638
0 0.7619760479041916 0.9337349397590361 0.6661676646706587 0.9337349397590361 0.6654191616766467 0.8294717330861909 0.7619760479041916 0.8290083410565339 0.7627245508982036 0.933271547729379 0.7619760479041916 0.9337349397590361