0 0.24862637362637363 0.45153473344103395 0.23901098901098902 0.45153473344103395 0.23832417582417584 0.28917609046849757 0.28296703296703296 0.28836833602584816 0.28365384615384615 0.22778675282714056 0.39972527472527475 0.22697899838449112 0.40041208791208793 0.44264943457189015 0.4017857142857143 0.44426494345718903 0.36675824175824173 0.44507269789983844 0.36538461538461536 0.4466882067851373 0.33104395604395603 0.4466882067851373 0.32967032967032966 0.4483037156704362 0.2967032967032967 0.4483037156704362 0.29532967032967034 0.4499192245557351 0.25 0.4499192245557351 0.24862637362637363 0.45153473344103395
0 0.6923076923076923 0.5080775444264943 0.4958791208791209 0.5080775444264943 0.4945054945054945 0.5064620355411955 0.4024725274725275 0.5064620355411955 0.4017857142857143 0.4135702746365105 0.40041208791208793 0.41195476575121165 0.40041208791208793 0.2875605815831987 0.6923076923076923 0.2867528271405493 0.6929945054945055 0.5072697899838449 0.6923076923076923 0.5080775444264943
0 0.23214285714285715 0.3691437802907916 0.12637362637362637 0.3691437802907916 0.12568681318681318 0.28917609046849757 0.23214285714285715 0.28836833602584816 0.23282967032967034 0.3683360258481422 0.23214285714285715 0.3691437802907916
0 0.23214285714285715 0.4806138933764136 0.12637362637362637 0.4806138933764136 0.12568681318681318 0.37479806138933763 0.23214285714285715 0.3739903069466882 0.23282967032967034 0.4798061389337641 0.23214285714285715 0.4806138933764136
0 0.2967032967032967 0.5274636510500808 0.23901098901098902 0.5274636510500808 0.23832417582417584 0.45234248788368336 0.2967032967032967 0.45153473344103395 0.2973901098901099 0.5266558966074314 0.2967032967032967 0.5274636510500808
0 0.3942307692307692 0.5274636510500808 0.30631868131868134 0.5274636510500808 0.30563186813186816 0.45234248788368336 0.3942307692307692 0.45153473344103395 0.3949175824175824 0.5266558966074314 0.3942307692307692 0.5274636510500808
0 0.24587912087912087 0.635702746365105 0.12637362637362637 0.635702746365105 0.12568681318681318 0.4862681744749596 0.23214285714285715 0.48546042003231016 0.23282967032967034 0.5347334410339257 0.28434065934065933 0.5355411954765751 0.2850274725274725 0.6042003231017771 0.24725274725274726 0.6050080775444265 0.24656593406593408 0.6348949919224556 0.24587912087912087 0.635702746365105
0 0.4945054945054945 0.6437802907915994 0.40384615384615385 0.6437802907915994 0.40315934065934067 0.6058158319870759 0.28983516483516486 0.6050080775444265 0.2891483516483517 0.5363489499192245 0.4010989010989011 0.5355411954765751 0.4017857142857143 0.5072697899838449 0.4945054945054945 0.5064620355411955 0.4951923076923077 0.6429725363489499 0.4945054945054945 0.6437802907915994
0 0.7568681318681318 0.7245557350565428 0.625 0.7245557350565428 0.6243131868131868 0.5153473344103393 0.7046703296703297 0.5145395799676898 0.7060439560439561 0.5129240710823909 0.7568681318681318 0.5129240710823909 0.757554945054945 0.7237479806138933 0.7568681318681318 0.7245557350565428
0 0.6181318681318682 0.7245557350565428 0.5013736263736264 0.7245557350565428 0.5006868131868132 0.5153473344103393 0.6181318681318682 0.5145395799676898 0.6188186813186813 0.7237479806138933 0.6181318681318682 0.7245557350565428
0 0.3983516483516483 0.8021001615508885 0.2541208791208791 0.8021001615508885 0.2534340659340659 0.6106623586429726 0.39697802197802196 0.6098546042003231 0.39766483516483514 0.7382875605815832 0.39903846153846156 0.7399030694668821 0.39903846153846156 0.8012924071082391 0.3983516483516483 0.8021001615508885
0 0.24587912087912087 0.7164781906300485 0.12637362637362637 0.7164781906300485 0.12568681318681318 0.6413570274636511 0.24587912087912087 0.6405492730210016 0.24656593406593408 0.715670436187399 0.24587912087912087 0.7164781906300485
0 0.4945054945054945 0.7245557350565428 0.40384615384615385 0.7245557350565428 0.40315934065934067 0.6510500807754442 0.4945054945054945 0.6502423263327949 0.4951923076923077 0.7237479806138933 0.4945054945054945 0.7245557350565428
0 0.24587912087912087 0.8021001615508885 0.12637362637362637 0.8021001615508885 0.12568681318681318 0.7237479806138933 0.24587912087912087 0.722940226171244 0.24656593406593408 0.8012924071082391 0.24587912087912087 0.8021001615508885