0 0.21349206349206348 0.4519230769230769 0.03650793650793651 0.4519230769230769 0.03611111111111111 0.10180995475113122 0.21349206349206348 0.10124434389140272 0.21388888888888888 0.4513574660633484 0.21349206349206348 0.4519230769230769
0 0.3865079365079365 0.3580316742081448 0.22142857142857142 0.3580316742081448 0.22103174603174602 0.10180995475113122 0.3865079365079365 0.10124434389140272 0.3869047619047619 0.3574660633484163 0.3865079365079365 0.3580316742081448
0 0.6722222222222223 0.458710407239819 0.39365079365079364 0.458710407239819 0.39325396825396824 0.10180995475113122 0.696031746031746 0.10124434389140272 0.6964285714285714 0.3925339366515837 0.6730158730158731 0.3930995475113122 0.6726190476190477 0.4581447963800905 0.6722222222222223 0.458710407239819
0 0.9134920634920635 0.4066742081447964 0.703968253968254 0.4066742081447964 0.7035714285714286 0.10180995475113122 0.9134920634920635 0.10124434389140272 0.9138888888888889 0.4061085972850679 0.9134920634920635 0.4066742081447964
0 0.31507936507936507 0.6826923076923077 0.22142857142857142 0.6826923076923077 0.22103174603174602 0.36877828054298645 0.3865079365079365 0.36821266968325794 0.3869047619047619 0.417420814479638 0.39285714285714285 0.41798642533936653 0.39325396825396824 0.5859728506787331 0.3865079365079365 0.5865384615384616 0.3861111111111111 0.6052036199095022 0.3682539682539683 0.6057692307692307 0.36706349206349204 0.6074660633484162 0.36666666666666664 0.6091628959276018 0.36468253968253966 0.6108597285067874 0.36428571428571427 0.6125565610859729 0.3630952380952381 0.6131221719457014 0.3626984126984127 0.6148190045248869 0.3607142857142857 0.6165158371040724 0.3603174603174603 0.6182126696832579 0.35833333333333334 0.6199095022624435 0.35793650793650794 0.621606334841629 0.35674603174603176 0.6221719457013575 0.35555555555555557 0.625 0.3543650793650794 0.6255656108597285 0.353968253968254 0.627262443438914 0.351984126984127 0.6289592760180995 0.3515873015873016 0.630656108597285 0.3496031746031746 0.6323529411764706 0.3492063492063492 0.6340497737556561 0.348015873015873 0.6346153846153846 0.3468253968253968 0.6374434389140271 0.34563492063492063 0.6380090497737556 0.34523809523809523 0.6397058823529411 0.34325396825396826 0.6414027149321267 0.34285714285714286 0.6430995475113123 0.3408730158730159 0.6447963800904978 0.3404761904761905 0.6464932126696833 0.3392857142857143 0.6470588235294118 0.3388888888888889 0.6487556561085973 0.33690476190476193 0.6504524886877828 0.33650793650793653 0.6521493212669683 0.3345238095238095 0.6538461538461539 0.3341269841269841 0.6555429864253394 0.3329365079365079 0.6561085972850679 0.33174603174603173 0.6589366515837104 0.33055555555555555 0.6595022624434389 0.33015873015873015 0.6611990950226244 0.3281746031746032 0.6628959276018099 0.3277777777777778 0.6645927601809954 0.3257936507936508 0.666289592760181 0.3253968253968254 0.6679864253393665 0.3242063492063492 0.668552036199095 0.3238095238095238 0.6702488687782805 0.32182539682539685 0.6719457013574661 0.32142857142857145 0.6736425339366516 0.3194444444444444 0.6753393665158371 0.319047619047619 0.6770361990950227 0.31785714285714284 0.6776018099547512 0.31666666666666665 0.6804298642533937 0.31547619047619047 0.6809954751131222 0.31507936507936507 0.6826923076923077
0 0.8087301587301587 0.5842760180995475 0.703968253968254 0.5842760180995475 0.7035714285714286 0.416289592760181 0.8087301587301587 0.4157239819004525 0.8091269841269841 0.583710407239819 0.8087301587301587 0.5842760180995475
0 0.9095238095238095 0.6340497737556561 0.8166666666666667 0.6340497737556561 0.8162698412698413 0.416289592760181 0.9095238095238095 0.4157239819004525 0.9099206349206349 0.6334841628959276 0.9095238095238095 0.6340497737556561
0 0.596031746031746 0.8399321266968326 0.4714285714285714 0.8399321266968326 0.46746031746031746 0.8342760180995475 0.4662698412698413 0.833710407239819 0.4587301587301587 0.8218325791855203 0.4575396825396825 0.8212669683257918 0.4523809523809524 0.8127828054298643 0.4511904761904762 0.8122171945701357 0.44365079365079363 0.8003393665158371 0.44246031746031744 0.7997737556561086 0.4373015873015873 0.791289592760181 0.39365079365079364 0.791289592760181 0.39325396825396824 0.4592760180995475 0.5047619047619047 0.458710407239819 0.5051587301587301 0.4671945701357466 0.696031746031746 0.4677601809954751 0.6964285714285714 0.7884615384615384 0.6317460317460317 0.7890271493212669 0.596031746031746 0.8399321266968326
0 0.21349206349206348 0.791289592760181 0.03650793650793651 0.791289592760181 0.03611111111111111 0.46153846153846156 0.21349206349206348 0.46097285067873306 0.21388888888888888 0.7907239819004525 0.21349206349206348 0.791289592760181
0 0.9134920634920635 0.7890271493212669 0.703968253968254 0.7890271493212669 0.7035714285714286 0.5950226244343891 0.8087301587301587 0.5944570135746606 0.8091269841269841 0.6436651583710408 0.9134920634920635 0.6442307692307693 0.9138888888888889 0.7884615384615384 0.9134920634920635 0.7890271493212669
0 0.38571428571428573 0.791289592760181 0.31666666666666665 0.791289592760181 0.31626984126984126 0.6923076923076923 0.35555555555555557 0.6374434389140271 0.35674603174603176 0.6368778280542986 0.37142857142857144 0.6148190045248869 0.38571428571428573 0.6148190045248869 0.3861111111111111 0.7907239819004525 0.38571428571428573 0.791289592760181
0 0.30952380952380953 0.791289592760181 0.22142857142857142 0.791289592760181 0.22103174603174602 0.6923076923076923 0.30952380952380953 0.6917420814479638 0.30992063492063493 0.7907239819004525 0.30952380952380953 0.791289592760181