0 0.2678386763185109 0.3859504132231405 0.08686659772492245 0.3859504132231405 0.08634953464322648 0.16363636363636364 0.2678386763185109 0.1628099173553719 0.26835573940020685 0.3851239669421488 0.2678386763185109 0.3859504132231405
0 0.4581178903826267 0.34297520661157027 0.3671147880041365 0.34297520661157027 0.3665977249224405 0.2909090909090909 0.28335056876938985 0.2900826446280992 0.2828335056876939 0.16363636363636364 0.4581178903826267 0.1628099173553719 0.45863495346432265 0.3421487603305785 0.4581178903826267 0.34297520661157027
0 0.6825232678386763 0.5049586776859504 0.4653567735263702 0.5049586776859504 0.46483971044467426 0.16363636363636364 0.6825232678386763 0.1628099173553719 0.6830403309203723 0.5041322314049587 0.6825232678386763 0.5049586776859504
0 0.7993795243019648 0.6603305785123967 0.6835573940020683 0.6603305785123967 0.6830403309203723 0.16363636363636364 0.7631851085832472 0.1628099173553719 0.7637021716649431 0.3768595041322314 0.765253360910031 0.3793388429752066 0.7786970010341262 0.39917355371900826 0.7890382626680456 0.4140495867768595 0.7942088934850051 0.4206611570247934 0.7978283350568769 0.42479338842975206 0.7983453981385729 0.42727272727272725 0.7998965873836608 0.428099173553719 0.7998965873836608 0.6595041322314049 0.7993795243019648 0.6603305785123967
0 0.9493278179937953 0.4206611570247934 0.8055842812823164 0.4206611570247934 0.7921406411582212 0.39917355371900826 0.7869700103412617 0.3925619834710744 0.7843846949327818 0.39008264462809916 0.781799379524302 0.384297520661157 0.7766287487073423 0.3776859504132231 0.7709410548086867 0.3702479338842975 0.7709410548086867 0.16363636363636364 0.9493278179937953 0.1628099173553719 0.9498448810754913 0.41983471074380163 0.9493278179937953 0.4206611570247934
0 0.35987590486039295 0.5 0.28335056876938985 0.5 0.2828335056876939 0.30413223140495865 0.35987590486039295 0.30330578512396694 0.3603929679420889 0.4991735537190083 0.35987590486039295 0.5
0 0.4581178903826267 0.5 0.3671147880041365 0.5 0.3665977249224405 0.3537190082644628 0.4581178903826267 0.3528925619834711 0.45863495346432265 0.4991735537190083 0.4581178903826267 0.5
0 0.2678386763185109 0.7991735537190082 0.08583247156153051 0.7991735537190082 0.08531540847983454 0.4033057851239669 0.2678386763185109 0.4024793388429752 0.26835573940020685 0.7983471074380165 0.2678386763185109 0.7991735537190082
0 0.8697001034126164 0.5297520661157025 0.8066184074457083 0.5297520661157025 0.8061013443640124 0.43471074380165287 0.8697001034126164 0.43388429752066116 0.8702171664943124 0.5289256198347108 0.8697001034126164 0.5297520661157025
0 0.9493278179937953 0.5297520661157025 0.8759048603929679 0.5297520661157025 0.8753877973112719 0.43471074380165287 0.9493278179937953 0.43388429752066116 0.9498448810754913 0.5289256198347108 0.9493278179937953 0.5297520661157025
0 0.6763185108583247 0.7991735537190082 0.4653567735263702 0.7991735537190082 0.46483971044467426 0.5057851239669422 0.6452947259565667 0.5049586776859504 0.6458117890382626 0.5140495867768595 0.6763185108583247 0.5148760330578512 0.6768355739400207 0.7983471074380165 0.6763185108583247 0.7991735537190082
0 0.4581178903826267 0.7991735537190082 0.28335056876938985 0.7991735537190082 0.2828335056876939 0.512396694214876 0.4581178903826267 0.5115702479338843 0.45863495346432265 0.7983471074380165 0.4581178903826267 0.7991735537190082
0 0.9493278179937953 0.7991735537190082 0.7807652533609101 0.7991735537190082 0.7802481902792141 0.6710743801652893 0.8055842812823164 0.6702479338842975 0.8061013443640124 0.540495867768595 0.9493278179937953 0.5396694214876033 0.9498448810754913 0.7983471074380165 0.9493278179937953 0.7991735537190082
0 0.7735263702171665 0.7991735537190082 0.6835573940020683 0.7991735537190082 0.6830403309203723 0.6710743801652893 0.7735263702171665 0.6702479338842975 0.7740434332988625 0.7983471074380165 0.7735263702171665 0.7991735537190082