0 0.47358834244080145 0.4399744572158365 0.08561020036429873 0.4399744572158365 0.08469945355191257 0.22349936143039592 0.7632058287795993 0.22286079182630908 0.7641165755919854 0.3793103448275862 0.604735883424408 0.37994891443167306 0.6038251366120219 0.37292464878671777 0.47358834244080145 0.3722860791826309 0.4726775956284153 0.4163473818646232 0.4744990892531876 0.41762452107279696 0.4744990892531876 0.4393358876117497 0.47358834244080145 0.4399744572158365
0 0.8506375227686703 0.33652618135376755 0.7741347905282332 0.33652618135376755 0.773224043715847 0.22349936143039592 0.936247723132969 0.22286079182630908 0.9371584699453552 0.3282247765006386 0.8524590163934426 0.3288633461047254 0.8515482695810564 0.33588761174968074 0.8506375227686703 0.33652618135376755
0 0.9453551912568307 0.5 0.7741347905282332 0.5 0.773224043715847 0.34227330779054915 0.9453551912568307 0.34163473818646234 0.9462659380692168 0.49936143039591313 0.9453551912568307 0.5
0 0.48269581056466304 0.4169859514687101 0.47358834244080145 0.4169859514687101 0.4726775956284153 0.37292464878671777 0.6029143897996357 0.3722860791826309 0.6038251366120219 0.3793103448275862 0.48451730418943534 0.37994891443167306 0.48360655737704916 0.4163473818646232 0.48269581056466304 0.4169859514687101
0 0.7632058287795993 0.5306513409961686 0.48269581056466304 0.5306513409961686 0.48178506375227687 0.49680715197956576 0.47540983606557374 0.49616858237547895 0.4744990892531876 0.41762452107279696 0.48269581056466304 0.4169859514687101 0.48360655737704916 0.38058748403575987 0.7632058287795993 0.37994891443167306 0.7641165755919854 0.5300127713920817 0.7632058287795993 0.5306513409961686
0 0.6539162112932605 0.69029374201788 0.36247723132969034 0.69029374201788 0.36156648451730417 0.44061302681992337 0.47358834244080145 0.4399744572158365 0.4744990892531876 0.4955300127713921 0.4726775956284153 0.49680715197956576 0.4726775956284153 0.5376756066411239 0.6539162112932605 0.5383141762452107 0.6548269581056466 0.6896551724137931 0.6539162112932605 0.69029374201788
0 0.3533697632058288 0.6302681992337165 0.08561020036429873 0.6302681992337165 0.08469945355191257 0.44699872286079184 0.3533697632058288 0.446360153256705 0.3542805100182149 0.6296296296296297 0.3533697632058288 0.6302681992337165
0 0.9453551912568307 0.6277139208173691 0.6648451730418944 0.6277139208173691 0.6639344262295082 0.5389527458492975 0.7723132969034608 0.5383141762452107 0.773224043715847 0.5070242656449553 0.9453551912568307 0.5063856960408685 0.9462659380692168 0.6270753512132823 0.9453551912568307 0.6277139208173691
0 0.9453551912568307 0.8116219667943806 0.6648451730418944 0.8116219667943806 0.6639344262295082 0.6347381864623244 0.9453551912568307 0.6340996168582376 0.9462659380692168 0.8109833971902938 0.9453551912568307 0.8116219667943806
0 0.3533697632058288 0.8116219667943806 0.08561020036429873 0.8116219667943806 0.08469945355191257 0.6372924648786717 0.3533697632058288 0.6366538952745849 0.3542805100182149 0.8109833971902938 0.3533697632058288 0.8116219667943806
0 0.5227686703096539 0.8116219667943806 0.36247723132969034 0.8116219667943806 0.36156648451730417 0.6973180076628352 0.5227686703096539 0.6966794380587484 0.52367941712204 0.8109833971902938 0.5227686703096539 0.8116219667943806
0 0.6539162112932605 0.8116219667943806 0.5336976320582878 0.8116219667943806 0.5327868852459017 0.6973180076628352 0.6539162112932605 0.6966794380587484 0.6548269581056466 0.8109833971902938 0.6539162112932605 0.8116219667943806
0 0.6174863387978142 0.9457215836526182 0.4990892531876138 0.9457215836526182 0.4981785063752277 0.8326947637292464 0.6174863387978142 0.8320561941251596 0.6183970856102003 0.9450830140485313 0.6174863387978142 0.9457215836526182