0 0.26081657525898844 0.2856420626895854 0.15478366849482023 0.2856420626895854 0.15447897623400367 0.10920121334681497 0.26081657525898844 0.10869565217391304 0.261121267519805 0.2851365015166835 0.26081657525898844 0.2856420626895854
0 0.34795856185252894 0.37158746208291205 0.26569165143205364 0.37158746208291205 0.26538695917123706 0.10920121334681497 0.3235831809872029 0.10869565217391304 0.3238878732480195 0.2396359959555106 0.327848872638635 0.24014155712841254 0.3281535648994516 0.2871587462082912 0.34795856185252894 0.28766430738119314 0.3482632541133455 0.3710819009100101 0.34795856185252894 0.37158746208291205
0 0.34795856185252894 0.28766430738119314 0.3284582571602681 0.28766430738119314 0.3281535648994516 0.10920121334681497 0.47105423522242534 0.10869565217391304 0.47135892748324193 0.2861476238624874 0.3485679463741621 0.2866531850353893 0.34795856185252894 0.28766430738119314
0 0.680073126142596 0.3351870576339737 0.635588056063376 0.3351870576339737 0.6352833638025595 0.2891809908998989 0.6209628275441804 0.28867542972699695 0.6206581352833638 0.3346814964610718 0.5758683729433273 0.3351870576339737 0.5755636806825106 0.11324570273003033 0.680073126142596 0.11274014155712841 0.6803778184034126 0.3346814964610718 0.680073126142596 0.3351870576339737
0 0.7458866544789763 0.36754297269969666 0.6855575868372943 0.36754297269969666 0.6852528945764778 0.11324570273003033 0.7458866544789763 0.11274014155712841 0.7461913467397928 0.36703741152679475 0.7458866544789763 0.36754297269969666
0 0.8927483241925656 0.29474216380182 0.7507617306520414 0.29474216380182 0.7504570383912249 0.11324570273003033 0.8927483241925656 0.11274014155712841 0.8930530164533821 0.2942366026289181 0.8927483241925656 0.29474216380182
0 0.47105423522242534 0.46461071789686553 0.3485679463741621 0.46461071789686553 0.3482632541133455 0.2871587462082912 0.47105423522242534 0.2866531850353893 0.47135892748324193 0.4641051567239636 0.47105423522242534 0.46461071789686553
0 0.20292504570383912 0.3584428715874621 0.15478366849482023 0.3584428715874621 0.15447897623400367 0.2942366026289181 0.19195612431444242 0.2937310414560162 0.19226081657525898 0.3356926188068756 0.20292504570383912 0.3361981799797776 0.2032297379646557 0.3579373104145602 0.20292504570383912 0.3584428715874621
0 0.26081657525898844 0.46461071789686553 0.20840950639853748 0.46461071789686553 0.2081048141377209 0.2942366026289181 0.26081657525898844 0.2937310414560162 0.261121267519805 0.4641051567239636 0.26081657525898844 0.46461071789686553
0 0.8927483241925656 0.46764408493427706 0.7507617306520414 0.46764408493427706 0.7504570383912249 0.3023255813953488 0.8927483241925656 0.3018200202224469 0.8930530164533821 0.4671385237613751 0.8927483241925656 0.46764408493427706
0 0.680073126142596 0.46764408493427706 0.5758683729433273 0.46764408493427706 0.5755636806825106 0.34277047522750254 0.680073126142596 0.34226491405460063 0.6803778184034126 0.4671385237613751 0.680073126142596 0.46764408493427706
0 0.20292504570383912 0.46461071789686553 0.15478366849482023 0.46461071789686553 0.15447897623400367 0.3660262891809909 0.20292504570383912 0.365520728008089 0.2032297379646557 0.4641051567239636 0.20292504570383912 0.46461071789686553
0 0.7458866544789763 0.46764408493427706 0.6855575868372943 0.46764408493427706 0.6852528945764778 0.37613751263902934 0.7458866544789763 0.3756319514661274 0.7461913467397928 0.4671385237613751 0.7458866544789763 0.46764408493427706
0 0.295551492992078 0.46461071789686553 0.26569165143205364 0.46461071789686553 0.26538695917123706 0.38018200202224467 0.295551492992078 0.37967644084934277 0.2958561852528946 0.4641051567239636 0.295551492992078 0.46461071789686553
0 0.3436928702010969 0.46461071789686553 0.29981718464351004 0.46461071789686553 0.2995124923826935 0.38018200202224467 0.3436928702010969 0.37967644084934277 0.3439975624619135 0.4641051567239636 0.3436928702010969 0.46461071789686553
0 0.2352224253503961 0.8124368048533872 0.07007921998781232 0.8124368048533872 0.06977452772699573 0.6238624873609707 0.14990859232175502 0.6233569261880687 0.1505179768433882 0.6243680485338726 0.2352224253503961 0.6243680485338726 0.23552711761121267 0.8119312436804853 0.2352224253503961 0.8124368048533872
0 0.29494210847044483 0.7002022244691608 0.2400975015234613 0.7002022244691608 0.23979280926264473 0.627906976744186 0.29494210847044483 0.6274014155712841 0.2952468007312614 0.6996966632962589 0.29494210847044483 0.7002022244691608
0 0.37477148080438755 0.8124368048533872 0.2400975015234613 0.8124368048533872 0.23979280926264473 0.7077856420626896 0.37477148080438755 0.7072800808897877 0.37507617306520413 0.8119312436804853 0.37477148080438755 0.8124368048533872