0 0.9070034443168772 0.3275862068965517 0.5970149253731343 0.3275862068965517 0.5964408725602756 0.11986863711001643 0.9070034443168772 0.11904761904761904 0.9075774971297359 0.32676518883415434 0.9070034443168772 0.3275862068965517
0 0.33983926521239954 0.32594417077175697 0.338691159586682 0.3243021346469622 0.024110218140068886 0.3243021346469622 0.023536165327210104 0.12315270935960591 0.33983926521239954 0.12233169129720854 0.3404133180252583 0.3251231527093596 0.33983926521239954 0.32594417077175697
0 0.5315729047072331 0.3949096880131363 0.3455797933409874 0.3949096880131363 0.3450057405281286 0.31527093596059114 0.5315729047072331 0.31444991789819376 0.5321469575200919 0.39408866995073893 0.5315729047072331 0.3949096880131363
0 0.33983926521239954 0.49507389162561577 0.30424799081515497 0.49507389162561577 0.3036739380022962 0.4663382594417077 0.29965556831228474 0.46551724137931033 0.29908151549942597 0.4942528735632184 0.2468427095292767 0.49507389162561577 0.2462686567164179 0.4663382594417077 0.24225028702640644 0.46551724137931033 0.24110218140068887 0.4671592775041051 0.18484500574052812 0.4671592775041051 0.18427095292766935 0.4614121510673235 0.12629161882893225 0.4605911330049261 0.12571756601607348 0.4154351395730706 0.08725602755453502 0.41461412151067323 0.08668197474167623 0.3333333333333333 0.10562571756601608 0.33251231527093594 0.10619977037887486 0.32676518883415434 0.024110218140068886 0.32594417077175697 0.024110218140068886 0.3243021346469622 0.338691159586682 0.3243021346469622 0.338691159586682 0.32594417077175697 0.20780711825487944 0.32594417077175697 0.20723306544202066 0.33169129720853857 0.2973593570608496 0.33251231527093594 0.29793340987370837 0.39901477832512317 0.33983926521239954 0.39983579638752054 0.3404133180252583 0.4942528735632184 0.33983926521239954 0.49507389162561577
0 0.08151549942594719 0.41461412151067323 0.024110218140068886 0.41461412151067323 0.023536165327210104 0.3333333333333333 0.08151549942594719 0.33251231527093594 0.08208955223880597 0.41379310344827586 0.08151549942594719 0.41461412151067323
0 0.33983926521239954 0.3949096880131363 0.30424799081515497 0.3949096880131363 0.3036739380022962 0.3333333333333333 0.33983926521239954 0.33251231527093594 0.3404133180252583 0.39408866995073893 0.33983926521239954 0.3949096880131363
0 0.799081515499426 0.4605911330049261 0.5970149253731343 0.4605911330049261 0.5964408725602756 0.33497536945812806 0.8553386911595867 0.3341543513957307 0.8559127439724454 0.3825944170771757 0.8002296211251435 0.38341543513957305 0.7996555683122847 0.45977011494252873 0.799081515499426 0.4605911330049261
0 0.9070034443168772 0.680623973727422 0.7474167623421355 0.680623973727422 0.7468427095292767 0.46798029556650245 0.8599311136624569 0.4671592775041051 0.8605051664753157 0.33497536945812806 0.9070034443168772 0.3341543513957307 0.9075774971297359 0.6798029556650246 0.9070034443168772 0.680623973727422
0 0.8553386911595867 0.4605911330049261 0.8048220436280138 0.4605911330049261 0.804247990815155 0.39080459770114945 0.8553386911595867 0.3899835796387521 0.8559127439724454 0.45977011494252873 0.8553386911595867 0.4605911330049261
0 0.5315729047072331 0.680623973727422 0.3467278989667049 0.680623973727422 0.34615384615384615 0.40229885057471265 0.3450057405281286 0.4006568144499179 0.425947187141217 0.39983579638752054 0.42652123995407576 0.5435139573070608 0.5315729047072331 0.5443349753694581 0.5321469575200919 0.6798029556650246 0.5315729047072331 0.680623973727422
0 0.5315729047072331 0.5377668308702791 0.4316877152698048 0.5377668308702791 0.43111366245694605 0.4006568144499179 0.5315729047072331 0.39983579638752054 0.5321469575200919 0.5369458128078818 0.5315729047072331 0.5377668308702791
0 0.1618828932261768 0.5706075533661741 0.024110218140068886 0.5706075533661741 0.023536165327210104 0.4220032840722496 0.12055109070034443 0.4211822660098522 0.12112514351320322 0.46798029556650245 0.17795637198622274 0.4688013136288998 0.17853042479908152 0.5106732348111659 0.16303099885189437 0.5114942528735632 0.1624569460390356 0.5697865353037767 0.1618828932261768 0.5706075533661741
0 0.33983926521239954 0.764367816091954 0.18484500574052812 0.764367816091954 0.18427095292766935 0.46798029556650245 0.24110218140068887 0.4671592775041051 0.24167623421354764 0.5008210180623974 0.33983926521239954 0.5016420361247947 0.3404133180252583 0.7635467980295566 0.33983926521239954 0.764367816091954
0 0.7416762342135477 0.680623973727422 0.5970149253731343 0.680623973727422 0.5964408725602756 0.46798029556650245 0.7416762342135477 0.4671592775041051 0.7422502870264064 0.5106732348111659 0.7278989667049368 0.5114942528735632 0.7273249138920781 0.5714285714285714 0.7416762342135477 0.5722495894909688 0.7422502870264064 0.6798029556650246 0.7416762342135477 0.680623973727422
0 0.10677382319173363 0.680623973727422 0.024110218140068886 0.680623973727422 0.023536165327210104 0.5779967159277504 0.10677382319173363 0.577175697865353 0.10734787600459242 0.6798029556650246 0.10677382319173363 0.680623973727422
0 0.17795637198622274 0.680623973727422 0.1113662456946039 0.680623973727422 0.11079219288174512 0.5779967159277504 0.17795637198622274 0.577175697865353 0.17853042479908152 0.6798029556650246 0.17795637198622274 0.680623973727422
0 0.5487944890929966 0.9761904761904762 0.35246842709529275 0.9761904761904762 0.351894374282434 0.7816091954022989 0.5487944890929966 0.7807881773399015 0.5493685419058554 0.9753694581280788 0.5487944890929966 0.9761904761904762