0 0.9623329283110571 0.18506493506493507 0.6962332928311057 0.18506493506493507 0.6959295261239368 0.11298701298701298 0.9623329283110571 0.11233766233766233 0.962636695018226 0.18441558441558442 0.9623329283110571 0.18506493506493507
0 0.5127582017010935 0.5746753246753247 0.38031591737545567 0.5746753246753247 0.38001215066828675 0.11818181818181818 0.4848116646415553 0.11753246753246753 0.4851154313487242 0.2571428571428571 0.4641555285540705 0.2577922077922078 0.4638517618469016 0.2675324675324675 0.5127582017010935 0.2681818181818182 0.5130619684082625 0.574025974025974 0.5127582017010935 0.5746753246753247
0 0.5127582017010935 0.2577922077922078 0.4896719319562576 0.2577922077922078 0.4893681652490887 0.11818181818181818 0.5236938031591738 0.11753246753246753 0.5239975698663426 0.1987012987012987 0.5133657351154314 0.19935064935064936 0.5130619684082625 0.2571428571428571 0.5127582017010935 0.2577922077922078
0 0.6452004860267315 0.42272727272727273 0.5188335358444714 0.42272727272727273 0.5185297691373025 0.3168831168831169 0.5279465370595383 0.31623376623376626 0.5282503037667071 0.11818181818181818 0.6452004860267315 0.11753246753246753 0.6455042527339003 0.42207792207792205 0.6452004860267315 0.42272727272727273
0 0.11968408262454434 0.262987012987013 0.056500607533414335 0.262987012987013 0.056196840826245445 0.12597402597402596 0.11968408262454434 0.1253246753246753 0.11998784933171325 0.2623376623376623 0.11968408262454434 0.262987012987013
0 0.17496962332928312 0.262987012987013 0.12636695018226002 0.262987012987013 0.12606318347509113 0.12597402597402596 0.19319562575941676 0.1253246753246753 0.19349939246658565 0.19480519480519481 0.1755771567436209 0.19545454545454546 0.175273390036452 0.2623376623376623 0.17496962332928312 0.262987012987013
0 0.30984204131227217 0.31363636363636366 0.19805589307411908 0.31363636363636366 0.1977521263669502 0.12597402597402596 0.30984204131227217 0.1253246753246753 0.3101458080194411 0.312987012987013 0.30984204131227217 0.31363636363636366
0 0.8298906439854192 0.4915584415584416 0.6962332928311057 0.4915584415584416 0.6959295261239368 0.1961038961038961 0.8298906439854192 0.19545454545454546 0.8301944106925881 0.4909090909090909 0.8298906439854192 0.4915584415584416
0 0.8730255164034022 0.37077922077922076 0.8347509113001215 0.37077922077922076 0.8344471445929527 0.3155844155844156 0.8438639125151883 0.31493506493506496 0.8441676792223572 0.1961038961038961 0.8772782503037667 0.19545454545454546 0.8775820170109356 0.35974025974025975 0.8745443499392467 0.36623376623376624 0.8742405832320778 0.36818181818181817 0.8733292831105711 0.36883116883116884 0.8730255164034022 0.37077922077922076
0 0.9623329283110571 0.42142857142857143 0.8979343863912516 0.42142857142857143 0.8973268529769137 0.42012987012987013 0.8958080194410692 0.41818181818181815 0.8955042527339003 0.41623376623376623 0.8933778857837181 0.412987012987013 0.8930741190765492 0.41103896103896104 0.8915552855407047 0.4090909090909091 0.8912515188335358 0.40714285714285714 0.8891251518833536 0.4038961038961039 0.8888213851761847 0.40194805194805194 0.8772782503037667 0.37857142857142856 0.8763669501822601 0.37792207792207794 0.8787970838396112 0.37272727272727274 0.8797083839611178 0.36948051948051946 0.8806196840826246 0.36883116883116884 0.8818347509113001 0.36493506493506495 0.8818347509113001 0.1961038961038961 0.9623329283110571 0.19545454545454546 0.962636695018226 0.42077922077922075 0.9623329283110571 0.42142857142857143
0 0.14763061968408261 0.4318181818181818 0.056500607533414335 0.4318181818181818 0.056196840826245445 0.2727272727272727 0.14763061968408261 0.2720779220779221 0.14793438639125153 0.43116883116883115 0.14763061968408261 0.4318181818181818
0 0.3140947752126367 0.5616883116883117 0.2235722964763062 0.5616883116883117 0.2232685297691373 0.43246753246753245 0.15249088699878494 0.4318181818181818 0.15218712029161605 0.3233766233766234 0.3140947752126367 0.32272727272727275 0.3143985419198056 0.41688311688311686 0.25759416767922233 0.41753246753246753 0.25729040097205347 0.4922077922077922 0.2861482381530984 0.4928571428571429 0.28645200486026734 0.487012987012987 0.2606318347509113 0.4863636363636364 0.2603280680437424 0.42597402597402595 0.3140947752126367 0.4253246753246753 0.3143985419198056 0.561038961038961 0.3140947752126367 0.5616883116883117
0 0.9623329283110571 0.5720779220779221 0.8347509113001215 0.5720779220779221 0.8344471445929527 0.38051948051948054 0.8718104495747266 0.37987012987012986 0.8839611178614823 0.40584415584415584 0.8854799513973268 0.4077922077922078 0.8863912515188336 0.41103896103896104 0.8873025516403402 0.4116883116883117 0.8882138517618469 0.41493506493506493 0.8897326852976913 0.41688311688311686 0.8906439854191981 0.42012987012987013 0.8915552855407047 0.42077922077922075 0.8924665856622114 0.42402597402597403 0.8939854191980559 0.42597402597402595 0.8948967193195626 0.4292207792207792 0.9623329283110571 0.4292207792207792 0.962636695018226 0.5714285714285714 0.9623329283110571 0.5720779220779221
0 0.6452004860267315 0.5733766233766234 0.6160388821385177 0.5733766233766234 0.6157351154313487 0.4948051948051948 0.5856622114216282 0.4941558441558442 0.5853584447144593 0.43116883116883115 0.6452004860267315 0.4305194805194805 0.6455042527339003 0.5727272727272728 0.6452004860267315 0.5733766233766234
0 0.6452004860267315 0.7071428571428572 0.5212636695018226 0.7071428571428572 0.5209599027946537 0.5857142857142857 0.5261239368165249 0.5850649350649351 0.5264277035236938 0.5753246753246753 0.5188335358444714 0.5746753246753247 0.5185297691373025 0.43246753246753245 0.5801944106925881 0.4318181818181818 0.580498177399757 0.5012987012987012 0.6111786148238153 0.5019480519480519 0.6114823815309842 0.5844155844155844 0.6452004860267315 0.5850649350649351 0.6455042527339003 0.7064935064935065 0.6452004860267315 0.7071428571428572
0 0.18408262454434993 0.5525974025974026 0.056500607533414335 0.5525974025974026 0.056196840826245445 0.44155844155844154 0.18408262454434993 0.4409090909090909 0.18438639125151884 0.551948051948052 0.18408262454434993 0.5525974025974026
0 0.2187120291616039 0.5525974025974026 0.18894289185905225 0.5525974025974026 0.18863912515188336 0.44155844155844154 0.2187120291616039 0.4409090909090909 0.2190157958687728 0.551948051948052 0.2187120291616039 0.5525974025974026
0 0.8298906439854192 0.5720779220779221 0.6962332928311057 0.5720779220779221 0.6959295261239368 0.5 0.8298906439854192 0.4993506493506494 0.8301944106925881 0.5714285714285714 0.8298906439854192 0.5720779220779221
0 0.5722964763061968 0.8123376623376624 0.5212636695018226 0.8123376623376624 0.5209599027946537 0.7181818181818181 0.5722964763061968 0.7175324675324676 0.5726002430133658 0.8116883116883117 0.5722964763061968 0.8123376623376624
0 0.6452004860267315 0.8123376623376624 0.5777642770352369 0.8123376623376624 0.577460510328068 0.7181818181818181 0.6452004860267315 0.7175324675324676 0.6455042527339003 0.8116883116883117 0.6452004860267315 0.8123376623376624