0 0.967741935483871 0.5189736955584303 0.7891538101916784 0.5189736955584303 0.7886863020102852 0.5185424752048297 0.7129499766245909 0.5185424752048297 0.7124824684431977 0.5189736955584303 0.595137914913511 0.5189736955584303 0.5949041608228144 0.425614489003881 0.7124824684431977 0.42539887882708066 0.7127162225338943 0.41871496334626995 0.595137914913511 0.4184993531694696 0.5949041608228144 0.24320827943078913 0.967741935483871 0.2429926692539888 0.9679756895745676 0.51875808538163 0.967741935483871 0.5189736955584303
0 0.2660121552127162 0.4228115567054765 0.11173445535296868 0.4228115567054765 0.11150070126227209 0.2436394997843898 0.2660121552127162 0.24342388960758948 0.2662459093034128 0.42259594652867616 0.2660121552127162 0.4228115567054765
0 0.37681159420289856 0.47369555843035793 0.2809724170172978 0.47369555843035793 0.2807386629266012 0.4230271668822768 0.2720897615708275 0.4228115567054765 0.2718560074801309 0.2436394997843898 0.37681159420289856 0.24342388960758948 0.37704534829359515 0.47347994825355755 0.37681159420289856 0.47369555843035793
0 0.48620850864890136 0.3538163001293661 0.38288920056100983 0.3538163001293661 0.38265544647031324 0.2436394997843898 0.48620850864890136 0.24342388960758948 0.48644226273959795 0.35360068995256577 0.48620850864890136 0.3538163001293661
0 0.48620850864890136 0.5116429495472187 0.38288920056100983 0.5116429495472187 0.38265544647031324 0.3592065545493747 0.48620850864890136 0.3589909443725744 0.48644226273959795 0.5114273393704183 0.48620850864890136 0.5116429495472187
0 0.27489481065918653 0.5228546787408366 0.2028985507246377 0.5228546787408366 0.2026647966339411 0.5183268650280293 0.11173445535296868 0.518111254851229 0.11150070126227209 0.4294954721862872 0.19775596072931276 0.42927986200948687 0.19798971482000935 0.4726175075463562 0.15568022440392706 0.47283311772315656 0.15544647031323047 0.4769297110823631 0.2024310425432445 0.4771453212591634 0.2026647966339411 0.4294954721862872 0.27489481065918653 0.42927986200948687 0.2751285647498831 0.5226390685640362 0.27489481065918653 0.5228546787408366
0 0.37166900420757365 0.543122035360069 0.28517999064983635 0.543122035360069 0.2849462365591398 0.5196205260888314 0.2809724170172978 0.5194049159120311 0.2807386629266012 0.47908581285036655 0.37681159420289856 0.47887020267356617 0.37704534829359515 0.5114273393704183 0.37213651238896683 0.5116429495472187 0.37190275829827024 0.5429064251832687 0.37166900420757365 0.543122035360069
0 0.7886863020102852 0.766925398878827 0.6811594202898551 0.766925398878827 0.6809256661991585 0.6752910737386805 0.7124824684431977 0.6750754635618801 0.7127162225338943 0.51875808538163 0.7886863020102852 0.5185424752048297 0.7889200561009818 0.6002587322121604 0.8901355773726041 0.6004743423889608 0.8903693314633007 0.6752910737386805 0.7891538101916784 0.6755066839154809 0.7889200561009818 0.7667097887020268 0.7886863020102852 0.766925398878827
0 0.48620850864890136 0.6060802069857697 0.38288920056100983 0.6060802069857697 0.38265544647031324 0.5217766278568349 0.48620850864890136 0.5215610176800345 0.48644226273959795 0.6058645968089694 0.48620850864890136 0.6060802069857697
0 0.7045348293595138 0.6694695989650712 0.5301542776998598 0.6694695989650712 0.5299205236091632 0.5265200517464425 0.7045348293595138 0.5263044415696421 0.7047685834502104 0.6692539887882708 0.7045348293595138 0.6694695989650712
0 0.967741935483871 0.5935748167313497 0.7966339410939691 0.5935748167313497 0.7964001870032725 0.5273824924536438 0.967741935483871 0.5271668822768435 0.9679756895745676 0.5933592065545493 0.967741935483871 0.5935748167313497
0 0.22720897615708274 0.7686502802932298 0.03880317905563347 0.7686502802932298 0.038569424964936885 0.5286761535144459 0.27489481065918653 0.5284605433376456 0.2751285647498831 0.5519620526088831 0.3763440860215054 0.5521776627856835 0.37657784011220197 0.6774471755066839 0.22767648433847593 0.6776627856834843 0.22744273024777933 0.7684346701164295 0.22720897615708274 0.7686502802932298
0 0.967741935483871 0.6755066839154809 0.898083216456288 0.6755066839154809 0.8978494623655914 0.6006899525657611 0.967741935483871 0.6004743423889608 0.9679756895745676 0.6752910737386805 0.967741935483871 0.6755066839154809
0 0.48620850864890136 0.6776627856834843 0.38288920056100983 0.6776627856834843 0.38265544647031324 0.6119016817593791 0.48620850864890136 0.6116860715825787 0.48644226273959795 0.6774471755066839 0.48620850864890136 0.6776627856834843
0 0.6746143057503506 0.8432514014661492 0.5301542776998598 0.8432514014661492 0.5299205236091632 0.6752910737386805 0.6746143057503506 0.6750754635618801 0.6748480598410472 0.8430357912893489 0.6746143057503506 0.8432514014661492
0 0.3076203833567087 0.7686502802932298 0.23328658251519402 0.7686502802932298 0.23305282842449743 0.6830530401034929 0.3076203833567087 0.6828374299266925 0.3078541374474053 0.7684346701164295 0.3076203833567087 0.7686502802932298
0 0.9672744273024778 0.9842604570935748 0.6498363721365124 0.9842604570935748 0.6496026180458158 0.8620094868477792 0.6956521739130435 0.8617938766709788 0.69588592800374 0.7865459249676585 0.809724170172978 0.7863303147908581 0.8099579242636746 0.6951272100043122 0.967741935483871 0.6949115998275118 0.9675081813931744 0.9840448469167745 0.9672744273024778 0.9842604570935748
0 0.22720897615708274 0.8441138421733506 0.03880317905563347 0.8441138421733506 0.038569424964936885 0.7740405347132384 0.22720897615708274 0.7738249245364381 0.22744273024777933 0.8438982319965502 0.22720897615708274 0.8441138421733506