0 0.22816500711237553 0.23204527712724435 0.14765291607396872 0.23204527712724435 0.14751066856330014 0.10304449648711944 0.23584637268847794 0.10284933645589384 0.23598862019914651 0.19633099141295862 0.22844950213371265 0.19652615144418423 0.2283072546230441 0.23185011709601874 0.22816500711237553 0.23204527712724435
0 0.45604551920341396 0.33469945355191255 0.2975817923186344 0.33469945355191255 0.29743954480796586 0.265807962529274 0.26059743954480796 0.2656128024980484 0.2604551920341394 0.19672131147540983 0.24238975817923186 0.19652615144418423 0.2422475106685633 0.10304449648711944 0.45604551920341396 0.10284933645589384 0.4561877667140825 0.33450429352068695 0.45604551920341396 0.33469945355191255
0 0.6509246088193457 0.34289617486338797 0.5519203413940256 0.34289617486338797 0.5517780938833571 0.34231069476971115 0.5556187766714082 0.34211553473848555 0.5557610241820768 0.33489461358313816 0.46088193456614507 0.33469945355191255 0.4607396870554765 0.10304449648711944 0.6509246088193457 0.10284933645589384 0.6510668563300143 0.34270101483216237 0.6509246088193457 0.34289617486338797
0 0.8614509246088193 0.33430913348946134 0.6574679943100996 0.33430913348946134 0.657325746799431 0.10304449648711944 0.8614509246088193 0.10284933645589384 0.8615931721194879 0.33411397345823574 0.8614509246088193 0.33430913348946134
0 0.22816500711237553 0.36787665886026544 0.14765291607396872 0.36787665886026544 0.14751066856330014 0.2498048399687744 0.1965860597439545 0.2496096799375488 0.19672830725462304 0.2419984387197502 0.22816500711237553 0.24180327868852458 0.2283072546230441 0.36768149882903983 0.22816500711237553 0.36787665886026544
0 0.2352773826458037 0.36787665886026544 0.23470839260312945 0.36787665886026544 0.23456614509246088 0.27439500390320065 0.2352773826458037 0.27419984387197505 0.23541963015647227 0.36768149882903983 0.2352773826458037 0.36787665886026544
0 0.3994310099573257 0.4572599531615925 0.2352773826458037 0.4572599531615925 0.23513513513513515 0.38212334113973456 0.23541963015647227 0.38173302107728335 0.23541963015647227 0.27439500390320065 0.2901849217638691 0.27419984387197505 0.2903271692745377 0.34192037470725994 0.3994310099573257 0.34211553473848555 0.3995732574679943 0.4570647931303669 0.3994310099573257 0.4572599531615925
0 0.6506401137980086 0.4572599531615925 0.4059743954480797 0.4572599531615925 0.40583214793741107 0.34231069476971115 0.5516358463726885 0.34211553473848555 0.5519203413940256 0.34289617486338797 0.6506401137980086 0.34289617486338797 0.6507823613086771 0.4570647931303669 0.6506401137980086 0.4572599531615925
0 0.8614509246088193 0.6169008587041374 0.6847795163584637 0.6169008587041374 0.6846372688477952 0.46604215456674475 0.7109530583214794 0.46584699453551914 0.711095305832148 0.4574551131928181 0.6509246088193457 0.4572599531615925 0.6507823613086771 0.3430913348946136 0.8614509246088193 0.34289617486338797 0.8615931721194879 0.6167056986729118 0.8614509246088193 0.6169008587041374
0 0.2887624466571835 0.6192427790788446 0.14765291607396872 0.6192427790788446 0.14751066856330014 0.38134270101483214 0.22588904694167852 0.38114754098360654 0.22603129445234707 0.46916471506635443 0.2887624466571835 0.46935987509758004 0.2889046941678521 0.6190476190476191 0.2887624466571835 0.6192427790788446
0 0.4896159317211949 0.6192427790788446 0.29815078236130865 0.6192427790788446 0.2980085348506401 0.46604215456674475 0.4896159317211949 0.46584699453551914 0.48975817923186343 0.6190476190476191 0.4896159317211949 0.6192427790788446
0 0.5633001422475107 0.5403981264637002 0.49473684210526314 0.5403981264637002 0.4945945945945946 0.46604215456674475 0.5633001422475107 0.46584699453551914 0.5634423897581793 0.5402029664324747 0.5633001422475107 0.5403981264637002
0 0.6782361308677098 0.5403981264637002 0.568705547652916 0.5403981264637002 0.5685633001422475 0.46604215456674475 0.6782361308677098 0.46584699453551914 0.6783783783783783 0.5402029664324747 0.6782361308677098 0.5403981264637002
0 0.2822190611664296 0.9603825136612022 0.2817923186344239 0.9601873536299765 0.2817923186344239 0.7380952380952381 0.5075391180654338 0.7379000780640125 0.5076813655761024 0.9594067135050741 0.28250355618776674 0.9596018735362998 0.2822190611664296 0.9603825136612022
0 0.1411095305832148 0.9615534738485558 0.14096728307254622 0.7517564402810304 0.27539118065433854 0.7515612802498048 0.2755334281650071 0.9601873536299765 0.2085348506401138 0.9603825136612022 0.20825035561877667 0.9607728337236534 0.14139402560455192 0.9607728337236534 0.1411095305832148 0.9615534738485558