0 0.8440366972477065 0.14610817941952506 0.19954128440366972 0.14610817941952506 0.19915902140672784 0.08245382585751979 0.8440366972477065 0.08212401055408972 0.8444189602446484 0.145778364116095 0.8440366972477065 0.14610817941952506
0 0.45565749235474007 0.3486147757255937 0.19954128440366972 0.3486147757255937 0.19915902140672784 0.1503957783641161 0.45565749235474007 0.150065963060686 0.45603975535168195 0.3482849604221636 0.45565749235474007 0.3486147757255937
0 0.6888379204892966 0.4205145118733509 0.19954128440366972 0.4205145118733509 0.19915902140672784 0.35883905013192613 0.5764525993883792 0.35850923482849606 0.5768348623853211 0.3891820580474934 0.5894495412844036 0.38951187335092347 0.5898318042813455 0.27308707124010556 0.4610091743119266 0.27275725593667544 0.46062691131498473 0.1503957783641161 0.8440366972477065 0.150065963060686 0.8444189602446484 0.34894459102902375 0.6330275229357798 0.3492744063324538 0.6326452599388379 0.3891820580474934 0.6444954128440367 0.38951187335092347 0.6448776758409785 0.35883905013192613 0.6888379204892966 0.35850923482849606 0.6892201834862385 0.42018469656992086 0.6888379204892966 0.4205145118733509
0 0.5833333333333334 0.3486147757255937 0.4610091743119266 0.3486147757255937 0.46062691131498473 0.2770448548812665 0.5833333333333334 0.2767150395778364 0.5837155963302753 0.3482849604221636 0.5833333333333334 0.3486147757255937
0 0.8440366972477065 0.4205145118733509 0.7025993883792049 0.4205145118733509 0.702217125382263 0.35422163588390504 0.8440366972477065 0.3538918205804749 0.8444189602446484 0.42018469656992086 0.8440366972477065 0.4205145118733509
0 0.29357798165137616 0.5880606860158312 0.19801223241590213 0.5880606860158312 0.19762996941896024 0.5270448548812665 0.29357798165137616 0.5267150395778364 0.29396024464831805 0.587730870712401 0.29357798165137616 0.5880606860158312
0 0.6422018348623854 0.6876649076517151 0.2981651376146789 0.6876649076517151 0.297782874617737 0.5270448548812665 0.6422018348623854 0.5267150395778364 0.6425840978593272 0.6873350923482849 0.6422018348623854 0.6876649076517151
0 0.7033639143730887 0.6876649076517151 0.6467889908256881 0.6876649076517151 0.6464067278287462 0.5270448548812665 0.8440366972477065 0.5267150395778364 0.8444189602446484 0.6787598944591029 0.7041284403669725 0.679089709762533 0.7037461773700305 0.6873350923482849 0.7033639143730887 0.6876649076517151
0 0.29357798165137616 0.6876649076517151 0.19801223241590213 0.6876649076517151 0.19762996941896024 0.591688654353562 0.29357798165137616 0.591358839050132 0.29396024464831805 0.6873350923482849 0.29357798165137616 0.6876649076517151
0 0.8440366972477065 0.8631266490765171 0.7079510703363915 0.8631266490765171 0.7075688073394495 0.6827176781002638 0.8440366972477065 0.6823878627968337 0.8444189602446484 0.862796833773087 0.8440366972477065 0.8631266490765171
0 0.2874617737003058 0.8631266490765171 0.19801223241590213 0.8631266490765171 0.19762996941896024 0.7427440633245382 0.2301223241590214 0.7424142480211082 0.2305045871559633 0.7394459102902374 0.19801223241590213 0.7391160949868074 0.19762996941896024 0.691952506596306 0.2874617737003058 0.691622691292876 0.28784403669724773 0.862796833773087 0.2874617737003058 0.8631266490765171
0 0.4969418960244648 0.8631266490765171 0.29281345565749234 0.8631266490765171 0.29243119266055045 0.691952506596306 0.4969418960244648 0.691622691292876 0.49732415902140675 0.862796833773087 0.4969418960244648 0.8631266490765171
0 0.6337920489296636 0.8631266490765171 0.5015290519877675 0.8631266490765171 0.5011467889908257 0.691952506596306 0.7033639143730887 0.691622691292876 0.7037461773700305 0.7394459102902374 0.6345565749235474 0.7397757255936676 0.6341743119266054 0.862796833773087 0.6337920489296636 0.8631266490765171
0 0.7033639143730887 0.7951846965699209 0.6383792048929664 0.7951846965699209 0.6379969418960245 0.7434036939313984 0.7033639143730887 0.7430738786279684 0.7037461773700305 0.7948548812664907 0.7033639143730887 0.7951846965699209
0 0.7033639143730887 0.8631266490765171 0.6383792048929664 0.8631266490765171 0.6379969418960245 0.7988126649076517 0.7033639143730887 0.7984828496042217 0.7037461773700305 0.862796833773087 0.7033639143730887 0.8631266490765171