0 0.225414364640884 0.4567233384853168 0.056353591160221 0.4567233384853168 0.05580110497237569 0.26584234930448225 0.225414364640884 0.2650695517774343 0.22596685082872928 0.4559505409582689 0.225414364640884 0.4567233384853168
0 0.3370165745856354 0.4567233384853168 0.24419889502762432 0.4567233384853168 0.243646408839779 0.2735703245749614 0.3370165745856354 0.27279752704791344 0.33756906077348064 0.4559505409582689 0.3370165745856354 0.4567233384853168
0 0.6508287292817679 0.5324574961360123 0.3469613259668508 0.5324574961360123 0.34640883977900555 0.2735703245749614 0.6508287292817679 0.27279752704791344 0.6513812154696133 0.5316846986089645 0.6508287292817679 0.5324574961360123
0 0.932596685082873 0.5324574961360123 0.6519337016574586 0.5324574961360123 0.6513812154696133 0.2735703245749614 0.932596685082873 0.27279752704791344 0.9331491712707183 0.5316846986089645 0.932596685082873 0.5324574961360123
0 0.225414364640884 0.8122102009273571 0.056353591160221 0.8122102009273571 0.05580110497237569 0.4667697063369397 0.225414364640884 0.4659969088098918 0.22596685082872928 0.8114374034003091 0.225414364640884 0.8122102009273571
0 0.3370165745856354 0.6035548686244204 0.24419889502762432 0.6035548686244204 0.243646408839779 0.4667697063369397 0.3370165745856354 0.4659969088098918 0.33756906077348064 0.6027820710973725 0.3370165745856354 0.6035548686244204
0 0.7392265193370166 0.7148377125193199 0.574585635359116 0.7148377125193199 0.5740331491712707 0.5332302936630603 0.7392265193370166 0.5324574961360123 0.7397790055248619 0.714064914992272 0.7392265193370166 0.7148377125193199
0 0.5679558011049723 0.8029366306027821 0.33812154696132596 0.8029366306027821 0.33756906077348064 0.615146831530139 0.34585635359116024 0.6143740340030912 0.34640883977900555 0.5965996908809892 0.36685082872928176 0.5958268933539412 0.3674033149171271 0.5409582689335394 0.5679558011049723 0.5401854714064915 0.5685082872928177 0.8021638330757341 0.5679558011049723 0.8029366306027821
0 0.932596685082873 0.8029366306027821 0.7469613259668508 0.8029366306027821 0.7464088397790055 0.5409582689335394 0.932596685082873 0.5401854714064915 0.9331491712707183 0.8021638330757341 0.932596685082873 0.8029366306027821
0 0.3292817679558011 0.8029366306027821 0.24419889502762432 0.8029366306027821 0.243646408839779 0.615146831530139 0.3292817679558011 0.6143740340030912 0.3298342541436464 0.8021638330757341 0.3292817679558011 0.8029366306027821
0 0.6464088397790055 0.8029366306027821 0.574585635359116 0.8029366306027821 0.5740331491712707 0.723338485316847 0.6464088397790055 0.7225656877897991 0.6469613259668509 0.8021638330757341 0.6464088397790055 0.8029366306027821
0 0.7392265193370166 0.8029366306027821 0.6541436464088398 0.8029366306027821 0.6535911602209945 0.723338485316847 0.7392265193370166 0.7225656877897991 0.7397790055248619 0.8021638330757341 0.7392265193370166 0.8029366306027821