0 0.20408163265306123 0.2796875 0.05170068027210884 0.2796875 0.05102040816326531 0.119375 0.3673469387755102 0.1190625 0.36802721088435375 0.189375 0.2680272108843537 0.1896875 0.26598639455782314 0.190625 0.2653061224489796 0.1915625 0.26326530612244897 0.191875 0.26258503401360545 0.1928125 0.25918367346938775 0.19375 0.2585034013605442 0.1946875 0.2564625850340136 0.195 0.25578231292517006 0.1959375 0.2537414965986395 0.19625 0.2530612244897959 0.1971875 0.24965986394557824 0.198125 0.24897959183673468 0.1990625 0.24693877551020407 0.199375 0.24625850340136055 0.2003125 0.24421768707482994 0.200625 0.24353741496598638 0.2015625 0.24013605442176872 0.2025 0.23945578231292516 0.2034375 0.23741496598639455 0.20375 0.23673469387755103 0.2046875 0.23061224489795917 0.206875 0.22993197278911565 0.2078125 0.22789115646258504 0.208125 0.2272108843537415 0.2090625 0.22108843537414966 0.21125 0.22040816326530613 0.2121875 0.21836734693877552 0.2125 0.21768707482993196 0.2134375 0.21428571428571427 0.214375 0.21360544217687075 0.2153125 0.21156462585034014 0.215625 0.2108843537414966 0.2165625 0.20884353741496597 0.216875 0.20816326530612245 0.2178125 0.20476190476190476 0.21875 0.20476190476190476 0.279375 0.20408163265306123 0.2796875
0 0.6625850340136055 0.2796875 0.3768707482993197 0.2796875 0.3761904761904762 0.119375 0.6625850340136055 0.1190625 0.6632653061224489 0.279375 0.6625850340136055 0.2796875
0 0.9551020408163265 0.3071875 0.7700680272108843 0.3071875 0.7693877551020408 0.28 0.673469387755102 0.2796875 0.6727891156462585 0.119375 0.9551020408163265 0.1190625 0.95578231292517 0.306875 0.9551020408163265 0.3071875
0 0.36054421768707484 0.2765625 0.2217687074829932 0.2765625 0.22108843537414966 0.216875 0.22380952380952382 0.21625 0.22448979591836735 0.2153125 0.22789115646258504 0.214375 0.22857142857142856 0.2134375 0.23061224489795917 0.213125 0.23129251700680273 0.2121875 0.23333333333333334 0.211875 0.23537414965986395 0.2103125 0.23741496598639455 0.21 0.23809523809523808 0.2090625 0.24013605442176872 0.20875 0.24081632653061225 0.2078125 0.24421768707482994 0.206875 0.24489795918367346 0.2059375 0.24693877551020407 0.205625 0.24761904761904763 0.2046875 0.24965986394557824 0.204375 0.2503401360544218 0.2034375 0.2537414965986395 0.2025 0.254421768707483 0.2015625 0.2564625850340136 0.20125 0.2571428571428571 0.2003125 0.25918367346938775 0.2 0.2598639455782313 0.1990625 0.26326530612244897 0.198125 0.2639455782312925 0.1971875 0.26666666666666666 0.1965625 0.36054421768707484 0.1965625 0.36122448979591837 0.27625 0.36054421768707484 0.2765625
0 0.3673469387755102 0.4409375 0.05170068027210884 0.4409375 0.05102040816326531 0.283125 0.3673469387755102 0.2828125 0.36802721088435375 0.440625 0.3673469387755102 0.4409375
0 0.7591836734693878 0.3771875 0.3687074829931973 0.3771875 0.36802721088435375 0.31125 0.37551020408163266 0.3109375 0.3761904761904762 0.283125 0.7591836734693878 0.2828125 0.7598639455782313 0.376875 0.7591836734693878 0.3771875
0 0.9551020408163265 0.3771875 0.7700680272108843 0.3771875 0.7693877551020408 0.3075 0.9551020408163265 0.3071875 0.95578231292517 0.376875 0.9551020408163265 0.3771875
0 0.9551020408163265 0.5740625 0.6054421768707483 0.5740625 0.6047619047619047 0.3775 0.7591836734693878 0.3771875 0.7598639455782313 0.38 0.9551020408163265 0.3803125 0.95578231292517 0.57375 0.9551020408163265 0.5740625
0 0.4775510204081633 0.4409375 0.3768707482993197 0.4409375 0.3761904761904762 0.380625 0.4775510204081633 0.3803125 0.4782312925170068 0.440625 0.4775510204081633 0.4409375
0 0.5945578231292517 0.4409375 0.48707482993197276 0.4409375 0.48639455782312924 0.380625 0.5945578231292517 0.3803125 0.5952380952380952 0.440625 0.5945578231292517 0.4409375
0 0.3224489795918367 0.9753125 0.04897959183673469 0.9753125 0.04829931972789116 0.88125 0.3224489795918367 0.8809375 0.3231292517006803 0.975 0.3224489795918367 0.9753125