0 0.25728155339805825 0.6941287878787878 0.1650485436893204 0.6941287878787878 0.16464401294498382 0.4734848484848485 0.15008090614886732 0.4393939393939394 0.13673139158576053 0.40625 0.03478964401294499 0.40625 0.034385113268608415 0.05303030303030303 0.18446601941747573 0.052083333333333336 0.1848705501618123 0.14393939393939395 0.18851132686084143 0.14488636363636365 0.18891585760517798 0.05303030303030303 0.2588996763754045 0.052083333333333336 0.2593042071197411 0.2840909090909091 0.2601132686084142 0.2859848484848485 0.2601132686084142 0.38257575757575757 0.2580906148867314 0.3835227272727273 0.2576860841423948 0.4981060606060606 0.24433656957928804 0.4990530303030303 0.24393203883495146 0.5984848484848485 0.25728155339805825 0.5994318181818182 0.2576860841423948 0.6931818181818182 0.25728155339805825 0.6941287878787878
0 0.4684466019417476 0.5255681818181818 0.2758899676375405 0.5255681818181818 0.27548543689320387 0.5 0.2621359223300971 0.4990530303030303 0.26173139158576053 0.38446969696969696 0.2601132686084142 0.38257575757575757 0.2601132686084142 0.2859848484848485 0.2621359223300971 0.2850378787878788 0.26254045307443363 0.05303030303030303 0.4684466019417476 0.052083333333333336 0.46885113268608414 0.5246212121212122 0.4684466019417476 0.5255681818181818
0 0.6488673139158576 0.15625 0.517799352750809 0.15625 0.5173948220064725 0.058712121212121215 0.6488673139158576 0.05776515151515151 0.6492718446601942 0.1553030303030303 0.6488673139158576 0.15625
0 0.8074433656957929 0.3645833333333333 0.6553398058252428 0.3645833333333333 0.6549352750809061 0.058712121212121215 0.7435275080906149 0.05776515151515151 0.7439320388349514 0.2821969696969697 0.8074433656957929 0.2831439393939394 0.8078478964401294 0.36363636363636365 0.8074433656957929 0.3645833333333333
0 0.9506472491909385 0.1581439393939394 0.75 0.1581439393939394 0.7495954692556634 0.058712121212121215 0.9506472491909385 0.05776515151515151 0.9510517799352751 0.1571969696969697 0.9506472491909385 0.1581439393939394
0 0.6027508090614887 0.5880681818181818 0.517799352750809 0.5880681818181818 0.5173948220064725 0.17045454545454544 0.6488673139158576 0.16950757575757575 0.6492718446601942 0.36363636363636365 0.6035598705501618 0.3645833333333333 0.6031553398058253 0.5871212121212122 0.6027508090614887 0.5880681818181818
0 0.8074433656957929 0.2755681818181818 0.7475728155339806 0.2755681818181818 0.747168284789644 0.17045454545454544 0.8074433656957929 0.16950757575757575 0.8078478964401294 0.2746212121212121 0.8074433656957929 0.2755681818181818
0 0.9506472491909385 0.5975378787878788 0.8131067961165048 0.5975378787878788 0.8127022653721683 0.17045454545454544 0.9506472491909385 0.16950757575757575 0.9510517799352751 0.5965909090909091 0.9506472491909385 0.5975378787878788
0 0.7419093851132686 0.7073863636363636 0.6779935275080906 0.7073863636363636 0.6775889967637541 0.5890151515151515 0.6084142394822006 0.5880681818181818 0.6080097087378641 0.375 0.7419093851132686 0.3740530303030303 0.7423139158576052 0.5075757575757576 0.7273462783171522 0.5085227272727273 0.7269417475728155 0.6060606060606061 0.7419093851132686 0.6070075757575758 0.7423139158576052 0.7064393939393939 0.7419093851132686 0.7073863636363636
0 0.8074433656957929 0.540719696969697 0.7597087378640777 0.540719696969697 0.7593042071197411 0.509469696969697 0.7467637540453075 0.5085227272727273 0.7463592233009708 0.375 0.8074433656957929 0.3740530303030303 0.8078478964401294 0.5397727272727273 0.8074433656957929 0.540719696969697
0 0.1593851132686084 0.6941287878787878 0.03478964401294499 0.6941287878787878 0.034385113268608415 0.4166666666666667 0.1343042071197411 0.41571969696969696 0.13511326860841424 0.41950757575757575 0.14279935275080907 0.4356060606060606 0.15088996763754045 0.4564393939393939 0.159789644012945 0.4791666666666667 0.159789644012945 0.6931818181818182 0.1593851132686084 0.6941287878787878
0 0.3422330097087379 0.6941287878787878 0.2621359223300971 0.6941287878787878 0.26173139158576053 0.6003787878787878 0.2750809061488673 0.5994318181818182 0.27548543689320387 0.5378787878787878 0.3422330097087379 0.5369318181818182 0.34263754045307443 0.5511363636363636 0.3434466019417476 0.553030303030303 0.3434466019417476 0.6268939393939394 0.34263754045307443 0.6287878787878788 0.34263754045307443 0.6931818181818182 0.3422330097087379 0.6941287878787878
0 0.4684466019417476 0.6941287878787878 0.34627831715210355 0.6941287878787878 0.345873786407767 0.6287878787878788 0.34385113268608414 0.6278409090909091 0.3434466019417476 0.553030303030303 0.3454692556634304 0.5520833333333334 0.345873786407767 0.5378787878787878 0.4684466019417476 0.5369318181818182 0.46885113268608414 0.6931818181818182 0.4684466019417476 0.6941287878787878
0 0.9506472491909385 0.7073863636363636 0.7467637540453075 0.7073863636363636 0.7463592233009708 0.6079545454545454 0.7588996763754046 0.6070075757575758 0.7593042071197411 0.5549242424242424 0.8050161812297735 0.5539772727272727 0.80542071197411 0.6079545454545454 0.9506472491909385 0.6089015151515151 0.9510517799352751 0.7064393939393939 0.9506472491909385 0.7073863636363636
0 0.6715210355987055 0.7073863636363636 0.517799352750809 0.7073863636363636 0.5173948220064725 0.6022727272727273 0.6715210355987055 0.6013257575757576 0.6719255663430421 0.7064393939393939 0.6715210355987055 0.7073863636363636
0 0.2532362459546926 0.84375 0.17313915857605178 0.84375 0.1727346278317152 0.7159090909090909 0.2532362459546926 0.7149621212121212 0.2536407766990291 0.8428030303030303 0.2532362459546926 0.84375
0 0.3268608414239482 0.8058712121212122 0.2580906148867314 0.8058712121212122 0.2576860841423948 0.7159090909090909 0.3268608414239482 0.7149621212121212 0.3272653721682848 0.8049242424242424 0.3268608414239482 0.8058712121212122
0 0.3268608414239482 0.9479166666666666 0.2580906148867314 0.9479166666666666 0.2576860841423948 0.8162878787878788 0.3268608414239482 0.8153409090909091 0.3272653721682848 0.946969696969697 0.3268608414239482 0.9479166666666666
0 0.2127831715210356 0.9479166666666666 0.17313915857605178 0.9479166666666666 0.1727346278317152 0.8541666666666666 0.2127831715210356 0.853219696969697 0.21318770226537218 0.946969696969697 0.2127831715210356 0.9479166666666666
0 0.2532362459546926 0.9479166666666666 0.21844660194174756 0.9479166666666666 0.218042071197411 0.8541666666666666 0.2532362459546926 0.853219696969697 0.2536407766990291 0.946969696969697 0.2532362459546926 0.9479166666666666