0 0.17312348668280872 0.3912162162162162 0.05871670702179177 0.3912162162162162 0.05841404358353511 0.14054054054054055 0.17312348668280872 0.13986486486486485 0.17342615012106538 0.39054054054054055 0.17312348668280872 0.3912162162162162
0 0.4727602905569007 0.6533783783783784 0.2717917675544794 0.6533783783783784 0.27148910411622273 0.4837837837837838 0.17796610169491525 0.4831081081081081 0.1776634382566586 0.14054054054054055 0.36380145278450365 0.13986486486486485 0.3641041162227603 0.44324324324324327 0.3813559322033898 0.4817567567567568 0.38286924939467315 0.4837837837837838 0.3831719128329298 0.4858108108108108 0.38438256658595643 0.4871621621621622 0.4727602905569007 0.4871621621621622 0.4730629539951574 0.6527027027027027 0.4727602905569007 0.6533783783783784
0 0.4727602905569007 0.3939189189189189 0.36803874092009686 0.3939189189189189 0.3677360774818402 0.14054054054054055 0.4727602905569007 0.13986486486486485 0.4730629539951574 0.3932432432432432 0.4727602905569007 0.3939189189189189
0 0.610774818401937 0.452027027027027 0.524818401937046 0.452027027027027 0.5245157384987893 0.29864864864864865 0.523910411622276 0.2972972972972973 0.523910411622276 0.1445945945945946 0.5233050847457628 0.14324324324324325 0.7639225181598063 0.14256756756756755 0.764225181598063 0.34864864864864864 0.6725181598062954 0.3493243243243243 0.6722154963680388 0.21081081081081082 0.6652542372881356 0.21013513513513513 0.6649515738498789 0.3472972972972973 0.6386198547215496 0.34797297297297297 0.6371065375302664 0.3527027027027027 0.636501210653753 0.3554054054054054 0.6352905569007264 0.35945945945945945 0.6346852300242131 0.3621621621621622 0.6334745762711864 0.3662162162162162 0.6328692493946732 0.3689189189189189 0.6316585956416465 0.372972972972973 0.6310532687651331 0.37567567567567567 0.6298426150121066 0.37972972972972974 0.6292372881355932 0.3824324324324324 0.6280266343825666 0.3864864864864865 0.6274213075060533 0.3891891891891892 0.6262106537530266 0.3932432432432432 0.6256053268765133 0.39594594594594595 0.6256053268765133 0.39864864864864863 0.6243946731234867 0.40135135135135136 0.6231840193704601 0.40540540540540543 0.6219733656174334 0.40945945945945944 0.6207627118644068 0.4135135135135135 0.6207627118644068 0.41621621621621624 0.6195520581113801 0.4175675675675676 0.6195520581113801 0.42027027027027025 0.6189467312348669 0.42162162162162165 0.6177360774818402 0.42567567567567566 0.6171307506053268 0.4283783783783784 0.6159200968523002 0.43243243243243246 0.6153147699757869 0.43513513513513513 0.6141041162227603 0.4391891891891892 0.613498789346247 0.4418918918918919 0.6122881355932204 0.44594594594594594 0.611682808716707 0.4486486486486487 0.610774818401937 0.452027027027027
0 0.9322033898305084 0.6533783783783784 0.7451573849878934 0.6533783783783784 0.7448547215496368 0.4702702702702703 0.7693704600484261 0.46959459459459457 0.7696731234866828 0.14324324324324325 0.9322033898305084 0.14256756756756755 0.9325060532687651 0.4905405405405405 0.8486682808716707 0.4912162162162162 0.8483656174334141 0.5 0.9322033898305084 0.5006756756756757 0.9325060532687651 0.6527027027027027 0.9322033898305084 0.6533783783783784
0 0.6646489104116223 0.6533783783783784 0.524818401937046 0.6533783783783784 0.5245157384987893 0.4635135135135135 0.612590799031477 0.46283783783783783 0.613498789346247 0.4608108108108108 0.6141041162227603 0.4581081081081081 0.6153147699757869 0.4540540540540541 0.6159200968523002 0.45135135135135135 0.6171307506053268 0.4472972972972973 0.6177360774818402 0.4445945945945946 0.6183414043583535 0.4418918918918919 0.6195520581113801 0.43783783783783786 0.6207627118644068 0.4337837837837838 0.6213680387409201 0.43108108108108106 0.6213680387409201 0.4283783783783784 0.6225786924939467 0.42702702702702705 0.6225786924939467 0.4243243243243243 0.6237893462469734 0.422972972972973 0.6237893462469734 0.42027027027027025 0.6243946731234867 0.4189189189189189 0.6256053268765133 0.41486486486486485 0.6262106537530266 0.41216216216216217 0.6274213075060533 0.4081081081081081 0.6280266343825666 0.40540540540540543 0.6292372881355932 0.40135135135135136 0.6298426150121066 0.39864864864864863 0.6310532687651331 0.3945945945945946 0.6316585956416465 0.3918918918918919 0.6328692493946732 0.3878378378378378 0.6334745762711864 0.38513513513513514 0.6346852300242131 0.3810810810810811 0.6352905569007264 0.3783783783783784 0.6358958837772397 0.37567567567567567 0.6371065375302664 0.3716216216216216 0.638317191283293 0.3675675675675676 0.6389225181598063 0.36486486486486486 0.6389225181598063 0.3621621621621622 0.6401331719128329 0.3608108108108108 0.6401331719128329 0.3581081081081081 0.6410411622276029 0.3560810810810811 0.6646489104116223 0.3560810810810811 0.6649515738498789 0.6527027027027027 0.6646489104116223 0.6533783783783784
0 0.7391041162227603 0.5236486486486487 0.6725181598062954 0.5236486486486487 0.6722154963680388 0.3621621621621622 0.7391041162227603 0.3614864864864865 0.739406779661017 0.522972972972973 0.7391041162227603 0.5236486486486487
0 0.17312348668280872 0.6533783783783784 0.05811138014527845 0.6533783783783784 0.05841404358353511 0.40135135135135136 0.17312348668280872 0.4006756756756757 0.17342615012106538 0.6527027027027027 0.17312348668280872 0.6533783783783784
0 0.4727602905569007 0.4804054054054054 0.38619854721549635 0.4804054054054054 0.3677360774818402 0.4391891891891892 0.3677360774818402 0.4027027027027027 0.4727602905569007 0.40202702702702703 0.4730629539951574 0.4797297297297297 0.4727602905569007 0.4804054054054054
0 0.2675544794188862 0.6533783783783784 0.17796610169491525 0.6533783783783784 0.1776634382566586 0.4918918918918919 0.2675544794188862 0.4912162162162162 0.26785714285714285 0.6527027027027027 0.2675544794188862 0.6533783783783784
0 0.7391041162227603 0.6533783783783784 0.6725181598062954 0.6533783783783784 0.6722154963680388 0.5364864864864864 0.7391041162227603 0.5358108108108108 0.739406779661017 0.6527027027027027 0.7391041162227603 0.6533783783783784
0 0.7899515738498789 0.8966216216216216 0.6646489104116223 0.8966216216216216 0.6643462469733656 0.6716216216216216 0.7899515738498789 0.6709459459459459 0.7902542372881356 0.8959459459459459 0.7899515738498789 0.8966216216216216