0 0.6835616438356165 0.39963503649635035 0.2547945205479452 0.39963503649635035 0.2541095890410959 0.09002433090024331 0.6095890410958904 0.08941605839416059 0.6102739726027397 0.3333333333333333 0.6143835616438356 0.33698296836982966 0.6150684931506849 0.33880778588807786 0.623972602739726 0.34549878345498786 0.6246575342465753 0.347323600973236 0.6335616438356164 0.354014598540146 0.6342465753424658 0.35583941605839414 0.6431506849315068 0.36253041362530414 0.6438356164383562 0.36435523114355234 0.6527397260273973 0.3710462287104623 0.6534246575342466 0.3728710462287105 0.6623287671232877 0.3795620437956204 0.663013698630137 0.3813868613138686 0.6691780821917809 0.38564476885644766 0.6698630136986301 0.38746958637469586 0.6719178082191781 0.3880778588807786 0.6726027397260274 0.38990267639902676 0.6787671232876712 0.39416058394160586 0.6794520547945205 0.395985401459854 0.6815068493150684 0.39659367396593675 0.6821917808219178 0.3984184914841849 0.6842465753424658 0.39902676399026765 0.6835616438356165 0.39963503649635035
0 0.9246575342465754 0.39963503649635035 0.6986301369863014 0.39963503649635035 0.6198630136986302 0.32968369829683697 0.6198630136986302 0.09002433090024331 0.9246575342465754 0.08941605839416059 0.9253424657534246 0.39902676399026765 0.9246575342465754 0.39963503649635035
0 0.08493150684931507 0.23905109489051096 0.08424657534246575 0.09610705596107055 0.2410958904109589 0.09549878345498783 0.24178082191780823 0.23722627737226276 0.0863013698630137 0.23783454987834549 0.08493150684931507 0.23905109489051096
0 0.2452054794520548 0.39963503649635035 0.08904109589041095 0.39963503649635035 0.08835616438356164 0.24939172749391728 0.2452054794520548 0.24878345498783455 0.2458904109589041 0.39902676399026765 0.2452054794520548 0.39963503649635035
0 0.4876712328767123 0.774330900243309 0.38082191780821917 0.774330900243309 0.3801369863013699 0.6909975669099757 0.2965753424657534 0.6167883211678832 0.2965753424657534 0.4002433090024331 0.4520547945205479 0.39963503649635035 0.45273972602739726 0.5279805352798054 0.44726027397260276 0.5328467153284672 0.4623287671232877 0.5474452554744526 0.4643835616438356 0.5504866180048662 0.46643835616438356 0.551094890510949 0.4671232876712329 0.5529197080291971 0.4691780821917808 0.5535279805352799 0.46986301369863015 0.555352798053528 0.47191780821917806 0.5559610705596107 0.473972602739726 0.5590024330900243 0.476027397260274 0.559610705596107 0.4767123287671233 0.5614355231143552 0.47876712328767124 0.5620437956204379 0.49383561643835616 0.5766423357664233 0.5089041095890411 0.5912408759124088 0.5095890410958904 0.593065693430657 0.5116438356164383 0.5936739659367397 0.5123287671232877 0.5954987834549879 0.5143835616438356 0.5961070559610706 0.5150684931506849 0.5979318734793188 0.5171232876712328 0.5985401459854015 0.5191780821917809 0.601581508515815 0.5212328767123288 0.6021897810218978 0.5219178082191781 0.6040145985401459 0.523972602739726 0.6046228710462287 0.5246575342465754 0.6064476885644768 0.6123287671232877 0.6064476885644768 0.613013698630137 0.7043795620437956 0.563013698630137 0.7049878345498783 0.5253424657534247 0.7384428223844283 0.48835616438356166 0.7725060827250608 0.4876712328767123 0.774330900243309
0 0.9246575342465754 0.5979318734793188 0.5287671232876713 0.5979318734793188 0.5232876712328767 0.5918491484184915 0.5212328767123288 0.5912408759124088 0.5205479452054794 0.5894160583941606 0.5184931506849315 0.5888077858880778 0.5136986301369864 0.5833333333333334 0.5116438356164383 0.5827250608272506 0.5075342465753425 0.5778588807785888 0.5068493150684932 0.5760340632603407 0.49794520547945204 0.5693430656934306 0.49726027397260275 0.5675182481751825 0.4910958904109589 0.5632603406326034 0.47191780821917806 0.5450121654501217 0.4684931506849315 0.5407542579075426 0.46643835616438356 0.5401459854014599 0.4657534246575342 0.5383211678832117 0.4636986301369863 0.537712895377129 0.4589041095890411 0.5322384428223844 0.45684931506849313 0.5316301703163017 0.45616438356164385 0.5298053527980535 0.4541095890410959 0.5291970802919708 0.45273972602739726 0.5267639902676399 0.45273972602739726 0.4002433090024331 0.684931506849315 0.39963503649635035 0.6883561643835616 0.402676399026764 0.689041095890411 0.40450121654501214 0.6910958904109589 0.4051094890510949 0.6917808219178082 0.40693430656934304 0.6945205479452055 0.4081508515815085 0.9246575342465754 0.4081508515815085 0.9253424657534246 0.597323600973236 0.9246575342465754 0.5979318734793188
0 0.28904109589041094 0.6173965936739659 0.08493150684931507 0.6173965936739659 0.08424657534246575 0.4075425790754258 0.28904109589041094 0.40693430656934304 0.2897260273972603 0.4659367396593674 0.21232876712328766 0.46654501216545013 0.21164383561643835 0.4720194647201946 0.28904109589041094 0.4726277372262774 0.2897260273972603 0.6167883211678832 0.28904109589041094 0.6173965936739659
0 0.9246575342465754 0.8789537712895377 0.6219178082191781 0.8789537712895377 0.6212328767123287 0.6070559610705596 0.9246575342465754 0.6064476885644768 0.9253424657534246 0.878345498783455 0.9246575342465754 0.8789537712895377
0 0.37123287671232874 0.8789537712895377 0.08493150684931507 0.8789537712895377 0.08424657534246575 0.6265206812652068 0.29315068493150687 0.6259124087591241 0.2945205479452055 0.6271289537712895 0.2965753424657534 0.6277372262773723 0.29726027397260274 0.6295620437956204 0.2993150684931507 0.6301703163017032 0.3 0.6319951338199513 0.30205479452054795 0.6326034063260341 0.3041095890410959 0.6356447688564477 0.3061643835616438 0.6362530413625304 0.30684931506849317 0.6380778588807786 0.3089041095890411 0.6386861313868614 0.3095890410958904 0.6405109489051095 0.3116438356164384 0.6411192214111923 0.3136986301369863 0.6441605839416058 0.31575342465753425 0.6447688564476886 0.31643835616438354 0.6465936739659367 0.3184931506849315 0.6472019464720195 0.31917808219178084 0.6490267639902676 0.32123287671232875 0.6496350364963503 0.3232876712328767 0.652676399026764 0.3253424657534247 0.6532846715328468 0.32602739726027397 0.6551094890510949 0.32808219178082193 0.6557177615571776 0.3287671232876712 0.6575425790754258 0.3308219178082192 0.6581508515815085 0.33287671232876714 0.6611922141119222 0.33493150684931505 0.6618004866180048 0.3356164383561644 0.6636253041362531 0.3376712328767123 0.6642335766423357 0.3424657534246575 0.6697080291970803 0.3445205479452055 0.670316301703163 0.3452054794520548 0.6721411192214112 0.34726027397260273 0.6727493917274939 0.35205479452054794 0.6782238442822385 0.3541095890410959 0.6788321167883211 0.3547945205479452 0.6806569343065694 0.35684931506849316 0.681265206812652 0.36164383561643837 0.6867396593673966 0.3636986301369863 0.6873479318734793 0.3643835616438356 0.6891727493917275 0.3664383561643836 0.6897810218978102 0.3698630136986301 0.6940389294403893 0.3719178082191781 0.694647201946472 0.3719178082191781 0.7737226277372263 0.37054794520547946 0.7749391727493917 0.37054794520547946 0.781021897810219 0.3719178082191781 0.7822384428223844 0.3719178082191781 0.878345498783455 0.37123287671232874 0.8789537712895377
0 0.6123287671232877 0.8789537712895377 0.49726027397260275 0.8789537712895377 0.4965753424657534 0.7822384428223844 0.49794520547945204 0.781021897810219 0.49794520547945204 0.7761557177615572 0.5212328767123288 0.7554744525547445 0.5219178082191781 0.7536496350364964 0.523972602739726 0.7530413625304136 0.5246575342465754 0.7512165450121655 0.5267123287671233 0.7506082725060828 0.5315068493150685 0.7451338199513382 0.5335616438356164 0.7445255474452555 0.5342465753424658 0.7427007299270073 0.5363013698630137 0.7420924574209246 0.541095890410959 0.73661800486618 0.5431506849315069 0.7360097323600974 0.5472602739726027 0.7311435523114356 0.547945205479452 0.7293187347931873 0.5568493150684931 0.7226277372262774 0.5575342465753425 0.7208029197080292 0.5664383561643835 0.7141119221411192 0.5671232876712329 0.712287104622871 0.6123287671232877 0.712287104622871 0.613013698630137 0.878345498783455 0.6123287671232877 0.8789537712895377
0 0.4876712328767123 0.8789537712895377 0.38082191780821917 0.8789537712895377 0.3801369863013699 0.7822384428223844 0.4876712328767123 0.7816301703163017 0.48835616438356166 0.878345498783455 0.4876712328767123 0.8789537712895377