0 0.20681265206812652 0.3879837067209776 0.0340632603406326 0.3879837067209776 0.032846715328467155 0.11608961303462322 0.2822384428223844 0.11507128309572301 0.28345498783454987 0.1894093686354379 0.20924574209245742 0.19042769857433808 0.20802919708029197 0.3869653767820774 0.20681265206812652 0.3879837067209776
0 0.43309002433090027 0.4287169042769857 0.21654501216545013 0.4287169042769857 0.21532846715328466 0.3971486761710794 0.22141119221411193 0.39613034623217924 0.22262773722627738 0.3890020366598778 0.21654501216545013 0.3879837067209776 0.21532846715328466 0.20162932790224034 0.2944038929440389 0.20061099796334012 0.2956204379562044 0.11608961303462322 0.43309002433090027 0.11507128309572301 0.4343065693430657 0.42769857433808556 0.43309002433090027 0.4287169042769857
0 0.9902676399026764 0.4775967413441955 0.6472019464720195 0.4775967413441955 0.6459854014598541 0.43380855397148677 0.5401459854014599 0.43279022403258655 0.537712895377129 0.4287169042769857 0.43552311435523117 0.4287169042769857 0.4343065693430657 0.11608961303462322 0.9902676399026764 0.11507128309572301 0.9914841849148418 0.47657841140529533 0.9902676399026764 0.4775967413441955
0 0.20681265206812652 0.554989816700611 0.0340632603406326 0.554989816700611 0.032846715328467155 0.3971486761710794 0.20681265206812652 0.39613034623217924 0.20802919708029197 0.5539714867617108 0.20681265206812652 0.554989816700611
0 0.6982968369829684 0.6934826883910387 0.5352798053527981 0.6934826883910387 0.5340632603406326 0.6232179226069247 0.5218978102189781 0.6130346232179226 0.5121654501216545 0.6028513238289206 0.5109489051094891 0.59979633401222 0.5072992700729927 0.5987780040733197 0.4975669099756691 0.5885947046843177 0.4878345498783455 0.5784114052953157 0.48661800486618007 0.575356415478615 0.4829683698296837 0.5743380855397149 0.4781021897810219 0.5682281059063137 0.4768856447688564 0.5651731160896131 0.4732360097323601 0.5641547861507128 0.4610705596107056 0.5519348268839104 0.45012165450121655 0.5407331975560081 0.3722627737226277 0.5407331975560081 0.3710462287104623 0.43584521384928715 0.537712895377129 0.434826883910387 0.5401459854014599 0.43279022403258655 0.6447688564476886 0.43279022403258655 0.6459854014598541 0.48676171079429736 0.6982968369829684 0.48778004073319753 0.6995133819951338 0.6924643584521385 0.6982968369829684 0.6934826883910387
0 0.36253041362530414 0.5407331975560081 0.21654501216545013 0.5407331975560081 0.21532846715328466 0.43584521384928715 0.36253041362530414 0.434826883910387 0.3637469586374696 0.539714867617108 0.36253041362530414 0.5407331975560081
0 0.9902676399026764 0.8075356415478615 0.7128953771289538 0.8075356415478615 0.7116788321167883 0.48879837067209775 0.9902676399026764 0.48778004073319753 0.9914841849148418 0.8065173116089613 0.9902676399026764 0.8075356415478615
0 0.5231143552311436 0.8075356415478615 0.21654501216545013 0.8075356415478615 0.21532846715328466 0.5478615071283096 0.44525547445255476 0.5468431771894093 0.451338199513382 0.5519348268839104 0.4610705596107056 0.5621181262729125 0.46228710462287104 0.5651731160896131 0.4659367396593674 0.5661914460285132 0.4781021897810219 0.5784114052953157 0.4878345498783455 0.5885947046843177 0.48905109489051096 0.5916496945010183 0.4927007299270073 0.5926680244399185 0.5024330900243309 0.6028513238289206 0.5121654501216545 0.6130346232179226 0.51338199513382 0.6160896130346232 0.5170316301703163 0.6171079429735234 0.524330900243309 0.6252545824847251 0.524330900243309 0.8065173116089613 0.5231143552311436 0.8075356415478615
0 0.20681265206812652 0.675152749490835 0.0340632603406326 0.675152749490835 0.032846715328467155 0.5621181262729125 0.20681265206812652 0.5610997963340122 0.20802919708029197 0.6741344195519349 0.20681265206812652 0.675152749490835
0 0.20681265206812652 0.8075356415478615 0.0340632603406326 0.8075356415478615 0.032846715328467155 0.6843177189409368 0.20681265206812652 0.6832993890020367 0.20802919708029197 0.8065173116089613 0.20681265206812652 0.8075356415478615
0 0.6982968369829684 0.8075356415478615 0.5352798053527981 0.8075356415478615 0.5340632603406326 0.7026476578411406 0.6982968369829684 0.7016293279022403 0.6995133819951338 0.8065173116089613 0.6982968369829684 0.8075356415478615
0 0.34549878345498786 0.9460285132382892 0.024330900243309004 0.9460285132382892 0.023114355231143552 0.8329938900203666 0.34549878345498786 0.8319755600814664 0.3467153284671533 0.945010183299389 0.34549878345498786 0.9460285132382892