0 0.226890756302521 0.29044117647058826 0.029411764705882353 0.29044117647058826 0.0273109243697479 0.20588235294117646 0.226890756302521 0.2051470588235294 0.22899159663865545 0.2897058823529412 0.226890756302521 0.29044117647058826
0 0.5210084033613446 0.29926470588235293 0.24369747899159663 0.29926470588235293 0.2415966386554622 0.20588235294117646 0.5210084033613446 0.2051470588235294 0.523109243697479 0.2985294117647059 0.5210084033613446 0.29926470588235293
0 0.9705882352941176 0.4566176470588235 0.5336134453781513 0.4566176470588235 0.5315126050420168 0.20588235294117646 0.9705882352941176 0.2051470588235294 0.9726890756302521 0.45588235294117646 0.9705882352941176 0.4566176470588235
0 0.226890756302521 0.44485294117647056 0.029411764705882353 0.44485294117647056 0.0273109243697479 0.29411764705882354 0.226890756302521 0.2933823529411765 0.22899159663865545 0.4441176470588235 0.226890756302521 0.44485294117647056
0 0.5210084033613446 0.40808823529411764 0.24369747899159663 0.40808823529411764 0.2415966386554622 0.3 0.5210084033613446 0.29926470588235293 0.523109243697479 0.4073529411764706 0.5210084033613446 0.40808823529411764
0 0.5882352941176471 0.6080882352941176 0.3739495798319328 0.6080882352941176 0.37184873949579833 0.49411764705882355 0.24369747899159663 0.4933823529411765 0.2415966386554622 0.41323529411764703 0.5294117647058824 0.4125 0.5315126050420168 0.45588235294117646 0.523109243697479 0.4573529411764706 0.5252100840336135 0.45955882352941174 0.5882352941176471 0.45955882352941174 0.5903361344537815 0.6073529411764705 0.5882352941176471 0.6080882352941176
0 0.226890756302521 0.4933823529411765 0.029411764705882353 0.4933823529411765 0.0273109243697479 0.45 0.226890756302521 0.44926470588235295 0.22899159663865545 0.49264705882352944 0.226890756302521 0.4933823529411765
0 0.9705882352941176 0.6536764705882353 0.6008403361344538 0.6536764705882353 0.5987394957983193 0.4602941176470588 0.9705882352941176 0.45955882352941174 0.9726890756302521 0.6529411764705882 0.9705882352941176 0.6536764705882353
0 0.35714285714285715 0.6536764705882353 0.029411764705882353 0.6536764705882353 0.0273109243697479 0.4970588235294118 0.35714285714285715 0.4963235294117647 0.3592436974789916 0.6529411764705882 0.35714285714285715 0.6536764705882353
0 0.5882352941176471 0.6536764705882353 0.3739495798319328 0.6536764705882353 0.37184873949579833 0.6132352941176471 0.5882352941176471 0.6125 0.5903361344537815 0.6529411764705882 0.5882352941176471 0.6536764705882353
0 0.9873949579831933 0.9963235294117647 0.7857142857142857 0.9963235294117647 0.7836134453781513 0.85 0.9873949579831933 0.8492647058823529 0.9894957983193278 0.9955882352941177 0.9873949579831933 0.9963235294117647