0 0.39276485788113696 0.39829545454545456 0.10981912144702842 0.39829545454545456 0.10917312661498708 0.1784090909090909 0.39276485788113696 0.17784090909090908 0.39341085271317827 0.3977272727272727 0.39276485788113696 0.39829545454545456
0 0.710594315245478 0.5289772727272727 0.4018087855297158 0.5289772727272727 0.4011627906976744 0.29545454545454547 0.39405684754521964 0.2948863636363636 0.39341085271317827 0.1784090909090909 0.710594315245478 0.17784090909090908 0.7112403100775194 0.5284090909090909 0.710594315245478 0.5289772727272727
0 0.8281653746770026 0.4471590909090909 0.7209302325581395 0.4471590909090909 0.7202842377260982 0.1784090909090909 0.9444444444444444 0.17784090909090908 0.9450904392764858 0.40454545454545454 0.8294573643410853 0.40511363636363634 0.8288113695090439 0.4465909090909091 0.8281653746770026 0.4471590909090909
0 0.39276485788113696 0.5289772727272727 0.10852713178294573 0.5289772727272727 0.10917312661498708 0.4068181818181818 0.39276485788113696 0.40625 0.39341085271317827 0.5284090909090909 0.39276485788113696 0.5289772727272727
0 0.9444444444444444 0.4948863636363636 0.838501291989664 0.4948863636363636 0.8378552971576227 0.41363636363636364 0.9444444444444444 0.41306818181818183 0.9450904392764858 0.4943181818181818 0.9444444444444444 0.4948863636363636
0 0.8281653746770026 0.5357954545454545 0.7209302325581395 0.5357954545454545 0.7202842377260982 0.4556818181818182 0.8281653746770026 0.4551136363636364 0.8288113695090439 0.5352272727272728 0.8281653746770026 0.5357954545454545
0 0.9444444444444444 0.8051136363636363 0.7209302325581395 0.8051136363636363 0.7202842377260982 0.5443181818181818 0.8372093023255814 0.54375 0.8378552971576227 0.5034090909090909 0.9444444444444444 0.5028409090909091 0.9450904392764858 0.8045454545454546 0.9444444444444444 0.8051136363636363
0 0.710594315245478 0.8051136363636363 0.5684754521963824 0.8051136363636363 0.5678294573643411 0.5375 0.6098191214470284 0.5369318181818182 0.6104651162790697 0.5295454545454545 0.710594315245478 0.5289772727272727 0.7112403100775194 0.8045454545454546 0.710594315245478 0.8051136363636363
0 0.2558139534883721 0.6857954545454545 0.10852713178294573 0.6857954545454545 0.1078811369509044 0.5375 0.2997416020671835 0.5369318181818182 0.3003875968992248 0.6420454545454546 0.2571059431524548 0.6426136363636363 0.2564599483204134 0.6852272727272727 0.2558139534883721 0.6857954545454545
0 0.5581395348837209 0.8051136363636363 0.2661498708010336 0.8051136363636363 0.2655038759689923 0.6511363636363636 0.3087855297157623 0.6505681818181818 0.3094315245478036 0.5375 0.5581395348837209 0.5369318181818182 0.5587855297157622 0.8045454545454546 0.5581395348837209 0.8051136363636363
0 0.2558139534883721 0.8051136363636363 0.10852713178294573 0.8051136363636363 0.1078811369509044 0.6931818181818182 0.2558139534883721 0.6926136363636364 0.2564599483204134 0.8045454545454546 0.2558139534883721 0.8051136363636363
0 0.6136950904392765 0.9551136363636363 0.46382428940568476 0.9551136363636363 0.4631782945736434 0.825 0.6136950904392765 0.8244318181818182 0.6143410852713178 0.9545454545454546 0.6136950904392765 0.9551136363636363