0 0.7054973821989529 0.4708029197080292 0.587696335078534 0.4708029197080292 0.5870418848167539 0.22141119221411193 0.6191099476439791 0.22019464720194648 0.6197643979057592 0.2384428223844282 0.6308900523560209 0.2396593673965937 0.631544502617801 0.22141119221411193 0.6727748691099477 0.22019464720194648 0.6734293193717278 0.2749391727493917 0.6845549738219895 0.2761557177615572 0.6852094240837696 0.22141119221411193 0.731675392670157 0.22019464720194648 0.7323298429319371 0.4282238442822384 0.7068062827225131 0.42944038929440387 0.706151832460733 0.46958637469586373 0.7054973821989529 0.4708029197080292
0 0.8324607329842932 0.7311435523114356 0.7369109947643979 0.7311435523114356 0.7362565445026178 0.22141119221411193 0.8089005235602095 0.22019464720194648 0.8095549738219895 0.3771289537712895 0.8324607329842932 0.37834549878345497 0.8331151832460733 0.7299270072992701 0.8324607329842932 0.7311435523114356
0 0.9712041884816754 0.5486618004866181 0.837696335078534 0.5486618004866181 0.8370418848167539 0.3722627737226277 0.8141361256544503 0.3710462287104623 0.8134816753926701 0.22141119221411193 0.8743455497382199 0.22019464720194648 0.875 0.2384428223844282 0.8835078534031413 0.2396593673965937 0.8841623036649214 0.22141119221411193 0.9280104712041884 0.22019464720194648 0.9286649214659686 0.2384428223844282 0.93717277486911 0.2396593673965937 0.93782722513089 0.22141119221411193 0.9712041884816754 0.22019464720194648 0.9718586387434555 0.5474452554744526 0.9712041884816754 0.5486618004866181
0 0.27225130890052357 0.4902676399026764 0.12696335078534032 0.4902676399026764 0.1263089005235602 0.22871046228710462 0.2709424083769634 0.22749391727493917 0.27159685863874344 0.34306569343065696 0.27290575916230364 0.34549878345498786 0.27290575916230364 0.48905109489051096 0.27225130890052357 0.4902676399026764
0 0.3717277486910995 0.6581508515815085 0.2761780104712042 0.6581508515815085 0.2755235602094241 0.41362530413625304 0.27290575916230364 0.41119221411192214 0.27290575916230364 0.34549878345498786 0.2742146596858639 0.34306569343065696 0.2742146596858639 0.22871046228710462 0.34554973821989526 0.22749391727493917 0.3462041884816754 0.34549878345498786 0.31544502617801046 0.3467153284671533 0.3147905759162304 0.2871046228710462 0.3102094240837696 0.28588807785888076 0.30955497382198954 0.35279805352798055 0.3717277486910995 0.354014598540146 0.3723821989528796 0.656934306569343 0.3717277486910995 0.6581508515815085
0 0.4410994764397906 0.3491484184914842 0.3494764397905759 0.3491484184914842 0.3488219895287958 0.22871046228710462 0.4410994764397906 0.22749391727493917 0.44175392670157065 0.34793187347931875 0.4410994764397906 0.3491484184914842
0 0.5052356020942408 0.3442822384428224 0.4463350785340314 0.3442822384428224 0.4456806282722513 0.22871046228710462 0.5052356020942408 0.22749391727493917 0.5058900523560209 0.34306569343065696 0.5052356020942408 0.3442822384428224
0 0.5078534031413613 0.5097323600973236 0.4476439790575916 0.5097323600973236 0.4469895287958115 0.46715328467153283 0.3756544502617801 0.4659367396593674 0.375 0.35523114355231145 0.5078534031413613 0.354014598540146 0.5085078534031413 0.5085158150851582 0.5078534031413613 0.5097323600973236
0 0.27225130890052357 0.7335766423357665 0.12696335078534032 0.7335766423357665 0.1263089005235602 0.5790754257907542 0.061518324607329845 0.5778588807785888 0.06086387434554974 0.39172749391727496 0.1256544502617801 0.3905109489051095 0.1263089005235602 0.48905109489051096 0.18455497382198952 0.4902676399026764 0.18520942408376964 0.49635036496350365 0.27225130890052357 0.4975669099756691 0.27290575916230364 0.732360097323601 0.27225130890052357 0.7335766423357665
0 0.731675392670157 0.4708029197080292 0.7094240837696335 0.4708029197080292 0.7087696335078534 0.43552311435523117 0.731675392670157 0.4343065693430657 0.7323298429319371 0.46958637469586373 0.731675392670157 0.4708029197080292
0 0.4424083769633508 0.5656934306569343 0.3756544502617801 0.5656934306569343 0.375 0.4720194647201946 0.4424083769633508 0.4708029197080292 0.4430628272251309 0.5644768856447688 0.4424083769633508 0.5656934306569343
0 0.731675392670157 0.7311435523114356 0.587696335078534 0.7311435523114356 0.5870418848167539 0.4793187347931874 0.731675392670157 0.4781021897810219 0.7323298429319371 0.7299270072992701 0.731675392670157 0.7311435523114356
0 0.5078534031413613 0.7335766423357665 0.3756544502617801 0.7335766423357665 0.375 0.5742092457420924 0.4463350785340314 0.572992700729927 0.4469895287958115 0.5182481751824818 0.5078534031413613 0.5170316301703163 0.5085078534031413 0.732360097323601 0.5078534031413613 0.7335766423357665
0 0.9018324607329843 0.7311435523114356 0.837696335078534 0.7311435523114356 0.8370418848167539 0.5571776155717761 0.9018324607329843 0.5559610705596107 0.9024869109947644 0.7299270072992701 0.9018324607329843 0.7311435523114356
0 0.9712041884816754 0.7311435523114356 0.9070680628272252 0.7311435523114356 0.9064136125654451 0.5571776155717761 0.9712041884816754 0.5559610705596107 0.9718586387434555 0.7299270072992701 0.9712041884816754 0.7311435523114356
0 0.3717277486910995 0.7335766423357665 0.2761780104712042 0.7335766423357665 0.2755235602094241 0.6666666666666666 0.3717277486910995 0.6654501216545012 0.3723821989528796 0.732360097323601 0.3717277486910995 0.7335766423357665