0 0.3104693140794224 0.32922201138519924 0.06979542719614922 0.32922201138519924 0.06919374247894103 0.04933586337760911 0.3104693140794224 0.04838709677419355 0.3110709987966306 0.32827324478178366 0.3104693140794224 0.32922201138519924
0 0.6245487364620939 0.4222011385199241 0.3778580024067389 0.4222011385199241 0.37725631768953066 0.3396584440227704 0.3176895306859206 0.3387096774193548 0.31708784596871237 0.04933586337760911 0.6245487364620939 0.04838709677419355 0.6251504211793021 0.4098671726755218 0.4681107099879663 0.4108159392789374 0.4675090252707581 0.41935483870967744 0.6245487364620939 0.42030360531309297 0.6245487364620939 0.4222011385199241
0 0.851985559566787 0.372865275142315 0.631768953068592 0.372865275142315 0.6311672683513839 0.04933586337760911 0.851985559566787 0.04838709677419355 0.8525872442839952 0.3719165085388994 0.851985559566787 0.372865275142315
0 0.148014440433213 0.4905123339658444 0.06979542719614922 0.4905123339658444 0.06919374247894103 0.3377609108159393 0.148014440433213 0.3368121442125237 0.1486161251504212 0.48956356736242884 0.148014440433213 0.4905123339658444
0 0.25150421179302046 0.4905123339658444 0.1552346570397112 0.4905123339658444 0.154632972322503 0.3377609108159393 0.25150421179302046 0.3368121442125237 0.25210589651022863 0.48956356736242884 0.25150421179302046 0.4905123339658444
0 0.37063778580024065 0.642314990512334 0.25872442839951865 0.642314990512334 0.2581227436823105 0.3377609108159393 0.3164861612515042 0.3368121442125237 0.3176895306859206 0.3387096774193548 0.3766546329723225 0.3387096774193548 0.37725631768953066 0.5104364326375711 0.37184115523465705 0.5113851992409867 0.3712394705174489 0.6413662239089184 0.37063778580024065 0.642314990512334
0 0.7292418772563177 0.562618595825427 0.631768953068592 0.562618595825427 0.6311672683513839 0.38519924098671726 0.7292418772563177 0.38425047438330173 0.7298435619735258 0.5616698292220114 0.7292418772563177 0.562618595825427
0 0.851985559566787 0.562618595825427 0.7364620938628159 0.562618595825427 0.7358604091456077 0.38519924098671726 0.851985559566787 0.38425047438330173 0.8525872442839952 0.5616698292220114 0.851985559566787 0.562618595825427
0 0.6245487364620939 0.7960151802656547 0.3778580024067389 0.7960151802656547 0.37725631768953066 0.42314990512333966 0.6245487364620939 0.4222011385199241 0.6251504211793021 0.7950664136622391 0.6245487364620939 0.7960151802656547
0 0.25150421179302046 0.7960151802656547 0.06979542719614922 0.7960151802656547 0.06919374247894103 0.4990512333965844 0.25150421179302046 0.4981024667931689 0.25210589651022863 0.7950664136622391 0.25150421179302046 0.7960151802656547
0 0.851985559566787 0.7960151802656547 0.631768953068592 0.7960151802656547 0.6311672683513839 0.573055028462998 0.851985559566787 0.5721062618595826 0.8525872442839952 0.7950664136622391 0.851985559566787 0.7960151802656547
0 0.37063778580024065 0.7960151802656547 0.26353790613718414 0.7960151802656547 0.2629362214199759 0.650853889943074 0.37063778580024065 0.6499051233396584 0.3712394705174489 0.7950664136622391 0.37063778580024065 0.7960151802656547