0 0.3433179723502304 0.20260663507109006 0.08525345622119816 0.20260663507109006 0.08410138248847926 0.016587677725118485 0.3433179723502304 0.015402843601895734 0.3444700460829493 0.2014218009478673 0.3433179723502304 0.20260663507109006
0 0.4631336405529954 0.1338862559241706 0.35253456221198154 0.1338862559241706 0.3513824884792627 0.016587677725118485 0.4631336405529954 0.015402843601895734 0.4642857142857143 0.13270142180094788 0.4631336405529954 0.1338862559241706
0 0.771889400921659 0.20023696682464456 0.43317972350230416 0.20023696682464456 0.43202764976958524 0.14218009478672985 0.4700460829493088 0.14099526066350712 0.47119815668202764 0.016587677725118485 0.771889400921659 0.015402843601895734 0.7730414746543779 0.1990521327014218 0.771889400921659 0.20023696682464456
0 0.771889400921659 0.4561611374407583 0.35253456221198154 0.4561611374407583 0.3513824884792627 0.14218009478672985 0.423963133640553 0.14099526066350712 0.4251152073732719 0.20616113744075829 0.771889400921659 0.20734597156398105 0.7730414746543779 0.4549763033175355 0.771889400921659 0.4561611374407583
0 0.3433179723502304 0.4609004739336493 0.08525345622119816 0.4609004739336493 0.08410138248847926 0.2109004739336493 0.3433179723502304 0.20971563981042654 0.3444700460829493 0.4597156398104265 0.3433179723502304 0.4609004739336493
0 0.5391705069124424 0.6575829383886256 0.5046082949308756 0.6575829383886256 0.5023041474654378 0.6552132701421801 0.35253456221198154 0.6552132701421801 0.3513824884792627 0.45734597156398105 0.423963133640553 0.4561611374407583 0.4251152073732719 0.46208530805687204 0.5023041474654378 0.46327014218009477 0.5034562211981567 0.518957345971564 0.5414746543778802 0.5201421800947867 0.5426267281105991 0.6540284360189573 0.5391705069124424 0.6575829383886256
0 0.771889400921659 0.6575829383886256 0.5483870967741935 0.6575829383886256 0.5472350230414746 0.514218009478673 0.511520737327189 0.5130331753554502 0.5103686635944701 0.4786729857819905 0.5483870967741935 0.4774881516587678 0.5495391705069125 0.46445497630331756 0.771889400921659 0.46327014218009477 0.7730414746543779 0.6563981042654028 0.771889400921659 0.6575829383886256
0 0.3433179723502304 0.6552132701421801 0.08525345622119816 0.6552132701421801 0.08410138248847926 0.466824644549763 0.3433179723502304 0.4656398104265403 0.3444700460829493 0.6540284360189573 0.3433179723502304 0.6552132701421801
0 0.771889400921659 0.8590047393364929 0.5345622119815668 0.8590047393364929 0.533410138248848 0.8199052132701422 0.511520737327189 0.8187203791469194 0.5103686635944701 0.7701421800947867 0.43548387096774194 0.768957345971564 0.434331797235023 0.6563981042654028 0.5023041474654378 0.6552132701421801 0.5034562211981567 0.6635071090047393 0.771889400921659 0.6646919431279621 0.7730414746543779 0.8578199052132701 0.771889400921659 0.8590047393364929
0 0.5046082949308756 0.8471563981042654 0.43548387096774194 0.8471563981042654 0.434331797235023 0.7772511848341233 0.5046082949308756 0.7760663507109005 0.5057603686635944 0.8459715639810427 0.5046082949308756 0.8471563981042654
0 0.6705069124423964 0.9869668246445498 0.511520737327189 0.9869668246445498 0.5103686635944701 0.9715639810426541 0.43548387096774194 0.9703791469194313 0.434331797235023 0.8649289099526066 0.6705069124423964 0.8637440758293838 0.6716589861751152 0.985781990521327 0.6705069124423964 0.9869668246445498
0 0.771889400921659 0.9869668246445498 0.6774193548387096 0.9869668246445498 0.6762672811059908 0.8649289099526066 0.7534562211981567 0.8637440758293838 0.7546082949308756 0.8767772511848341 0.771889400921659 0.8779620853080569 0.7730414746543779 0.985781990521327 0.771889400921659 0.9869668246445498