0 0.49162011173184356 0.5942460317460317 0.3198324022346369 0.5942460317460317 0.3191340782122905 0.39087301587301587 0.31424581005586594 0.3898809523809524 0.329608938547486 0.36607142857142855 0.33589385474860334 0.35912698412698413 0.3365921787709497 0.35615079365079366 0.3442737430167598 0.3472222222222222 0.34497206703910616 0.34424603174603174 0.3812849162011173 0.29464285714285715 0.520949720670391 0.29464285714285715 0.5216480446927374 0.5079365079365079 0.5328212290502793 0.5238095238095238 0.5495810055865922 0.5496031746031746 0.5516759776536313 0.5545634920634921 0.5551675977653632 0.5575396825396826 0.5593575418994413 0.5654761904761905 0.4930167597765363 0.566468253968254 0.49231843575418993 0.5932539682539683 0.49162011173184356 0.5942460317460317
0 0.6340782122905028 0.5625 0.5628491620111732 0.5625 0.5467877094972067 0.5376984126984127 0.5314245810055865 0.5138888888888888 0.5307262569832403 0.5109126984126984 0.5258379888268156 0.5059523809523809 0.5258379888268156 0.29563492063492064 0.6340782122905028 0.29464285714285715 0.6347765363128491 0.5615079365079365 0.6340782122905028 0.5625
0 0.7793296089385475 0.5625 0.6410614525139665 0.5625 0.6403631284916201 0.29563492063492064 0.7793296089385475 0.29464285714285715 0.7800279329608939 0.5615079365079365 0.7793296089385475 0.5625
0 0.9385474860335196 0.48908730158730157 0.7918994413407822 0.48908730158730157 0.7912011173184358 0.29563492063492064 0.9385474860335196 0.29464285714285715 0.9392458100558659 0.4880952380952381 0.9385474860335196 0.48908730158730157
0 0.3128491620111732 0.6021825396825397 0.23743016759776536 0.6021825396825397 0.236731843575419 0.5654761904761905 0.1424581005586592 0.564484126984127 0.14175977653631286 0.3888888888888889 0.3128491620111732 0.3878968253968254 0.31354748603351956 0.6011904761904762 0.3128491620111732 0.6021825396825397
0 0.952513966480447 0.8878968253968254 0.7932960893854749 0.8878968253968254 0.7925977653631285 0.5099206349206349 0.952513966480447 0.5089285714285714 0.9532122905027933 0.8869047619047619 0.952513966480447 0.8878968253968254
0 0.5782122905027933 0.7609126984126984 0.4930167597765363 0.7609126984126984 0.49231843575418993 0.5674603174603174 0.6941340782122905 0.566468253968254 0.6948324022346368 0.6488095238095238 0.5796089385474861 0.6498015873015873 0.5789106145251397 0.7599206349206349 0.5782122905027933 0.7609126984126984
0 0.7793296089385475 0.6498015873015873 0.6997206703910615 0.6498015873015873 0.6990223463687151 0.5674603174603174 0.7793296089385475 0.566468253968254 0.7800279329608939 0.6488095238095238 0.7793296089385475 0.6498015873015873
0 0.23044692737430167 0.6200396825396826 0.1452513966480447 0.6200396825396826 0.14455307262569833 0.5714285714285714 0.23044692737430167 0.5704365079365079 0.23114525139664804 0.6190476190476191 0.23044692737430167 0.6200396825396826
0 0.48743016759776536 0.8680555555555556 0.3240223463687151 0.8680555555555556 0.3233240223463687 0.6031746031746031 0.3198324022346369 0.6021825396825397 0.3191340782122905 0.5952380952380952 0.4594972067039106 0.5942460317460317 0.46019553072625696 0.6011904761904762 0.48743016759776536 0.6021825396825397 0.48812849162011174 0.8670634920634921 0.48743016759776536 0.8680555555555556
0 0.3128491620111732 0.7390873015873016 0.23743016759776536 0.7390873015873016 0.236731843575419 0.6170634920634921 0.3128491620111732 0.6160714285714286 0.31354748603351956 0.7380952380952381 0.3128491620111732 0.7390873015873016
0 0.23044692737430167 0.7390873015873016 0.1452513966480447 0.7390873015873016 0.14455307262569833 0.628968253968254 0.23044692737430167 0.6279761904761905 0.23114525139664804 0.7380952380952381 0.23044692737430167 0.7390873015873016
0 0.6410614525139665 0.7609126984126984 0.5837988826815642 0.7609126984126984 0.5831005586592178 0.6567460317460317 0.6410614525139665 0.6557539682539683 0.6417597765363129 0.7599206349206349 0.6410614525139665 0.7609126984126984
0 0.7793296089385475 0.8680555555555556 0.6466480446927374 0.8680555555555556 0.645949720670391 0.6567460317460317 0.7793296089385475 0.6557539682539683 0.7800279329608939 0.8670634920634921 0.7793296089385475 0.8680555555555556
0 0.31843575418994413 0.8680555555555556 0.14106145251396648 0.8680555555555556 0.1403631284916201 0.746031746031746 0.31843575418994413 0.7450396825396826 0.3191340782122905 0.8670634920634921 0.31843575418994413 0.8680555555555556
0 0.5782122905027933 0.8680555555555556 0.4930167597765363 0.8680555555555556 0.49231843575418993 0.7678571428571429 0.5782122905027933 0.7668650793650794 0.5789106145251397 0.8670634920634921 0.5782122905027933 0.8680555555555556
0 0.6410614525139665 0.8680555555555556 0.5837988826815642 0.8680555555555556 0.5831005586592178 0.7678571428571429 0.6410614525139665 0.7668650793650794 0.6417597765363129 0.8670634920634921 0.6410614525139665 0.8680555555555556