0 0.4606741573033708 0.17598475222363405 0.32808988764044944 0.17598475222363405 0.32696629213483147 0.0698856416772554 0.4606741573033708 0.06925031766200762 0.46179775280898877 0.17534942820838628 0.4606741573033708 0.17598475222363405
0 0.4606741573033708 0.4872935196950445 0.033707865168539325 0.4872935196950445 0.03258426966292135 0.37229987293519695 0.4606741573033708 0.37166454891994916 0.46179775280898877 0.4866581956797967 0.4606741573033708 0.4872935196950445
0 0.9483146067415731 0.6728081321473952 0.5280898876404494 0.6728081321473952 0.5269662921348315 0.49809402795425667 0.9483146067415731 0.4974587039390089 0.949438202247191 0.6721728081321474 0.9483146067415731 0.6728081321473952
0 0.2449438202247191 0.7630241423125794 0.056179775280898875 0.7630241423125794 0.0550561797752809 0.7522236340533672 0.035955056179775284 0.7515883100381194 0.0348314606741573 0.4993646759847522 0.4584269662921348 0.49872935196950446 0.45955056179775283 0.761118170266836 0.24719101123595505 0.7617534942820838 0.2449438202247191 0.7630241423125794
0 0.6853932584269663 0.8329097839898348 0.6202247191011236 0.8329097839898348 0.6191011235955056 0.8246505717916137 0.5325842696629214 0.8240152477763659 0.5314606741573034 0.6772554002541296 0.6853932584269663 0.6766200762388819 0.6865168539325842 0.832274459974587 0.6853932584269663 0.8329097839898348
0 0.9483146067415731 0.7681067344345617 0.6943820224719102 0.7681067344345617 0.6932584269662921 0.6772554002541296 0.9483146067415731 0.6766200762388819 0.949438202247191 0.7674714104193139 0.9483146067415731 0.7681067344345617
0 0.04943820224719101 0.7630241423125794 0.035955056179775284 0.7630241423125794 0.0348314606741573 0.7534942820838628 0.04943820224719101 0.752858958068615 0.05056179775280899 0.7623888182973316 0.04943820224719101 0.7630241423125794
0 0.3595505617977528 0.8773824650571792 0.24719101123595505 0.8773824650571792 0.24606741573033708 0.7623888182973316 0.4584269662921348 0.7617534942820838 0.45955056179775283 0.8284625158831004 0.36179775280898874 0.8290978398983482 0.36067415730337077 0.8767471410419314 0.3595505617977528 0.8773824650571792
0 0.23820224719101124 0.9104193138500636 0.035955056179775284 0.9104193138500636 0.0348314606741573 0.7674714104193139 0.23820224719101124 0.7668360864040661 0.2393258426966292 0.9097839898348158 0.23820224719101124 0.9104193138500636
0 0.9483146067415731 0.909148665819568 0.6943820224719102 0.909148665819568 0.6932584269662921 0.772554002541296 0.9483146067415731 0.7719186785260482 0.949438202247191 0.9085133418043202 0.9483146067415731 0.909148665819568
0 0.6112359550561798 0.8329097839898348 0.5325842696629214 0.8329097839898348 0.5314606741573034 0.8271918678526048 0.6112359550561798 0.8265565438373571 0.6123595505617978 0.832274459974587 0.6112359550561798 0.8329097839898348
0 0.4584269662921348 0.9104193138500636 0.3685393258426966 0.9104193138500636 0.36741573033707864 0.8348157560355781 0.4584269662921348 0.8341804320203303 0.45955056179775283 0.9097839898348158 0.4584269662921348 0.9104193138500636
0 0.6764044943820224 0.9078780177890724 0.5325842696629214 0.9078780177890724 0.5314606741573034 0.8386277001270648 0.6764044943820224 0.837992376111817 0.6775280898876405 0.9072426937738246 0.6764044943820224 0.9078780177890724
0 0.3595505617977528 0.9104193138500636 0.2539325842696629 0.9104193138500636 0.25280898876404495 0.8831003811944091 0.3595505617977528 0.8824650571791613 0.36067415730337077 0.9097839898348158 0.3595505617977528 0.9104193138500636