0 0.5883333333333334 0.29078249336870027 0.38333333333333336 0.29078249336870027 0.3829166666666667 0.06830238726790451 0.6516666666666666 0.0679708222811671 0.6520833333333333 0.2546419098143236 0.5891666666666666 0.25497347480106103 0.58875 0.29045092838196285 0.5883333333333334 0.29078249336870027
0 0.7716666666666666 0.41744031830238726 0.6625 0.41744031830238726 0.6620833333333334 0.06830238726790451 0.9258333333333333 0.0679708222811671 0.92625 0.33355437665782495 0.7725 0.3338859416445623 0.7720833333333333 0.4171087533156499 0.7716666666666666 0.41744031830238726
0 0.1525 0.41744031830238726 0.025833333333333333 0.41744031830238726 0.025416666666666667 0.15318302387267904 0.1525 0.15285145888594165 0.15291666666666667 0.4171087533156499 0.1525 0.41744031830238726
0 0.24916666666666668 0.4253978779840849 0.16416666666666666 0.4253978779840849 0.16375 0.15649867374005305 0.37166666666666665 0.15616710875331566 0.3720833333333333 0.4171087533156499 0.25 0.41744031830238726 0.24958333333333332 0.4250663129973475 0.24916666666666668 0.4253978779840849
0 0.6516666666666666 0.41744031830238726 0.38333333333333336 0.41744031830238726 0.3829166666666667 0.2911140583554377 0.6516666666666666 0.29078249336870027 0.6520833333333333 0.4171087533156499 0.6516666666666666 0.41744031830238726
0 0.9258333333333333 0.4598806366047745 0.7833333333333333 0.4598806366047745 0.7829166666666667 0.34283819628647216 0.9258333333333333 0.34250663129973474 0.92625 0.45954907161803715 0.9258333333333333 0.4598806366047745
0 0.5308333333333334 0.6979442970822282 0.049166666666666664 0.6979442970822282 0.04875 0.42572944297082227 0.53 0.4253978779840849 0.5304166666666666 0.5669761273209549 0.53125 0.5676392572944297 0.53125 0.6976127320954907 0.5308333333333334 0.6979442970822282
0 0.7716666666666666 0.6873342175066313 0.6558333333333334 0.6873342175066313 0.6554166666666666 0.5676392572944297 0.5308333333333334 0.5673076923076923 0.5304166666666666 0.42572944297082227 0.7716666666666666 0.4253978779840849 0.7720833333333333 0.6870026525198939 0.7716666666666666 0.6873342175066313
0 0.9258333333333333 0.6263262599469496 0.7833333333333333 0.6263262599469496 0.7829166666666667 0.46883289124668437 0.9258333333333333 0.46850132625994695 0.92625 0.6259946949602122 0.9258333333333333 0.6263262599469496
0 0.6441666666666667 0.7702254641909815 0.5425 0.7702254641909815 0.5420833333333334 0.5762599469496021 0.6441666666666667 0.5759283819628647 0.6445833333333333 0.769893899204244 0.6441666666666667 0.7702254641909815
0 0.86 0.6873342175066313 0.7833333333333333 0.6873342175066313 0.7829166666666667 0.6352785145888594 0.86 0.6349469496021221 0.8604166666666667 0.6870026525198939 0.86 0.6873342175066313
0 0.5308333333333334 0.9346816976127321 0.049166666666666664 0.9346816976127321 0.04875 0.7062334217506632 0.4508333333333333 0.7059018567639257 0.45125 0.7320954907161804 0.5308333333333334 0.7324270557029178 0.53125 0.9343501326259946 0.5308333333333334 0.9346816976127321