0 0.27802690582959644 0.3428753180661578 0.05829596412556054 0.3428753180661578 0.05754857997010463 0.08396946564885496 0.27802690582959644 0.08333333333333333 0.2787742899850523 0.3422391857506361 0.27802690582959644 0.3428753180661578
0 0.45440956651718983 0.24872773536895673 0.28550074738415543 0.24872773536895673 0.28475336322869954 0.08396946564885496 0.45440956651718983 0.08333333333333333 0.4551569506726457 0.2480916030534351 0.45440956651718983 0.24872773536895673
0 0.7802690582959642 0.5260814249363868 0.554559043348281 0.5260814249363868 0.5538116591928252 0.35368956743002544 0.6412556053811659 0.3530534351145038 0.6420029895366218 0.3435114503816794 0.5680119581464873 0.3428753180661578 0.5672645739910314 0.32061068702290074 0.5485799701046338 0.3199745547073791 0.5478325859491778 0.4440203562340967 0.5396113602391629 0.4446564885496183 0.5388639760837071 0.4491094147582697 0.547085201793722 0.44974554707379133 0.5478325859491778 0.5254452926208651 0.4588938714499253 0.5260814249363868 0.4581464872944694 0.45038167938931295 0.47085201793721976 0.44974554707379133 0.47159940209267565 0.44529262086513993 0.36472346786248133 0.4446564885496183 0.3639760837070254 0.3524173027989822 0.4633781763826607 0.3517811704834606 0.4641255605381166 0.3435114503816794 0.28550074738415543 0.3428753180661578 0.28475336322869954 0.2544529262086514 0.46038863976083705 0.2538167938931298 0.461136023916293 0.08396946564885496 0.7802690582959642 0.08333333333333333 0.78101644245142 0.5254452926208651 0.7802690582959642 0.5260814249363868
0 0.3572496263079223 0.5260814249363868 0.05829596412556054 0.5260814249363868 0.05754857997010463 0.3524173027989822 0.3572496263079223 0.3517811704834606 0.3579970104633782 0.5254452926208651 0.3572496263079223 0.5260814249363868
0 0.4514200298953662 0.5260814249363868 0.36472346786248133 0.5260814249363868 0.3639760837070254 0.45038167938931295 0.4514200298953662 0.44974554707379133 0.4521674140508221 0.5254452926208651 0.4514200298953662 0.5260814249363868
0 0.7443946188340808 0.6100508905852418 0.6606875934230194 0.6100508905852418 0.6599402092675636 0.5407124681933843 0.7443946188340808 0.5400763358778626 0.7451420029895366 0.6094147582697201 0.7443946188340808 0.6100508905852418
0 0.9611360239162929 0.6100508905852418 0.7518684603886397 0.6100508905852418 0.7511210762331838 0.5407124681933843 0.9611360239162929 0.5400763358778626 0.9618834080717489 0.6094147582697201 0.9611360239162929 0.6100508905852418
0 0.9611360239162929 0.7932569974554707 0.8310911808669657 0.7932569974554707 0.8303437967115097 0.6577608142493638 0.8266068759342302 0.6571246819338422 0.8258594917787743 0.7264631043256997 0.7563527653213752 0.7270992366412213 0.7556053811659192 0.7531806615776081 0.6606875934230194 0.7538167938931297 0.6599402092675636 0.6157760814249363 0.8251121076233184 0.6151399491094147 0.8258594917787743 0.6195928753180662 0.8295964125560538 0.6202290076335878 0.8303437967115097 0.6157760814249363 0.9611360239162929 0.6151399491094147 0.9618834080717489 0.7926208651399491 0.9611360239162929 0.7932569974554707
0 0.8176382660687593 0.839058524173028 0.6606875934230194 0.839058524173028 0.6599402092675636 0.7595419847328244 0.8176382660687593 0.7589058524173028 0.8183856502242153 0.8384223918575063 0.8176382660687593 0.839058524173028
0 0.9611360239162929 0.9115776081424937 0.8310911808669657 0.9115776081424937 0.8303437967115097 0.8027989821882952 0.9611360239162929 0.8021628498727735 0.9618834080717489 0.910941475826972 0.9611360239162929 0.9115776081424937
0 0.8176382660687593 0.9115776081424937 0.6606875934230194 0.9115776081424937 0.6599402092675636 0.8435114503816794 0.8176382660687593 0.8428753180661578 0.8183856502242153 0.910941475826972 0.8176382660687593 0.9115776081424937