0 0.7205882352941176 0.29214402618657936 0.7195378151260504 0.2905073649754501 0.5409663865546218 0.2905073649754501 0.5404411764705882 0.15057283142389524 0.7205882352941176 0.1497545008183306 0.7211134453781513 0.29132569558101473 0.7205882352941176 0.29214402618657936
0 0.7899159663865546 0.20540098199672668 0.7289915966386554 0.20540098199672668 0.7284663865546218 0.15057283142389524 0.7899159663865546 0.1497545008183306 0.7904411764705882 0.20458265139116202 0.7899159663865546 0.20540098199672668
0 0.7899159663865546 0.3576104746317512 0.7289915966386554 0.3576104746317512 0.7284663865546218 0.2176759410801964 0.7899159663865546 0.21685761047463176 0.7904411764705882 0.22585924713584288 0.9065126050420168 0.22667757774140754 0.9070378151260504 0.2160392798690671 0.7983193277310925 0.21522094926350246 0.7977941176470589 0.15057283142389524 0.9632352941176471 0.1497545008183306 0.9637605042016807 0.29132569558101473 0.7909663865546218 0.29214402618657936 0.7904411764705882 0.3567921440261866 0.7899159663865546 0.3576104746317512
0 0.2605042016806723 0.5065466448445172 0.08508403361344538 0.5065466448445172 0.08455882352941177 0.15220949263502456 0.2605042016806723 0.1513911620294599 0.2610294117647059 0.5057283142389526 0.2605042016806723 0.5065466448445172
0 0.5031512605042017 0.2905073649754501 0.41911764705882354 0.2905073649754501 0.4185924369747899 0.22585924713584288 0.45063025210084034 0.22504091653027825 0.45115546218487396 0.2144026186579378 0.41281512605042014 0.21358428805237317 0.41228991596638653 0.2896890343698854 0.2615546218487395 0.2905073649754501 0.2610294117647059 0.15220949263502456 0.5031512605042017 0.1513911620294599 0.5036764705882353 0.2896890343698854 0.5031512605042017 0.2905073649754501
0 0.41386554621848737 0.5065466448445172 0.2972689075630252 0.5065466448445172 0.2967436974789916 0.4877250409165303 0.2689075630252101 0.4869067103109656 0.26838235294117646 0.3027823240589198 0.2972689075630252 0.3019639934533552 0.2977941176470588 0.29132569558101473 0.40021008403361347 0.2905073649754501 0.4007352941176471 0.3011456628477905 0.41386554621848737 0.3019639934533552 0.41439075630252103 0.5057283142389526 0.41386554621848737 0.5065466448445172
0 0.7205882352941176 0.5049099836333879 0.5409663865546218 0.5049099836333879 0.5404411764705882 0.3027823240589198 0.5871848739495799 0.3019639934533552 0.5882352941176471 0.30360065466448444 0.7205882352941176 0.30360065466448444 0.7211134453781513 0.5040916530278232 0.7205882352941176 0.5049099836333879
0 0.8739495798319328 0.5049099836333879 0.7983193277310925 0.5049099836333879 0.7977941176470589 0.3044189852700491 0.8739495798319328 0.30360065466448444 0.8744747899159664 0.5040916530278232 0.8739495798319328 0.5049099836333879
0 0.7899159663865546 0.5049099836333879 0.7289915966386554 0.5049099836333879 0.7284663865546218 0.3698854337152209 0.7899159663865546 0.3690671031096563 0.7904411764705882 0.5040916530278232 0.7899159663865546 0.5049099836333879
0 0.44432773109243695 0.925531914893617 0.31932773109243695 0.925531914893617 0.31880252100840334 0.5695581014729951 0.6491596638655462 0.5687397708674304 0.6496848739495799 0.6350245499181669 0.44537815126050423 0.6358428805237316 0.44485294117647056 0.9247135842880524 0.44432773109243695 0.925531914893617
0 0.7289915966386554 0.70949263502455 0.657563025210084 0.70949263502455 0.6570378151260504 0.646481178396072 0.6890756302521008 0.6456628477905073 0.6896008403361344 0.6366612111292962 0.657563025210084 0.6358428805237316 0.6570378151260504 0.5695581014729951 0.7289915966386554 0.5687397708674304 0.729516806722689 0.7086743044189853 0.7289915966386554 0.70949263502455
0 0.6491596638655462 0.70949263502455 0.4527310924369748 0.70949263502455 0.4522058823529412 0.646481178396072 0.6491596638655462 0.6456628477905073 0.6496848739495799 0.7086743044189853 0.6491596638655462 0.70949263502455
0 0.5409663865546218 0.925531914893617 0.4527310924369748 0.925531914893617 0.4522058823529412 0.7217675941080196 0.5409663865546218 0.720949263502455 0.5414915966386554 0.9247135842880524 0.5409663865546218 0.925531914893617
0 0.6491596638655462 0.925531914893617 0.5493697478991597 0.925531914893617 0.5488445378151261 0.7217675941080196 0.6491596638655462 0.720949263502455 0.6496848739495799 0.9247135842880524 0.6491596638655462 0.925531914893617