0 0.6922209695603156 0.14974619289340102 0.5422773393461104 0.14974619289340102 0.5417136414881624 0.07469180565627266 0.6922209695603156 0.07432922407541696 0.6927846674182638 0.14938361131254532 0.6922209695603156 0.14974619289340102
0 0.7914317925591883 0.18237853517041333 0.7429537767756482 0.18237853517041333 0.7423900789177001 0.17258883248730963 0.705749718151071 0.17222625090645396 0.7051860202931229 0.09427121102248005 0.7914317925591883 0.09390862944162437 0.7919954904171365 0.18201595358955766 0.7914317925591883 0.18237853517041333
0 0.6753100338218715 0.33321247280638144 0.5411499436302142 0.33321247280638144 0.5405862457722661 0.15736040609137056 0.6967305524239008 0.15699782451051486 0.6972942502818489 0.3205221174764322 0.6764374295377678 0.3208846990572879 0.6758737316798196 0.3328498912255257 0.6753100338218715 0.33321247280638144
0 0.9447576099210823 0.383248730964467 0.705749718151071 0.383248730964467 0.7051860202931229 0.32704858593183467 0.7429537767756482 0.326686004350979 0.7435174746335964 0.2610587382160986 0.7068771138669673 0.2606961566352429 0.7063134160090192 0.20232052211747642 0.741826381059752 0.20195794053662075 0.7423900789177001 0.18781725888324874 0.9447576099210823 0.18745467730239304 0.9453213077790305 0.3828861493836113 0.9447576099210823 0.383248730964467
0 0.5264937993235626 0.3295866569978245 0.09131905298759865 0.3295866569978245 0.09075535512965051 0.1986947063089195 0.48252536640360766 0.1983321247280638 0.4830890642615558 0.21102248005801305 0.5264937993235626 0.21138506163886875 0.5270574971815107 0.3292240754169688 0.5264937993235626 0.3295866569978245
0 0.6651634723788049 0.5036258158085569 0.5727170236753101 0.5036258158085569 0.5721533258173619 0.4865844815083394 0.09131905298759865 0.48622189992748366 0.09075535512965051 0.33720087019579403 0.6967305524239008 0.33683828861493836 0.6972942502818489 0.485859318346628 0.6662908680947013 0.48622189992748366 0.6657271702367531 0.5032632342277013 0.6651634723788049 0.5036258158085569
0 0.24689966178128522 0.7436548223350253 0.09131905298759865 0.7436548223350253 0.09075535512965051 0.5076142131979695 0.2547914317925592 0.5072516316171138 0.25535512965050733 0.6468455402465555 0.2480270574971815 0.6472081218274112 0.24746335963923338 0.7432922407541697 0.24689966178128522 0.7436548223350253
0 0.3596392333709132 0.7081218274111675 0.30214205186020293 0.7081218274111675 0.3015783540022548 0.7012327773749093 0.2976324689966178 0.7008701957940536 0.2970687711386697 0.6722262509064539 0.2807215332581736 0.6718636693255983 0.2801578354002255 0.5076142131979695 0.496054114994363 0.5072516316171138 0.49661781285231116 0.5351704133430022 0.5062006764374295 0.5355329949238579 0.5067643742953777 0.6569978245105149 0.3810597519729425 0.6573604060913706 0.3804960541149944 0.700507614213198 0.36076662908680945 0.7008701957940536 0.3602029312288613 0.7077592458303118 0.3596392333709132 0.7081218274111675
0 0.6967305524239008 0.7436548223350253 0.5411499436302142 0.7436548223350253 0.5405862457722661 0.5076142131979695 0.677564825253664 0.5072516316171138 0.6781285231116122 0.5373459028281363 0.6967305524239008 0.537708484408992 0.6972942502818489 0.7432922407541697 0.6967305524239008 0.7436548223350253
0 0.42164599774520856 0.8799854967367657 0.3641488162344983 0.8799854967367657 0.35851183765501693 0.8763596809282088 0.3528748590755355 0.8734590282813633 0.34723788049605414 0.8705583756345178 0.3438556933483653 0.869108049311095 0.34216459977452085 0.8687454677302393 0.3416009019165727 0.8676577229876722 0.3370913190529876 0.8654822335025381 0.33258173618940245 0.8633067440174039 0.33089064261555806 0.8629441624365483 0.33032694475760993 0.8618564176939811 0.3258173618940248 0.859680928208847 0.31905298759864714 0.8560551124002901 0.3156708004509583 0.8546047860768673 0.31397970687711385 0.8542422044960116 0.3134160090191657 0.8531544597534445 0.3089064261555806 0.8509789702683104 0.3043968432919955 0.8488034807831762 0.30270574971815106 0.8484408992023206 0.30214205186020293 0.8473531544597535 0.2976324689966178 0.8451776649746193 0.29368658399098085 0.8433647570703409 0.29368658399098085 0.8419144307469181 0.29255918827508454 0.8411892675852066 0.2914317925591883 0.8397389412617839 0.2914317925591883 0.8375634517766497 0.290304396843292 0.8368382886149384 0.2891770011273957 0.8353879622915156 0.2891770011273957 0.8339376359680928 0.28804960541149943 0.8332124728063814 0.28804960541149943 0.8303118201595359 0.28692220969560317 0.8295866569978245 0.28692220969560317 0.8281363306744017 0.28579481397970685 0.8274111675126904 0.28579481397970685 0.8252356780275562 0.2846674182638106 0.8245105148658448 0.2846674182638106 0.8216098622189992 0.2835400225479143 0.8208846990572879 0.28241262683201807 0.8194343727338651 0.28241262683201807 0.8165337200870196 0.3652762119503946 0.8161711385061639 0.36583990980834274 0.8346627991298042 0.37767756482525366 0.8350253807106599 0.3782412626832018 0.8165337200870196 0.4036076662908681 0.8161711385061639 0.4041713641488162 0.6729514140681654 0.5073280721533259 0.6725888324873096 0.507891770011274 0.8013052936910805 0.5067643742953777 0.8020304568527918 0.5067643742953777 0.8165337200870196 0.5056369785794814 0.817258883248731 0.5056369785794814 0.8245105148658448 0.5045095828635852 0.8252356780275562 0.5045095828635852 0.8266860043509789 0.5022547914317925 0.8281363306744017 0.5022547914317925 0.8303118201595359 0.5011273957158963 0.8310369833212473 0.5011273957158963 0.8324873096446701 0.5 0.8332124728063814 0.49887260428410374 0.8346627991298042 0.49887260428410374 0.836113125453227 0.4977452085682074 0.8368382886149384 0.4977452085682074 0.8390137781000725 0.4954904171364149 0.8404641044234953 0.4954904171364149 0.8426395939086294 0.4943630214205186 0.8433647570703409 0.4932356257046223 0.8448150833937635 0.49210822998872605 0.8462654097171863 0.4898534385569335 0.8484408992023206 0.48928974069898534 0.8495286439448876 0.48759864712514095 0.8498912255257433 0.48647125140924463 0.851341551849166 0.4842164599774521 0.8535170413343002 0.4836527621195039 0.8546047860768673 0.4819616685456595 0.854967367657723 0.48083427282976327 0.8564176939811458 0.4785794813979707 0.8585931834662799 0.47801578354002255 0.859680928208847 0.47519729425028184 0.860768672951414 0.4746335963923337 0.8618564176939811 0.47125140924464487 0.8633067440174039 0.46674182638105977 0.8654822335025381 0.4650507328072153 0.8658448150833937 0.4644870349492672 0.8669325598259608 0.46223224351747466 0.8676577229876722 0.4577226606538895 0.8698332124728064 0.45208568207440814 0.8727338651196519 0.4487034949267193 0.8727338651196519 0.447576099210823 0.8734590282813633 0.44532130777903045 0.8734590282813633 0.44419391206313413 0.8741841914430747 0.4419391206313416 0.874909354604786 0.43968432919954903 0.874909354604786 0.43855693348365277 0.8756345177664975 0.4363021420518602 0.8763596809282088 0.43404735062006766 0.8763596809282088 0.43291995490417134 0.8770848440899203 0.4306651634723788 0.8770848440899203 0.4295377677564825 0.8778100072516316 0.42728297632469 0.878535170413343 0.4250281848928974 0.878535170413343 0.42390078917700114 0.8792603335750544 0.42164599774520856 0.8799854967367657
0 0.37993235625704624 0.8002175489485134 0.2818489289740699 0.8002175489485134 0.28128523111612175 0.7157360406091371 0.37993235625704624 0.7153734590282813 0.3804960541149944 0.7998549673676577 0.37993235625704624 0.8002175489485134