0 0.3462397617274758 0.24671772428884026 0.233060312732688 0.24671772428884026 0.2326880119136262 0.12253829321663019 0.3462397617274758 0.12199124726477024 0.3466120625465376 0.2461706783369803 0.3462397617274758 0.24671772428884026
0 0.4743112434847357 0.29157549234135666 0.35443037974683544 0.29157549234135666 0.35405807892777363 0.12253829321663019 0.4743112434847357 0.12199124726477024 0.47468354430379744 0.2910284463894967 0.4743112434847357 0.29157549234135666
0 0.8078927773641102 0.6843544857768052 0.7006701414743113 0.6843544857768052 0.7002978406552495 0.3982494529540481 0.6932241250930752 0.3977024070021882 0.6928518242740134 0.6225382932166302 0.533879374534624 0.6230853391684902 0.5335070737155622 0.22538293216630198 0.6924795234549516 0.224835886214442 0.6928518242740134 0.25164113785557984 0.6999255398361877 0.25218818380743985 0.7002978406552495 0.12800875273522977 0.7915115413253909 0.1274617067833698 0.7918838421444527 0.15426695842450766 0.8078927773641102 0.1548140043763676 0.808265078183172 0.6838074398249453 0.8078927773641102 0.6843544857768052
0 0.9344750558451228 0.287199124726477 0.8160833953834699 0.287199124726477 0.815711094564408 0.12800875273522977 0.9344750558451228 0.1274617067833698 0.9348473566641846 0.28665207877461707 0.9344750558451228 0.287199124726477
0 0.22486969471332838 0.6438730853391685 0.06105733432613552 0.6438730853391685 0.060685033507073716 0.21553610503282275 0.22486969471332838 0.2149890590809628 0.22524199553239016 0.6433260393873085 0.22486969471332838 0.6438730853391685
0 0.29635145197319435 0.39879649890590807 0.233060312732688 0.39879649890590807 0.2326880119136262 0.2538293216630197 0.29635145197319435 0.25328227571115974 0.29672375279225616 0.3982494529540481 0.29635145197319435 0.39879649890590807
0 0.3462397617274758 0.34190371991247265 0.30081906180193596 0.34190371991247265 0.30044676098287415 0.25820568927789933 0.3462397617274758 0.2576586433260394 0.3466120625465376 0.3413566739606127 0.3462397617274758 0.34190371991247265
0 0.8830975428145942 0.537746170678337 0.8160833953834699 0.537746170678337 0.815711094564408 0.29540481400437635 0.9344750558451228 0.2948577680525164 0.9348473566641846 0.4573304157549234 0.8838421444527178 0.4578774617067834 0.883469843633656 0.537199124726477 0.8830975428145942 0.537746170678337
0 0.4743112434847357 0.4075492341356674 0.35443037974683544 0.4075492341356674 0.35405807892777363 0.2986870897155361 0.4743112434847357 0.29814004376367614 0.47468354430379744 0.40700218818380746 0.4743112434847357 0.4075492341356674
0 0.3462397617274758 0.736870897155361 0.23008190618019358 0.736870897155361 0.2297096053611318 0.7089715536105032 0.22412509307520476 0.7084245076586433 0.22375279225614297 0.7363238512035011 0.16232315711094564 0.736870897155361 0.16195085629188385 0.6520787746170679 0.23231571109456442 0.6515317286652079 0.2326880119136262 0.4048140043763676 0.30007446016381234 0.40426695842450766 0.30044676098287415 0.3490153172866521 0.3462397617274758 0.34846827133479213 0.3466120625465376 0.7363238512035011 0.3462397617274758 0.736870897155361
0 0.4743112434847357 0.5103938730853391 0.35443037974683544 0.5103938730853391 0.35405807892777363 0.41466083150984684 0.4743112434847357 0.4141137855579869 0.47468354430379744 0.5098468271334792 0.4743112434847357 0.5103938730853391
0 0.9314966492926284 0.5268052516411379 0.8875651526433358 0.5268052516411379 0.887192851824274 0.462800875273523 0.9314966492926284 0.46225382932166303 0.9318689501116902 0.526258205689278 0.9314966492926284 0.5268052516411379
0 0.4743112434847357 0.8714442013129103 0.35443037974683544 0.8714442013129103 0.35405807892777363 0.5196936542669585 0.4743112434847357 0.5191466083150985 0.47468354430379744 0.8708971553610503 0.4743112434847357 0.8714442013129103
0 0.8868205510052122 0.6219912472647703 0.8160833953834699 0.6219912472647703 0.815711094564408 0.5448577680525164 0.8868205510052122 0.5443107221006565 0.887192851824274 0.6214442013129103 0.8868205510052122 0.6219912472647703
0 0.9344750558451228 0.6219912472647703 0.8920327624720774 0.6219912472647703 0.8916604616530156 0.5448577680525164 0.9344750558451228 0.5443107221006565 0.9348473566641846 0.6214442013129103 0.9344750558451228 0.6219912472647703
0 0.9344750558451228 0.8714442013129103 0.8160833953834699 0.8714442013129103 0.815711094564408 0.6291028446389497 0.9344750558451228 0.6285557986870897 0.9348473566641846 0.8708971553610503 0.9344750558451228 0.8714442013129103
0 0.6924795234549516 0.8714442013129103 0.533879374534624 0.8714442013129103 0.5335070737155622 0.6695842450765864 0.5547282204020849 0.6690371991247265 0.5551005212211467 0.6301969365426696 0.6924795234549516 0.6296498905908097 0.6928518242740134 0.8708971553610503 0.6924795234549516 0.8714442013129103
0 0.22338049143708116 0.8714442013129103 0.06105733432613552 0.8714442013129103 0.060685033507073716 0.6936542669584245 0.0781831720029784 0.6931072210065645 0.07855547282204021 0.6520787746170679 0.1563663440059568 0.6515317286652079 0.15673864482501862 0.7417943107221007 0.22338049143708116 0.7423413566739606 0.22375279225614297 0.8708971553610503 0.22338049143708116 0.8714442013129103
0 0.8078927773641102 0.8714442013129103 0.7006701414743113 0.8714442013129103 0.7002978406552495 0.6914660831509847 0.8078927773641102 0.6909190371991247 0.808265078183172 0.8708971553610503 0.8078927773641102 0.8714442013129103
0 0.28369322412509307 0.8714442013129103 0.23008190618019358 0.8714442013129103 0.2297096053611318 0.7428884026258206 0.28369322412509307 0.7423413566739606 0.2840655249441549 0.8708971553610503 0.28369322412509307 0.8714442013129103
0 0.3462397617274758 0.8714442013129103 0.2889054355919583 0.8714442013129103 0.2885331347728965 0.7428884026258206 0.3462397617274758 0.7423413566739606 0.3466120625465376 0.8708971553610503 0.3462397617274758 0.8714442013129103