0 0.6177777777777778 0.5329489291598023 0.4103703703703704 0.5329489291598023 0.4096296296296296 0.2800658978583196 0.4444444444444444 0.27924217462932455 0.4562962962962963 0.2660626029654036 0.4711111111111111 0.25123558484349257 0.5866666666666667 0.25123558484349257 0.6 0.2660626029654036 0.6037037037037037 0.2685337726523888 0.605925925925926 0.2726523887973641 0.6133333333333333 0.27924217462932455 0.6177777777777778 0.27924217462932455 0.6185185185185185 0.5321252059308073 0.6177777777777778 0.5329489291598023
0 0.4088888888888889 0.471993410214168 0.20444444444444446 0.471993410214168 0.2037037037037037 0.2800658978583196 0.4088888888888889 0.27924217462932455 0.4096296296296296 0.471169686985173 0.4088888888888889 0.471993410214168
0 0.76 0.5345963756177924 0.6251851851851852 0.5345963756177924 0.6244444444444445 0.2800658978583196 0.76 0.27924217462932455 0.7607407407407407 0.5337726523887973 0.76 0.5345963756177924
0 0.9407407407407408 0.39621087314662273 0.7762962962962963 0.39621087314662273 0.7755555555555556 0.2915980230642504 0.9407407407407408 0.2907742998352554 0.9414814814814815 0.3953871499176277 0.9407407407407408 0.39621087314662273
0 0.9466666666666667 0.7899505766062603 0.7762962962962963 0.7899505766062603 0.7755555555555556 0.4085667215815486 0.9466666666666667 0.40774299835255357 0.9474074074074074 0.7891268533772653 0.9466666666666667 0.7899505766062603
0 0.29333333333333333 0.5889621087314663 0.20444444444444446 0.5889621087314663 0.2037037037037037 0.48105436573311366 0.28888888888888886 0.4802306425041186 0.2896296296296296 0.5453047775947282 0.29333333333333333 0.5461285008237232 0.2940740740740741 0.5881383855024712 0.29333333333333333 0.5889621087314663
0 0.40296296296296297 0.5889621087314663 0.30074074074074075 0.5889621087314663 0.3 0.48105436573311366 0.40296296296296297 0.4802306425041186 0.40370370370370373 0.5881383855024712 0.40296296296296297 0.5889621087314663
0 0.5792592592592593 0.6680395387149918 0.4103703703703704 0.6680395387149918 0.4096296296296296 0.5337726523887973 0.6177777777777778 0.5329489291598023 0.6177777777777778 0.5345963756177924 0.5140740740740741 0.5345963756177924 0.5133333333333333 0.5403624382207578 0.5792592592592593 0.5411861614497528 0.58 0.6672158154859967 0.5792592592592593 0.6680395387149918
0 0.76 0.770181219110379 0.5866666666666667 0.770181219110379 0.585925925925926 0.5420098846787479 0.76 0.5411861614497528 0.7607407407407407 0.7693574958813838 0.76 0.770181219110379
0 0.40296296296296297 0.770181219110379 0.20444444444444446 0.770181219110379 0.2037037037037037 0.5980230642504119 0.40296296296296297 0.5971993410214168 0.40370370370370373 0.7693574958813838 0.40296296296296297 0.770181219110379
0 0.5051851851851852 0.770181219110379 0.4103703703703704 0.770181219110379 0.4096296296296296 0.6771004942339374 0.5051851851851852 0.6762767710049423 0.5059259259259259 0.7693574958813838 0.5051851851851852 0.770181219110379
0 0.5792592592592593 0.770181219110379 0.5140740740740741 0.770181219110379 0.5133333333333333 0.6771004942339374 0.5792592592592593 0.6762767710049423 0.58 0.7693574958813838 0.5792592592592593 0.770181219110379