0 0.8151041666666666 0.39502018842530284 0.40625 0.39502018842530284 0.4049479166666667 0.3082099596231494 0.18229166666666666 0.3075370121130552 0.18098958333333334 0.19246298788694483 0.8151041666666666 0.1917900403768506 0.81640625 0.3943472409152086 0.8151041666666666 0.39502018842530284
0 0.3958333333333333 0.4448183041722746 0.18229166666666666 0.4448183041722746 0.18098958333333334 0.3082099596231494 0.4036458333333333 0.3075370121130552 0.4049479166666667 0.41722745625841184 0.3984375 0.41790040376850607 0.3971354166666667 0.44414535666218036 0.3958333333333333 0.4448183041722746
0 0.5520833333333334 0.6318977119784657 0.40625 0.6318977119784657 0.4049479166666667 0.39569313593539707 0.5130208333333334 0.39502018842530284 0.5143229166666666 0.5356662180349933 0.5520833333333334 0.5363391655450875 0.5533854166666666 0.6312247644683715 0.5520833333333334 0.6318977119784657
0 0.6692708333333334 0.5309555854643337 0.5260416666666666 0.5309555854643337 0.5247395833333334 0.3997308209959623 0.6692708333333334 0.3990578734858681 0.6705729166666666 0.5302826379542396 0.6692708333333334 0.5309555854643337
0 0.8151041666666666 0.4851951547779273 0.6822916666666666 0.4851951547779273 0.6809895833333334 0.3997308209959623 0.8151041666666666 0.3990578734858681 0.81640625 0.4845222072678331 0.8151041666666666 0.4851951547779273
0 0.3046875 0.5309555854643337 0.18229166666666666 0.5309555854643337 0.18098958333333334 0.44952893674293404 0.3046875 0.4488559892328398 0.3059895833333333 0.5302826379542396 0.3046875 0.5309555854643337
0 0.3958333333333333 0.5309555854643337 0.3151041666666667 0.5309555854643337 0.3138020833333333 0.44952893674293404 0.3958333333333333 0.4488559892328398 0.3971354166666667 0.5302826379542396 0.3958333333333333 0.5309555854643337
0 0.8151041666666666 0.5309555854643337 0.6822916666666666 0.5309555854643337 0.6809895833333334 0.4899057873485868 0.8151041666666666 0.4892328398384926 0.81640625 0.5302826379542396 0.8151041666666666 0.5309555854643337
0 0.3958333333333333 0.6924629878869448 0.18229166666666666 0.6924629878869448 0.18098958333333334 0.5370121130551817 0.3958333333333333 0.5363391655450875 0.3971354166666667 0.6917900403768507 0.3958333333333333 0.6924629878869448
0 0.8151041666666666 0.6924629878869448 0.5234375 0.6924629878869448 0.5221354166666666 0.6662180349932705 0.515625 0.6655450874831763 0.5143229166666666 0.6917900403768507 0.40625 0.6924629878869448 0.4049479166666667 0.6366083445491252 0.5598958333333334 0.6359353970390309 0.5611979166666666 0.5370121130551817 0.8151041666666666 0.5363391655450875 0.81640625 0.6917900403768507 0.8151041666666666 0.6924629878869448
0 0.28125 0.8633916554508748 0.17708333333333334 0.8633916554508748 0.17578125 0.702557200538358 0.28125 0.7018842530282638 0.2825520833333333 0.8627187079407806 0.28125 0.8633916554508748