0 0.3353221957040573 0.6293001186239621 0.07756563245823389 0.6293001186239621 0.07696897374701671 0.08540925266903915 0.26968973747016706 0.08481613285883749 0.2702863961813842 0.42823250296559906 0.3353221957040573 0.4288256227758007 0.33591885441527447 0.6287069988137604 0.3353221957040573 0.6293001186239621
0 0.3914081145584726 0.17734282325029657 0.2756563245823389 0.17734282325029657 0.27505966587112174 0.08540925266903915 0.3914081145584726 0.08481613285883749 0.39200477326968974 0.1767497034400949 0.3914081145584726 0.17734282325029657
0 0.5835322195704057 0.3208778173190985 0.39856801909307876 0.3208778173190985 0.3979713603818616 0.08540925266903915 0.5835322195704057 0.08481613285883749 0.584128878281623 0.3202846975088968 0.5835322195704057 0.3208778173190985
0 0.8484486873508353 0.41459074733096085 0.5906921241050119 0.41459074733096085 0.5900954653937948 0.08540925266903915 0.8484486873508353 0.08481613285883749 0.8490453460620525 0.4139976275207592 0.8484486873508353 0.41459074733096085
0 0.3914081145584726 0.3208778173190985 0.2756563245823389 0.3208778173190985 0.27505966587112174 0.18386714116251482 0.3914081145584726 0.18327402135231316 0.39200477326968974 0.3202846975088968 0.3914081145584726 0.3208778173190985
0 0.5823389021479713 0.5272835112692764 0.4630071599045346 0.5272835112692764 0.46241050119331745 0.4294187425860024 0.4892601431980907 0.4288256227758007 0.48985680190930786 0.4234875444839858 0.2756563245823389 0.42289442467378413 0.27505966587112174 0.3274021352313167 0.5894988066825776 0.32680901542111507 0.5900954653937948 0.4139976275207592 0.5835322195704057 0.41459074733096085 0.5829355608591885 0.5266903914590747 0.5823389021479713 0.5272835112692764
0 0.8484486873508353 0.6293001186239621 0.5871121718377088 0.6293001186239621 0.5865155131264916 0.5136417556346382 0.5835322195704057 0.5130486358244365 0.5829355608591885 0.48279952550415184 0.5871121718377088 0.4822064056939502 0.587708830548926 0.4211150652431791 0.8496420047732697 0.42052194543297744 0.8490453460620525 0.6287069988137604 0.8484486873508353 0.6293001186239621
0 0.45704057279236276 0.5272835112692764 0.3424821002386635 0.5272835112692764 0.3418854415274463 0.4294187425860024 0.45704057279236276 0.4288256227758007 0.45763723150357993 0.5266903914590747 0.45704057279236276 0.5272835112692764
0 0.49761336515513127 0.6293001186239621 0.3424821002386635 0.6293001186239621 0.3418854415274463 0.5338078291814946 0.49761336515513127 0.533214709371293 0.49821002386634844 0.6287069988137604 0.49761336515513127 0.6293001186239621
0 0.5823389021479713 0.6293001186239621 0.5035799522673031 0.6293001186239621 0.502983293556086 0.5338078291814946 0.5823389021479713 0.533214709371293 0.5829355608591885 0.6287069988137604 0.5823389021479713 0.6293001186239621
0 0.8389021479713604 0.7716488730723606 0.5918854415274463 0.7716488730723606 0.5912887828162291 0.641755634638197 0.8389021479713604 0.6411625148279952 0.8394988066825776 0.7710557532621589 0.8389021479713604 0.7716488730723606
0 0.9236276849642004 0.7716488730723606 0.8400954653937948 0.7716488730723606 0.8394988066825776 0.641755634638197 0.9236276849642004 0.6411625148279952 0.9242243436754176 0.7710557532621589 0.9236276849642004 0.7716488730723606
0 0.9224343675417661 0.9377224199288257 0.5930787589498807 0.9377224199288257 0.5924821002386634 0.7781731909845789 0.9224343675417661 0.7775800711743772 0.9230310262529833 0.9371293001186239 0.9224343675417661 0.9377224199288257