0 0.5089108910891089 0.3642201834862385 0.3584158415841584 0.3642201834862385 0.3564356435643564 0.3605504587155963 0.15247524752475247 0.3605504587155963 0.15148514851485148 0.14678899082568808 0.5089108910891089 0.14587155963302753 0.5099009900990099 0.363302752293578 0.5089108910891089 0.3642201834862385
0 0.7405940594059406 0.3642201834862385 0.5663366336633663 0.3642201834862385 0.5653465346534653 0.15045871559633028 0.7405940594059406 0.14954128440366973 0.7415841584158416 0.363302752293578 0.7405940594059406 0.3642201834862385
0 0.9207920792079208 0.3642201834862385 0.7485148514851485 0.3642201834862385 0.7475247524752475 0.15045871559633028 0.9207920792079208 0.14954128440366973 0.9217821782178218 0.363302752293578 0.9207920792079208 0.3642201834862385
0 0.3564356435643564 0.5715596330275229 0.2376237623762376 0.5715596330275229 0.23663366336633662 0.47155963302752296 0.15247524752475247 0.4706422018348624 0.15148514851485148 0.3669724770642202 0.2613861386138614 0.3660550458715596 0.2623762376237624 0.3614678899082569 0.3564356435643564 0.3605504587155963 0.3574257425742574 0.5706422018348624 0.3564356435643564 0.5715596330275229
0 0.5089108910891089 0.5146788990825688 0.36633663366336633 0.5146788990825688 0.36534653465346534 0.3706422018348624 0.5089108910891089 0.3697247706422018 0.5099009900990099 0.5137614678899083 0.5089108910891089 0.5146788990825688
0 0.7980198019801981 0.4743119266055046 0.5663366336633663 0.4743119266055046 0.5653465346534653 0.3706422018348624 0.7980198019801981 0.3697247706422018 0.799009900990099 0.47339449541284406 0.7980198019801981 0.4743119266055046
0 0.9207920792079208 0.5440366972477064 0.805940594059406 0.5440366972477064 0.804950495049505 0.42935779816513764 0.8534653465346534 0.42844036697247706 0.8544554455445544 0.41834862385321103 0.805940594059406 0.41743119266055045 0.804950495049505 0.3706422018348624 0.9207920792079208 0.3697247706422018 0.9217821782178218 0.5431192660550459 0.9207920792079208 0.5440366972477064
0 0.22772277227722773 0.5715596330275229 0.15247524752475247 0.5715596330275229 0.15148514851485148 0.47706422018348627 0.22772277227722773 0.4761467889908257 0.22871287128712872 0.5706422018348624 0.22772277227722773 0.5715596330275229
0 0.7980198019801981 0.6559633027522935 0.5663366336633663 0.6559633027522935 0.5653465346534653 0.48073394495412847 0.7980198019801981 0.4798165137614679 0.799009900990099 0.655045871559633 0.7980198019801981 0.6559633027522935
0 0.5089108910891089 0.6541284403669725 0.36633663366336633 0.6541284403669725 0.36534653465346534 0.5155963302752293 0.5089108910891089 0.5146788990825688 0.5099009900990099 0.653211009174312 0.5089108910891089 0.6541284403669725
0 0.9207920792079208 0.6559633027522935 0.805940594059406 0.6559633027522935 0.804950495049505 0.5504587155963303 0.9207920792079208 0.5495412844036697 0.9217821782178218 0.655045871559633 0.9207920792079208 0.6559633027522935
0 0.2811881188118812 0.6541284403669725 0.15247524752475247 0.6541284403669725 0.15148514851485148 0.5779816513761468 0.2811881188118812 0.5770642201834862 0.28217821782178215 0.653211009174312 0.2811881188118812 0.6541284403669725
0 0.3564356435643564 0.6541284403669725 0.2891089108910891 0.6541284403669725 0.2881188118811881 0.5779816513761468 0.3564356435643564 0.5770642201834862 0.3574257425742574 0.653211009174312 0.3564356435643564 0.6541284403669725
0 0.29306930693069305 0.9587155963302753 0.14455445544554454 0.9587155963302753 0.14356435643564355 0.781651376146789 0.29306930693069305 0.7807339449541284 0.29405940594059404 0.9577981651376147 0.29306930693069305 0.9587155963302753