0 0.7947019867549668 0.7557471264367817 0.6532209512341962 0.7557471264367817 0.6529199277543648 0.22873563218390805 0.7947019867549668 0.22816091954022988 0.7950030102347984 0.7551724137931034 0.7947019867549668 0.7557471264367817
0 0.2889825406381698 0.49137931034482757 0.029500301023479832 0.49137931034482757 0.029199277543648403 0.3045977011494253 0.1493076459963877 0.3040229885057471 0.14960866947621915 0.23103448275862068 0.2895845875978326 0.23045977011494254 0.2898856110776641 0.2850574712643678 0.2892835641180012 0.28620689655172415 0.2892835641180012 0.4908045977011494 0.2889825406381698 0.49137931034482757
0 0.6484045755568935 0.6051724137931035 0.5304033714629741 0.6051724137931035 0.5301023479831427 0.3 0.6484045755568935 0.29942528735632185 0.6487055990367249 0.6045977011494252 0.6484045755568935 0.6051724137931035
0 0.9590608067429259 0.524712643678161 0.7989163154726069 0.524712643678161 0.7986152919927755 0.3 0.9590608067429259 0.29942528735632185 0.9593618302227573 0.5241379310344828 0.9590608067429259 0.524712643678161
0 0.4539434075857917 0.49137931034482757 0.29319686935580974 0.49137931034482757 0.29289584587597833 0.3022988505747126 0.4539434075857917 0.3017241379310345 0.4542444310656231 0.4908045977011494 0.4539434075857917 0.49137931034482757
0 0.1456953642384106 0.7545977011494253 0.029500301023479832 0.7545977011494253 0.029199277543648403 0.49195402298850577 0.14810355207706202 0.49137931034482757 0.14840457555689343 0.7137931034482758 0.14629741119807346 0.714367816091954 0.14599638771824203 0.7540229885057471 0.1456953642384106 0.7545977011494253
0 0.28838049367850693 0.7545977011494253 0.14990969295605058 0.7545977011494253 0.14960866947621915 0.7149425287356321 0.14840457555689343 0.7137931034482758 0.14840457555689343 0.6218390804597701 0.18242022877784467 0.621264367816092 0.1827212522576761 0.5 0.14870559903672487 0.49942528735632186 0.14840457555689343 0.49195402298850577 0.2366044551475015 0.49137931034482757 0.23690547862733294 0.49885057471264366 0.2889825406381698 0.49942528735632186 0.2892835641180012 0.632183908045977 0.23720650210716435 0.6327586206896552 0.23690547862733294 0.6379310344827587 0.2889825406381698 0.6385057471264368 0.28868151715833834 0.7540229885057471 0.28838049367850693 0.7545977011494253
0 0.18242022877784467 0.621264367816092 0.14870559903672487 0.621264367816092 0.14840457555689343 0.5 0.18242022877784467 0.49942528735632186 0.1827212522576761 0.6206896551724138 0.18242022877784467 0.621264367816092
0 0.4539434075857917 0.7545977011494253 0.2925948223961469 0.7545977011494253 0.29229379891631546 0.639080459770115 0.29289584587597833 0.6379310344827587 0.29289584587597833 0.5 0.34256472004816374 0.49942528735632186 0.3428657435279952 0.6540229885057471 0.4539434075857917 0.6545977011494253 0.4542444310656231 0.7540229885057471 0.4539434075857917 0.7545977011494253
0 0.40337146297411197 0.6477011494252873 0.34677904876580373 0.6477011494252873 0.3464780252859723 0.5 0.40337146297411197 0.49942528735632186 0.4036724864539434 0.6471264367816092 0.40337146297411197 0.6477011494252873
0 0.45334136062612884 0.6442528735632184 0.4069837447320891 0.6442528735632184 0.4066827212522577 0.503448275862069 0.45334136062612884 0.5028735632183908 0.45364238410596025 0.6436781609195402 0.45334136062612884 0.6442528735632184
0 0.9590608067429259 0.7557471264367817 0.7989163154726069 0.7557471264367817 0.7986152919927755 0.5333333333333333 0.9590608067429259 0.5327586206896552 0.9593618302227573 0.7551724137931034 0.9590608067429259 0.7557471264367817
0 0.6068633353401566 0.7557471264367817 0.5304033714629741 0.7557471264367817 0.5301023479831427 0.6126436781609196 0.6068633353401566 0.6120689655172413 0.607164358819988 0.7551724137931034 0.6068633353401566 0.7557471264367817
0 0.6484045755568935 0.7557471264367817 0.6110776640577965 0.7557471264367817 0.6107766405779651 0.6126436781609196 0.6484045755568935 0.6120689655172413 0.6487055990367249 0.7551724137931034 0.6484045755568935 0.7557471264367817