0 0.17289719626168223 0.164375 0.102803738317757 0.164375 0.1022196261682243 0.045 0.17289719626168223 0.044375 0.17348130841121495 0.16375 0.17289719626168223 0.164375
0 0.39135514018691586 0.491875 0.10514018691588785 0.491875 0.10455607476635514 0.1875 0.39135514018691586 0.186875 0.3919392523364486 0.49125 0.39135514018691586 0.491875
0 0.7161214953271028 0.498125 0.3925233644859813 0.498125 0.3919392523364486 0.1875 0.7161214953271028 0.186875 0.7167056074766355 0.4975 0.7161214953271028 0.498125
0 0.9088785046728972 0.299375 0.9077102803738317 0.298125 0.7266355140186916 0.298125 0.7260514018691588 0.1875 0.9088785046728972 0.186875 0.9094626168224299 0.29875 0.9088785046728972 0.299375
0 0.9112149532710281 0.490625 0.7231308411214953 0.490625 0.7225467289719626 0.30625 0.9112149532710281 0.305625 0.9117990654205608 0.49 0.9112149532710281 0.490625
0 0.1927570093457944 0.595625 0.10514018691588785 0.595625 0.10455607476635514 0.49875 0.1927570093457944 0.498125 0.1933411214953271 0.595 0.1927570093457944 0.595625
0 0.286214953271028 0.595625 0.20093457943925233 0.595625 0.2003504672897196 0.49875 0.286214953271028 0.498125 0.2867990654205608 0.595 0.286214953271028 0.595625
0 0.7161214953271028 0.768125 0.5712616822429907 0.768125 0.570677570093458 0.6025 0.6273364485981309 0.601875 0.6279205607476636 0.59625 0.2932242990654206 0.595625 0.29264018691588783 0.49875 0.7161214953271028 0.498125 0.7167056074766355 0.7675 0.7161214953271028 0.768125
0 0.9112149532710281 0.615625 0.7231308411214953 0.615625 0.7225467289719626 0.49875 0.9112149532710281 0.498125 0.9117990654205608 0.615 0.9112149532710281 0.615625
0 0.35864485981308414 0.884375 0.10514018691588785 0.884375 0.10455607476635514 0.6025 0.35864485981308414 0.601875 0.3592289719626168 0.88375 0.35864485981308414 0.884375
0 0.5630841121495327 0.884375 0.36682242990654207 0.884375 0.3662383177570093 0.6025 0.5630841121495327 0.601875 0.5636682242990654 0.88375 0.5630841121495327 0.884375
0 0.9112149532710281 0.884375 0.7231308411214953 0.884375 0.7225467289719626 0.62375 0.9112149532710281 0.623125 0.9117990654205608 0.88375 0.9112149532710281 0.884375
0 0.7161214953271028 0.884375 0.5712616822429907 0.884375 0.570677570093458 0.77625 0.7161214953271028 0.775625 0.7167056074766355 0.88375 0.7161214953271028 0.884375