0 0.1649331352154532 0.5042689434364994 0.0913818722139673 0.5042689434364994 0.09101040118870728 0.07577374599786553 0.31575037147102525 0.07524012806830309 0.3161218424962853 0.5016008537886874 0.3150074294205052 0.5032017075773746 0.16567607726597325 0.5032017075773746 0.1649331352154532 0.5042689434364994
0 0.8157503714710252 0.5032017075773746 0.5468053491827637 0.5032017075773746 0.5464338781575037 0.07790821771611527 0.7711738484398217 0.07737459978655283 0.7715453194650818 0.37886872998932764 0.6656760772659732 0.37940234791889005 0.6653046062407132 0.3874066168623266 0.7756315007429421 0.387940234791889 0.7760029717682021 0.2550693703308431 0.9264487369985142 0.2545357524012807 0.9268202080237742 0.423692636072572 0.8164933135215453 0.4242262540021345 0.8161218424962853 0.5026680896478122 0.8157503714710252 0.5032017075773746
0 0.4687964338781575 0.4957310565635005 0.3224368499257058 0.4957310565635005 0.3220653789004458 0.2529348986125934 0.4687964338781575 0.25240128068303097 0.46916790490341753 0.4951974386339381 0.4687964338781575 0.4957310565635005
0 0.8922734026745914 0.5181430096051227 0.8216939078751857 0.5181430096051227 0.8213224368499257 0.43329775880469584 0.9205052005943536 0.43276414087513343 0.9208766716196136 0.5026680896478122 0.8930163447251115 0.5032017075773746 0.8926448736998515 0.5176093916755603 0.8922734026745914 0.5181430096051227
0 0.3521545319465082 0.7945570971184632 0.24071322436849926 0.7945570971184632 0.24034175334323923 0.5474919957310566 0.2410846953937593 0.5464247598719317 0.2410846953937593 0.503735325506937 0.3150074294205052 0.5032017075773746 0.31575037147102525 0.5021344717182498 0.3161218424962853 0.6424759871931697 0.3521545319465082 0.6430096051227321 0.3525260029717682 0.7940234791889007 0.3521545319465082 0.7945570971184632
0 0.23402674591381872 0.7945570971184632 0.0913818722139673 0.7945570971184632 0.09101040118870728 0.5048025613660619 0.1649331352154532 0.5042689434364994 0.16567607726597325 0.5032017075773746 0.24071322436849926 0.5032017075773746 0.2410846953937593 0.5464247598719317 0.23476968796433878 0.5469583778014941 0.23439821693907875 0.7940234791889007 0.23402674591381872 0.7945570971184632
0 0.4687964338781575 0.6312700106723586 0.3224368499257058 0.6312700106723586 0.3220653789004458 0.5048025613660619 0.4346210995542348 0.5042689434364994 0.4349925705794948 0.5165421558164355 0.4687964338781575 0.5170757737459979 0.46916790490341753 0.6307363927427961 0.4687964338781575 0.6312700106723586
0 0.7310549777117384 0.7966915688367129 0.5468053491827637 0.7966915688367129 0.5464338781575037 0.5133404482390609 0.7310549777117384 0.5128068303094984 0.7314264487369985 0.7961579509071505 0.7310549777117384 0.7966915688367129
0 0.9264487369985142 0.7966915688367129 0.7377414561664191 0.7966915688367129 0.737369985141159 0.5133404482390609 0.8157503714710252 0.5128068303094984 0.8161218424962853 0.5261472785485592 0.9264487369985142 0.5266808964781217 0.9268202080237742 0.7961579509071505 0.9264487369985142 0.7966915688367129
0 0.46285289747399705 0.7849519743863393 0.3610698365527489 0.7849519743863393 0.36069836552748885 0.6414087513340448 0.46285289747399705 0.6408751334044824 0.4632243684992571 0.7844183564567769 0.46285289747399705 0.7849519743863393
0 0.12852897473997027 0.9535752401280683 0.041604754829123326 0.9535752401280683 0.0412332838038633 0.8196371398078975 0.12852897473997027 0.8191035218783351 0.1289004457652303 0.9530416221985059 0.12852897473997027 0.9535752401280683