0 0.5006622516556292 0.3187221396731055 0.3562913907284768 0.3187221396731055 0.35562913907284766 0.16047548291233285 0.5006622516556292 0.15973254086181277 0.5013245033112583 0.3179791976225854 0.5006622516556292 0.3187221396731055
0 0.7364238410596027 0.4673105497771174 0.5019867549668874 0.4673105497771174 0.5013245033112583 0.16047548291233285 0.7364238410596027 0.15973254086181277 0.7370860927152317 0.46656760772659733 0.7364238410596027 0.4673105497771174
0 0.9337748344370861 0.3514115898959881 0.7509933774834437 0.3514115898959881 0.7503311258278146 0.23179791976225855 0.9337748344370861 0.2310549777117385 0.9344370860927153 0.35066864784546803 0.9337748344370861 0.3514115898959881
0 0.46225165562913906 0.5401188707280832 0.3562913907284768 0.5401188707280832 0.35562913907284766 0.31946508172362553 0.5006622516556292 0.3187221396731055 0.5013245033112583 0.46656760772659733 0.46357615894039733 0.4673105497771174 0.4629139072847682 0.5393759286775631 0.46225165562913906 0.5401188707280832
0 0.9364238410596026 0.837295690936107 0.7509933774834437 0.837295690936107 0.7503311258278146 0.35958395245170877 0.9364238410596026 0.3588410104011887 0.9370860927152318 0.836552748885587 0.9364238410596026 0.837295690936107
0 0.5642384105960265 0.7600297176820208 0.46622516556291393 0.7600297176820208 0.46556291390728477 0.5408618127786032 0.4629139072847682 0.5393759286775631 0.4629139072847682 0.46805349182763745 0.5642384105960265 0.4673105497771174 0.5649006622516556 0.4739970282317979 0.6039735099337749 0.47473997028231796 0.604635761589404 0.5482912332838039 0.5655629139072847 0.549034175334324 0.5649006622516556 0.7592867756315007 0.5642384105960265 0.7600297176820208
0 0.7364238410596027 0.549034175334324 0.6119205298013245 0.549034175334324 0.6112582781456953 0.475482912332838 0.7364238410596027 0.47473997028231796 0.7370860927152317 0.5482912332838039 0.7364238410596027 0.549034175334324
0 0.45695364238410596 0.7303120356612184 0.3562913907284768 0.7303120356612184 0.35562913907284766 0.5482912332838039 0.45695364238410596 0.5475482912332839 0.45761589403973507 0.7295690936106983 0.45695364238410596 0.7303120356612184
0 0.7364238410596027 0.8551263001485884 0.5708609271523178 0.8551263001485884 0.5701986754966888 0.5557206537890045 0.7364238410596027 0.5549777117384844 0.7370860927152317 0.8543833580980683 0.7364238410596027 0.8551263001485884
0 0.45695364238410596 0.8551263001485884 0.3562913907284768 0.8551263001485884 0.35562913907284766 0.7399702823179792 0.45695364238410596 0.7392273402674592 0.45761589403973507 0.8543833580980683 0.45695364238410596 0.8551263001485884
0 0.5642384105960265 0.8551263001485884 0.46622516556291393 0.8551263001485884 0.46556291390728477 0.7682020802377415 0.5642384105960265 0.7674591381872214 0.5649006622516556 0.8543833580980683 0.5642384105960265 0.8551263001485884