0 0.29843561973525873 0.2947686116700201 0.16967509025270758 0.2947686116700201 0.1690734055354994 0.05432595573440644 0.29843561973525873 0.05331991951710262 0.2990373044524669 0.2937625754527163 0.29843561973525873 0.2947686116700201
0 0.4139590854392298 0.2947686116700201 0.2996389891696751 0.2947686116700201 0.2990373044524669 0.05432595573440644 0.44885679903730447 0.05331991951710262 0.44945848375451264 0.28772635814889336 0.4151624548736462 0.2887323943661972 0.41456077015643805 0.2937625754527163 0.4139590854392298 0.2947686116700201
0 0.6630565583634176 0.25653923541247486 0.4536702767749699 0.25653923541247486 0.45306859205776173 0.05432595573440644 0.6630565583634176 0.05331991951710262 0.6636582430806257 0.25553319919517103 0.6630565583634176 0.25653923541247486
0 0.7713598074608905 0.20020120724346077 0.6738868832731648 0.20020120724346077 0.6732851985559567 0.06438631790744467 0.7713598074608905 0.06338028169014084 0.7719614921780987 0.19919517102615694 0.7713598074608905 0.20020120724346077
0 0.7713598074608905 0.5442655935613682 0.5956678700361011 0.5442655935613682 0.5950661853188929 0.2635814889336016 0.6666666666666666 0.2625754527162978 0.6672683513838749 0.21730382293762576 0.7713598074608905 0.21629778672032193 0.7719614921780987 0.5432595573440644 0.7713598074608905 0.5442655935613682
0 0.4536702767749699 0.2887323943661972 0.45306859205776173 0.2635814889336016 0.4542719614921781 0.2635814889336016 0.4542719614921781 0.28772635814889336 0.4536702767749699 0.2887323943661972
0 0.48736462093862815 0.4678068410462777 0.41997593261131166 0.4678068410462777 0.4193742478941035 0.41448692152917505 0.4151624548736462 0.4134808853118712 0.41456077015643805 0.29577464788732394 0.4536702767749699 0.2947686116700201 0.4542719614921781 0.2635814889336016 0.5884476534296029 0.2625754527162978 0.589049338146811 0.4124748490945674 0.48856799037304455 0.4134808853118712 0.4879663056558363 0.46680080482897385 0.48736462093862815 0.4678068410462777
0 0.4139590854392298 0.6589537223340041 0.16967509025270758 0.6589537223340041 0.1690734055354994 0.29577464788732394 0.4139590854392298 0.2947686116700201 0.41456077015643805 0.6579476861167002 0.4139590854392298 0.6589537223340041
0 0.5872442839951865 0.5442655935613682 0.49338146811071 0.5442655935613682 0.4927797833935018 0.4225352112676056 0.5872442839951865 0.4215291750503018 0.5878459687123947 0.5432595573440644 0.5872442839951865 0.5442655935613682
0 0.48736462093862815 0.6589537223340041 0.41997593261131166 0.6589537223340041 0.4193742478941035 0.4768611670020121 0.48736462093862815 0.47585513078470826 0.4879663056558363 0.6579476861167002 0.48736462093862815 0.6589537223340041
0 0.48736462093862815 0.954728370221328 0.2647412755716005 0.954728370221328 0.2641395908543923 0.6680080482897385 0.48736462093862815 0.6670020120724346 0.4879663056558363 0.9537223340040242 0.48736462093862815 0.954728370221328