0 0.22279129321382843 0.4184339314845024 0.05761843790012804 0.4184339314845024 0.056978233034571064 0.20228384991843393 0.22279129321382843 0.20146818923327894 0.2234314980793854 0.4176182707993475 0.22279129321382843 0.4184339314845024
0 0.3213828425096031 0.8181076672104405 0.2330345710627401 0.8181076672104405 0.2323943661971831 0.20228384991843393 0.46094750320102434 0.20146818923327894 0.4615877080665813 0.5285481239804242 0.322663252240717 0.5293637846655791 0.3220230473751601 0.8172920065252854 0.3213828425096031 0.8181076672104405
0 0.5941101152368758 0.5293637846655791 0.4622279129321383 0.5293637846655791 0.4615877080665813 0.20228384991843393 0.5941101152368758 0.20146818923327894 0.5947503201024328 0.5285481239804242 0.5941101152368758 0.5293637846655791
0 0.7925736235595391 0.6924959216965743 0.704225352112676 0.6924959216965743 0.7035851472471191 0.6166394779771615 0.7023047375160051 0.6150081566068516 0.7023047375160051 0.5301794453507341 0.5953905249679897 0.5293637846655791 0.5947503201024328 0.20228384991843393 0.9551856594110115 0.20146818923327894 0.9558258642765685 0.5252854812398042 0.793854033290653 0.5261011419249593 0.793213828425096 0.6916802610114192 0.7925736235595391 0.6924959216965743
0 0.22279129321382843 0.6566068515497553 0.05761843790012804 0.6566068515497553 0.056978233034571064 0.4257748776508972 0.22279129321382843 0.42495921696574224 0.2234314980793854 0.6557911908646004 0.22279129321382843 0.6566068515497553
0 0.5941101152368758 0.8181076672104405 0.4801536491677337 0.8181076672104405 0.4795134443021767 0.6802610114192496 0.4820742637644046 0.6786296900489397 0.4820742637644046 0.5693311582381729 0.48079385403329067 0.567699836867863 0.48079385403329067 0.5383360522022839 0.5224071702944942 0.5375203915171288 0.5230473751600512 0.5301794453507341 0.5480153649167734 0.5293637846655791 0.5486555697823303 0.5367047308319739 0.5941101152368758 0.5375203915171288 0.5947503201024328 0.8172920065252854 0.5941101152368758 0.8181076672104405
0 0.9551856594110115 0.8181076672104405 0.8002560819462228 0.8181076672104405 0.7996158770806658 0.6818923327895595 0.793854033290653 0.6810766721044046 0.793213828425096 0.636215334420881 0.7989756722151088 0.6353996737357259 0.7996158770806658 0.5367047308319739 0.9551856594110115 0.535889070146819 0.9558258642765685 0.8172920065252854 0.9551856594110115 0.8181076672104405
0 0.7016645326504481 0.6158238172920065 0.6043533930857875 0.6158238172920065 0.6037131882202305 0.5399673735725938 0.6939820742637645 0.5391517128874388 0.6946222791293214 0.564437194127243 0.7016645326504481 0.5652528548123981 0.7023047375160051 0.6150081566068516 0.7016645326504481 0.6158238172920065
0 0.3687580025608195 0.668026101141925 0.3290653008962868 0.668026101141925 0.32842509603072984 0.5415986949429038 0.3687580025608195 0.5407830342577488 0.36939820742637647 0.66721044045677 0.3687580025608195 0.668026101141925
0 0.469910371318822 0.668026101141925 0.37900128040973113 0.668026101141925 0.37836107554417414 0.5415986949429038 0.43661971830985913 0.5407830342577488 0.4372599231754161 0.566068515497553 0.469910371318822 0.566884176182708 0.470550576184379 0.66721044045677 0.469910371318822 0.668026101141925
0 0.7925736235595391 0.8181076672104405 0.6043533930857875 0.8181076672104405 0.6037131882202305 0.6264274061990212 0.6939820742637645 0.6256117455138662 0.6946222791293214 0.7422512234910277 0.7029449423815621 0.7430668841761827 0.7035851472471191 0.6933115823817292 0.7925736235595391 0.6924959216965743 0.793213828425096 0.8172920065252854 0.7925736235595391 0.8181076672104405
0 0.21254801536491677 0.8197389885807504 0.05761843790012804 0.8197389885807504 0.056978233034571064 0.6623164763458401 0.22279129321382843 0.6615008156606852 0.2234314980793854 0.8172920065252854 0.21382842509603073 0.8181076672104405 0.21254801536491677 0.8197389885807504
0 0.469910371318822 0.8181076672104405 0.33290653008962867 0.8181076672104405 0.3322663252240717 0.6802610114192496 0.469910371318822 0.6794453507340946 0.470550576184379 0.8172920065252854 0.469910371318822 0.8181076672104405
0 0.3380281690140845 0.9078303425774877 0.22151088348271447 0.9078303425774877 0.22087067861715748 0.831973898858075 0.3380281690140845 0.8311582381729201 0.3386683738796415 0.9070146818923328 0.3380281690140845 0.9078303425774877