0 0.39154267815191857 0.8994293865905849 0.10415035238841033 0.8994293865905849 0.10375880971025842 0.4479315263908702 0.33202819107282694 0.4472182596291013 0.33241973375097883 0.21540656205420827 0.3923257635082224 0.21469329529243938 0.3927173061863743 0.7931526390870185 0.39193422083007046 0.7945791726105563 0.39193422083007046 0.8987161198288159 0.39154267815191857 0.8994293865905849
0 0.9122944400939702 0.42582025677603424 0.7885669537979639 0.42582025677603424 0.788175411119812 0.2296718972895863 0.9122944400939702 0.2303851640513552 0.9126859827721222 0.42510699001426533 0.9122944400939702 0.42582025677603424
0 0.5011746280344558 0.43295292439372324 0.40407204385277995 0.43295292439372324 0.40368050117462806 0.23109843081312412 0.5011746280344558 0.2303851640513552 0.5015661707126077 0.4322396576319544 0.5011746280344558 0.43295292439372324
0 0.59592795614722 0.43295292439372324 0.5058731401722788 0.43295292439372324 0.5054815974941269 0.23109843081312412 0.59592795614722 0.2303851640513552 0.5963194988253719 0.4322396576319544 0.59592795614722 0.43295292439372324
0 0.2278778386844166 0.42582025677603424 0.11276429130775255 0.42582025677603424 0.11237274862960063 0.24108416547788872 0.2278778386844166 0.24037089871611983 0.22826938136256852 0.42510699001426533 0.2278778386844166 0.42582025677603424
0 0.32106499608457323 0.42582025677603424 0.23335943617854346 0.42582025677603424 0.23296789350039154 0.24108416547788872 0.32106499608457323 0.24037089871611983 0.3214565387627251 0.42510699001426533 0.32106499608457323 0.42582025677603424
0 0.7838684416601409 0.7738944365192582 0.692247454972592 0.7738944365192582 0.6918559122944401 0.5834522111269614 0.6926389976507439 0.5820256776034237 0.6926389976507439 0.5378031383737518 0.5998433829287392 0.5370898716119828 0.5994518402505873 0.28245363766048504 0.7838684416601409 0.2817403708987161 0.7842599843382929 0.7731811697574893 0.7838684416601409 0.7738944365192582
0 0.8535630383711824 0.5784593437945792 0.7885669537979639 0.5784593437945792 0.788175411119812 0.43366619115549215 0.8535630383711824 0.43295292439372324 0.8539545810493344 0.5777460770328102 0.8535630383711824 0.5784593437945792
0 0.46280344557556774 0.5613409415121255 0.40407204385277995 0.5613409415121255 0.40368050117462806 0.43937232524964337 0.46280344557556774 0.43865905848787445 0.46319498825371963 0.5606276747503567 0.46280344557556774 0.5613409415121255
0 0.59592795614722 0.7738944365192582 0.5097885669537979 0.7738944365192582 0.509397024275646 0.5620542082738944 0.46750195771339076 0.5613409415121255 0.46711041503523887 0.43937232524964337 0.5990602975724354 0.43865905848787445 0.5994518402505873 0.536376604850214 0.59592795614722 0.5370898716119828 0.5955364134690682 0.5820256776034237 0.5990602975724354 0.5827389443651926 0.5994518402505873 0.6390870185449358 0.5967110415035238 0.6398002853067047 0.5963194988253719 0.7731811697574893 0.59592795614722 0.7738944365192582
0 0.9122944400939702 0.572753209700428 0.8582615505090054 0.572753209700428 0.8578700078308535 0.43937232524964337 0.9122944400939702 0.43865905848787445 0.9126859827721222 0.572039942938659 0.9122944400939702 0.572753209700428
0 0.692247454972592 0.5827389443651926 0.6883320281910729 0.5827389443651926 0.6879404855129209 0.5449358059914408 0.6006264682850431 0.5442225392296719 0.6002349256068912 0.5820256776034237 0.59592795614722 0.5827389443651926 0.5955364134690682 0.5378031383737518 0.692247454972592 0.5370898716119828 0.6926389976507439 0.5820256776034237 0.692247454972592 0.5827389443651926
0 0.6914643696162882 0.7738944365192582 0.5998433829287392 0.7738944365192582 0.5994518402505873 0.5834522111269614 0.6002349256068912 0.5820256776034237 0.6002349256068912 0.5449358059914408 0.687548942834769 0.5442225392296719 0.6879404855129209 0.5820256776034237 0.6914643696162882 0.5827389443651926 0.6918559122944401 0.7731811697574893 0.6914643696162882 0.7738944365192582
0 0.5050900548159749 0.7738944365192582 0.40407204385277995 0.7738944365192582 0.40368050117462806 0.5677603423680456 0.5050900548159749 0.5670470756062768 0.5054815974941269 0.7731811697574893 0.5050900548159749 0.7738944365192582
0 0.9122944400939702 0.7738944365192582 0.7885669537979639 0.7738944365192582 0.788175411119812 0.7303851640513552 0.8238057948316366 0.7296718972895863 0.8241973375097885 0.6433666191155493 0.7885669537979639 0.6426533523537803 0.788175411119812 0.5848787446504993 0.9122944400939702 0.5841654778887304 0.9126859827721222 0.7731811697574893 0.9122944400939702 0.7738944365192582
0 0.8206734534064213 0.7225392296718973 0.7885669537979639 0.7225392296718973 0.788175411119812 0.6490727532097005 0.7956147220046985 0.6483594864479315 0.7960062646828504 0.6433666191155493 0.8151918559122945 0.6426533523537803 0.8155833985904464 0.6476462196861626 0.8206734534064213 0.6483594864479315 0.8210649960845732 0.7218259629101283 0.8206734534064213 0.7225392296718973
0 0.9122944400939702 0.9022824536376605 0.8645262333594361 0.9022824536376605 0.8641346906812842 0.7860199714693296 0.9122944400939702 0.7853067047075606 0.9126859827721222 0.9015691868758916 0.9122944400939702 0.9022824536376605