0 0.4570957095709571 0.3149671052631579 0.25495049504950495 0.3149671052631579 0.2545379537953795 0.18585526315789475 0.4570957095709571 0.1855811403508772 0.4575082508250825 0.31469298245614036 0.4570957095709571 0.3149671052631579
0 0.5 0.30235745614035087 0.4612211221122112 0.30235745614035087 0.4608085808580858 0.18585526315789475 0.5808580858085809 0.1855811403508772 0.5812706270627063 0.2850877192982456 0.5008250825082509 0.28536184210526316 0.5004125412541254 0.3020833333333333 0.5 0.30235745614035087
0 0.2508250825082508 0.3149671052631579 0.1377887788778878 0.3149671052631579 0.1373762376237624 0.2236842105263158 0.2508250825082508 0.22341008771929824 0.25123762376237624 0.31469298245614036 0.2508250825082508 0.3149671052631579
0 0.5808580858085809 0.3149671052631579 0.5041254125412541 0.3149671052631579 0.5037128712871287 0.2944078947368421 0.5288778877887789 0.29413377192982454 0.5292904290429042 0.2883771929824561 0.5808580858085809 0.28810307017543857 0.5812706270627063 0.31469298245614036 0.5808580858085809 0.3149671052631579
0 0.41171617161716173 0.41913377192982454 0.33993399339933994 0.41913377192982454 0.3395214521452145 0.3826754385964912 0.25495049504950495 0.3824013157894737 0.2545379537953795 0.31743421052631576 0.27970297029702973 0.31716008771929827 0.2801155115511551 0.31524122807017546 0.34405940594059403 0.3149671052631579 0.34447194719471946 0.35635964912280704 0.41171617161716173 0.35663377192982454 0.4121287128712871 0.41885964912280704 0.41171617161716173 0.41913377192982454
0 0.2508250825082508 0.41913377192982454 0.1377887788778878 0.41913377192982454 0.1373762376237624 0.3338815789473684 0.14603960396039603 0.33360745614035087 0.14645214521452146 0.31743421052631576 0.2508250825082508 0.31716008771929827 0.25123762376237624 0.41885964912280704 0.2508250825082508 0.41913377192982454
0 0.41171617161716173 0.35444078947368424 0.3481848184818482 0.35444078947368424 0.34777227722772275 0.3333333333333333 0.3556105610561056 0.33305921052631576 0.35602310231023104 0.31743421052631576 0.41171617161716173 0.31716008771929827 0.4121287128712871 0.3541666666666667 0.41171617161716173 0.35444078947368424
0 0.5808580858085809 0.41913377192982454 0.4158415841584158 0.41913377192982454 0.41542904290429045 0.31743421052631576 0.5808580858085809 0.31716008771929827 0.5812706270627063 0.41885964912280704 0.5808580858085809 0.41913377192982454
0 0.3316831683168317 0.40158991228070173 0.25495049504950495 0.40158991228070173 0.2545379537953795 0.3843201754385965 0.3316831683168317 0.3840460526315789 0.3320957095709571 0.40131578947368424 0.3316831683168317 0.40158991228070173
0 0.8234323432343235 0.740953947368421 0.6831683168316832 0.740953947368421 0.6827557755775577 0.5109649122807017 0.8234323432343235 0.5106907894736842 0.8238448844884488 0.7406798245614035 0.8234323432343235 0.740953947368421
0 0.6683168316831684 0.5507127192982456 0.594059405940594 0.5507127192982456 0.5936468646864687 0.5115131578947368 0.6683168316831684 0.5112390350877193 0.6687293729372937 0.5504385964912281 0.6683168316831684 0.5507127192982456
0 0.2623762376237624 0.6466557017543859 0.13696369636963696 0.6466557017543859 0.13655115511551155 0.5120614035087719 0.2623762376237624 0.5117872807017544 0.26278877887788776 0.6463815789473685 0.2623762376237624 0.6466557017543859
0 0.3704620462046205 0.647203947368421 0.2698019801980198 0.647203947368421 0.2693894389438944 0.5597587719298246 0.3704620462046205 0.559484649122807 0.37087458745874585 0.6469298245614035 0.3704620462046205 0.647203947368421
0 0.4537953795379538 0.647203947368421 0.3778877887788779 0.647203947368421 0.3774752475247525 0.5597587719298246 0.4933993399339934 0.559484649122807 0.4938118811881188 0.6304824561403509 0.4546204620462046 0.6307565789473685 0.4542079207920792 0.6469298245614035 0.4537953795379538 0.647203947368421
0 0.5792079207920792 0.6663925438596491 0.5 0.6663925438596491 0.49958745874587457 0.5597587719298246 0.5874587458745875 0.559484649122807 0.5878712871287128 0.6162280701754386 0.58003300330033 0.6165021929824561 0.5796204620462047 0.6661184210526315 0.5792079207920792 0.6663925438596491
0 0.6732673267326733 0.740953947368421 0.5882838283828383 0.740953947368421 0.5878712871287128 0.5597587719298246 0.6732673267326733 0.559484649122807 0.6736798679867987 0.7406798245614035 0.6732673267326733 0.740953947368421
0 0.4933993399339934 0.690515350877193 0.4158415841584158 0.690515350877193 0.41542904290429045 0.6518640350877193 0.45874587458745875 0.6515899122807017 0.4591584158415842 0.6430921052631579 0.4933993399339934 0.6428179824561403 0.4938118811881188 0.6902412280701754 0.4933993399339934 0.690515350877193
0 0.2623762376237624 0.740953947368421 0.13696369636963696 0.740953947368421 0.13655115511551155 0.6469298245614035 0.2623762376237624 0.6466557017543859 0.26278877887788776 0.7406798245614035 0.2623762376237624 0.740953947368421
0 0.4084158415841584 0.740953947368421 0.33910891089108913 0.740953947368421 0.3386963696369637 0.7044956140350878 0.2698019801980198 0.7042214912280702 0.2693894389438944 0.6518640350877193 0.4084158415841584 0.6515899122807017 0.4088283828382838 0.7406798245614035 0.4084158415841584 0.740953947368421
0 0.5792079207920792 0.740953947368421 0.5 0.740953947368421 0.49958745874587457 0.6705043859649122 0.5792079207920792 0.6702302631578947 0.5796204620462047 0.7406798245614035 0.5792079207920792 0.740953947368421
0 0.4933993399339934 0.740953947368421 0.4158415841584158 0.740953947368421 0.41542904290429045 0.6946271929824561 0.4933993399339934 0.6943530701754386 0.4938118811881188 0.7406798245614035 0.4933993399339934 0.740953947368421
0 0.3316831683168317 0.740953947368421 0.2698019801980198 0.740953947368421 0.2693894389438944 0.7088815789473685 0.3316831683168317 0.7086074561403509 0.3320957095709571 0.7406798245614035 0.3316831683168317 0.740953947368421