0 0.38074398249452956 0.28793418647166363 0.18818380743982493 0.28793418647166363 0.18708971553610504 0.10786106032906764 0.38074398249452956 0.10694698354661791 0.38183807439824946 0.2870201096892139 0.38074398249452956 0.28793418647166363
0 0.4814004376367615 0.2202925045703839 0.38949671772428884 0.2202925045703839 0.38840262582056895 0.10786106032906764 0.4814004376367615 0.10694698354661791 0.4824945295404814 0.21937842778793418 0.4814004376367615 0.2202925045703839
0 0.562363238512035 0.2202925045703839 0.487964989059081 0.2202925045703839 0.486870897155361 0.10786106032906764 0.562363238512035 0.10694698354661791 0.563457330415755 0.21937842778793418 0.562363238512035 0.2202925045703839
0 0.6433260393873085 0.2202925045703839 0.5689277899343544 0.2202925045703839 0.5678336980306345 0.10786106032906764 0.6980306345733042 0.10694698354661791 0.6991247264770241 0.20109689213893966 0.6455142231947484 0.2020109689213894 0.6444201312910285 0.21937842778793418 0.6433260393873085 0.2202925045703839
0 0.838074398249453 0.2020109689213894 0.7045951859956237 0.2020109689213894 0.7035010940919038 0.10786106032906764 0.838074398249453 0.10694698354661791 0.8391684901531729 0.20109689213893966 0.838074398249453 0.2020109689213894
0 0.838074398249453 0.29341864716636196 0.6520787746170679 0.29341864716636196 0.650984682713348 0.20840950639853748 0.838074398249453 0.20749542961608775 0.8391684901531729 0.29250457038391225 0.838074398249453 0.29341864716636196
0 0.4923413566739606 0.520109689213894 0.4179431072210066 0.520109689213894 0.41684901531728663 0.28884826325411334 0.38949671772428884 0.28793418647166363 0.38840262582056895 0.226691042047532 0.6433260393873085 0.22577696526508226 0.6444201312910285 0.29250457038391225 0.49452954048140046 0.29341864716636196 0.4934354485776805 0.3126142595978062 0.49671772428884026 0.31352833638025596 0.49781181619256015 0.2979890310786106 0.6717724288840262 0.2970749542961609 0.6728665207877462 0.5155393053016454 0.5010940919037199 0.5164533820840951 0.5 0.49725776965265084 0.49452954048140046 0.4963436928702011 0.4934354485776805 0.5191956124314442 0.4923413566739606 0.520109689213894
0 0.41575492341356673 0.5073126142595978 0.23194748358862144 0.5073126142595978 0.23085339168490154 0.47714808043875684 0.18818380743982493 0.47623400365630714 0.18708971553610504 0.2943327239488117 0.41575492341356673 0.29341864716636196 0.41684901531728663 0.506398537477148 0.41575492341356673 0.5073126142595978
0 0.3741794310722101 0.6627056672760512 0.18818380743982493 0.6627056672760512 0.18708971553610504 0.5118829981718465 0.40919037199124725 0.5109689213893968 0.4102844638949672 0.5594149908592322 0.37636761487964987 0.5603290676416819 0.37527352297593 0.6617915904936015 0.3741794310722101 0.6627056672760512
0 0.5295404814004376 0.6627056672760512 0.38293216630196936 0.6627056672760512 0.38183807439824946 0.56672760511883 0.41575492341356673 0.5658135283363802 0.41684901531728663 0.5210237659963437 0.4923413566739606 0.520109689213894 0.49452954048140046 0.5237659963436929 0.6083150984682714 0.5237659963436929 0.6094091903719913 0.5648994515539305 0.5317286652078774 0.5658135283363802 0.5306345733041575 0.6617915904936015 0.5295404814004376 0.6627056672760512
0 0.8008752735229759 0.6627056672760512 0.6170678336980306 0.6627056672760512 0.6159737417943107 0.5246800731261426 0.8402625820568927 0.5237659963436929 0.8413566739606126 0.659963436928702 0.8030634573304157 0.6608775137111518 0.8008752735229759 0.6627056672760512
0 0.6083150984682714 0.6627056672760512 0.5382932166301969 0.6627056672760512 0.537199124726477 0.5722120658135283 0.6083150984682714 0.5712979890310786 0.6094091903719913 0.6617915904936015 0.6083150984682714 0.6627056672760512
0 0.40700218818380746 0.9552102376599635 0.05908096280087528 0.9552102376599635 0.05798687089715536 0.676416819012797 0.40700218818380746 0.6755027422303473 0.40809628008752735 0.9542961608775137 0.40700218818380746 0.9552102376599635
0 0.8008752735229759 0.8254113345521024 0.5142231947483589 0.8254113345521024 0.513129102844639 0.676416819012797 0.8008752735229759 0.6755027422303473 0.8019693654266958 0.8244972577696527 0.8008752735229759 0.8254113345521024