0 0.4400785854616896 0.33273164861612514 0.05697445972495088 0.33273164861612514 0.055992141453831044 0.12154031287605295 0.4400785854616896 0.12093862815884476 0.44106090373280943 0.33212996389891697 0.4400785854616896 0.33273164861612514
0 0.9155206286836935 0.5012033694344163 0.4518664047151277 0.5012033694344163 0.45088408644400785 0.12154031287605295 0.9155206286836935 0.12093862815884476 0.9165029469548134 0.5006016847172082 0.9155206286836935 0.5012033694344163
0 0.2691552062868369 0.4651022864019254 0.05893909626719057 0.4651022864019254 0.05795677799607073 0.3405535499398315 0.2691552062868369 0.33995186522262333 0.27013752455795675 0.4645006016847172 0.2691552062868369 0.4651022864019254
0 0.4400785854616896 0.4651022864019254 0.28094302554027506 0.4651022864019254 0.27996070726915523 0.3405535499398315 0.4400785854616896 0.33995186522262333 0.44106090373280943 0.4645006016847172 0.4400785854616896 0.4651022864019254
0 0.2691552062868369 0.6263537906137184 0.05893909626719057 0.6263537906137184 0.05795677799607073 0.4717208182912154 0.2691552062868369 0.4711191335740072 0.27013752455795675 0.6257521058965102 0.2691552062868369 0.6263537906137184
0 0.4400785854616896 0.575812274368231 0.28094302554027506 0.575812274368231 0.27996070726915523 0.4717208182912154 0.4400785854616896 0.4711191335740072 0.44106090373280943 0.5752105896510229 0.4400785854616896 0.575812274368231
0 0.6031434184675835 0.818892900120337 0.39096267190569745 0.818892900120337 0.3899803536345776 0.7376654632972323 0.449901768172888 0.737063778580024 0.45088408644400785 0.5018050541516246 0.6129666011787819 0.5012033694344163 0.6139489194499018 0.6522262334536703 0.6051080550098232 0.6528279181708785 0.6041257367387033 0.8182912154031288 0.6031434184675835 0.818892900120337
0 0.9155206286836935 0.6528279181708785 0.6149312377210217 0.6528279181708785 0.6139489194499018 0.5018050541516246 0.9155206286836935 0.5012033694344163 0.9165029469548134 0.6522262334536703 0.9155206286836935 0.6528279181708785
0 0.4400785854616896 0.6648616125150422 0.28094302554027506 0.6648616125150422 0.27996070726915523 0.5824308062575211 0.4400785854616896 0.5818291215403129 0.44106090373280943 0.6642599277978339 0.4400785854616896 0.6648616125150422
0 0.2691552062868369 0.6335740072202166 0.05893909626719057 0.6335740072202166 0.05893909626719057 0.6323706377858003 0.2691552062868369 0.6323706377858003 0.2691552062868369 0.6335740072202166
0 0.3791748526522593 0.8658243080625753 0.05893909626719057 0.8658243080625753 0.05795677799607073 0.6341756919374247 0.2691552062868369 0.6335740072202166 0.27013752455795675 0.6702767749699158 0.4400785854616896 0.6708784596871239 0.44106090373280943 0.7304452466907341 0.381139489194499 0.7310469314079422 0.3801571709233792 0.865222623345367 0.3791748526522593 0.8658243080625753
0 0.9155206286836935 0.8658243080625753 0.6149312377210217 0.8658243080625753 0.6139489194499018 0.6594464500601684 0.9155206286836935 0.6588447653429603 0.9165029469548134 0.865222623345367 0.9155206286836935 0.8658243080625753
0 0.6031434184675835 0.8658243080625753 0.39096267190569745 0.8658243080625753 0.3899803536345776 0.825511432009627 0.6031434184675835 0.8249097472924187 0.6041257367387033 0.865222623345367 0.6031434184675835 0.8658243080625753