0 0.320097244732577 0.3938419117647059 0.12560777957860617 0.3938419117647059 0.12520259319286872 0.2977941176470588 0.1260129659643436 0.296875 0.1260129659643436 0.20128676470588236 0.31766612641815234 0.20082720588235295 0.3180713128038898 0.32996323529411764 0.320097244732577 0.3304227941176471 0.32050243111831445 0.39338235294117646 0.320097244732577 0.3938419117647059
0 0.4497568881685575 0.2789522058823529 0.37763371150729336 0.2789522058823529 0.3772285251215559 0.20128676470588236 0.4497568881685575 0.20082720588235295 0.45016207455429497 0.27849264705882354 0.4497568881685575 0.2789522058823529
0 0.6839546191247974 0.4149816176470588 0.5510534846029174 0.4149816176470588 0.5506482982171799 0.20404411764705882 0.7487844408427877 0.2035845588235294 0.7491896272285251 0.41268382352941174 0.6847649918962723 0.4131433823529412 0.6839546191247974 0.4149816176470588
0 0.826580226904376 0.36443014705882354 0.7957860615883307 0.36443014705882354 0.7953808752025932 0.34375 0.7536466774716369 0.34329044117647056 0.7532414910858996 0.20404411764705882 0.8841166936790924 0.2035845588235294 0.8845218800648298 0.35202205882352944 0.8298217179902755 0.3524816176470588 0.8294165316045381 0.34375 0.8273905996758509 0.34329044117647056 0.8269854132901134 0.3639705882352941 0.826580226904376 0.36443014705882354
0 0.373581847649919 0.2743566176470588 0.3273905996758509 0.2743566176470588 0.32698541329011344 0.20496323529411764 0.373581847649919 0.20450367647058823 0.3739870340356564 0.27389705882352944 0.373581847649919 0.2743566176470588
0 0.4497568881685575 0.3938419117647059 0.3209076175040519 0.3938419117647059 0.32050243111831445 0.33088235294117646 0.3225283630470016 0.3304227941176471 0.32293354943273905 0.2849264705882353 0.4497568881685575 0.2844669117647059 0.45016207455429497 0.39338235294117646 0.4497568881685575 0.3938419117647059
0 0.8841166936790924 0.5041360294117647 0.7536466774716369 0.5041360294117647 0.7532414910858996 0.36672794117647056 0.7560777957860616 0.3662683823529412 0.756482982171799 0.34650735294117646 0.7917341977309562 0.3460477941176471 0.7921393841166937 0.36580882352941174 0.8290113452188006 0.3662683823529412 0.8294165316045381 0.35661764705882354 0.8841166936790924 0.3561580882352941 0.8845218800648298 0.5036764705882353 0.8841166936790924 0.5041360294117647
0 0.3184764991896272 0.4572610294117647 0.2585089141004862 0.4572610294117647 0.25810372771474877 0.39981617647058826 0.2755267423014587 0.3993566176470588 0.2759319286871961 0.3943014705882353 0.3184764991896272 0.3938419117647059 0.31888168557536467 0.4568014705882353 0.3184764991896272 0.4572610294117647
0 0.4497568881685575 0.5032169117647058 0.3241491085899514 0.5032169117647058 0.32374392220421394 0.4494485294117647 0.35980551053484605 0.4489889705882353 0.3602106969205835 0.3943014705882353 0.4497568881685575 0.3938419117647059 0.45016207455429497 0.5027573529411765 0.4497568881685575 0.5032169117647058
0 0.25283630470016205 0.5032169117647058 0.12479740680713128 0.5032169117647058 0.12520259319286872 0.39981617647058826 0.25283630470016205 0.3993566176470588 0.2532414910858995 0.5027573529411765 0.25283630470016205 0.5032169117647058
0 0.3557536466774716 0.44347426470588236 0.3241491085899514 0.44347426470588236 0.32374392220421394 0.39981617647058826 0.3557536466774716 0.3993566176470588 0.35615883306320906 0.4430147058823529 0.3557536466774716 0.44347426470588236
0 0.6839546191247974 0.5041360294117647 0.5510534846029174 0.5041360294117647 0.5506482982171799 0.4172794117647059 0.6839546191247974 0.41681985294117646 0.6843598055105349 0.5036764705882353 0.6839546191247974 0.5041360294117647
0 0.7487844408427877 0.4728860294117647 0.6904376012965965 0.4728860294117647 0.690032414910859 0.41911764705882354 0.7487844408427877 0.4186580882352941 0.7491896272285251 0.4724264705882353 0.7487844408427877 0.4728860294117647
0 0.3184764991896272 0.5078125 0.2585089141004862 0.5078125 0.25810372771474877 0.46231617647058826 0.3184764991896272 0.4618566176470588 0.31888168557536467 0.5073529411764706 0.3184764991896272 0.5078125
0 0.7487844408427877 0.5041360294117647 0.6904376012965965 0.5041360294117647 0.690032414910859 0.4788602941176471 0.7487844408427877 0.47840073529411764 0.7491896272285251 0.5036764705882353 0.7487844408427877 0.5041360294117647
0 0.6191247974068071 0.7008272058823529 0.5145867098865479 0.7008272058823529 0.5141815235008104 0.5744485294117647 0.5149918962722853 0.5744485294117647 0.5153970826580226 0.5758272058823529 0.6191247974068071 0.5758272058823529 0.6195299837925445 0.7003676470588235 0.6191247974068071 0.7008272058823529
0 0.4529983792544571 0.7008272058823529 0.2901134521880065 0.7008272058823529 0.28970826580226905 0.5762867647058824 0.4529983792544571 0.5758272058823529 0.4534035656401945 0.7003676470588235 0.4529983792544571 0.7008272058823529
0 0.5072933549432739 0.6953125 0.46110210696920584 0.6953125 0.4606969205834684 0.5808823529411765 0.5081037277147488 0.5804227941176471 0.5085089141004863 0.6378676470588235 0.5076985413290114 0.6387867647058824 0.5076985413290114 0.6948529411764706 0.5072933549432739 0.6953125