0 0.44366197183098594 0.5761154855643045 0.20774647887323944 0.5761154855643045 0.2068661971830986 0.3569553805774278 0.056338028169014086 0.3556430446194226 0.05545774647887324 0.15485564304461943 0.5528169014084507 0.15354330708661418 0.5536971830985915 0.30183727034120733 0.45422535211267606 0.3031496062992126 0.4533450704225352 0.27034120734908135 0.426056338028169 0.2690288713910761 0.4251760563380282 0.3884514435695538 0.44366197183098594 0.38976377952755903 0.44454225352112675 0.5748031496062992 0.44366197183098594 0.5761154855643045
0 0.6778169014084507 0.473753280839895 0.5633802816901409 0.473753280839895 0.5625 0.15485564304461943 0.9577464788732394 0.15354330708661418 0.9586267605633803 0.4566929133858268 0.9137323943661971 0.458005249343832 0.9119718309859155 0.46062992125984253 0.8556338028169014 0.46062992125984253 0.8538732394366197 0.463254593175853 0.8116197183098591 0.463254593175853 0.8098591549295775 0.4658792650918635 0.7676056338028169 0.4658792650918635 0.7658450704225352 0.468503937007874 0.7235915492957746 0.468503937007874 0.721830985915493 0.47112860892388453 0.6795774647887324 0.47112860892388453 0.6778169014084507 0.473753280839895
0 0.5528169014084507 0.473753280839895 0.45422535211267606 0.473753280839895 0.4533450704225352 0.31496062992125984 0.5528169014084507 0.3136482939632546 0.5536971830985915 0.47244094488188976 0.5528169014084507 0.473753280839895
0 0.19718309859154928 0.5761154855643045 0.056338028169014086 0.5761154855643045 0.05545774647887324 0.3674540682414698 0.19718309859154928 0.3661417322834646 0.19806338028169015 0.5748031496062992 0.19718309859154928 0.5761154855643045
0 0.9577464788732394 0.4658792650918635 0.8116197183098591 0.4658792650918635 0.8116197183098591 0.463254593175853 0.8538732394366197 0.463254593175853 0.8556338028169014 0.46062992125984253 0.9119718309859155 0.46062992125984253 0.9137323943661971 0.458005249343832 0.9577464788732394 0.458005249343832 0.9586267605633803 0.4645669291338583 0.9577464788732394 0.4658792650918635
0 0.7799295774647887 0.6417322834645669 0.6866197183098591 0.6417322834645669 0.6857394366197183 0.47506561679790027 0.6795774647887324 0.473753280839895 0.6795774647887324 0.47112860892388453 0.721830985915493 0.47112860892388453 0.7235915492957746 0.468503937007874 0.7658450704225352 0.468503937007874 0.7676056338028169 0.4658792650918635 0.7799295774647887 0.4658792650918635 0.7808098591549296 0.6404199475065617 0.7799295774647887 0.6417322834645669
0 0.9577464788732394 0.7624671916010499 0.7904929577464789 0.7624671916010499 0.789612676056338 0.48031496062992124 0.9577464788732394 0.479002624671916 0.9586267605633803 0.7611548556430446 0.9577464788732394 0.7624671916010499
0 0.5528169014084507 0.615485564304462 0.45422535211267606 0.615485564304462 0.4533450704225352 0.48556430446194226 0.5528169014084507 0.484251968503937 0.5536971830985915 0.6141732283464567 0.5528169014084507 0.615485564304462
0 0.676056338028169 0.6837270341207349 0.5633802816901409 0.6837270341207349 0.5625 0.48556430446194226 0.676056338028169 0.484251968503937 0.6769366197183099 0.6824146981627297 0.676056338028169 0.6837270341207349
0 0.19718309859154928 0.7624671916010499 0.056338028169014086 0.7624671916010499 0.05545774647887324 0.5774278215223098 0.19718309859154928 0.5761154855643045 0.19806338028169015 0.7611548556430446 0.19718309859154928 0.7624671916010499
0 0.44366197183098594 0.7624671916010499 0.20774647887323944 0.7624671916010499 0.2068661971830986 0.5905511811023622 0.44366197183098594 0.589238845144357 0.44454225352112675 0.7611548556430446 0.44366197183098594 0.7624671916010499
0 0.5528169014084507 0.7624671916010499 0.45422535211267606 0.7624671916010499 0.4533450704225352 0.6272965879265092 0.5528169014084507 0.6259842519685039 0.5536971830985915 0.7611548556430446 0.5528169014084507 0.7624671916010499
0 0.7799295774647887 0.7624671916010499 0.6866197183098591 0.7624671916010499 0.6857394366197183 0.6535433070866141 0.7799295774647887 0.652230971128609 0.7808098591549296 0.7611548556430446 0.7799295774647887 0.7624671916010499
0 0.676056338028169 0.7624671916010499 0.5633802816901409 0.7624671916010499 0.5625 0.6955380577427821 0.676056338028169 0.6942257217847769 0.6769366197183099 0.7611548556430446 0.676056338028169 0.7624671916010499