0 0.6479638009049774 0.3309049079754601 0.5282051282051282 0.3309049079754601 0.528054298642534 0.05214723926380368 0.6479638009049774 0.051763803680981595 0.6481146304675717 0.330521472392638 0.6479638009049774 0.3309049079754601
0 0.9710407239819004 0.3447085889570552 0.8642533936651584 0.3447085889570552 0.8639517345399699 0.34394171779141103 0.8371040723981901 0.34394171779141103 0.8369532428355958 0.25153374233128833 0.8419306184012066 0.2511503067484663 0.8420814479638009 0.05214723926380368 0.9710407239819004 0.051763803680981595 0.9711915535444947 0.34432515337423314 0.9710407239819004 0.3447085889570552
0 0.1378582202111614 0.46817484662576686 0.025339366515837104 0.46817484662576686 0.025188536953242836 0.06288343558282208 0.1378582202111614 0.0625 0.13800904977375567 0.4677914110429448 0.1378582202111614 0.46817484662576686
0 0.2066365007541478 0.3370398773006135 0.1450980392156863 0.3370398773006135 0.14494720965309202 0.06288343558282208 0.2066365007541478 0.0625 0.20678733031674207 0.3366564417177914 0.2066365007541478 0.3370398773006135
0 0.46093514328808444 0.46817484662576686 0.35384615384615387 0.46817484662576686 0.3536953242835596 0.3964723926380368 0.29834087481146304 0.39608895705521474 0.2981900452488688 0.4677914110429448 0.19396681749622927 0.46817484662576686 0.193815987933635 0.3512269938650307 0.21236802413273 0.3508435582822086 0.21251885369532428 0.06288343558282208 0.46093514328808444 0.0625 0.46108597285067876 0.15567484662576686 0.38009049773755654 0.15605828220858894 0.3799396681749623 0.23773006134969324 0.3541478129713424 0.23811349693251535 0.35399698340874813 0.24846625766871167 0.38401206636500756 0.24884969325153375 0.38416289592760183 0.1687116564417178 0.46093514328808444 0.1683282208588957 0.46108597285067876 0.32515337423312884 0.3541478129713424 0.3255368098159509 0.35399698340874813 0.34049079754601225 0.46093514328808444 0.34087423312883436 0.46108597285067876 0.4677914110429448 0.46093514328808444 0.46817484662576686
0 0.8368024132730015 0.4773773006134969 0.726998491704374 0.4773773006134969 0.7266968325791855 0.47661042944785276 0.653393665158371 0.47661042944785276 0.6532428355957768 0.15030674846625766 0.8368024132730015 0.14992331288343558 0.8369532428355958 0.47699386503067487 0.8368024132730015 0.4773773006134969
0 0.6479638009049774 0.4773773006134969 0.5282051282051282 0.4773773006134969 0.528054298642534 0.34432515337423314 0.6479638009049774 0.34394171779141103 0.6481146304675717 0.47699386503067487 0.6479638009049774 0.4773773006134969
0 0.9710407239819004 0.4773773006134969 0.8422322775263952 0.4773773006134969 0.8420814479638009 0.3811349693251534 0.8371040723981901 0.3807515337423313 0.8369532428355958 0.34432515337423314 0.8639517345399699 0.34394171779141103 0.8641025641025641 0.35736196319018404 0.9710407239819004 0.35774539877300615 0.9711915535444947 0.47699386503067487 0.9710407239819004 0.4773773006134969
0 0.18793363499245852 0.46817484662576686 0.1450980392156863 0.46817484662576686 0.14494720965309202 0.3512269938650307 0.18793363499245852 0.3508435582822086 0.1880844645550528 0.4677914110429448 0.18793363499245852 0.46817484662576686
0 0.34841628959276016 0.46817484662576686 0.30346907993966815 0.46817484662576686 0.3033182503770739 0.4041411042944785 0.34841628959276016 0.4037576687116564 0.34856711915535443 0.4677914110429448 0.34841628959276016 0.46817484662576686
0 0.8585218702865761 0.8094325153374233 0.7565610859728507 0.8094325153374233 0.7564102564102564 0.6541411042944786 0.7025641025641025 0.6537576687116564 0.7024132730015082 0.7070552147239264 0.653393665158371 0.7074386503067485 0.6532428355957768 0.47699386503067487 0.7266968325791855 0.47661042944785276 0.7268476621417798 0.49003067484662577 0.8585218702865761 0.4904141104294479 0.8586726998491704 0.8090490797546013 0.8585218702865761 0.8094325153374233
0 0.1378582202111614 0.7979294478527608 0.025339366515837104 0.7979294478527608 0.025188536953242836 0.48619631901840493 0.1378582202111614 0.4858128834355828 0.13800904977375567 0.7975460122699386 0.1378582202111614 0.7979294478527608
0 0.3496229260935143 0.7979294478527608 0.1450980392156863 0.7979294478527608 0.14494720965309202 0.48619631901840493 0.3496229260935143 0.4858128834355828 0.3497737556561086 0.7975460122699386 0.3496229260935143 0.7979294478527608
0 0.46093514328808444 0.870782208588957 0.3568627450980392 0.870782208588957 0.35671191553544496 0.48619631901840493 0.46093514328808444 0.4858128834355828 0.46108597285067876 0.870398773006135 0.46093514328808444 0.870782208588957
0 0.6479638009049774 0.8094325153374233 0.5282051282051282 0.8094325153374233 0.528054298642534 0.49079754601226994 0.6479638009049774 0.4904141104294479 0.6481146304675717 0.8090490797546013 0.6479638009049774 0.8094325153374233
0 0.9710407239819004 0.8776840490797546 0.8639517345399699 0.8776840490797546 0.8638009049773756 0.49079754601226994 0.9710407239819004 0.4904141104294479 0.9711915535444947 0.8773006134969326 0.9710407239819004 0.8776840490797546
0 0.751131221719457 0.8094325153374233 0.7076923076923077 0.8094325153374233 0.7075414781297135 0.6671779141104295 0.751131221719457 0.6667944785276073 0.7512820512820513 0.8090490797546013 0.751131221719457 0.8094325153374233
0 0.702262443438914 0.8094325153374233 0.653393665158371 0.8094325153374233 0.6532428355957768 0.7208588957055214 0.702262443438914 0.7204754601226994 0.7024132730015082 0.8090490797546013 0.702262443438914 0.8094325153374233