0 0.39229910714285715 0.47146045918367346 0.25502232142857145 0.47146045918367346 0.2548828125 0.4375 0.22405133928571427 0.4373405612244898 0.22391183035714285 0.38424744897959184 0.18275669642857142 0.3840880102040816 0.1826171875 0.1992984693877551 0.39229910714285715 0.1991390306122449 0.39243861607142855 0.47130102040816324 0.39229910714285715 0.47146045918367346
0 0.541015625 0.3946109693877551 0.39676339285714285 0.3946109693877551 0.39662388392857145 0.1992984693877551 0.541015625 0.1991390306122449 0.5411551339285714 0.3944515306122449 0.541015625 0.3946109693877551
0 0.25111607142857145 0.6669323979591837 0.09347098214285714 0.6669323979591837 0.09333147321428571 0.383609693877551 0.18247767857142858 0.38345025510204084 0.18275669642857142 0.3840880102040816 0.22377232142857142 0.3840880102040816 0.22391183035714285 0.4371811224489796 0.25474330357142855 0.4373405612244898 0.2548828125 0.5475127551020408 0.2513950892857143 0.5476721938775511 0.25125558035714285 0.6667729591836735 0.25111607142857145 0.6669323979591837
0 0.541015625 0.5307716836734694 0.39676339285714285 0.5307716836734694 0.39662388392857145 0.39955357142857145 0.541015625 0.39939413265306123 0.5411551339285714 0.5306122448979592 0.541015625 0.5307716836734694
0 0.39229910714285715 0.5817920918367347 0.25613839285714285 0.5817920918367347 0.25599888392857145 0.5478316326530612 0.25502232142857145 0.5476721938775511 0.2548828125 0.4716198979591837 0.39229910714285715 0.47146045918367346 0.39243861607142855 0.5816326530612245 0.39229910714285715 0.5817920918367347
0 0.9561941964285714 0.6752232142857143 0.7405133928571429 0.6752232142857143 0.7403738839285714 0.4846938775510204 0.7400948660714286 0.484375 0.740234375 0.4838966836734694 0.9561941964285714 0.4838966836734694 0.9563337053571429 0.6750637755102041 0.9561941964285714 0.6752232142857143
0 0.7335379464285714 0.6717155612244898 0.5990513392857143 0.6717155612244898 0.5989118303571429 0.48692602040816324 0.7335379464285714 0.4867665816326531 0.7336774553571429 0.6715561224489796 0.7335379464285714 0.6717155612244898
0 0.541015625 0.6669323979591837 0.39676339285714285 0.6669323979591837 0.39662388392857145 0.5360331632653061 0.541015625 0.5358737244897959 0.5411551339285714 0.6667729591836735 0.541015625 0.6669323979591837
0 0.30943080357142855 0.6669323979591837 0.25613839285714285 0.6669323979591837 0.25599888392857145 0.5870535714285714 0.30943080357142855 0.5868941326530612 0.3095703125 0.6667729591836735 0.30943080357142855 0.6669323979591837
0 0.39229910714285715 0.6669323979591837 0.31417410714285715 0.6669323979591837 0.3140345982142857 0.5870535714285714 0.39229910714285715 0.5868941326530612 0.39243861607142855 0.6667729591836735 0.39229910714285715 0.6669323979591837
0 0.22600446428571427 0.7903380102040817 0.09347098214285714 0.7903380102040817 0.09333147321428571 0.6728316326530612 0.22600446428571427 0.6726721938775511 0.22614397321428573 0.7901785714285714 0.22600446428571427 0.7903380102040817
0 0.26729910714285715 0.7903380102040817 0.23074776785714285 0.7903380102040817 0.23060825892857142 0.6728316326530612 0.26729910714285715 0.6726721938775511 0.26743861607142855 0.7901785714285714 0.26729910714285715 0.7903380102040817
0 0.166015625 0.8955676020408163 0.09347098214285714 0.8955676020408163 0.09333147321428571 0.7965561224489796 0.166015625 0.7963966836734694 0.16615513392857142 0.8954081632653061 0.166015625 0.8955676020408163
0 0.2642299107142857 0.8917410714285714 0.17047991071428573 0.8917410714285714 0.17034040178571427 0.7965561224489796 0.2642299107142857 0.7963966836734694 0.26436941964285715 0.8915816326530612 0.2642299107142857 0.8917410714285714