0 0.4966442953020134 0.5366552119129439 0.16946308724832215 0.5366552119129439 0.1686241610738255 0.24398625429553264 0.4966442953020134 0.2434135166093929 0.4974832214765101 0.5360824742268041 0.4966442953020134 0.5366552119129439
0 0.7248322147651006 0.38316151202749144 0.5151006711409396 0.38316151202749144 0.514261744966443 0.24398625429553264 0.7248322147651006 0.2434135166093929 0.7256711409395973 0.38258877434135163 0.7248322147651006 0.38316151202749144
0 0.8993288590604027 0.37514318442153494 0.7399328859060402 0.37514318442153494 0.7390939597315436 0.24856815578465064 0.8993288590604027 0.2479954180985109 0.9001677852348994 0.3745704467353952 0.8993288590604027 0.37514318442153494
0 0.7248322147651006 0.5366552119129439 0.5151006711409396 0.5366552119129439 0.514261744966443 0.3837342497136312 0.7248322147651006 0.38316151202749144 0.7256711409395973 0.5360824742268041 0.7248322147651006 0.5366552119129439
0 0.9110738255033557 0.5366552119129439 0.7365771812080537 0.5366552119129439 0.735738255033557 0.38602520045819017 0.9110738255033557 0.3854524627720504 0.9119127516778524 0.5360824742268041 0.9110738255033557 0.5366552119129439
0 0.37080536912751677 0.6122565864833907 0.16946308724832215 0.6122565864833907 0.1686241610738255 0.5441008018327605 0.37080536912751677 0.5435280641466208 0.3716442953020134 0.6116838487972509 0.37080536912751677 0.6122565864833907
0 0.6543624161073825 0.7600229095074456 0.5184563758389261 0.7600229095074456 0.5176174496644296 0.6128293241695304 0.37919463087248323 0.6122565864833907 0.3783557046979866 0.5441008018327605 0.8087248322147651 0.5435280641466208 0.8095637583892618 0.6105383734249714 0.6560402684563759 0.6111111111111112 0.6552013422818792 0.7594501718213058 0.6543624161073825 0.7600229095074456
0 0.9110738255033557 0.6111111111111112 0.8171140939597316 0.6111111111111112 0.8162751677852349 0.5441008018327605 0.9110738255033557 0.5435280641466208 0.9119127516778524 0.6105383734249714 0.9110738255033557 0.6111111111111112
0 0.9110738255033557 0.8413516609392898 0.6677852348993288 0.8413516609392898 0.6669463087248322 0.6197021764032073 0.9110738255033557 0.6191294387170676 0.9119127516778524 0.8407789232531501 0.9110738255033557 0.8413516609392898
0 0.5067114093959731 0.8413516609392898 0.16946308724832215 0.8413516609392898 0.1686241610738255 0.6208476517754868 0.5067114093959731 0.6202749140893471 0.5075503355704698 0.8407789232531501 0.5067114093959731 0.8413516609392898
0 0.6543624161073825 0.8413516609392898 0.5184563758389261 0.8413516609392898 0.5176174496644296 0.7674684994272624 0.6543624161073825 0.7668957617411226 0.6552013422818792 0.8407789232531501 0.6543624161073825 0.8413516609392898