0 0.31900826446280994 0.42406542056074764 0.2066115702479339 0.42406542056074764 0.20578512396694215 0.11448598130841121 0.31900826446280994 0.1133177570093458 0.31983471074380165 0.42289719626168226 0.31900826446280994 0.42406542056074764
0 0.5454545454545454 0.5035046728971962 0.37355371900826445 0.5035046728971962 0.3396694214876033 0.45560747663551404 0.3371900826446281 0.4497663551401869 0.3330578512396694 0.4462616822429907 0.3305785123966942 0.44042056074766356 0.32644628099173556 0.4369158878504673 0.3231404958677686 0.42990654205607476 0.3231404958677686 0.27102803738317754 0.5454545454545454 0.26985981308411217 0.5462809917355372 0.5023364485981309 0.5454545454545454 0.5035046728971962
0 0.7586776859504132 0.3492990654205608 0.715702479338843 0.3492990654205608 0.7148760330578512 0.2757009345794392 0.7586776859504132 0.27453271028037385 0.759504132231405 0.34813084112149534 0.7586776859504132 0.3492990654205608
0 0.9305785123966942 0.5338785046728972 0.8214876033057851 0.5338785046728972 0.8206611570247934 0.5 0.7636363636363637 0.49883177570093457 0.7628099173553718 0.2757009345794392 0.9305785123966942 0.27453271028037385 0.9314049586776859 0.5327102803738317 0.9305785123966942 0.5338785046728972
0 0.7586776859504132 0.5969626168224299 0.6545454545454545 0.5969626168224299 0.6537190082644628 0.5163551401869159 0.5900826446280992 0.5151869158878505 0.5892561983471074 0.43457943925233644 0.7140495867768595 0.433411214953271 0.7148760330578512 0.3574766355140187 0.7586776859504132 0.35630841121495327 0.759504132231405 0.5957943925233645 0.7586776859504132 0.5969626168224299
0 0.371900826446281 0.6740654205607477 0.2066115702479339 0.6740654205607477 0.20578512396694215 0.5934579439252337 0.27768595041322314 0.5922897196261683 0.2785123966942149 0.5864485981308412 0.2066115702479339 0.5852803738317757 0.20578512396694215 0.4322429906542056 0.3239669421487603 0.4310747663551402 0.32644628099173556 0.43457943925233644 0.32892561983471075 0.44042056074766356 0.3330578512396694 0.4439252336448598 0.33553719008264465 0.4497663551401869 0.3396694214876033 0.4532710280373832 0.37272727272727274 0.5023364485981309 0.37272727272727274 0.6728971962616822 0.371900826446281 0.6740654205607477
0 0.9305785123966942 0.7511682242990654 0.7636363636363637 0.7511682242990654 0.7628099173553718 0.5046728971962616 0.8148760330578513 0.5035046728971962 0.815702479338843 0.5373831775700935 0.9305785123966942 0.5385514018691588 0.9314049586776859 0.75 0.9305785123966942 0.7511682242990654
0 0.5454545454545454 0.7488317757009346 0.3785123966942149 0.7488317757009346 0.3776859504132231 0.5116822429906542 0.5454545454545454 0.5105140186915887 0.5462809917355372 0.7476635514018691 0.5454545454545454 0.7488317757009346
0 0.6479338842975206 0.5969626168224299 0.5900826446280992 0.5969626168224299 0.5892561983471074 0.5210280373831776 0.6479338842975206 0.5198598130841121 0.6487603305785123 0.5957943925233645 0.6479338842975206 0.5969626168224299
0 0.6826446280991736 0.7511682242990654 0.5900826446280992 0.7511682242990654 0.5892561983471074 0.602803738317757 0.6826446280991736 0.6016355140186916 0.6834710743801653 0.75 0.6826446280991736 0.7511682242990654
0 0.7586776859504132 0.7511682242990654 0.687603305785124 0.7511682242990654 0.6867768595041323 0.602803738317757 0.7586776859504132 0.6016355140186916 0.759504132231405 0.75 0.7586776859504132 0.7511682242990654
0 0.28429752066115704 0.7488317757009346 0.2066115702479339 0.7488317757009346 0.20578512396694215 0.6822429906542056 0.28429752066115704 0.6810747663551402 0.28512396694214875 0.7476635514018691 0.28429752066115704 0.7488317757009346
0 0.371900826446281 0.7488317757009346 0.2909090909090909 0.7488317757009346 0.2900826446280992 0.6822429906542056 0.371900826446281 0.6810747663551402 0.37272727272727274 0.7476635514018691 0.371900826446281 0.7488317757009346
0 0.31074380165289256 0.8516355140186916 0.20165289256198346 0.8516355140186916 0.20082644628099172 0.764018691588785 0.31074380165289256 0.7628504672897196 0.31157024793388427 0.8504672897196262 0.31074380165289256 0.8516355140186916