0 0.29023746701846964 0.2785947712418301 0.047493403693931395 0.2785947712418301 0.04683377308707124 0.04738562091503268 0.29023746701846964 0.04656862745098039 0.29089709762532984 0.2777777777777778 0.29023746701846964 0.2785947712418301
0 0.8601583113456465 0.2769607843137255 0.558047493403694 0.2769607843137255 0.5573878627968337 0.26633986928104575 0.5633245382585752 0.26552287581699346 0.5639841688654353 0.05718954248366013 0.5653034300791556 0.05555555555555555 0.5653034300791556 0.04738562091503268 0.8601583113456465 0.04656862745098039 0.8608179419525066 0.1977124183006536 0.8641160949868074 0.19852941176470587 0.8647757255936676 0.2630718954248366 0.8614775725593667 0.2638888888888889 0.8608179419525066 0.2761437908496732 0.8601583113456465 0.2769607843137255
0 0.3865435356200528 0.17892156862745098 0.2994722955145119 0.17892156862745098 0.29881266490765174 0.05392156862745098 0.3390501319261214 0.05310457516339869 0.3397097625329815 0.06372549019607843 0.3720316622691293 0.06454248366013073 0.37269129287598945 0.0784313725490196 0.37994722955145116 0.07924836601307189 0.38060686015831136 0.12908496732026145 0.3865435356200528 0.12990196078431374 0.3872031662269129 0.1781045751633987 0.3865435356200528 0.17892156862745098
0 0.34564643799472294 0.2785947712418301 0.29683377308707126 0.2785947712418301 0.29617414248021107 0.1895424836601307 0.3944591029023747 0.18872549019607843 0.3951187335092348 0.05718954248366013 0.4947229551451187 0.056372549019607844 0.4953825857519789 0.1111111111111111 0.5092348284960422 0.1119281045751634 0.5098944591029023 0.05718954248366013 0.5633245382585752 0.056372549019607844 0.5639841688654353 0.2647058823529412 0.558047493403694 0.26552287581699346 0.5573878627968337 0.2761437908496732 0.3654353562005277 0.2769607843137255 0.36477572559366755 0.26633986928104575 0.3469656992084433 0.26552287581699346 0.34630606860158314 0.2777777777777778 0.34564643799472294 0.2785947712418301
0 0.8601583113456465 0.7066993464052288 0.662269129287599 0.7066993464052288 0.6616094986807388 0.6748366013071896 0.6411609498680739 0.6740196078431373 0.6405013192612137 0.5833333333333334 0.6134564643799473 0.5825163398692811 0.612796833773087 0.5751633986928104 0.5435356200527705 0.5743464052287581 0.5422163588390502 0.5759803921568627 0.4287598944591029 0.5759803921568627 0.42810026385224276 0.5686274509803921 0.3733509234828496 0.5678104575163399 0.37269129287598945 0.5620915032679739 0.3562005277044855 0.5612745098039216 0.3555408970976253 0.5245098039215687 0.047493403693931395 0.5236928104575164 0.04683377308707124 0.28594771241830064 0.34564643799472294 0.28513071895424835 0.34630606860158314 0.41830065359477125 0.3865435356200528 0.41911764705882354 0.3872031662269129 0.28431372549019607 0.8601583113456465 0.2834967320261438 0.8608179419525066 0.7058823529411765 0.8601583113456465 0.7066993464052288
0 0.3812664907651715 0.41421568627450983 0.3482849604221636 0.41421568627450983 0.3476253298153034 0.3758169934640523 0.3812664907651715 0.375 0.38192612137203164 0.4133986928104575 0.3812664907651715 0.41421568627450983
0 0.6121372031662269 0.5825163398692811 0.5435356200527705 0.5825163398692811 0.5428759894459103 0.5751633986928104 0.6121372031662269 0.5743464052287581 0.612796833773087 0.5816993464052288 0.6121372031662269 0.5825163398692811
0 0.5738786279683378 0.9060457516339869 0.503957783641161 0.9060457516339869 0.5032981530343008 0.9003267973856209 0.41160949868073876 0.8995098039215687 0.4109498680738786 0.8186274509803921 0.4287598944591029 0.8178104575163399 0.42941952506596304 0.75 0.3654353562005277 0.7491830065359477 0.36477572559366755 0.6977124183006536 0.39050131926121373 0.6968954248366013 0.39116094986807387 0.576797385620915 0.5422163588390502 0.5759803921568627 0.5428759894459103 0.6535947712418301 0.5415567282321899 0.6552287581699346 0.5415567282321899 0.8104575163398693 0.6055408970976254 0.8112745098039216 0.6062005277044855 0.9019607843137255 0.575197889182058 0.9027777777777778 0.5738786279683378 0.9060457516339869
0 0.6609498680738787 0.7263071895424836 0.5422163588390502 0.7263071895424836 0.5415567282321899 0.6552287581699346 0.5428759894459103 0.6535947712418301 0.5428759894459103 0.5833333333333334 0.6398416886543535 0.5825163398692811 0.6405013192612137 0.673202614379085 0.6609498680738787 0.6740196078431373 0.6616094986807388 0.7254901960784313 0.6609498680738787 0.7263071895424836
0 0.7216358839050132 0.9027777777777778 0.6134564643799473 0.9027777777777778 0.612796833773087 0.7271241830065359 0.6609498680738787 0.7263071895424836 0.6616094986807388 0.7075163398692811 0.7216358839050132 0.7066993464052288 0.7222955145118733 0.7401960784313726 0.7282321899736148 0.7410130718954249 0.728891820580475 0.7140522875816994 0.8087071240105541 0.7132352941176471 0.8093667546174143 0.7401960784313726 0.8153034300791556 0.7410130718954249 0.8159630606860159 0.7075163398692811 0.8601583113456465 0.7066993464052288 0.8608179419525066 0.8594771241830066 0.8575197889182058 0.8602941176470589 0.8562005277044855 0.8619281045751634 0.8522427440633246 0.8651960784313726 0.8496042216358839 0.8651960784313726 0.8482849604221636 0.8668300653594772 0.8443271767810027 0.8700980392156863 0.841688654353562 0.8700980392156863 0.8403693931398417 0.8717320261437909 0.8364116094986808 0.875 0.8337730870712401 0.875 0.8324538258575198 0.8766339869281046 0.8298153034300791 0.8782679738562091 0.8271767810026385 0.8799019607843137 0.8232189973614775 0.8831699346405228 0.820580474934037 0.8831699346405228 0.8192612137203166 0.8848039215686274 0.7572559366754618 0.8848039215686274 0.7565963060686016 0.8758169934640523 0.7229551451187335 0.875 0.7222955145118733 0.9019607843137255 0.7216358839050132 0.9027777777777778
0 0.8153034300791556 0.7410130718954249 0.8100263852242744 0.7410130718954249 0.8093667546174143 0.7140522875816994 0.7295514511873351 0.7132352941176471 0.728891820580475 0.7401960784313726 0.7229551451187335 0.7410130718954249 0.7222955145118733 0.7075163398692811 0.8153034300791556 0.7066993464052288 0.8159630606860159 0.7401960784313726 0.8153034300791556 0.7410130718954249
0 0.6121372031662269 0.9027777777777778 0.6068601583113457 0.9027777777777778 0.6062005277044855 0.8120915032679739 0.5422163588390502 0.8112745098039216 0.5415567282321899 0.7271241830065359 0.6121372031662269 0.7263071895424836 0.612796833773087 0.9019607843137255 0.6121372031662269 0.9027777777777778
0 0.5738786279683378 0.9321895424836601 0.503957783641161 0.9321895424836601 0.5032981530343008 0.9133986928104575 0.5738786279683378 0.9125816993464052 0.5745382585751979 0.9313725490196079 0.5738786279683378 0.9321895424836601