0 0.8892935178441369 0.5075914423740511 0.49089584850691914 0.5075914423740511 0.4905316824471959 0.23119392684610077 0.8892935178441369 0.2308488612836439 0.8896576839038601 0.5072463768115942 0.8892935178441369 0.5075914423740511
0 0.43262927895120173 0.5096618357487923 0.037873270211216316 0.5096618357487923 0.03750910415149308 0.2318840579710145 0.43262927895120173 0.23153899240855763 0.43299344501092496 0.5093167701863354 0.43262927895120173 0.5096618357487923
0 0.23088128186453022 0.7739820565907523 0.15877640203932994 0.7739820565907523 0.1584122359796067 0.5148378191856453 0.23525127458120904 0.5144927536231884 0.23561544064093226 0.5100069013112492 0.43262927895120173 0.5096618357487923 0.43299344501092496 0.63216011042098 0.2316096139839767 0.6325051759834368 0.23124544792425347 0.7736369910282954 0.23088128186453022 0.7739820565907523
0 0.6147123088128187 0.595928226363009 0.49089584850691914 0.595928226363009 0.4905316824471959 0.5148378191856453 0.6147123088128187 0.5144927536231884 0.6150764748725419 0.5955831608005521 0.6147123088128187 0.595928226363009
0 0.8892935178441369 0.6325051759834368 0.6227239621267298 0.6325051759834368 0.6223597960670065 0.5148378191856453 0.8892935178441369 0.5144927536231884 0.8896576839038601 0.63216011042098 0.8892935178441369 0.6325051759834368
0 0.15222141296431171 0.5993788819875776 0.037873270211216316 0.5993788819875776 0.03750910415149308 0.5175983436853002 0.15222141296431171 0.5172532781228434 0.15258557902403497 0.5990338164251208 0.15222141296431171 0.5993788819875776
0 0.6846321922796795 0.8588681849551415 0.49089584850691914 0.8588681849551415 0.4905316824471959 0.6038647342995169 0.6147123088128187 0.6035196687370601 0.6150764748725419 0.6390614216701174 0.6846321922796795 0.6394064872325742 0.6849963583394028 0.8585231193926847 0.6846321922796795 0.8588681849551415
0 0.15222141296431171 0.6973775017253279 0.045884923525127456 0.6973775017253279 0.045520757465404224 0.6059351276742581 0.15222141296431171 0.6055900621118012 0.15258557902403497 0.6970324361628709 0.15222141296431171 0.6973775017253279
0 0.8892935178441369 0.8588681849551415 0.6904588492352512 0.8588681849551415 0.690094683175528 0.639751552795031 0.8892935178441369 0.6394064872325742 0.8896576839038601 0.8585231193926847 0.8892935178441369 0.8588681849551415
0 0.43262927895120173 0.8561076604554866 0.23743627093954844 0.8561076604554866 0.2370721048798252 0.6404416839199448 0.43262927895120173 0.6400966183574879 0.43299344501092496 0.8557625948930296 0.43262927895120173 0.8561076604554866
0 0.15222141296431171 0.8561076604554866 0.037873270211216316 0.8561076604554866 0.03750910415149308 0.7032436162870945 0.15222141296431171 0.7028985507246377 0.15258557902403497 0.8557625948930296 0.15222141296431171 0.8561076604554866
0 0.23088128186453022 0.8561076604554866 0.15877640203932994 0.8561076604554866 0.1584122359796067 0.7812284334023465 0.23088128186453022 0.7808833678398895 0.23124544792425347 0.8557625948930296 0.23088128186453022 0.8561076604554866