0 0.7823529411764706 0.3077416595380667 0.5958823529411764 0.3077416595380667 0.5955882352941176 0.24208725406330198 0.7823529411764706 0.24187339606501282 0.7826470588235294 0.3075278015397776 0.7823529411764706 0.3077416595380667
0 0.2511764705882353 0.40953806672369547 0.07176470588235294 0.40953806672369547 0.07147058823529412 0.3118049615055603 0.2188235294117647 0.31159110350727115 0.21911764705882353 0.31736526946107785 0.2511764705882353 0.317579127459367 0.2514705882352941 0.4093242087254063 0.2511764705882353 0.40953806672369547
0 0.59 0.4856715141146279 0.3941176470588235 0.4856715141146279 0.3938235294117647 0.40975192472198463 0.25176470588235295 0.40953806672369547 0.2514705882352941 0.3118049615055603 0.59 0.31159110350727115 0.5902941176470589 0.48545765611633873 0.59 0.4856715141146279
0 0.7823529411764706 0.5139007698887939 0.5958823529411764 0.5139007698887939 0.5955882352941176 0.3118049615055603 0.7823529411764706 0.31159110350727115 0.7826470588235294 0.5136869118905047 0.7823529411764706 0.5139007698887939
0 0.3935294117647059 0.5168947818648417 0.39323529411764707 0.40975192472198463 0.3938235294117647 0.40975192472198463 0.3938235294117647 0.5166809238665526 0.3935294117647059 0.5168947818648417
0 0.21294117647058824 0.5130453378956373 0.14294117647058824 0.5130453378956373 0.1426470588235294 0.4495295124037639 0.07294117647058823 0.4493156544054748 0.07205882352941176 0.44867408041060736 0.07205882352941176 0.41402908468776733 0.07147058823529412 0.4136013686911891 0.21294117647058824 0.4133875106928999 0.21323529411764705 0.5128314798973481 0.21294117647058824 0.5130453378956373
0 0.2741176470588235 0.45872540633019676 0.2188235294117647 0.45872540633019676 0.2185294117647059 0.4136013686911891 0.2741176470588235 0.4133875106928999 0.27441176470588236 0.4585115483319076 0.2741176470588235 0.45872540633019676
0 0.3876470588235294 0.5130453378956373 0.2782352941176471 0.5130453378956373 0.27794117647058825 0.4136013686911891 0.3876470588235294 0.4133875106928999 0.38794117647058823 0.5128314798973481 0.3876470588235294 0.5130453378956373
0 0.13588235294117648 0.5130453378956373 0.07235294117647059 0.5130453378956373 0.07205882352941176 0.4542343883661249 0.07147058823529412 0.45380667236954664 0.07147058823529412 0.4491017964071856 0.07235294117647059 0.4488879384088965 0.07264705882352941 0.4533789563729683 0.13588235294117648 0.4535928143712575 0.1361764705882353 0.5128314798973481 0.13588235294117648 0.5130453378956373
0 0.2741176470588235 0.5130453378956373 0.2188235294117647 0.5130453378956373 0.2185294117647059 0.4679213002566296 0.2741176470588235 0.4677074422583405 0.27441176470588236 0.5128314798973481 0.2741176470588235 0.5130453378956373
0 0.5911764705882353 0.5571000855431993 0.21941176470588236 0.5571000855431993 0.21911764705882353 0.5175363558597091 0.2876470588235294 0.51732249786142 0.28823529411764703 0.5168947818648417 0.3935294117647059 0.5168947818648417 0.3938235294117647 0.48588537211291705 0.59 0.4856715141146279 0.5902941176470589 0.5132591958939264 0.5914705882352941 0.5136869118905047 0.5914705882352941 0.5568862275449101 0.5911764705882353 0.5571000855431993
0 0.1423529411764706 0.5181779298545766 0.07235294117647059 0.5181779298545766 0.07205882352941176 0.5171086398631308 0.21294117647058824 0.5168947818648417 0.21235294117647058 0.5177502138579982 0.14294117647058824 0.5177502138579982 0.1423529411764706 0.5181779298545766
0 0.2876470588235294 0.51732249786142 0.2188235294117647 0.51732249786142 0.2188235294117647 0.5168947818648417 0.2876470588235294 0.5168947818648417 0.2876470588235294 0.51732249786142
0 0.21352941176470588 0.6760051325919589 0.07235294117647059 0.6760051325919589 0.07205882352941176 0.5183917878528657 0.1423529411764706 0.5181779298545766 0.14294117647058824 0.5177502138579982 0.21235294117647058 0.5177502138579982 0.21294117647058824 0.51732249786142 0.21323529411764705 0.5564585115483319 0.21382352941176472 0.5568862275449101 0.21382352941176472 0.6757912745936698 0.21352941176470588 0.6760051325919589
0 0.3035294117647059 0.6760051325919589 0.21941176470588236 0.6760051325919589 0.21911764705882353 0.561163387510693 0.3035294117647059 0.5609495295124037 0.3038235294117647 0.6757912745936698 0.3035294117647059 0.6760051325919589
0 0.44588235294117645 0.6760051325919589 0.30941176470588233 0.6760051325919589 0.30911764705882355 0.561163387510693 0.44588235294117645 0.5609495295124037 0.4461764705882353 0.6757912745936698 0.44588235294117645 0.6760051325919589
0 0.5911764705882353 0.6760051325919589 0.45176470588235296 0.6760051325919589 0.4514705882352941 0.561163387510693 0.5911764705882353 0.5609495295124037 0.5914705882352941 0.6757912745936698 0.5911764705882353 0.6760051325919589