0 0.3071718538565629 0.47094017094017093 0.10960757780784844 0.47094017094017093 0.10893098782138025 0.25811965811965815 0.3071718538565629 0.25726495726495724 0.3078484438430311 0.4700854700854701 0.3071718538565629 0.47094017094017093
0 0.4884979702300406 0.5153846153846153 0.33558863328822736 0.5153846153846153 0.3349120433017591 0.48376068376068376 0.31393775372124494 0.4829059829059829 0.31326116373477675 0.25811965811965815 0.713125845737483 0.25726495726495724 0.7138024357239513 0.5094017094017094 0.489851150202977 0.5102564102564102 0.4891745602165088 0.5145299145299145 0.4884979702300406 0.5153846153846153
0 0.918809201623816 0.5102564102564102 0.7198917456021651 0.5102564102564102 0.7192151556156969 0.25811965811965815 0.918809201623816 0.25726495726495724 0.9194857916102842 0.5094017094017094 0.918809201623816 0.5102564102564102
0 0.2029769959404601 0.6418803418803419 0.10960757780784844 0.6418803418803419 0.10893098782138025 0.47863247863247865 0.2029769959404601 0.4777777777777778 0.20365358592692828 0.6410256410256411 0.2029769959404601 0.6418803418803419
0 0.3071718538565629 0.5991452991452991 0.20974289580514208 0.5991452991452991 0.2090663058186739 0.47863247863247865 0.3071718538565629 0.4777777777777778 0.3078484438430311 0.5982905982905983 0.3071718538565629 0.5991452991452991
0 0.6197564276048715 0.7666666666666667 0.31393775372124494 0.7666666666666667 0.31326116373477675 0.5675213675213675 0.3342354533152909 0.5666666666666667 0.3349120433017591 0.5162393162393163 0.4884979702300406 0.5153846153846153 0.489851150202977 0.5170940170940171 0.5872801082543978 0.5170940170940171 0.587956698240866 0.5846153846153846 0.6197564276048715 0.5854700854700855 0.6204330175913396 0.7658119658119659 0.6197564276048715 0.7666666666666667
0 0.39715832205683355 0.5675213675213675 0.39715832205683355 0.5230769230769231 0.39242219215155616 0.5222222222222223 0.39174560216508797 0.5675213675213675 0.39648173207036536 0.5683760683760684 0.39715832205683355 0.5675213675213675
0 0.7713125845737483 0.6606837606837607 0.6265223274695535 0.6606837606837607 0.6258457374830853 0.6324786324786325 0.6211096075778079 0.6316239316239316 0.6204330175913396 0.5863247863247864 0.5886332882273342 0.5854700854700855 0.587956698240866 0.5623931623931624 0.6238159675236806 0.5615384615384615 0.6244925575101489 0.5555555555555556 0.5940460081190798 0.5547008547008547 0.5933694181326117 0.517948717948718 0.7713125845737483 0.5170940170940171 0.7719891745602165 0.6598290598290598 0.7713125845737483 0.6606837606837607
0 0.918809201623816 0.7666666666666667 0.7780784844384303 0.7666666666666667 0.7774018944519621 0.517948717948718 0.918809201623816 0.5170940170940171 0.9194857916102842 0.7658119658119659 0.918809201623816 0.7666666666666667
0 0.39648173207036536 0.5683760683760684 0.39242219215155616 0.5683760683760684 0.39174560216508797 0.5230769230769231 0.39648173207036536 0.5222222222222223 0.39715832205683355 0.5675213675213675 0.39648173207036536 0.5683760683760684
0 0.3071718538565629 0.7666666666666667 0.10960757780784844 0.7666666666666667 0.10893098782138025 0.6495726495726496 0.2083897158322057 0.6487179487179487 0.2090663058186739 0.6068376068376068 0.3071718538565629 0.6059829059829059 0.3078484438430311 0.7658119658119659 0.3071718538565629 0.7666666666666667
0 0.6847090663058186 0.7666666666666667 0.6265223274695535 0.7666666666666667 0.6258457374830853 0.6683760683760683 0.6847090663058186 0.6675213675213675 0.6853856562922869 0.7658119658119659 0.6847090663058186 0.7666666666666667
0 0.7713125845737483 0.7666666666666667 0.6914749661705006 0.7666666666666667 0.6907983761840325 0.6683760683760683 0.7713125845737483 0.6675213675213675 0.7719891745602165 0.7658119658119659 0.7713125845737483 0.7666666666666667