0 0.30048205677557577 0.4045020463847203 0.19121585431173005 0.4045020463847203 0.19094804499196572 0.339699863574352 0.1665773968934119 0.33901773533424284 0.16630958757364755 0.4038199181446112 0.010712372790573112 0.4045020463847203 0.010444563470808785 0.06002728512960437 0.30048205677557577 0.059345156889495224 0.3007498660953401 0.4038199181446112 0.30048205677557577 0.4045020463847203
0 0.4584895554365292 0.3717598908594816 0.30530262453133367 0.3717598908594816 0.3050348152115694 0.06002728512960437 0.4584895554365292 0.059345156889495224 0.45875736475629353 0.3710777626193724 0.4584895554365292 0.3717598908594816
0 0.6668452062131762 0.4072305593451569 0.5211569362613819 0.4072305593451569 0.5208891269416176 0.06412005457025921 0.6668452062131762 0.06343792633015007 0.6671130155329406 0.40654843110504774 0.6668452062131762 0.4072305593451569
0 0.8055704338510981 0.6364256480218281 0.7193358328869844 0.6364256480218281 0.7190680235672201 0.5061391541609823 0.6705945366898768 0.5054570259208732 0.6703267273701125 0.06412005457025921 0.8055704338510981 0.06343792633015007 0.8058382431708624 0.635743519781719 0.8055704338510981 0.6364256480218281
0 0.9630423138725228 0.37448840381991816 0.8098553829673273 0.37448840381991816 0.809587573647563 0.06412005457025921 0.9630423138725228 0.06343792633015007 0.963310123192287 0.373806275579809 0.9630423138725228 0.37448840381991816
0 0.19068023567220138 0.4045020463847203 0.1665773968934119 0.4045020463847203 0.16630958757364755 0.339699863574352 0.19068023567220138 0.33901773533424284 0.19094804499196572 0.4038199181446112 0.19068023567220138 0.4045020463847203
0 0.39796464916979113 0.5518417462482946 0.30530262453133367 0.5518417462482946 0.3050348152115694 0.38335607094133695 0.39796464916979113 0.38267394270122784 0.39823245848955546 0.5511596180081856 0.39796464916979113 0.5518417462482946
0 0.4584895554365292 0.5518417462482946 0.40224959828602036 0.5518417462482946 0.401981788966256 0.38335607094133695 0.4584895554365292 0.38267394270122784 0.45875736475629353 0.5511596180081856 0.4584895554365292 0.5518417462482946
0 0.8821638993036958 0.4781718963165075 0.8098553829673273 0.4781718963165075 0.809587573647563 0.38335607094133695 0.8821638993036958 0.38267394270122784 0.8824317086234601 0.47748976807639837 0.8821638993036958 0.4781718963165075
0 0.9630423138725228 0.4781718963165075 0.886448848419925 0.4781718963165075 0.8861810391001607 0.38335607094133695 0.9630423138725228 0.38267394270122784 0.963310123192287 0.47748976807639837 0.9630423138725228 0.4781718963165075
0 0.1713979646491698 0.8001364256480218 0.010712372790573112 0.8001364256480218 0.010444563470808785 0.4147339699863574 0.18639528655597215 0.4140518417462483 0.18666309587573648 0.47066848567530695 0.19014461703267274 0.4713506139154161 0.19041242635243708 0.4051841746248295 0.19094804499196572 0.4051841746248295 0.19094804499196572 0.4815825375170532 0.19148366363149438 0.4829467939972715 0.19148366363149438 0.557980900409277 0.19201928227102302 0.5593451568894953 0.17193358328869845 0.5600272851296043 0.17166577396893412 0.7994542974079127 0.1713979646491698 0.8001364256480218
0 0.30048205677557577 0.665075034106412 0.17621853240492769 0.665075034106412 0.17595072308516335 0.5716234652114598 0.19817889662560256 0.5709413369713506 0.1984467059453669 0.5607094133697135 0.19228709159078736 0.5600272851296043 0.19148366363149438 0.557980900409277 0.19148366363149438 0.4829467939972715 0.19094804499196572 0.4815825375170532 0.19094804499196572 0.4051841746248295 0.30048205677557577 0.4045020463847203 0.3007498660953401 0.6643929058663028 0.30048205677557577 0.665075034106412
0 0.6668452062131762 0.7974079126875853 0.5211569362613819 0.7974079126875853 0.5208891269416176 0.41609822646657574 0.6668452062131762 0.4154160982264666 0.6671130155329406 0.7967257844474761 0.6668452062131762 0.7974079126875853
0 0.9630423138725228 0.7974079126875853 0.8098553829673273 0.7974079126875853 0.809587573647563 0.48840381991814463 0.9630423138725228 0.4877216916780355 0.963310123192287 0.7967257844474761 0.9630423138725228 0.7974079126875853
0 0.7150508837707552 0.7974079126875853 0.6705945366898768 0.7974079126875853 0.6703267273701125 0.5129604365620737 0.7150508837707552 0.5122783083219645 0.7153186930905195 0.7967257844474761 0.7150508837707552 0.7974079126875853
0 0.4584895554365292 0.8001364256480218 0.30530262453133367 0.8001364256480218 0.3050348152115694 0.5620736698499318 0.4584895554365292 0.5613915416098226 0.45875736475629353 0.7994542974079127 0.4584895554365292 0.8001364256480218
0 0.8055704338510981 0.7974079126875853 0.7193358328869844 0.7974079126875853 0.7190680235672201 0.645293315143247 0.8055704338510981 0.6446111869031378 0.8058382431708624 0.7967257844474761 0.8055704338510981 0.7974079126875853
0 0.24317086234600965 0.8001364256480218 0.17621853240492769 0.8001364256480218 0.17595072308516335 0.6766712141882674 0.24317086234600965 0.6759890859481582 0.24343867166577396 0.7994542974079127 0.24317086234600965 0.8001364256480218
0 0.30048205677557577 0.8001364256480218 0.24799143010176755 0.8001364256480218 0.24772362078200322 0.6766712141882674 0.30048205677557577 0.6759890859481582 0.3007498660953401 0.7994542974079127 0.30048205677557577 0.8001364256480218