0 0.18850267379679145 0.4368654822335025 0.05614973262032086 0.4368654822335025 0.055815508021390375 0.23477157360406092 0.18850267379679145 0.23445431472081218 0.18883689839572193 0.4365482233502538 0.18850267379679145 0.4368654822335025
0 0.32620320855614976 0.4368654822335025 0.19518716577540107 0.4368654822335025 0.1948529411764706 0.23477157360406092 0.32620320855614976 0.23445431472081218 0.3265374331550802 0.4365482233502538 0.32620320855614976 0.4368654822335025
0 0.4632352941176471 0.4368654822335025 0.3315508021390374 0.4368654822335025 0.33121657754010697 0.23477157360406092 0.4632352941176471 0.23445431472081218 0.46356951871657753 0.4365482233502538 0.4632352941176471 0.4368654822335025
0 0.7306149732620321 0.570748730964467 0.5220588235294118 0.570748730964467 0.5217245989304813 0.23477157360406092 0.7533422459893048 0.23445431472081218 0.7536764705882353 0.5076142131979695 0.7312834224598931 0.5079314720812182 0.7309491978609626 0.5704314720812182 0.7306149732620321 0.570748730964467
0 0.9371657754010695 0.43369289340101524 0.80548128342246 0.43369289340101524 0.804144385026738 0.4324238578680203 0.8018048128342246 0.43083756345177665 0.8018048128342246 0.42956852791878175 0.7991310160427807 0.4276649746192893 0.796457219251337 0.42449238578680204 0.7937834224598931 0.4213197969543147 0.7934491978609626 0.42036802030456855 0.7917780748663101 0.41941624365482233 0.7911096256684492 0.41814720812182743 0.7907754010695187 0.4171954314720812 0.7891042780748663 0.41624365482233505 0.7884358288770054 0.4149746192893401 0.7881016042780749 0.41402284263959394 0.7857620320855615 0.41243654822335024 0.7857620320855615 0.41116751269035534 0.7824197860962567 0.4086294416243655 0.7797459893048129 0.40545685279187815 0.777072192513369 0.4022842639593909 0.7767379679144385 0.40133248730964466 0.7757352941176471 0.4010152284263959 0.7743983957219251 0.39911167512690354 0.7740641711229946 0.3981598984771574 0.7723930481283422 0.39720812182741116 0.7717245989304813 0.39593908629441626 0.7713903743315508 0.39498730964467005 0.7690508021390374 0.3934010152284264 0.7690508021390374 0.39213197969543145 0.7657085561497327 0.3895939086294416 0.7630347593582888 0.3864213197969543 0.7596925133689839 0.38261421319796957 0.7596925133689839 0.23477157360406092 0.9371657754010695 0.23445431472081218 0.9375 0.4333756345177665 0.9371657754010695 0.43369289340101524
0 0.8475935828877005 0.6348350253807107 0.7312834224598931 0.6348350253807107 0.7309491978609626 0.508248730964467 0.7533422459893048 0.5079314720812182 0.7536764705882353 0.3889593908629442 0.7556818181818182 0.3902284263959391 0.759024064171123 0.39403553299492383 0.7623663101604278 0.39784263959390864 0.7657085561497327 0.4016497461928934 0.768048128342246 0.404505076142132 0.7690508021390374 0.40482233502538073 0.7690508021390374 0.40609137055837563 0.7707219251336899 0.40767766497461927 0.7723930481283422 0.4086294416243655 0.7723930481283422 0.4098984771573604 0.7733957219251337 0.4108502538071066 0.7757352941176471 0.41243654822335024 0.7757352941176471 0.4137055837563452 0.7784090909090909 0.4156091370558376 0.7817513368983957 0.41941624365482233 0.7857620320855615 0.42385786802030456 0.7891042780748663 0.4276649746192893 0.7901069518716578 0.429251269035533 0.7911096256684492 0.42956852791878175 0.7917780748663101 0.43083756345177665 0.7927807486631016 0.4324238578680203 0.7937834224598931 0.43274111675126903 0.795120320855615 0.4346446700507614 0.7954545454545454 0.4355964467005076 0.7971256684491979 0.4365482233502538 0.8001336898395722 0.44003807106598986 0.9371657754010695 0.44003807106598986 0.9375 0.5329949238578681 0.8482620320855615 0.5333121827411168 0.847927807486631 0.6345177664974619 0.8475935828877005 0.6348350253807107
0 0.22727272727272727 0.5885152284263959 0.05614973262032086 0.5885152284263959 0.055815508021390375 0.44225888324873097 0.4632352941176471 0.44194162436548223 0.46356951871657753 0.5361675126903553 0.22794117647058823 0.5364847715736041 0.22760695187165775 0.5881979695431472 0.22727272727272727 0.5885152284263959
0 0.9318181818181818 0.6894035532994924 0.8549465240641712 0.6894035532994924 0.8546122994652406 0.5387055837563451 0.9224598930481284 0.5383883248730964 0.9227941176470589 0.5717005076142132 0.9318181818181818 0.5720177664974619 0.9321524064171123 0.6890862944162437 0.9318181818181818 0.6894035532994924
0 0.36831550802139035 0.6976522842639594 0.23328877005347592 0.6976522842639594 0.23295454545454544 0.541243654822335 0.36831550802139035 0.5409263959390863 0.36864973262032086 0.6973350253807107 0.36831550802139035 0.6976522842639594
0 0.44919786096256686 0.6024746192893401 0.37433155080213903 0.6024746192893401 0.3739973262032086 0.541243654822335 0.4632352941176471 0.5409263959390863 0.46356951871657753 0.5869289340101523 0.44986631016042783 0.587246192893401 0.4495320855614973 0.6021573604060914 0.44919786096256686 0.6024746192893401
0 0.5213903743315508 0.6989213197969543 0.5210561497326203 0.5761421319796954 0.6664438502673797 0.5758248730964467 0.6667780748663101 0.6078680203045685 0.6724598930481284 0.6081852791878173 0.6727941176470589 0.5710659898477157 0.7306149732620321 0.570748730964467 0.7309491978609626 0.6960659898477157 0.5220588235294118 0.6963832487309645 0.5217245989304813 0.6986040609137056 0.5213903743315508 0.6989213197969543
0 0.22727272727272727 0.6976522842639594 0.05614973262032086 0.6976522842639594 0.055815508021390375 0.5932741116751269 0.22727272727272727 0.5929568527918782 0.22760695187165775 0.6973350253807107 0.22727272727272727 0.6976522842639594
0 0.45989304812834225 0.6925761421319797 0.3783422459893048 0.6925761421319797 0.3780080213903743 0.608502538071066 0.45989304812834225 0.6081852791878173 0.4602272727272727 0.692258883248731 0.45989304812834225 0.6925761421319797
0 0.8475935828877005 0.6963832487309645 0.7366310160427807 0.6963832487309645 0.7362967914438503 0.6395939086294417 0.8475935828877005 0.6392766497461929 0.847927807486631 0.6960659898477157 0.8475935828877005 0.6963832487309645
0 0.9378342245989305 0.9616116751269036 0.8582887700534759 0.9616116751269036 0.8579545454545454 0.825507614213198 0.9385026737967914 0.8251903553299492 0.9381684491978609 0.9612944162436549 0.9378342245989305 0.9616116751269036