0 0.3329129886506936 0.42 0.25346784363177804 0.42 0.25283732660781844 0.3824 0.17023959646910466 0.3816 0.16960907944514503 0.2384 0.3329129886506936 0.2376 0.33354350567465324 0.4192 0.3329129886506936 0.42
0 0.44766708701134933 0.5976 0.3379571248423707 0.5976 0.3373266078184111 0.2384 0.6305170239596469 0.2376 0.6311475409836066 0.536 0.4489281210592686 0.5368 0.44829760403530894 0.5968 0.44766708701134933 0.5976
0 0.7881462799495587 0.468 0.6355611601513241 0.468 0.6349306431273645 0.2384 0.7881462799495587 0.2376 0.7887767969735183 0.4672 0.7881462799495587 0.468
0 0.8461538461538461 0.3592 0.7931904161412359 0.3592 0.7925598991172762 0.2384 0.8461538461538461 0.2376 0.8467843631778058 0.3584 0.8461538461538461 0.3592
0 0.8461538461538461 0.468 0.7931904161412359 0.468 0.7925598991172762 0.3648 0.8461538461538461 0.364 0.8467843631778058 0.4672 0.8461538461538461 0.468
0 0.3329129886506936 0.564 0.17023959646910466 0.564 0.16960907944514503 0.3872 0.24968474148802017 0.3864 0.25031525851197983 0.4256 0.3329129886506936 0.4264 0.33354350567465324 0.5632 0.3329129886506936 0.564
0 0.8461538461538461 0.6248 0.6355611601513241 0.6248 0.6349306431273645 0.4736 0.8461538461538461 0.4728 0.8467843631778058 0.624 0.8461538461538461 0.6248
0 0.6305170239596469 0.7544 0.4489281210592686 0.7544 0.44829760403530894 0.5376 0.6305170239596469 0.5368 0.6311475409836066 0.7536 0.6305170239596469 0.7544
0 0.2723833543505675 0.7544 0.17023959646910466 0.7544 0.16960907944514503 0.5712 0.3329129886506936 0.5704 0.33354350567465324 0.672 0.27364438839848676 0.6728 0.2730138713745271 0.7536 0.2723833543505675 0.7544
0 0.44388398486759145 0.7544 0.3379571248423707 0.7544 0.3373266078184111 0.5984 0.4110970996216898 0.5976 0.41172761664564944 0.6016 0.44388398486759145 0.6024 0.44451450189155106 0.7536 0.44388398486759145 0.7544
0 0.7515762925598991 0.7512 0.6355611601513241 0.7512 0.6349306431273645 0.6304 0.7515762925598991 0.6296 0.7522068095838588 0.7504 0.7515762925598991 0.7512
0 0.8423707440100883 0.7512 0.7616645649432535 0.7512 0.7610340479192939 0.6336 0.8423707440100883 0.6328 0.8430012610340479 0.7504 0.8423707440100883 0.7512
0 0.3329129886506936 0.7544 0.27742749054224464 0.7544 0.27679697351828497 0.6784 0.3329129886506936 0.6776 0.33354350567465324 0.7536 0.3329129886506936 0.7544