0 0.3277310924369748 0.19761606022584693 0.25700280112044815 0.19761606022584693 0.25665266106442575 0.11417816813048934 0.3277310924369748 0.11355081555834379 0.3280812324929972 0.19698870765370138 0.3277310924369748 0.19761606022584693
0 0.45028011204481794 0.46361355081555833 0.3333333333333333 0.46361355081555833 0.3329831932773109 0.11417816813048934 0.45028011204481794 0.11355081555834379 0.45063025210084034 0.4629861982434128 0.45028011204481794 0.46361355081555833
0 0.7934173669467787 0.2189460476787955 0.7205882352941176 0.2189460476787955 0.7202380952380952 0.11668757841907151 0.7934173669467787 0.11606022584692598 0.7937675070028011 0.21831869510664995 0.7934173669467787 0.2189460476787955
0 0.9131652661064426 0.4372647427854454 0.7990196078431373 0.4372647427854454 0.7986694677871149 0.11668757841907151 0.9131652661064426 0.11606022584692598 0.913515406162465 0.4366373902132999 0.9131652661064426 0.4372647427854454
0 0.3277310924369748 0.46361355081555833 0.25140056022408963 0.46361355081555833 0.2510504201680672 0.22082810539523212 0.25630252100840334 0.22020075282308657 0.25665266106442575 0.20702634880803011 0.3277310924369748 0.20639899623588456 0.3280812324929972 0.4629861982434128 0.3277310924369748 0.46361355081555833
0 0.10644257703081232 0.37703889585947303 0.03361344537815126 0.37703889585947303 0.03326330532212885 0.22082810539523212 0.10644257703081232 0.22020075282308657 0.10679271708683473 0.37641154328732745 0.10644257703081232 0.37703889585947303
0 0.24579831932773108 0.46361355081555833 0.11204481792717087 0.46361355081555833 0.11169467787114847 0.22082810539523212 0.24579831932773108 0.22020075282308657 0.24614845938375352 0.4629861982434128 0.24579831932773108 0.46361355081555833
0 0.49859943977591037 0.4698870765370138 0.49824929971988796 0.22710163111668757 0.7934173669467787 0.22647427854454202 0.7937675070028011 0.46800501882057716 0.4992997198879552 0.46863237139272274 0.49859943977591037 0.4698870765370138
0 0.10644257703081232 0.5025094102885822 0.03361344537815126 0.5025094102885822 0.03326330532212885 0.3864491844416562 0.10644257703081232 0.3858218318695107 0.10679271708683473 0.5018820577164367 0.10644257703081232 0.5025094102885822
0 0.8207282913165266 0.46863237139272274 0.7990196078431373 0.46863237139272274 0.7986694677871149 0.4466750313676286 0.8207282913165266 0.44604767879548307 0.821078431372549 0.46800501882057716 0.8207282913165266 0.46863237139272274
0 0.9131652661064426 0.553952321204517 0.8263305322128851 0.553952321204517 0.8259803921568627 0.4466750313676286 0.9131652661064426 0.44604767879548307 0.913515406162465 0.5533249686323714 0.9131652661064426 0.553952321204517
0 0.6827731092436975 0.7722710163111669 0.49859943977591037 0.7722710163111669 0.49824929971988796 0.47051442910915936 0.4992997198879552 0.46863237139272274 0.6827731092436975 0.46863237139272274 0.6831232492997199 0.7716436637390214 0.6827731092436975 0.7722710163111669
0 0.7913165266106442 0.6568381430363864 0.6834733893557423 0.6568381430363864 0.6831232492997199 0.46925972396486826 0.8207282913165266 0.46863237139272274 0.821078431372549 0.5533249686323714 0.792016806722689 0.553952321204517 0.7916666666666666 0.6562107904642409 0.7913165266106442 0.6568381430363864
0 0.20588235294117646 0.6066499372647428 0.16316526610644258 0.6066499372647428 0.16281512605042017 0.4730238393977415 0.20588235294117646 0.472396486825596 0.20623249299719887 0.6060225846925973 0.20588235294117646 0.6066499372647428
0 0.45028011204481794 0.7672521957340025 0.211484593837535 0.7672521957340025 0.2111344537815126 0.4730238393977415 0.45028011204481794 0.472396486825596 0.45063025210084034 0.766624843161857 0.45028011204481794 0.7672521957340025
0 0.10644257703081232 0.6392722710163111 0.03361344537815126 0.6392722710163111 0.03326330532212885 0.5119196988707654 0.10644257703081232 0.5112923462986199 0.10679271708683473 0.6386449184441656 0.10644257703081232 0.6392722710163111
0 0.20588235294117646 0.6480552070263488 0.11204481792717087 0.6480552070263488 0.11169467787114847 0.5194479297365119 0.15756302521008403 0.5188205771643664 0.15791316526610644 0.6148055207026348 0.20588235294117646 0.6154328732747805 0.20623249299719887 0.6474278544542033 0.20588235294117646 0.6480552070263488
0 0.9131652661064426 0.7722710163111669 0.7969187675070029 0.7722710163111669 0.7965686274509803 0.562107904642409 0.9131652661064426 0.5614805520702635 0.913515406162465 0.7716436637390214 0.9131652661064426 0.7722710163111669
0 0.20588235294117646 0.7672521957340025 0.03361344537815126 0.7672521957340025 0.03326330532212885 0.6486825595984943 0.20588235294117646 0.6480552070263488 0.20623249299719887 0.766624843161857 0.20588235294117646 0.7672521957340025
0 0.7338935574229691 0.7722710163111669 0.6890756302521008 0.7722710163111669 0.6887254901960784 0.6662484316185696 0.7338935574229691 0.6656210790464241 0.7342436974789915 0.7716436637390214 0.7338935574229691 0.7722710163111669
0 0.7913165266106442 0.7722710163111669 0.7394957983193278 0.7722710163111669 0.7391456582633054 0.6662484316185696 0.7913165266106442 0.6656210790464241 0.7916666666666666 0.7716436637390214 0.7913165266106442 0.7722710163111669