0 0.8472906403940886 0.08954154727793696 0.5258620689655172 0.08954154727793696 0.5252463054187192 0.027220630372492838 0.9039408866995073 0.02650429799426934 0.9045566502463054 0.05873925501432665 0.8485221674876847 0.05945558739255014 0.8479064039408867 0.08882521489971347 0.8472906403940886 0.08954154727793696
0 0.13916256157635468 0.251432664756447 0.02586206896551724 0.251432664756447 0.025246305418719212 0.02865329512893983 0.19704433497536947 0.027936962750716332 0.19766009852216748 0.19484240687679083 0.18596059113300492 0.19555873925501432 0.1853448275862069 0.2148997134670487 0.14039408866995073 0.21561604584527222 0.13977832512315272 0.2507163323782235 0.13916256157635468 0.251432664756447
0 0.4027093596059113 0.18839541547277938 0.2044334975369458 0.18839541547277938 0.20381773399014777 0.02865329512893983 0.4027093596059113 0.027936962750716332 0.40332512315270935 0.1876790830945559 0.4027093596059113 0.18839541547277938
0 0.9039408866995073 0.248567335243553 0.7179802955665024 0.248567335243553 0.7173645320197044 0.0988538681948424 0.8559113300492611 0.09813753581661891 0.8565270935960592 0.07163323782234957 0.9039408866995073 0.07091690544412607 0.9045566502463054 0.24785100286532952 0.9039408866995073 0.248567335243553
0 0.6884236453201971 0.3674785100286533 0.5258620689655172 0.3674785100286533 0.5252463054187192 0.0988538681948424 0.7118226600985221 0.09813753581661891 0.7124384236453202 0.17478510028653296 0.6896551724137931 0.17550143266475646 0.6890394088669951 0.3667621776504298 0.6884236453201971 0.3674785100286533
0 0.27586206896551724 0.252865329512894 0.21182266009852216 0.252865329512894 0.21120689655172414 0.19627507163323782 0.27586206896551724 0.19555873925501432 0.2764778325123153 0.2521489971346705 0.27586206896551724 0.252865329512894
0 0.4027093596059113 0.32593123209169056 0.28201970443349755 0.32593123209169056 0.2814039408866995 0.19627507163323782 0.3522167487684729 0.19555873925501432 0.35283251231527096 0.2636103151862464 0.35714285714285715 0.26432664756446994 0.3577586206896552 0.24498567335243554 0.4027093596059113 0.24426934097421205 0.40332512315270935 0.32521489971346706 0.4027093596059113 0.32593123209169056
0 0.4027093596059113 0.23853868194842406 0.3583743842364532 0.23853868194842406 0.3577586206896552 0.19627507163323782 0.4027093596059113 0.19555873925501432 0.40332512315270935 0.23782234957020057 0.4027093596059113 0.23853868194842406
0 0.8583743842364532 0.32593123209169056 0.6945812807881774 0.32593123209169056 0.6939655172413793 0.25358166189111747 0.8583743842364532 0.252865329512894 0.8589901477832512 0.32521489971346706 0.8583743842364532 0.32593123209169056
0 0.9039408866995073 0.44340974212034384 0.7832512315270936 0.44340974212034384 0.7826354679802956 0.332378223495702 0.8583743842364532 0.3316618911174785 0.8589901477832512 0.3839541547277937 0.8300492610837439 0.3846704871060172 0.8294334975369458 0.38825214899713467 0.8633004926108374 0.38896848137535817 0.8639162561576355 0.25358166189111747 0.9039408866995073 0.252865329512894 0.9045566502463054 0.44269340974212035 0.9039408866995073 0.44340974212034384
0 0.27586206896551724 0.37177650429799425 0.20935960591133004 0.37177650429799425 0.20874384236453203 0.2593123209169054 0.2413793103448276 0.25859598853868193 0.24261083743842365 0.25716332378223494 0.27586206896551724 0.25716332378223494 0.2764778325123153 0.37106017191977075 0.27586206896551724 0.37177650429799425
0 0.27586206896551724 0.44340974212034384 0.02586206896551724 0.44340974212034384 0.025246305418719212 0.2607449856733524 0.20320197044334976 0.2600286532951289 0.20381773399014777 0.3753581661891118 0.27586206896551724 0.37607449856733527 0.2764778325123153 0.44269340974212035 0.27586206896551724 0.44340974212034384
0 0.4027093596059113 0.44340974212034384 0.28201970443349755 0.44340974212034384 0.2814039408866995 0.332378223495702 0.4027093596059113 0.3316618911174785 0.40332512315270935 0.44269340974212035 0.4027093596059113 0.44340974212034384
0 0.7770935960591133 0.3674785100286533 0.6945812807881774 0.3674785100286533 0.6939655172413793 0.332378223495702 0.7770935960591133 0.3316618911174785 0.7777093596059114 0.3667621776504298 0.7770935960591133 0.3674785100286533
0 0.7733990147783252 0.44340974212034384 0.5258620689655172 0.44340974212034384 0.5252463054187192 0.37822349570200575 0.7733990147783252 0.37750716332378226 0.7740147783251231 0.44269340974212035 0.7733990147783252 0.44340974212034384
0 0.666256157635468 0.7270773638968482 0.2869458128078818 0.7270773638968482 0.28633004926108374 0.5601719197707736 0.666256157635468 0.5594555873925502 0.666871921182266 0.7263610315186246 0.666256157635468 0.7270773638968482
0 0.4766009852216749 0.9763610315186246 0.2869458128078818 0.9763610315186246 0.28633004926108374 0.7320916905444126 0.45197044334975367 0.7313753581661891 0.4525862068965517 0.7965616045845272 0.4766009852216749 0.7972779369627507 0.4772167487684729 0.9756446991404012 0.4766009852216749 0.9763610315186246
0 0.6022167487684729 0.8989971346704871 0.5443349753694581 0.8989971346704871 0.5437192118226601 0.8510028653295129 0.4827586206896552 0.8502865329512894 0.48214285714285715 0.7765042979942693 0.541871921182266 0.7757879656160458 0.5424876847290641 0.7320916905444126 0.6022167487684729 0.7313753581661891 0.6028325123152709 0.8982808022922636 0.6022167487684729 0.8989971346704871
0 0.666256157635468 0.919054441260745 0.6071428571428571 0.919054441260745 0.6065270935960592 0.7320916905444126 0.666256157635468 0.7313753581661891 0.666871921182266 0.9183381088825215 0.666256157635468 0.919054441260745
0 0.5381773399014779 0.9763610315186246 0.4827586206896552 0.9763610315186246 0.48214285714285715 0.8553008595988538 0.5381773399014779 0.8545845272206304 0.5387931034482759 0.9756446991404012 0.5381773399014779 0.9763610315186246
0 0.666256157635468 0.9763610315186246 0.5443349753694581 0.9763610315186246 0.5437192118226601 0.9068767908309455 0.6022167487684729 0.9061604584527221 0.6028325123152709 0.9212034383954155 0.666256157635468 0.921919770773639 0.666871921182266 0.9756446991404012 0.666256157635468 0.9763610315186246