0 0.33497191011235955 0.4965659340659341 0.3082865168539326 0.4965659340659341 0.30758426966292135 0.4951923076923077 0.22752808988764045 0.4951923076923077 0.22717696629213482 0.24313186813186813 0.22893258426966293 0.24244505494505494 0.23139044943820225 0.23763736263736263 0.23174157303370788 0.23557692307692307 0.23279494382022473 0.2348901098901099 0.23314606741573032 0.23282967032967034 0.2341994382022472 0.23214285714285715 0.2345505617977528 0.23008241758241757 0.23560393258426968 0.22939560439560439 0.23595505617977527 0.22733516483516483 0.23700842696629212 0.22664835164835165 0.23735955056179775 0.2245879120879121 0.2384129213483146 0.2239010989010989 0.23876404494382023 0.22184065934065933 0.24051966292134833 0.21978021978021978 0.2535112359550562 0.1929945054945055 0.31109550561797755 0.1929945054945055 0.31179775280898875 0.19436813186813187 0.3128511235955056 0.19505494505494506 0.31320224719101125 0.1971153846153846 0.3142556179775281 0.1978021978021978 0.3146067415730337 0.19986263736263737 0.31566011235955055 0.20054945054945056 0.32338483146067415 0.21703296703296704 0.32514044943820225 0.22184065934065933 0.3261938202247191 0.22252747252747251 0.33110955056179775 0.23351648351648352 0.33146067415730335 0.23557692307692307 0.3325140449438202 0.23626373626373626 0.33286516853932585 0.23832417582417584 0.3339185393258427 0.23901098901098902 0.3342696629213483 0.24107142857142858 0.33532303370786515 0.24175824175824176 0.33532303370786515 0.4958791208791209 0.33497191011235955 0.4965659340659341
0 0.1151685393258427 0.43475274725274726 0.06179775280898876 0.43475274725274726 0.061446629213483143 0.24313186813186813 0.1151685393258427 0.24244505494505494 0.11551966292134831 0.4340659340659341 0.1151685393258427 0.43475274725274726
0 0.22401685393258428 0.4896978021978022 0.11797752808988764 0.4896978021978022 0.11762640449438203 0.24313186813186813 0.22401685393258428 0.24244505494505494 0.2243679775280899 0.489010989010989 0.22401685393258428 0.4896978021978022
0 0.4859550561797753 0.4965659340659341 0.3356741573033708 0.4965659340659341 0.33532303370786515 0.24313186813186813 0.4859550561797753 0.24244505494505494 0.4863061797752809 0.4958791208791209 0.4859550561797753 0.4965659340659341
0 0.6418539325842697 0.6119505494505495 0.5196629213483146 0.6119505494505495 0.519311797752809 0.3791208791208791 0.6418539325842697 0.3784340659340659 0.6422050561797753 0.6112637362637363 0.6418539325842697 0.6119505494505495
0 0.7570224719101124 0.4608516483516483 0.6453651685393258 0.4608516483516483 0.6450140449438202 0.3791208791208791 0.7570224719101124 0.3784340659340659 0.757373595505618 0.46016483516483514 0.7570224719101124 0.4608516483516483
0 0.8637640449438202 0.6119505494505495 0.7612359550561798 0.6119505494505495 0.7608848314606742 0.3791208791208791 0.8637640449438202 0.3784340659340659 0.8641151685393258 0.6112637362637363 0.8637640449438202 0.6119505494505495
0 0.11446629213483146 0.4896978021978022 0.06179775280898876 0.4896978021978022 0.061446629213483143 0.4409340659340659 0.11446629213483146 0.44024725274725274 0.11481741573033707 0.489010989010989 0.11446629213483146 0.4896978021978022
0 0.7570224719101124 0.7671703296703297 0.699438202247191 0.7671703296703297 0.6990870786516854 0.6277472527472527 0.6453651685393258 0.6270604395604396 0.6450140449438202 0.4684065934065934 0.7570224719101124 0.4677197802197802 0.757373595505618 0.7664835164835165 0.7570224719101124 0.7671703296703297
0 0.11446629213483146 0.5693681318681318 0.06179775280898876 0.5693681318681318 0.061446629213483143 0.4945054945054945 0.11446629213483146 0.49381868131868134 0.11481741573033707 0.5686813186813187 0.11446629213483146 0.5693681318681318
0 0.22401685393258428 0.7630494505494505 0.11797752808988764 0.7630494505494505 0.11762640449438203 0.4945054945054945 0.22401685393258428 0.49381868131868134 0.2243679775280899 0.7623626373626373 0.22401685393258428 0.7630494505494505
0 0.2794943820224719 0.6929945054945055 0.22752808988764045 0.6929945054945055 0.22717696629213482 0.4958791208791209 0.30758426966292135 0.4951923076923077 0.30793539325842695 0.5 0.3883426966292135 0.5006868131868132 0.3886938202247191 0.6016483516483516 0.33707865168539325 0.6023351648351648 0.33672752808988765 0.6277472527472527 0.3103932584269663 0.6284340659340659 0.31004213483146065 0.603021978021978 0.30758426966292135 0.6023351648351648 0.30723314606741575 0.6277472527472527 0.28019662921348315 0.6284340659340659 0.27984550561797755 0.6923076923076923 0.2794943820224719 0.6929945054945055
0 0.4859550561797753 0.7630494505494505 0.39185393258426965 0.7630494505494505 0.39150280898876405 0.5013736263736264 0.4859550561797753 0.5006868131868132 0.4863061797752809 0.7623626373626373 0.4859550561797753 0.7630494505494505
0 0.11446629213483146 0.665521978021978 0.06179775280898876 0.665521978021978 0.061446629213483143 0.5741758241758241 0.11446629213483146 0.573489010989011 0.11481741573033707 0.6648351648351648 0.11446629213483146 0.665521978021978
0 0.3883426966292135 0.7163461538461539 0.33918539325842695 0.7163461538461539 0.33883426966292135 0.6085164835164835 0.3883426966292135 0.6078296703296703 0.3886938202247191 0.7156593406593407 0.3883426966292135 0.7163461538461539
0 0.6376404494382022 0.6833791208791209 0.5168539325842697 0.6833791208791209 0.516502808988764 0.6277472527472527 0.6376404494382022 0.6270604395604396 0.6379915730337079 0.6826923076923077 0.6376404494382022 0.6833791208791209
0 0.6987359550561798 0.7671703296703297 0.6453651685393258 0.7671703296703297 0.6450140449438202 0.6277472527472527 0.6987359550561798 0.6270604395604396 0.6990870786516854 0.7664835164835165 0.6987359550561798 0.7671703296703297
0 0.8665730337078652 0.6833791208791209 0.764747191011236 0.6833791208791209 0.7643960674157303 0.6277472527472527 0.8665730337078652 0.6270604395604396 0.8669241573033708 0.6826923076923077 0.8665730337078652 0.6833791208791209
0 0.336376404494382 0.709478021978022 0.3103932584269663 0.709478021978022 0.31004213483146065 0.6291208791208791 0.336376404494382 0.6284340659340659 0.33672752808988765 0.7087912087912088 0.336376404494382 0.709478021978022
0 0.336376404494382 0.7630494505494505 0.2830056179775281 0.7630494505494505 0.28265449438202245 0.6346153846153846 0.3068820224719101 0.6339285714285714 0.30723314606741575 0.7142857142857143 0.336376404494382 0.7149725274725275 0.33672752808988765 0.7623626373626373 0.336376404494382 0.7630494505494505
0 0.11095505617977527 0.7630494505494505 0.06179775280898876 0.7630494505494505 0.061446629213483143 0.6703296703296703 0.11095505617977527 0.6696428571428571 0.1113061797752809 0.7623626373626373 0.11095505617977527 0.7630494505494505
0 0.2794943820224719 0.7630494505494505 0.22752808988764045 0.7630494505494505 0.22717696629213482 0.6991758241758241 0.2794943820224719 0.698489010989011 0.27984550561797755 0.7623626373626373 0.2794943820224719 0.7630494505494505
0 0.3883426966292135 0.7630494505494505 0.33918539325842695 0.7630494505494505 0.33883426966292135 0.7211538461538461 0.3883426966292135 0.720467032967033 0.3886938202247191 0.7623626373626373 0.3883426966292135 0.7630494505494505