0 0.254957507082153 0.8386396526772794 0.16147308781869688 0.8386396526772794 0.16111898016997167 0.6107091172214182 0.026203966005665724 0.6099855282199711 0.025849858356940508 0.39652677279305354 0.21671388101983002 0.3958031837916064 0.21706798866855523 0.662807525325615 0.21777620396600567 0.6642547033285094 0.21813031161473087 0.6664254703328509 0.2191926345609065 0.6671490593342981 0.22344192634560905 0.6772793053545586 0.2245042492917847 0.6808972503617945 0.22556657223796034 0.6816208393632417 0.22910764872521247 0.6903039073806078 0.23477337110481586 0.703328509406657 0.2358356940509915 0.7069464544138929 0.254957507082153 0.7069464544138929 0.2553116147308782 0.8379160636758322 0.254957507082153 0.8386396526772794
0 0.2811614730878187 0.5955137481910275 0.21742209631728046 0.5955137481910275 0.21706798866855523 0.39652677279305354 0.21777620396600567 0.39652677279305354 0.21777620396600567 0.42257597684515197 0.2188385269121813 0.4232995658465991 0.2191926345609065 0.39652677279305354 0.2811614730878187 0.3958031837916064 0.2815155807365439 0.5947901591895803 0.2811614730878187 0.5955137481910275
0 0.35410764872521244 0.5549927641099855 0.2847025495750708 0.5549927641099855 0.2843484419263456 0.39652677279305354 0.35410764872521244 0.3958031837916064 0.3544617563739377 0.5542691751085383 0.35410764872521244 0.5549927641099855
0 0.4688385269121813 0.4913169319826339 0.3604815864022663 0.4913169319826339 0.36012747875354106 0.39652677279305354 0.4688385269121813 0.3958031837916064 0.46919263456090654 0.4905933429811867 0.4688385269121813 0.4913169319826339
0 0.6324362606232294 0.7547033285094067 0.4992917847025496 0.7547033285094067 0.49893767705382436 0.47901591895803186 0.6324362606232294 0.47829232995658466 0.6327903682719547 0.7539797395079595 0.6324362606232294 0.7547033285094067
0 0.660056657223796 0.7547033285094067 0.636685552407932 0.7547033285094067 0.6363314447592068 0.47901591895803186 0.7138810198300283 0.47829232995658466 0.7142351274787535 0.6107091172214182 0.6607648725212465 0.6114327062228654 0.6604107648725213 0.7539797395079595 0.660056657223796 0.7547033285094067
0 0.9483002832861189 0.7547033285094067 0.7181303116147308 0.7547033285094067 0.7177762039660056 0.47901591895803186 0.9483002832861189 0.47829232995658466 0.9486543909348442 0.7539797395079595 0.9483002832861189 0.7547033285094067
0 0.4688385269121813 0.8386396526772794 0.3604815864022663 0.8386396526772794 0.36012747875354106 0.4963820549927641 0.4688385269121813 0.4956584659913169 0.46919263456090654 0.8379160636758322 0.4688385269121813 0.8386396526772794
0 0.3130311614730878 0.7026049204052098 0.2584985835694051 0.7026049204052098 0.2581444759206799 0.6034732272069464 0.2839943342776204 0.6027496382054993 0.2843484419263456 0.5643994211287988 0.3130311614730878 0.5636758321273516 0.313385269121813 0.7018813314037626 0.3130311614730878 0.7026049204052098
0 0.35410764872521244 0.6997105643994211 0.31728045325779036 0.6997105643994211 0.31692634560906513 0.5672937771345875 0.35410764872521244 0.5665701881331404 0.3544617563739377 0.6989869753979739 0.35410764872521244 0.6997105643994211
0 0.254957507082153 0.7026049204052098 0.2386685552407932 0.7026049204052098 0.23796033994334279 0.6997105643994211 0.23689801699716714 0.6989869753979739 0.23123229461756373 0.6859623733719248 0.22556657223796034 0.6729377713458755 0.22521246458923513 0.670767004341534 0.2241501416430595 0.6700434153400868 0.2191926345609065 0.658465991316932 0.2191926345609065 0.6034732272069464 0.254957507082153 0.6027496382054993 0.2553116147308782 0.7018813314037626 0.254957507082153 0.7026049204052098
0 0.7138810198300283 0.7547033285094067 0.6635977337110481 0.7547033285094067 0.6632436260623229 0.61794500723589 0.7138810198300283 0.6172214182344429 0.7142351274787535 0.7539797395079595 0.7138810198300283 0.7547033285094067
0 0.1565155807365439 0.8386396526772794 0.026203966005665724 0.8386396526772794 0.025849858356940508 0.6193921852387844 0.1565155807365439 0.6186685962373372 0.15686968838526913 0.8379160636758322 0.1565155807365439 0.8386396526772794
0 0.35410764872521244 0.8386396526772794 0.2584985835694051 0.8386396526772794 0.2581444759206799 0.7076700434153401 0.35410764872521244 0.7069464544138929 0.3544617563739377 0.8379160636758322 0.35410764872521244 0.8386396526772794