0 0.6990496304118268 0.33298969072164947 0.6124604012671595 0.33298969072164947 0.6119324181626188 0.11958762886597939 0.6990496304118268 0.11855670103092783 0.6995776135163675 0.3319587628865979 0.6990496304118268 0.33298969072164947
0 0.8183738120380147 0.24845360824742269 0.7106652587117213 0.24845360824742269 0.7101372756071805 0.11958762886597939 0.8183738120380147 0.11855670103092783 0.8189017951425555 0.24742268041237114 0.8183738120380147 0.24845360824742269
0 0.9630411826821542 0.24845360824742269 0.8257655755015839 0.24845360824742269 0.8252375923970433 0.11958762886597939 0.9630411826821542 0.11855670103092783 0.9635691657866948 0.24742268041237114 0.9630411826821542 0.24845360824742269
0 0.1700105596620908 0.4814432989690722 0.0337909186906019 0.4814432989690722 0.03326293558606125 0.20618556701030927 0.1700105596620908 0.20515463917525772 0.17053854276663147 0.48041237113402063 0.1700105596620908 0.4814432989690722
0 0.337909186906019 0.4814432989690722 0.17634635691657866 0.4814432989690722 0.17581837381203802 0.20618556701030927 0.337909186906019 0.20515463917525772 0.3384371700105597 0.48041237113402063 0.337909186906019 0.4814432989690722
0 0.604012671594509 0.4814432989690722 0.34424498416050686 0.4814432989690722 0.3437170010559662 0.20618556701030927 0.604012671594509 0.20515463917525772 0.6045406546990496 0.48041237113402063 0.604012671594509 0.4814432989690722
0 0.8183738120380147 0.43195876288659796 0.7222808870116156 0.43195876288659796 0.721752903907075 0.2639175257731959 0.8183738120380147 0.26288659793814434 0.8189017951425555 0.4309278350515464 0.8183738120380147 0.43195876288659796
0 0.9630411826821542 0.6608247422680412 0.8257655755015839 0.6608247422680412 0.8252375923970433 0.2639175257731959 0.9630411826821542 0.26288659793814434 0.9635691657866948 0.6597938144329897 0.9630411826821542 0.6608247422680412
0 0.7117212249208026 0.6608247422680412 0.6124604012671595 0.6608247422680412 0.6119324181626188 0.34845360824742266 0.7117212249208026 0.3474226804123711 0.7122492080253432 0.6597938144329897 0.7117212249208026 0.6608247422680412
0 0.8183738120380147 0.6608247422680412 0.7222808870116156 0.6608247422680412 0.721752903907075 0.44329896907216493 0.8183738120380147 0.4422680412371134 0.8189017951425555 0.6597938144329897 0.8183738120380147 0.6608247422680412
0 0.1235480464625132 0.6030927835051546 0.0337909186906019 0.6030927835051546 0.03326293558606125 0.4927835051546392 0.1235480464625132 0.4917525773195876 0.12407602956705385 0.6020618556701031 0.1235480464625132 0.6030927835051546
0 0.3864836325237592 0.7350515463917526 0.3252375923970433 0.7350515463917526 0.32470960929250264 0.6020618556701031 0.31573389651531153 0.6010309278350515 0.31520591341077087 0.6453608247422681 0.2819429778247096 0.6463917525773196 0.28141499472016895 0.6041237113402061 0.2787750791974657 0.6030927835051546 0.27824709609292503 0.6536082474226804 0.19957761351636746 0.654639175257732 0.19904963041182683 0.6041237113402061 0.1246040126715945 0.6030927835051546 0.12407602956705385 0.4927835051546392 0.395987328405491 0.4917525773195876 0.39651531151003166 0.6 0.38753959873284055 0.6010309278350515 0.3870116156282999 0.734020618556701 0.3864836325237592 0.7350515463917526
0 0.604012671594509 0.831958762886598 0.39704329461457233 0.831958762886598 0.39651531151003166 0.4927835051546392 0.604012671594509 0.4917525773195876 0.6045406546990496 0.8309278350515464 0.604012671594509 0.831958762886598
0 0.1932418162618796 0.831958762886598 0.0337909186906019 0.831958762886598 0.03326293558606125 0.6144329896907217 0.1932418162618796 0.6134020618556701 0.19376979936642028 0.8309278350515464 0.1932418162618796 0.831958762886598
0 0.24287222808870115 0.831958762886598 0.19957761351636746 0.831958762886598 0.19904963041182683 0.6618556701030928 0.24287222808870115 0.6608247422680412 0.24340021119324182 0.8309278350515464 0.24287222808870115 0.831958762886598
0 0.3146779303062302 0.831958762886598 0.2481520591341077 0.831958762886598 0.24762407602956704 0.6618556701030928 0.3146779303062302 0.6608247422680412 0.31520591341077087 0.8309278350515464 0.3146779303062302 0.831958762886598
0 0.3864836325237592 0.8010309278350516 0.3252375923970433 0.8010309278350516 0.32470960929250264 0.7505154639175258 0.3864836325237592 0.7494845360824742 0.3870116156282999 0.8 0.3864836325237592 0.8010309278350516