0 0.13464788732394367 0.24325842696629213 0.09295774647887324 0.24325842696629213 0.09267605633802817 0.08651685393258426 0.13464788732394367 0.08595505617977528 0.13492957746478873 0.24269662921348314 0.13464788732394367 0.24325842696629213
0 0.2084507042253521 0.24325842696629213 0.13802816901408452 0.24325842696629213 0.13774647887323943 0.08651685393258426 0.20507042253521127 0.08595505617977528 0.20535211267605633 0.1842696629213483 0.2084507042253521 0.18483146067415732 0.20873239436619717 0.24269662921348314 0.2084507042253521 0.24325842696629213
0 0.8535211267605634 0.24775280898876403 0.7430985915492958 0.24775280898876403 0.7428169014084507 0.09213483146067415 0.8535211267605634 0.09157303370786517 0.8538028169014085 0.24719101123595505 0.8535211267605634 0.24775280898876403
0 0.5256338028169014 0.24662921348314606 0.41464788732394364 0.24662921348314606 0.4143661971830986 0.09438202247191012 0.5256338028169014 0.09382022471910112 0.5259154929577465 0.24606741573033708 0.5256338028169014 0.24662921348314606
0 0.26309859154929577 0.27808988764044945 0.21746478873239436 0.27808988764044945 0.2171830985915493 0.1853932584269663 0.26309859154929577 0.18483146067415732 0.2633802816901408 0.27752808988764044 0.26309859154929577 0.27808988764044945
0 0.3256338028169014 0.43764044943820224 0.29408450704225353 0.43764044943820224 0.29380281690140847 0.3797752808988764 0.2926760563380282 0.37865168539325844 0.2923943661971831 0.37696629213483146 0.2915492957746479 0.37640449438202245 0.28394366197183096 0.3601123595505618 0.2830985915492958 0.3595505617977528 0.2828169014084507 0.3578651685393258 0.2819718309859155 0.35730337078651686 0.27605633802816903 0.34438202247191013 0.24394366197183098 0.34438202247191013 0.24366197183098592 0.34831460674157305 0.2247887323943662 0.348876404494382 0.22450704225352114 0.3449438202247191 0.21746478873239436 0.34438202247191013 0.2171830985915493 0.2842696629213483 0.2647887323943662 0.28370786516853935 0.2650704225352113 0.1853932584269663 0.29014084507042254 0.18483146067415732 0.2904225352112676 0.21797752808988763 0.29183098591549295 0.21853932584269664 0.292112676056338 0.1853932584269663 0.3256338028169014 0.18483146067415732 0.32591549295774647 0.34606741573033706 0.3087323943661972 0.34662921348314607 0.3084507042253521 0.350561797752809 0.3256338028169014 0.351123595505618 0.32591549295774647 0.4370786516853933 0.3256338028169014 0.43764044943820224
0 0.9746478873239437 0.43651685393258427 0.8715492957746479 0.43651685393258427 0.8712676056338028 0.27640449438202247 0.856056338028169 0.24606741573033708 0.856056338028169 0.23370786516853934 0.8664788732394366 0.23314606741573032 0.8667605633802817 0.18764044943820224 0.9746478873239437 0.18707865168539325 0.9749295774647887 0.43595505617977526 0.9746478873239437 0.43651685393258427
0 0.6450704225352113 0.4387640449438202 0.5515492957746478 0.4387640449438202 0.5504225352112676 0.43651685393258427 0.5487323943661971 0.43426966292134833 0.5470422535211268 0.43202247191011234 0.5447887323943662 0.42865168539325843 0.543943661971831 0.4280898876404494 0.543661971830986 0.4264044943820225 0.5419718309859155 0.4241573033707865 0.540281690140845 0.42191011235955056 0.5385915492957747 0.4196629213483146 0.5374647887323943 0.41853932584269665 0.5363380281690141 0.4174157303370786 0.5346478873239436 0.4151685393258427 0.5335211267605634 0.4140449438202247 0.532394366197183 0.41292134831460675 0.5312676056338028 0.41292134831460675 0.5301408450704226 0.4106741573033708 0.5290140845070422 0.4095505617977528 0.527887323943662 0.4084269662921348 0.5267605633802817 0.40730337078651685 0.5256338028169014 0.40730337078651685 0.5245070422535211 0.4050561797752809 0.5233802816901408 0.4050561797752809 0.5228169014084507 0.40393258426966294 0.5216901408450704 0.4028089887640449 0.52 0.4028089887640449 0.5194366197183099 0.40168539325842695 0.5183098591549296 0.400561797752809 0.5166197183098592 0.400561797752809 0.516056338028169 0.399438202247191 0.5149295774647887 0.39831460674157304 0.5126760563380282 0.39831460674157304 0.512112676056338 0.39719101123595507 0.5109859154929578 0.39719101123595507 0.5104225352112676 0.3960674157303371 0.5076056338028169 0.3960674157303371 0.5070422535211268 0.3949438202247191 0.5059154929577465 0.3949438202247191 0.5053521126760563 0.3938202247191011 0.5019718309859155 0.3938202247191011 0.5014084507042254 0.39269662921348314 0.49802816901408453 0.39269662921348314 0.49746478873239436 0.39157303370786517 0.4140845070422535 0.39157303370786517 0.41380281690140847 0.3887640449438202 0.39267605633802816 0.38820224719101126 0.3923943661971831 0.25280898876404495 0.4140845070422535 0.25224719101123594 0.4143661971830986 0.24719101123595505 0.527887323943662 0.24662921348314606 0.528169014084507 0.2348314606741573 0.5369014084507042 0.23426966292134832 0.5371830985915493 0.19101123595505617 0.6450704225352113 0.1904494382022472 0.6453521126760563 0.43820224719101125 0.6450704225352113 0.4387640449438202
0 0.21464788732394366 0.43764044943820224 0.07098591549295774 0.43764044943820224 0.07070422535211268 0.40337078651685393 0.09295774647887324 0.4028089887640449 0.09323943661971831 0.3831460674157303 0.07098591549295774 0.38258426966292136 0.07070422535211268 0.24943820224719102 0.21464788732394366 0.24887640449438203 0.21492957746478875 0.4370786516853933 0.21464788732394366 0.43764044943820224
0 0.8687323943661972 0.43651685393258427 0.832112676056338 0.43651685393258427 0.831830985915493 0.35730337078651686 0.8163380281690141 0.32640449438202246 0.7605633802816901 0.32640449438202246 0.7602816901408451 0.3853932584269663 0.7216901408450704 0.38595505617977527 0.7214084507042253 0.25280898876404495 0.8557746478873239 0.25224719101123594 0.8690140845070422 0.2786516853932584 0.8690140845070422 0.43595505617977526 0.8687323943661972 0.43651685393258427
0 0.8292957746478873 0.43651685393258427 0.7628169014084507 0.43651685393258427 0.7625352112676056 0.33146067415730335 0.8152112676056338 0.3308988764044944 0.8169014084507042 0.33539325842696627 0.8177464788732395 0.3359550561797753 0.8180281690140845 0.33764044943820226 0.8188732394366197 0.3382022471910112 0.8253521126760563 0.35224719101123597 0.8261971830985916 0.35280898876404493 0.8264788732394366 0.3544943820224719 0.8273239436619718 0.3550561797752809 0.8295774647887324 0.36067415730337077 0.8295774647887324 0.43595505617977526 0.8292957746478873 0.43651685393258427
0 0.29126760563380283 0.43764044943820224 0.21746478873239436 0.43764044943820224 0.2171830985915493 0.349438202247191 0.27436619718309857 0.348876404494382 0.27492957746478874 0.35 0.2785915492957746 0.3561797752808989 0.27887323943661974 0.3578651685393258 0.2797183098591549 0.35842696629213483 0.28 0.3601123595505618 0.2808450704225352 0.36067415730337077 0.28112676056338026 0.36235955056179775 0.2819718309859155 0.36292134831460676 0.28225352112676055 0.3646067415730337 0.2830985915492958 0.3651685393258427 0.28338028169014085 0.3668539325842697 0.28816901408450707 0.3752808988764045 0.28845070422535213 0.37696629213483146 0.2892957746478873 0.3775280898876405 0.2895774647887324 0.3792134831460674 0.2904225352112676 0.3797752808988764 0.29070422535211266 0.3814606741573034 0.2915492957746479 0.38202247191011235 0.2915492957746479 0.4370786516853933 0.29126760563380283 0.43764044943820224
0 0.06309859154929577 0.43764044943820224 0.018591549295774647 0.43764044943820224 0.018309859154929577 0.36404494382022473 0.06309859154929577 0.3634831460674157 0.06338028169014084 0.4370786516853933 0.06309859154929577 0.43764044943820224
0 0.76 0.43651685393258427 0.7307042253521127 0.43651685393258427 0.7304225352112677 0.39101123595505616 0.76 0.3904494382022472 0.7602816901408451 0.43595505617977526 0.76 0.43651685393258427
0 0.5290140845070422 0.5398876404494382 0.4388732394366197 0.5398876404494382 0.43859154929577465 0.46179775280898877 0.43802816901408453 0.4606741573033708 0.43802816901408453 0.45393258426966293 0.43746478873239436 0.45280898876404496 0.43690140845070424 0.45056179775280897 0.43633802816901407 0.44831460674157303 0.43577464788732395 0.4460674157303371 0.43577464788732395 0.4438202247191011 0.43464788732394366 0.44157303370786516 0.43352112676056337 0.43820224719101125 0.43070422535211267 0.4314606741573034 0.4304225352112676 0.4297752808988764 0.4295774647887324 0.42921348314606744 0.4287323943661972 0.4264044943820225 0.4259154929577465 0.42191011235955056 0.4230985915492958 0.4174157303370786 0.4219718309859155 0.4174157303370786 0.42140845070422533 0.41629213483146066 0.42028169014084504 0.4151685393258427 0.4191549295774648 0.4151685393258427 0.41859154929577463 0.4140449438202247 0.41746478873239434 0.41292134831460675 0.41577464788732393 0.41292134831460675 0.4152112676056338 0.4117977528089888 0.41380281690140847 0.4101123595505618 0.41380281690140847 0.3921348314606742 0.48 0.39157303370786517 0.4802816901408451 0.3955056179775281 0.49577464788732395 0.3960674157303371 0.49633802816901407 0.39719101123595507 0.49915492957746477 0.39719101123595507 0.49971830985915494 0.39831460674157304 0.5036619718309859 0.39831460674157304 0.504225352112676 0.399438202247191 0.5059154929577465 0.399438202247191 0.5064788732394366 0.400561797752809 0.5087323943661972 0.400561797752809 0.5092957746478873 0.40168539325842695 0.5109859154929578 0.40168539325842695 0.5115492957746479 0.4028089887640449 0.5138028169014085 0.4028089887640449 0.5143661971830986 0.40393258426966294 0.5154929577464789 0.4050561797752809 0.5171830985915493 0.4050561797752809 0.5177464788732394 0.4061797752808989 0.5188732394366197 0.40730337078651685 0.5205633802816901 0.40730337078651685 0.5211267605633803 0.4084269662921348 0.5222535211267606 0.4095505617977528 0.5233802816901408 0.4095505617977528 0.523943661971831 0.4106741573033708 0.5250704225352113 0.4117977528089888 0.5261971830985915 0.41292134831460675 0.5273239436619719 0.4140449438202247 0.5284507042253521 0.4151685393258427 0.5295774647887324 0.41629213483146066 0.5307042253521127 0.4174157303370786 0.5318309859154929 0.41853932584269665 0.5329577464788733 0.4196629213483146 0.5346478873239436 0.42191011235955056 0.535774647887324 0.42303370786516853 0.5369014084507042 0.4241573033707865 0.5385915492957747 0.4264044943820225 0.5408450704225352 0.4297752808988764 0.5425352112676056 0.43202247191011234 0.5442253521126761 0.43426966292134833 0.5450704225352113 0.4348314606741573 0.5453521126760563 0.43651685393258427 0.5470422535211268 0.4387640449438202 0.5487323943661971 0.4410112359550562 0.5504225352112676 0.44325842696629214 0.5774647887323944 0.44325842696629214 0.5769014084507043 0.4455056179775281 0.576056338028169 0.4460674157303371 0.5729577464788732 0.4533707865168539 0.5628169014084508 0.47247191011235956 0.5619718309859155 0.4730337078651685 0.5616901408450704 0.4747191011235955 0.5608450704225352 0.4752808988764045 0.5605633802816902 0.47696629213483144 0.5504225352112676 0.4960674157303371 0.5495774647887324 0.4966292134831461 0.5492957746478874 0.498314606741573 0.5385915492957747 0.5185393258426966 0.5377464788732395 0.5191011235955056 0.5374647887323943 0.5207865168539326 0.5366197183098591 0.5213483146067416 0.5363380281690141 0.5230337078651686 0.5354929577464789 0.5235955056179775 0.5352112676056338 0.5252808988764045 0.5292957746478874 0.5359550561797752 0.5292957746478874 0.5393258426966292 0.5290140845070422 0.5398876404494382
0 0.5411267605633803 0.4460674157303371 0.5416901408450704 0.4449438202247191 0.5405633802816902 0.4460674157303371 0.5411267605633803 0.4460674157303371
0 0.43661971830985913 0.5084269662921348 0.37126760563380284 0.5084269662921348 0.37098591549295773 0.4550561797752809 0.41183098591549294 0.4544943820224719 0.412112676056338 0.451685393258427 0.39267605633802816 0.451123595505618 0.3923943661971831 0.41460674157303373 0.41295774647887323 0.4140449438202247 0.4135211267605634 0.4151685393258427 0.41464788732394364 0.4151685393258427 0.4152112676056338 0.41629213483146066 0.4163380281690141 0.4174157303370786 0.41746478873239434 0.4174157303370786 0.4180281690140845 0.41853932584269665 0.4191549295774648 0.4196629213483146 0.42028169014084504 0.4196629213483146 0.4208450704225352 0.4207865168539326 0.4219718309859155 0.42191011235955056 0.4253521126760563 0.42752808988764046 0.42619718309859156 0.4280898876404494 0.4264788732394366 0.4297752808988764 0.4295774647887324 0.4348314606741573 0.4298591549295775 0.43651685393258427 0.43070422535211267 0.4370786516853933 0.43295774647887325 0.44269662921348313 0.43352112676056337 0.4449438202247191 0.43408450704225354 0.44719101123595506 0.43464788732394366 0.449438202247191 0.43464788732394366 0.451685393258427 0.43577464788732395 0.45393258426966293 0.43577464788732395 0.4584269662921348 0.43633802816901407 0.45955056179775283 0.43633802816901407 0.4640449438202247 0.43690140845070424 0.4651685393258427 0.43690140845070424 0.5078651685393258 0.43661971830985913 0.5084269662921348
0 0.43661971830985913 0.5848314606741573 0.37126760563380284 0.5848314606741573 0.37098591549295773 0.5134831460674157 0.43661971830985913 0.5129213483146068 0.43690140845070424 0.5842696629213483 0.43661971830985913 0.5848314606741573
0 0.46704225352112677 0.6893258426966292 0.4388732394366197 0.6893258426966292 0.43859154929577465 0.5449438202247191 0.46704225352112677 0.5443820224719101 0.46732394366197183 0.6887640449438203 0.46704225352112677 0.6893258426966292
0 0.5290140845070422 0.6893258426966292 0.46985915492957747 0.6893258426966292 0.4695774647887324 0.5449438202247191 0.5290140845070422 0.5443820224719101 0.5292957746478874 0.6887640449438203 0.5290140845070422 0.6893258426966292
0 0.43661971830985913 0.6511235955056179 0.37126760563380284 0.6511235955056179 0.37098591549295773 0.5887640449438202 0.43661971830985913 0.5882022471910112 0.43690140845070424 0.650561797752809 0.43661971830985913 0.6511235955056179
0 0.43661971830985913 0.9219101123595506 0.37126760563380284 0.9219101123595506 0.37098591549295773 0.6550561797752809 0.43661971830985913 0.6544943820224719 0.43690140845070424 0.9213483146067416 0.43661971830985913 0.9219101123595506
0 0.5290140845070422 0.8488764044943821 0.4388732394366197 0.8488764044943821 0.43859154929577465 0.6943820224719102 0.5290140845070422 0.6938202247191011 0.5292957746478874 0.848314606741573 0.5290140845070422 0.8488764044943821