0 0.11812865497076024 0.31358381502890176 0.06900584795321638 0.31358381502890176 0.06842105263157895 0.11560693641618497 0.14502923976608187 0.11416184971098266 0.1456140350877193 0.23121387283236994 0.14210526315789473 0.2398843930635838 0.13742690058479531 0.2543352601156069 0.1327485380116959 0.26878612716763006 0.1280701754385965 0.2832369942196532 0.12222222222222222 0.30057803468208094 0.11812865497076024 0.31358381502890176
0 0.11695906432748537 0.4841040462427746 0.08304093567251462 0.4841040462427746 0.0824561403508772 0.45664739884393063 0.06900584795321638 0.4552023121387283 0.06842105263157895 0.3265895953757225 0.12046783625730995 0.32514450867052025 0.12573099415204678 0.31213872832369943 0.1304093567251462 0.2976878612716763 0.13742690058479531 0.2774566473988439 0.14210526315789473 0.2630057803468208 0.1456140350877193 0.2514450867052023 0.15029239766081873 0.23699421965317918 0.15029239766081873 0.11560693641618497 0.18596491228070175 0.11416184971098266 0.1865497076023392 0.4479768786127168 0.11812865497076024 0.44942196531791906 0.11754385964912281 0.48265895953757226 0.11695906432748537 0.4841040462427746
0 0.27485380116959063 0.4841040462427746 0.2222222222222222 0.4841040462427746 0.2216374269005848 0.4508670520231214 0.19064327485380117 0.44942196531791906 0.19005847953216373 0.11560693641618497 0.27485380116959063 0.11416184971098266 0.2754385964912281 0.48265895953757226 0.27485380116959063 0.4841040462427746
0 0.49005847953216375 0.4060693641618497 0.2818713450292398 0.4060693641618497 0.28128654970760236 0.11560693641618497 0.49005847953216375 0.11416184971098266 0.49064327485380116 0.4046242774566474 0.49005847953216375 0.4060693641618497
0 0.5941520467836258 0.5043352601156069 0.5403508771929825 0.5043352601156069 0.539766081871345 0.11560693641618497 0.7111111111111111 0.11416184971098266 0.7116959064327485 0.2947976878612717 0.6818713450292397 0.29624277456647397 0.6812865497076024 0.47109826589595377 0.5953216374269006 0.4725433526011561 0.5947368421052631 0.5028901734104047 0.5941520467836258 0.5043352601156069
0 0.7473684210526316 0.29624277456647397 0.7181286549707603 0.29624277456647397 0.7175438596491228 0.11560693641618497 0.7473684210526316 0.11416184971098266 0.747953216374269 0.2947976878612717 0.7473684210526316 0.29624277456647397
0 0.9625730994152046 0.4147398843930636 0.7532163742690059 0.4147398843930636 0.7526315789473684 0.11560693641618497 0.9625730994152046 0.11416184971098266 0.9631578947368421 0.41329479768786126 0.9625730994152046 0.4147398843930636
0 0.7473684210526316 0.703757225433526 0.6070175438596491 0.703757225433526 0.6064327485380117 0.6271676300578035 0.6923976608187135 0.6257225433526011 0.6929824561403509 0.6184971098265896 0.6070175438596491 0.6170520231213873 0.6064327485380117 0.5202312138728323 0.6865497076023391 0.5187861271676301 0.6871345029239766 0.4046242774566474 0.6818713450292397 0.4031791907514451 0.6812865497076024 0.31213872832369943 0.7473684210526316 0.3106936416184971 0.747953216374269 0.42485549132947975 0.7467836257309941 0.4277456647398844 0.7467836257309941 0.5635838150289018 0.747953216374269 0.5664739884393064 0.747953216374269 0.7023121387283237 0.7473684210526316 0.703757225433526
0 0.3719298245614035 0.8367052023121387 0.2807017543859649 0.8367052023121387 0.2801169590643275 0.615606936416185 0.27485380116959063 0.6141618497109826 0.2742690058479532 0.49710982658959535 0.2807017543859649 0.4956647398843931 0.28128654970760236 0.4190751445086705 0.3345029239766082 0.41763005780346824 0.3350877192982456 0.653179190751445 0.3719298245614035 0.6546242774566474 0.3725146198830409 0.8352601156069365 0.3719298245614035 0.8367052023121387
0 0.49005847953216375 0.8367052023121387 0.37894736842105264 0.8367052023121387 0.3783625730994152 0.6445086705202312 0.34035087719298246 0.6430635838150289 0.33976608187134505 0.4190751445086705 0.49005847953216375 0.41763005780346824 0.49064327485380116 0.8352601156069365 0.49005847953216375 0.8367052023121387
0 0.9625730994152046 0.8395953757225434 0.7532163742690059 0.8395953757225434 0.7526315789473684 0.5664739884393064 0.7473684210526316 0.565028901734104 0.7467836257309941 0.4277456647398844 0.9625730994152046 0.4263005780346821 0.9631578947368421 0.838150289017341 0.9625730994152046 0.8395953757225434
0 0.2736842105263158 0.7008670520231214 0.06900584795321638 0.7008670520231214 0.06842105263157895 0.49710982658959535 0.11695906432748537 0.4956647398843931 0.11754385964912281 0.5086705202312138 0.15555555555555556 0.5101156069364162 0.156140350877193 0.49710982658959535 0.2736842105263158 0.4956647398843931 0.2742690058479532 0.6994219653179191 0.2736842105263158 0.7008670520231214
0 0.6 0.7066473988439307 0.5403508771929825 0.7066473988439307 0.539766081871345 0.5202312138728323 0.6 0.5187861271676301 0.6005847953216374 0.7052023121387283 0.6 0.7066473988439307