0 0.7725988700564972 0.43576017130620986 0.5254237288135594 0.43576017130620986 0.5247175141242938 0.07494646680942184 0.7725988700564972 0.07387580299785867 0.7733050847457628 0.4346895074946467 0.7725988700564972 0.43576017130620986
0 0.9661016949152542 0.26873661670235544 0.7782485875706214 0.26873661670235544 0.777542372881356 0.07494646680942184 0.9661016949152542 0.07387580299785867 0.9668079096045198 0.2676659528907923 0.9661016949152542 0.26873661670235544
0 0.9661016949152542 0.43576017130620986 0.7782485875706214 0.43576017130620986 0.777542372881356 0.2762312633832976 0.9661016949152542 0.2751605995717345 0.9668079096045198 0.4346895074946467 0.9661016949152542 0.43576017130620986
0 0.1553672316384181 0.5214132762312634 0.018361581920903956 0.5214132762312634 0.01765536723163842 0.3361884368308351 0.1553672316384181 0.3351177730192719 0.1560734463276836 0.5203426124197003 0.1553672316384181 0.5214132762312634
0 0.3333333333333333 0.5214132762312634 0.16242937853107345 0.5214132762312634 0.1617231638418079 0.3361884368308351 0.3333333333333333 0.3351177730192719 0.3340395480225989 0.5203426124197003 0.3333333333333333 0.5214132762312634
0 0.519774011299435 0.5985010706638115 0.3446327683615819 0.5985010706638115 0.3439265536723164 0.3426124197002141 0.519774011299435 0.341541755888651 0.5204802259887006 0.5974304068522484 0.519774011299435 0.5985010706638115
0 0.7725988700564972 0.6905781584582441 0.5254237288135594 0.6905781584582441 0.5247175141242938 0.43683083511777304 0.7725988700564972 0.43576017130620986 0.7733050847457628 0.6895074946466809 0.7725988700564972 0.6905781584582441
0 0.9661016949152542 0.6905781584582441 0.7782485875706214 0.6905781584582441 0.777542372881356 0.44539614561027835 0.9661016949152542 0.4443254817987152 0.9668079096045198 0.6895074946466809 0.9661016949152542 0.6905781584582441
0 0.519774011299435 0.7805139186295503 0.3446327683615819 0.7805139186295503 0.3439265536723164 0.6059957173447538 0.5240112994350282 0.6049250535331906 0.5247175141242938 0.6895074946466809 0.5211864406779662 0.6905781584582441 0.5204802259887006 0.7794432548179872 0.519774011299435 0.7805139186295503
0 0.615819209039548 0.8982869379014989 0.5254237288135594 0.8982869379014989 0.5247175141242938 0.7002141327623126 0.615819209039548 0.6991434689507494 0.6165254237288136 0.8972162740899358 0.615819209039548 0.8982869379014989
0 0.7175141242937854 0.8982869379014989 0.6228813559322034 0.8982869379014989 0.6221751412429378 0.7002141327623126 0.7175141242937854 0.6991434689507494 0.7182203389830508 0.8972162740899358 0.7175141242937854 0.8982869379014989
0 0.7641242937853108 0.7312633832976445 0.7259887005649718 0.7312633832976445 0.7252824858757062 0.7002141327623126 0.7641242937853108 0.6991434689507494 0.7648305084745762 0.7301927194860813 0.7641242937853108 0.7312633832976445
0 0.9661016949152542 0.8982869379014989 0.8940677966101694 0.8982869379014989 0.893361581920904 0.7965738758029979 0.8375706214689266 0.7955032119914347 0.836864406779661 0.7002141327623126 0.9661016949152542 0.6991434689507494 0.9668079096045198 0.8972162740899358 0.9661016949152542 0.8982869379014989
0 0.8248587570621468 0.8918629550321199 0.730225988700565 0.8918629550321199 0.7295197740112994 0.7965738758029979 0.7259887005649718 0.7955032119914347 0.7252824858757062 0.7430406852248393 0.8290960451977402 0.7419700214132763 0.8298022598870056 0.7944325481798715 0.826271186440678 0.7955032119914347 0.8255649717514124 0.8907922912205567 0.8248587570621468 0.8918629550321199
0 0.4110169491525424 0.9025695931477516 0.3446327683615819 0.9025695931477516 0.3439265536723164 0.7901498929336188 0.4110169491525424 0.7890792291220556 0.4117231638418079 0.9014989293361885 0.4110169491525424 0.9025695931477516
0 0.5155367231638418 0.8383297644539615 0.4194915254237288 0.8383297644539615 0.4187853107344633 0.7944325481798715 0.5155367231638418 0.7933618843683083 0.5162429378531074 0.8372591006423983 0.5155367231638418 0.8383297644539615
0 0.8884180790960452 0.8982869379014989 0.8375706214689266 0.8982869379014989 0.836864406779661 0.8029978586723768 0.8884180790960452 0.8019271948608137 0.8891242937853108 0.8972162740899358 0.8884180790960452 0.8982869379014989