0 0.24030037546933666 0.3065173116089613 0.030037546933667083 0.3065173116089613 0.029411764705882353 0.04276985743380855 0.24030037546933666 0.04175152749490835 0.2409261576971214 0.3054989816700611 0.24030037546933666 0.3065173116089613
0 0.5406758448060075 0.3085539714867617 0.2490613266583229 0.3085539714867617 0.24843554443053817 0.04276985743380855 0.5406758448060075 0.04175152749490835 0.5413016270337923 0.3075356415478615 0.5406758448060075 0.3085539714867617
0 0.7659574468085106 0.3004073319755601 0.5506883604505632 0.3004073319755601 0.5500625782227785 0.04276985743380855 0.7659574468085106 0.04175152749490835 0.7665832290362954 0.29938900203665986 0.7659574468085106 0.3004073319755601
0 0.9624530663329162 0.5814663951120163 0.7747183979974969 0.5814663951120163 0.7740926157697121 0.04276985743380855 0.9624530663329162 0.04175152749490835 0.9630788485607009 0.5804480651731161 0.9624530663329162 0.5814663951120163
0 0.5406758448060075 0.4226069246435845 0.2490613266583229 0.4226069246435845 0.24843554443053817 0.31771894093686354 0.5406758448060075 0.3167006109979633 0.5413016270337923 0.4215885947046843 0.5406758448060075 0.4226069246435845
0 0.24030037546933666 0.5814663951120163 0.030037546933667083 0.5814663951120163 0.029411764705882353 0.32179226069246436 0.24030037546933666 0.32077393075356414 0.2409261576971214 0.5804480651731161 0.24030037546933666 0.5814663951120163
0 0.6470588235294118 0.5814663951120163 0.5506883604505632 0.5814663951120163 0.5500625782227785 0.32179226069246436 0.6458072590738423 0.32077393075356414 0.646433041301627 0.34012219959266804 0.6520650813516896 0.3411405295315682 0.6526908635794744 0.32179226069246436 0.7659574468085106 0.32077393075356414 0.7665832290362954 0.4154786150712831 0.6470588235294118 0.4164969450101833 0.646433041301627 0.45621181262729127 0.6508135168961201 0.45723014256619143 0.6514392991239049 0.4256619144602851 0.7659574468085106 0.42464358452138495 0.7665832290362954 0.5376782077393075 0.6483103879849812 0.5386965376782077 0.6476846057571964 0.5804480651731161 0.6470588235294118 0.5814663951120163
0 0.4267834793491865 0.719959266802444 0.3541927409261577 0.719959266802444 0.35356695869837296 0.5926680244399185 0.2903629536921151 0.5916496945010183 0.2897371714643304 0.4378818737270876 0.4267834793491865 0.43686354378818737 0.42740926157697123 0.7189409368635438 0.4267834793491865 0.719959266802444
0 0.48685857321652065 0.5 0.43429286608260326 0.5 0.4336670838548185 0.4378818737270876 0.48685857321652065 0.43686354378818737 0.4874843554443054 0.4989816700610998 0.48685857321652065 0.5
0 0.5406758448060075 0.5 0.490613266583229 0.5 0.4899874843554443 0.4378818737270876 0.5406758448060075 0.43686354378818737 0.5413016270337923 0.4989816700610998 0.5406758448060075 0.5
0 0.2828535669586984 0.5916496945010183 0.2490613266583229 0.5916496945010183 0.24843554443053817 0.5071283095723014 0.2828535669586984 0.5061099796334012 0.2834793491864831 0.5906313645621182 0.2828535669586984 0.5916496945010183
0 0.5406758448060075 0.6486761710794298 0.43429286608260326 0.6486761710794298 0.4336670838548185 0.5091649694501018 0.5406758448060075 0.5081466395112016 0.5413016270337923 0.6476578411405295 0.5406758448060075 0.6486761710794298
0 0.6833541927409261 0.5814663951120163 0.6520650813516896 0.5814663951120163 0.6514392991239049 0.5458248472505092 0.6833541927409261 0.544806517311609 0.6839799749687109 0.5804480651731161 0.6833541927409261 0.5814663951120163
0 0.7271589486858573 0.5814663951120163 0.6871088861076345 0.5814663951120163 0.6864831038798498 0.5458248472505092 0.7271589486858573 0.544806517311609 0.727784730913642 0.5804480651731161 0.7271589486858573 0.5814663951120163
0 0.7659574468085106 0.5814663951120163 0.7309136420525657 0.5814663951120163 0.730287859824781 0.5458248472505092 0.7659574468085106 0.544806517311609 0.7665832290362954 0.5804480651731161 0.7659574468085106 0.5814663951120163
0 0.3541927409261577 0.8075356415478615 0.2490613266583229 0.8075356415478615 0.24843554443053817 0.5987780040733197 0.3504380475594493 0.5977596741344195 0.35106382978723405 0.7311608961303462 0.3541927409261577 0.7321792260692465 0.3548185231539424 0.8065173116089613 0.3541927409261577 0.8075356415478615
0 0.493116395494368 0.719959266802444 0.43429286608260326 0.719959266802444 0.4336670838548185 0.6558044806517311 0.493116395494368 0.654786150712831 0.4937421777221527 0.7189409368635438 0.493116395494368 0.719959266802444
0 0.5406758448060075 0.8075356415478615 0.43429286608260326 0.8075356415478615 0.4336670838548185 0.7331975560081466 0.49937421777221525 0.7321792260692465 0.5 0.6558044806517311 0.5406758448060075 0.654786150712831 0.5413016270337923 0.8065173116089613 0.5406758448060075 0.8075356415478615
0 0.4267834793491865 0.8075356415478615 0.3591989987484355 0.8075356415478615 0.35857321652065083 0.7331975560081466 0.4267834793491865 0.7321792260692465 0.42740926157697123 0.8065173116089613 0.4267834793491865 0.8075356415478615