0 0.6701570680628273 0.16770573566084787 0.5955497382198953 0.16770573566084787 0.5948952879581152 0.05486284289276808 0.6701570680628273 0.05423940149625935 0.6708115183246073 0.16708229426433915 0.6701570680628273 0.16770573566084787
0 0.4698952879581152 0.37718204488778057 0.2761780104712042 0.37718204488778057 0.2755235602094241 0.33665835411471323 0.2709424083769634 0.3360349127182045 0.27028795811518325 0.18204488778054864 0.4698952879581152 0.1814214463840399 0.47054973821989526 0.3765586034912718 0.4698952879581152 0.37718204488778057
0 0.5680628272251309 0.37468827930174564 0.47774869109947643 0.37468827930174564 0.47709424083769636 0.18204488778054864 0.6649214659685864 0.1814214463840399 0.6655759162303665 0.2830423940149626 0.569371727748691 0.28366583541147133 0.568717277486911 0.3740648379052369 0.5680628272251309 0.37468827930174564
0 0.6649214659685864 0.37468827930174564 0.5772251308900523 0.37468827930174564 0.5765706806282722 0.29052369077306733 0.6649214659685864 0.2899002493765586 0.6655759162303665 0.3740648379052369 0.6649214659685864 0.37468827930174564
0 0.4698952879581152 0.6365336658354115 0.2696335078534031 0.6365336658354115 0.26897905759162305 0.5660847880299252 0.27028795811518325 0.5648379052369077 0.27028795811518325 0.3827930174563591 0.3913612565445026 0.38216957605985036 0.3920157068062827 0.3778054862842893 0.4698952879581152 0.37718204488778057 0.47054973821989526 0.6359102244389028 0.4698952879581152 0.6365336658354115
0 0.6649214659685864 0.53428927680798 0.47774869109947643 0.53428927680798 0.47709424083769636 0.3802992518703242 0.6649214659685864 0.37967581047381543 0.6655759162303665 0.5336658354114713 0.6649214659685864 0.53428927680798
0 0.6649214659685864 0.82356608478803 0.47774869109947643 0.82356608478803 0.47709424083769636 0.7955112219451371 0.4712041884816754 0.7948877805486284 0.47054973821989526 0.5399002493765586 0.6649214659685864 0.5392768079800498 0.6655759162303665 0.543640897755611 0.668848167539267 0.5455112219451371 0.6714659685863874 0.5467581047381546 0.675392670157068 0.5492518703241895 0.6793193717277487 0.5517456359102244 0.6819371727748691 0.5529925187032418 0.6858638743455497 0.5554862842892768 0.6884816753926701 0.5567331670822943 0.6924083769633508 0.5592269326683291 0.6963350785340314 0.5617206982543641 0.6989528795811518 0.5617206982543641 0.7022251308900523 0.5648379052369077 0.7022251308900523 0.6483790523690773 0.6989528795811518 0.6502493765586035 0.6950261780104712 0.6527431421446384 0.6910994764397905 0.6552369077306733 0.6884816753926701 0.6564837905236908 0.6845549738219895 0.6589775561097256 0.680628272251309 0.6614713216957606 0.6767015706806283 0.6639650872817955 0.6727748691099477 0.6664588528678305 0.6701570680628273 0.6677057356608479 0.6655759162303665 0.6708229426433915 0.6655759162303665 0.8229426433915212 0.6649214659685864 0.82356608478803
0 0.2630890052356021 0.7150872817955112 0.06806282722513089 0.7150872817955112 0.06740837696335078 0.5660847880299252 0.2630890052356021 0.5654613466334164 0.2637434554973822 0.7144638403990025 0.2630890052356021 0.7150872817955112
0 0.9214659685863874 0.6714463840399002 0.7552356020942408 0.6714463840399002 0.7545811518324608 0.571072319201995 0.9214659685863874 0.5704488778054863 0.9221204188481675 0.6708229426433915 0.9214659685863874 0.6714463840399002
0 0.4698952879581152 0.7948877805486284 0.2696335078534031 0.7948877805486284 0.26897905759162305 0.6433915211970075 0.39790575916230364 0.6427680798004988 0.39856020942408377 0.669576059850374 0.40445026178010474 0.6701995012468828 0.4051047120418848 0.6371571072319202 0.4698952879581152 0.6365336658354115 0.47054973821989526 0.7942643391521197 0.4698952879581152 0.7948877805486284
0 0.9214659685863874 0.9532418952618454 0.7552356020942408 0.9532418952618454 0.7545811518324608 0.6795511221945137 0.9214659685863874 0.678927680798005 0.9221204188481675 0.9526184538653366 0.9214659685863874 0.9532418952618454
0 0.2630890052356021 0.8709476309226932 0.06806282722513089 0.8709476309226932 0.06740837696335078 0.7194513715710723 0.2630890052356021 0.7188279301745636 0.2637434554973822 0.8703241895261845 0.2630890052356021 0.8709476309226932
0 0.39528795811518325 0.8709476309226932 0.2696335078534031 0.8709476309226932 0.26897905759162305 0.8017456359102244 0.39528795811518325 0.8011221945137157 0.3959424083769634 0.8703241895261845 0.39528795811518325 0.8709476309226932
0 0.4712041884816754 0.8709476309226932 0.4031413612565445 0.8709476309226932 0.4024869109947644 0.8017456359102244 0.4712041884816754 0.8011221945137157 0.4718586387434555 0.8703241895261845 0.4712041884816754 0.8709476309226932
0 0.6649214659685864 0.9482543640897756 0.47774869109947643 0.9482543640897756 0.47709424083769636 0.8291770573566085 0.6649214659685864 0.8285536159600998 0.6655759162303665 0.9476309226932669 0.6649214659685864 0.9482543640897756