0 0.3106457242582897 0.14276807980049874 0.2024432809773124 0.14276807980049874 0.20157068062827224 0.08728179551122195 0.3106457242582897 0.08665835411471322 0.31151832460732987 0.14214463840399003 0.3106457242582897 0.14276807980049874
0 0.418848167539267 0.28366583541147133 0.3193717277486911 0.28366583541147133 0.31849912739965097 0.2793017456359102 0.31239092495637 0.2786783042394015 0.31151832460732987 0.2830423940149626 0.2024432809773124 0.28366583541147133 0.20157068062827224 0.1483790523690773 0.3106457242582897 0.1477556109725686 0.31151832460732987 0.15336658354114713 0.31762652705061084 0.15399002493765587 0.31849912739965097 0.08728179551122195 0.418848167539267 0.08665835411471322 0.41972076788830714 0.2830423940149626 0.418848167539267 0.28366583541147133
0 0.19546247818499127 0.1901496259351621 0.0506108202443281 0.1901496259351621 0.049738219895287955 0.09351620947630923 0.19546247818499127 0.0928927680798005 0.19633507853403143 0.18952618453865336 0.19546247818499127 0.1901496259351621
0 0.19546247818499127 0.28366583541147133 0.0506108202443281 0.28366583541147133 0.049738219895287955 0.19576059850374064 0.19546247818499127 0.19513715710723192 0.19633507853403143 0.2830423940149626 0.19546247818499127 0.28366583541147133
0 0.19546247818499127 0.4021197007481297 0.0506108202443281 0.4021197007481297 0.049738219895287955 0.2892768079800499 0.19546247818499127 0.2886533665835411 0.19633507853403143 0.4014962593516209 0.19546247818499127 0.4021197007481297
0 0.4223385689354276 0.45947630922693267 0.2024432809773124 0.45947630922693267 0.20157068062827224 0.2892768079800499 0.4223385689354276 0.2886533665835411 0.4232111692844677 0.45885286783042395 0.4223385689354276 0.45947630922693267
0 0.1082024432809773 0.4607231920199501 0.0506108202443281 0.4607231920199501 0.049738219895287955 0.40648379052369077 0.1082024432809773 0.40586034912718205 0.10907504363001745 0.4600997506234414 0.1082024432809773 0.4607231920199501
0 0.19546247818499127 0.4607231920199501 0.1169284467713787 0.4607231920199501 0.11605584642233857 0.40648379052369077 0.19546247818499127 0.40586034912718205 0.19633507853403143 0.4600997506234414 0.19546247818499127 0.4607231920199501
0 0.3089005235602094 0.6190773067331671 0.16753926701570682 0.6190773067331671 0.16666666666666666 0.5037406483790524 0.16230366492146597 0.5031172069825436 0.16143106457242584 0.5960099750623441 0.0506108202443281 0.5966334164588528 0.049738219895287955 0.46633416458852867 0.3089005235602094 0.46571072319201995 0.30977312390924955 0.6184538653366584 0.3089005235602094 0.6190773067331671
0 0.7539267015706806 0.67643391521197 0.4956369982547993 0.67643391521197 0.49476439790575916 0.6496259351620948 0.31762652705061084 0.649002493765586 0.31675392670157065 0.46633416458852867 0.7539267015706806 0.46571072319201995 0.7547993019197208 0.6758104738154613 0.7539267015706806 0.67643391521197
0 0.9406631762652705 0.6502493765586035 0.7626527050610821 0.6502493765586035 0.7617801047120419 0.46633416458852867 0.9406631762652705 0.46571072319201995 0.9415357766143106 0.6496259351620948 0.9406631762652705 0.6502493765586035
0 0.19720767888307156 0.67643391521197 0.0506108202443281 0.67643391521197 0.049738219895287955 0.6022443890274314 0.16055846422338568 0.6016209476309227 0.16143106457242584 0.6221945137157108 0.19720767888307156 0.6228179551122195 0.1980802792321117 0.6758104738154613 0.19720767888307156 0.67643391521197
0 0.3089005235602094 0.67643391521197 0.20767888307155322 0.67643391521197 0.20680628272251309 0.6246882793017456 0.3089005235602094 0.6240648379052369 0.30977312390924955 0.6758104738154613 0.3089005235602094 0.67643391521197
0 0.493891797556719 0.7524937655860349 0.41012216404886565 0.7524937655860349 0.40924956369982546 0.7244389027431422 0.31762652705061084 0.7238154613466334 0.31675392670157065 0.6546134663341646 0.4083769633507853 0.6539900249376559 0.40924956369982546 0.6496259351620948 0.493891797556719 0.649002493765586 0.49476439790575916 0.7518703241895262 0.493891797556719 0.7524937655860349
0 0.9406631762652705 0.89214463840399 0.7626527050610821 0.89214463840399 0.7617801047120419 0.6546134663341646 0.9406631762652705 0.6539900249376559 0.9415357766143106 0.8915211970074813 0.9406631762652705 0.89214463840399
0 0.7539267015706806 0.807356608478803 0.5026178010471204 0.807356608478803 0.5017452006980803 0.6807980049875312 0.7539267015706806 0.6801745635910225 0.7547993019197208 0.8067331670822943 0.7539267015706806 0.807356608478803
0 0.2670157068062827 0.807356608478803 0.0506108202443281 0.807356608478803 0.049738219895287955 0.6820448877805486 0.3089005235602094 0.6814214463840399 0.30977312390924955 0.7231920199501247 0.268760907504363 0.7238154613466334 0.26788830715532286 0.8067331670822943 0.2670157068062827 0.807356608478803
0 0.4013961605584642 0.807356608478803 0.2757417102966841 0.807356608478803 0.27486910994764396 0.7281795511221946 0.4013961605584642 0.7275561097256857 0.40226876090750435 0.8067331670822943 0.4013961605584642 0.807356608478803
0 0.493891797556719 0.807356608478803 0.41012216404886565 0.807356608478803 0.40924956369982546 0.756857855361596 0.493891797556719 0.7562344139650873 0.49476439790575916 0.8067331670822943 0.493891797556719 0.807356608478803
0 0.38219895287958117 0.8933915211970075 0.38045375218150085 0.89214463840399 0.31762652705061084 0.89214463840399 0.31675392670157065 0.814214463840399 0.38219895287958117 0.8135910224438903 0.3830715532286213 0.8927680798004988 0.38219895287958117 0.8933915211970075