0 0.20512820512820512 0.2975133214920071 0.16144349477682812 0.2975133214920071 0.16096866096866097 0.20071047957371227 0.20512820512820512 0.19982238010657194 0.20560303893637227 0.2966252220248668 0.20512820512820512 0.2975133214920071
0 0.2668566001899335 0.3259325044404973 0.20987654320987653 0.3259325044404973 0.2094017094017094 0.20071047957371227 0.2668566001899335 0.19982238010657194 0.26733143399810066 0.325044404973357 0.2668566001899335 0.3259325044404973
0 0.3247863247863248 0.39520426287744226 0.2725546058879392 0.39520426287744226 0.2720797720797721 0.20071047957371227 0.3247863247863248 0.19982238010657194 0.32526115859449195 0.39431616341030196 0.3247863247863248 0.39520426287744226
0 0.39886039886039887 0.39520426287744226 0.3637226970560304 0.39520426287744226 0.36324786324786323 0.38898756660746003 0.3295346628679962 0.38809946714031973 0.32905982905982906 0.20071047957371227 0.39886039886039887 0.19982238010657194 0.399335232668566 0.33570159857904086 0.3741690408357075 0.33658969804618116 0.37369420702754036 0.3428063943161634 0.39886039886039887 0.34369449378330375 0.399335232668566 0.39431616341030196 0.39886039886039887 0.39520426287744226
0 0.5327635327635327 0.39520426287744226 0.4036087369420703 0.39520426287744226 0.4031339031339031 0.20071047957371227 0.5327635327635327 0.19982238010657194 0.5332383665716999 0.39431616341030196 0.5327635327635327 0.39520426287744226
0 0.6657169990503324 0.39520426287744226 0.5384615384615384 0.39520426287744226 0.5379867046533713 0.20071047957371227 0.6657169990503324 0.19982238010657194 0.6661918328584995 0.39431616341030196 0.6657169990503324 0.39520426287744226
0 0.7977207977207977 0.39520426287744226 0.6704653371320038 0.39520426287744226 0.6699905033238367 0.20071047957371227 0.7977207977207977 0.19982238010657194 0.7981956315289649 0.39431616341030196 0.7977207977207977 0.39520426287744226
0 0 0.2921847246891652 0.04748338081671415 0.2921847246891652 0.04795821462488129 0.4422735346358792 0 0.44316163410301956
0 0.2668566001899335 0.4715808170515098 0.16144349477682812 0.4715808170515098 0.16096866096866097 0.30550621669627 0.20512820512820512 0.3046181172291297 0.20560303893637227 0.3321492007104796 0.2668566001899335 0.3330373001776199 0.26733143399810066 0.4706927175843694 0.2668566001899335 0.4715808170515098
0 0.5327635327635327 0.7344582593250444 0.43779677113010446 0.7344582593250444 0.4373219373219373 0.5896980461811723 0.43304843304843305 0.588809946714032 0.4325735992402659 0.7335701598579041 0.2725546058879392 0.7344582593250444 0.2720797720797721 0.4049733570159858 0.5327635327635327 0.40408525754884544 0.5332383665716999 0.7335701598579041 0.5327635327635327 0.7344582593250444
0 0.630579297245964 0.7344582593250444 0.533713200379867 0.7344582593250444 0.5332383665716999 0.4049733570159858 0.6343779677113011 0.40408525754884544 0.6348528015194682 0.5097690941385435 0.6315289648622981 0.5106571936056838 0.6310541310541311 0.7335701598579041 0.630579297245964 0.7344582593250444
0 0.7037037037037037 0.7344582593250444 0.6353276353276354 0.7344582593250444 0.6348528015194682 0.4049733570159858 0.7397910731244065 0.40408525754884544 0.7402659069325735 0.4866785079928952 0.704653371320038 0.48756660746003555 0.7041785375118709 0.7335701598579041 0.7037037037037037 0.7344582593250444
0 0.7977207977207977 0.48756660746003555 0.7454890788224121 0.48756660746003555 0.7450142450142451 0.4049733570159858 0.7977207977207977 0.40408525754884544 0.7981956315289649 0.4866785079928952 0.7977207977207977 0.48756660746003555
0 0 0.44316163410301956 0.04748338081671415 0.44316163410301956 0.04795821462488129 0.7495559502664298 0 0.7504440497335702
0 0.2668566001899335 0.7344582593250444 0.16144349477682812 0.7344582593250444 0.16096866096866097 0.48134991119005327 0.2668566001899335 0.48046181172291297 0.26733143399810066 0.7335701598579041 0.2668566001899335 0.7344582593250444
0 0.7977207977207977 0.7344582593250444 0.7094017094017094 0.7344582593250444 0.7089268755935423 0.4955595026642984 0.7977207977207977 0.4946714031971581 0.7981956315289649 0.7335701598579041 0.7977207977207977 0.7344582593250444