0 0.8912655971479501 0.1848381601362862 0.6452762923351159 0.1848381601362862 0.6443850267379679 0.05110732538330494 0.8912655971479501 0.05025553662691652 0.8921568627450981 0.1839863713798978 0.8912655971479501 0.1848381601362862
0 0.11051693404634581 0.44718909710391824 0.040998217468805706 0.44718909710391824 0.040106951871657755 0.13969335604770017 0.20677361853832443 0.13884156729131175 0.20766488413547238 0.3986371379897785 0.11229946524064172 0.39948892674616693 0.11140819964349376 0.4463373083475298 0.11051693404634581 0.44718909710391824
0 0.2887700534759358 0.39948892674616693 0.2192513368983957 0.39948892674616693 0.21836007130124777 0.13969335604770017 0.6345811051693404 0.13884156729131175 0.6354723707664884 0.3969335604770017 0.2905525846702317 0.3977853492333901 0.2887700534759358 0.39948892674616693
0 0.7397504456327986 0.32453151618398635 0.6452762923351159 0.32453151618398635 0.6443850267379679 0.19420783645655879 0.7397504456327986 0.19335604770017037 0.7406417112299465 0.32367972742759793 0.7397504456327986 0.32453151618398635
0 0.8912655971479501 0.32453151618398635 0.750445632798574 0.32453151618398635 0.749554367201426 0.19420783645655879 0.8912655971479501 0.19335604770017037 0.8921568627450981 0.32367972742759793 0.8912655971479501 0.32453151618398635
0 0.7344028520499108 0.4301533219761499 0.6452762923351159 0.4301533219761499 0.6443850267379679 0.3339011925042589 0.7344028520499108 0.3330494037478705 0.7352941176470589 0.4293015332197615 0.7344028520499108 0.4301533219761499
0 0.8912655971479501 0.4301533219761499 0.7450980392156863 0.4301533219761499 0.7442067736185384 0.3339011925042589 0.8912655971479501 0.3330494037478705 0.8921568627450981 0.4293015332197615 0.8912655971479501 0.4301533219761499
0 0.35294117647058826 0.5442930153321976 0.2192513368983957 0.5442930153321976 0.21836007130124777 0.4071550255536627 0.2887700534759358 0.40630323679727426 0.2896613190730838 0.3986371379897785 0.35294117647058826 0.3977853492333901 0.3538324420677362 0.43781942078364566 0.36185383244206776 0.4386712095400341 0.3627450980392157 0.4071550255536627 0.5098039215686274 0.40630323679727426 0.5106951871657754 0.48722316865417375 0.35472370766488415 0.48807495741056217 0.3538324420677362 0.5434412265758092 0.35294117647058826 0.5442930153321976
0 0.20677361853832443 0.49148211243611584 0.12121212121212122 0.49148211243611584 0.12032085561497326 0.4071550255536627 0.20677361853832443 0.40630323679727426 0.20766488413547238 0.4906303236797274 0.20677361853832443 0.49148211243611584
0 0.7344028520499108 0.6856899488926746 0.5204991087344029 0.6856899488926746 0.5196078431372549 0.4071550255536627 0.6345811051693404 0.40630323679727426 0.6354723707664884 0.43781942078364566 0.7896613190730838 0.4386712095400341 0.7905525846702317 0.48722316865417375 0.7361853832442068 0.48807495741056217 0.7352941176470589 0.6848381601362862 0.7344028520499108 0.6856899488926746
0 0.8912655971479501 0.48807495741056217 0.8003565062388592 0.48807495741056217 0.7994652406417112 0.4395229982964225 0.8912655971479501 0.4386712095400341 0.8921568627450981 0.48722316865417375 0.8912655971479501 0.48807495741056217
0 0.20677361853832443 0.6856899488926746 0.040998217468805706 0.6856899488926746 0.040106951871657755 0.4565587734241908 0.11051693404634581 0.4557069846678024 0.11140819964349376 0.49744463373083475 0.20677361853832443 0.49829642248722317 0.20766488413547238 0.6848381601362862 0.20677361853832443 0.6856899488926746
0 0.5098039215686274 0.6856899488926746 0.36363636363636365 0.6856899488926746 0.3627450980392157 0.49744463373083475 0.5098039215686274 0.49659284497444633 0.5106951871657754 0.6848381601362862 0.5098039215686274 0.6856899488926746
0 0.8912655971479501 0.6976149914821125 0.7450980392156863 0.6976149914821125 0.7442067736185384 0.49744463373083475 0.8912655971479501 0.49659284497444633 0.8921568627450981 0.696763202725724 0.8912655971479501 0.6976149914821125
0 0.2798573975044563 0.6362862010221465 0.2192513368983957 0.6362862010221465 0.21836007130124777 0.5536626916524702 0.2798573975044563 0.5528109028960818 0.2807486631016043 0.6354344122657581 0.2798573975044563 0.6362862010221465
0 0.35294117647058826 0.6362862010221465 0.2905525846702317 0.6362862010221465 0.2896613190730838 0.5536626916524702 0.35294117647058826 0.5528109028960818 0.3538324420677362 0.6354344122657581 0.35294117647058826 0.6362862010221465
0 0.9447415329768271 0.7691652470187393 0.6577540106951871 0.7691652470187393 0.6568627450980392 0.7086882453151618 0.9447415329768271 0.7078364565587735 0.9456327985739751 0.768313458262351 0.9447415329768271 0.7691652470187393
0 0.9447415329768271 0.9480408858603067 0.6577540106951871 0.9480408858603067 0.6568627450980392 0.7802385008517888 0.9447415329768271 0.7793867120954003 0.9456327985739751 0.9471890971039182 0.9447415329768271 0.9480408858603067