0 0.5442834138486312 0.4714611872146119 0.1143317230273752 0.4714611872146119 0.11352657004830918 0.0684931506849315 0.5442834138486312 0.06735159817351598 0.5450885668276972 0.4703196347031963 0.5442834138486312 0.4714611872146119
0 0.71658615136876 0.4052511415525114 0.5523349436392915 0.4052511415525114 0.5515297906602254 0.07077625570776255 0.71658615136876 0.06963470319634703 0.717391304347826 0.4041095890410959 0.71658615136876 0.4052511415525114
0 0.8969404186795491 0.4052511415525114 0.7246376811594203 0.4052511415525114 0.7238325281803543 0.07077625570776255 0.8969404186795491 0.06963470319634703 0.8977455716586151 0.4041095890410959 0.8969404186795491 0.4052511415525114
0 0.8969404186795491 0.7636986301369864 0.7455716586151369 0.7636986301369864 0.7447665056360708 0.5525114155251142 0.5523349436392915 0.5513698630136986 0.5515297906602254 0.4155251141552511 0.8969404186795491 0.4143835616438356 0.8977455716586151 0.7625570776255708 0.8969404186795491 0.7636986301369864
0 0.5764895330112721 0.6769406392694064 0.4219001610305958 0.6769406392694064 0.4210950080515298 0.4726027397260274 0.5442834138486312 0.4714611872146119 0.5450885668276972 0.5570776255707762 0.5764895330112721 0.5582191780821918 0.5772946859903382 0.6757990867579908 0.5764895330112721 0.6769406392694064
0 0.4138486312399356 0.7636986301369864 0.3462157809983897 0.7636986301369864 0.3446054750402576 0.7614155251141552 0.27697262479871176 0.7614155251141552 0.2753623188405797 0.7591324200913242 0.1143317230273752 0.7591324200913242 0.11352657004830918 0.4817351598173516 0.4138486312399356 0.4805936073059361 0.4146537842190016 0.7625570776255708 0.4138486312399356 0.7636986301369864
0 0.7375201288244766 0.7659817351598174 0.5845410628019324 0.7659817351598174 0.5837359098228664 0.5593607305936074 0.7375201288244766 0.5582191780821918 0.7383252818035426 0.7648401826484018 0.7375201288244766 0.7659817351598174
0 0.5764895330112721 0.7659817351598174 0.499194847020934 0.7659817351598174 0.4975845410628019 0.7636986301369864 0.4219001610305958 0.7636986301369864 0.4210950080515298 0.6872146118721462 0.5764895330112721 0.6860730593607306 0.5772946859903382 0.7648401826484018 0.5764895330112721 0.7659817351598174
0 0.4138486312399356 0.973744292237443 0.27697262479871176 0.973744292237443 0.27616747181964574 0.7625570776255708 0.3446054750402576 0.7614155251141552 0.3462157809983897 0.7636986301369864 0.4138486312399356 0.7636986301369864 0.4146537842190016 0.9726027397260274 0.4138486312399356 0.973744292237443
0 0.18679549114331723 0.973744292237443 0.1143317230273752 0.973744292237443 0.11352657004830918 0.769406392694064 0.18679549114331723 0.7682648401826484 0.18760064412238325 0.9726027397260274 0.18679549114331723 0.973744292237443
0 0.2689210950080515 0.973744292237443 0.19484702093397746 0.973744292237443 0.19404186795491143 0.769406392694064 0.2689210950080515 0.7682648401826484 0.26972624798711753 0.9726027397260274 0.2689210950080515 0.973744292237443