0 0.2315270935960591 0.29287003610108303 0.16584564860426929 0.29287003610108303 0.16564039408866996 0.13628158844765342 0.2315270935960591 0.13583032490974728 0.23173234811165846 0.2924187725631769 0.2315270935960591 0.29287003610108303
0 0.33374384236453203 0.32806859205776173 0.30049261083743845 0.32806859205776173 0.30028735632183906 0.3231046931407942 0.24055829228243022 0.32265342960288806 0.24035303776683087 0.2933212996389892 0.2319376026272578 0.29287003610108303 0.23173234811165846 0.13628158844765342 0.3251231527093596 0.13583032490974728 0.3253284072249589 0.26263537906137185 0.3275862068965517 0.2675992779783393 0.32820197044334976 0.26805054151624547 0.32922824302134646 0.27120938628158847 0.33394909688013136 0.2806859205776173 0.33394909688013136 0.3276173285198556 0.33374384236453203 0.32806859205776173
0 0.38834154351395733 0.28925992779783394 0.34072249589490966 0.28925992779783394 0.33620689655172414 0.2793321299638989 0.333128078817734 0.27346570397111913 0.33251231527093594 0.27120938628158847 0.32779146141215104 0.26173285198555957 0.32779146141215104 0.13628158844765342 0.38834154351395733 0.13583032490974728 0.38854679802955666 0.2888086642599278 0.38834154351395733 0.28925992779783394
0 0.44991789819376027 0.28925992779783394 0.3916256157635468 0.28925992779783394 0.39142036124794743 0.13628158844765342 0.44991789819376027 0.13583032490974728 0.4501231527093596 0.2888086642599278 0.44991789819376027 0.28925992779783394
0 0.3862889983579639 0.42824909747292417 0.3341543513957307 0.42824909747292417 0.33394909688013136 0.2815884476534296 0.340311986863711 0.2946750902527076 0.4158456486042693 0.2946750902527076 0.41605090311986864 0.36462093862815886 0.3866995073891626 0.365072202166065 0.3864942528735632 0.427797833935018 0.3862889983579639 0.42824909747292417
0 0.44991789819376027 0.365072202166065 0.41830870279146143 0.365072202166065 0.41810344827586204 0.2951263537906137 0.44991789819376027 0.2946750902527076 0.4501231527093596 0.36462093862815886 0.44991789819376027 0.365072202166065
0 0.1921182266009852 0.3759025270758123 0.16584564860426929 0.3759025270758123 0.16564039408866996 0.29783393501805056 0.20525451559934318 0.2973826714801444 0.20545977011494254 0.3510830324909747 0.20279146141215107 0.35604693140794225 0.20032840722495895 0.3605595667870036 0.19745484400656815 0.36597472924187724 0.19417077175697867 0.3722924187725632 0.1921182266009852 0.3759025270758123
0 0.22208538587848933 0.4246389891696751 0.16584564860426929 0.4246389891696751 0.16564039408866996 0.38176895306859204 0.1933497536945813 0.3813176895306859 0.1962233169129721 0.375 0.19786535303776684 0.3722924187725632 0.20032840722495895 0.3677797833935018 0.20094417077175697 0.36732851985559567 0.20114942528735633 0.36597472924187724 0.20402298850574713 0.3605595667870036 0.20525451559934318 0.35875451263537905 0.20751231527093597 0.3546931407942238 0.20751231527093597 0.29783393501805056 0.2376847290640394 0.2973826714801444 0.23788998357963875 0.38267148014440433 0.22249589490968802 0.3831227436823105 0.22229064039408866 0.42418772563176893 0.22208538587848933 0.4246389891696751
0 0.33374384236453203 0.5166967509025271 0.24055829228243022 0.5166967509025271 0.24035303776683087 0.3285198555956679 0.33374384236453203 0.32806859205776173 0.33394909688013136 0.516245487364621 0.33374384236453203 0.5166967509025271
0 0.44991789819376027 0.5166967509025271 0.3760262725779967 0.5166967509025271 0.37582101806239737 0.4323104693140794 0.3879310344827586 0.43185920577617326 0.38813628899835795 0.37093862815884476 0.44991789819376027 0.3704873646209386 0.4501231527093596 0.516245487364621 0.44991789819376027 0.5166967509025271
0 0.2376847290640394 0.5166967509025271 0.16584564860426929 0.5166967509025271 0.16564039408866996 0.4287003610108303 0.22372742200328408 0.42824909747292417 0.2239326765188834 0.388086642599278 0.2376847290640394 0.38763537906137185 0.23788998357963875 0.516245487364621 0.2376847290640394 0.5166967509025271
0 0.3731527093596059 0.5166967509025271 0.3370279146141215 0.5166967509025271 0.3368226600985222 0.4323104693140794 0.3731527093596059 0.43185920577617326 0.37335796387520526 0.516245487364621 0.3731527093596059 0.5166967509025271