0 0.630114566284779 0.3015267175572519 0.5090016366612111 0.3015267175572519 0.5081833060556464 0.10602205258693809 0.8854337152209493 0.10644614079728583 0.886252045826514 0.27056827820186596 0.6317512274959084 0.27099236641221375 0.6309328968903437 0.3011026293469042 0.630114566284779 0.3015267175572519
0 0.4369885433715221 0.2862595419847328 0.06382978723404255 0.2862595419847328 0.0630114566284779 0.1085665818490246 0.4369885433715221 0.10814249363867684 0.43780687397708673 0.2858354537743851 0.4369885433715221 0.2862595419847328
0 0.8854337152209493 0.36344359626802375 0.646481178396072 0.36344359626802375 0.6456628477905073 0.2782018659881255 0.8854337152209493 0.2777777777777778 0.886252045826514 0.363019508057676 0.8854337152209493 0.36344359626802375
0 0.16202945990180032 0.3727735368956743 0.06382978723404255 0.3727735368956743 0.0630114566284779 0.2866836301950806 0.16202945990180032 0.2862595419847328 0.16284779050736498 0.37234944868532655 0.16202945990180032 0.3727735368956743
0 0.25368248772504093 0.3727735368956743 0.16366612111292964 0.3727735368956743 0.16284779050736498 0.2866836301950806 0.4369885433715221 0.2862595419847328 0.43780687397708673 0.3240033927056828 0.3617021276595745 0.3244274809160305 0.3608837970540098 0.3189143341815098 0.28477905073649756 0.318490245971162 0.2839607201309329 0.3655640373197625 0.2553191489361702 0.3659881255301103 0.25450081833060556 0.37234944868532655 0.25368248772504093 0.3727735368956743
0 0.630114566284779 0.43469041560644617 0.5073649754500819 0.43469041560644617 0.5065466448445172 0.3070398642917727 0.5090016366612111 0.3057675996607294 0.630114566284779 0.3057675996607294 0.6309328968903437 0.4342663273960984 0.630114566284779 0.43469041560644617
0 0.4369885433715221 0.3659881255301103 0.29296235679214405 0.3659881255301103 0.29214402618657936 0.3256997455470738 0.36006546644844517 0.32527565733672603 0.3617021276595745 0.3244274809160305 0.4369885433715221 0.3244274809160305 0.43780687397708673 0.3655640373197625 0.4369885433715221 0.3659881255301103
0 0.8854337152209493 0.5025445292620865 0.646481178396072 0.5025445292620865 0.6456628477905073 0.3706530958439355 0.8854337152209493 0.3702290076335878 0.886252045826514 0.5021204410517388 0.8854337152209493 0.5025445292620865
0 0.1702127659574468 0.5025445292620865 0.06382978723404255 0.5025445292620865 0.0630114566284779 0.37319762510602206 0.1718494271685761 0.3727735368956743 0.17266775777414076 0.4758269720101781 0.17103109656301146 0.4766751484308736 0.17103109656301146 0.5021204410517388 0.1702127659574468 0.5025445292620865
0 0.4369885433715221 0.5025445292620865 0.18657937806873978 0.5025445292620865 0.18576104746317512 0.4766751484308736 0.1734860883797054 0.4762510602205259 0.17266775777414076 0.37319762510602206 0.4369885433715221 0.3727735368956743 0.43780687397708673 0.5021204410517388 0.4369885433715221 0.5025445292620865
0 0.630114566284779 0.5025445292620865 0.5204582651391162 0.5025445292620865 0.5196399345335515 0.44274809160305345 0.630114566284779 0.44232400339270567 0.6309328968903437 0.5021204410517388 0.630114566284779 0.5025445292620865
0 0.3027823240589198 0.9826123833757422 0.06382978723404255 0.9826123833757422 0.0630114566284779 0.7285835453774385 0.22585924713584288 0.7281594571670907 0.22667757774140754 0.6055979643765903 0.3027823240589198 0.6051738761662426 0.30360065466448444 0.9821882951653944 0.3027823240589198 0.9826123833757422
0 0.2078559738134206 0.7196776929601357 0.06382978723404255 0.7196776929601357 0.0630114566284779 0.6149279050042409 0.2078559738134206 0.6145038167938931 0.20867430441898527 0.719253604749788 0.2078559738134206 0.7196776929601357