0 0.24 0.39089912280701755 0.139 0.39089912280701755 0.1385 0.18859649122807018 0.478 0.18804824561403508 0.4785 0.38596491228070173 0.429 0.38651315789473684 0.428 0.38760964912280704 0.409 0.38760964912280704 0.408 0.3887061403508772 0.33 0.3887061403508772 0.329 0.38980263157894735 0.241 0.38980263157894735 0.24 0.39089912280701755
0 0.671 0.29989035087719296 0.564 0.29989035087719296 0.5635 0.18859649122807018 0.671 0.18804824561403508 0.6715 0.2993421052631579 0.671 0.29989035087719296
0 0.903 0.3854166666666667 0.679 0.3854166666666667 0.6785 0.18859649122807018 0.903 0.18804824561403508 0.9035 0.3848684210526316 0.903 0.3854166666666667
0 0.672 0.5104166666666666 0.564 0.5104166666666666 0.5635 0.30701754385964913 0.672 0.30646929824561403 0.6725 0.5098684210526315 0.672 0.5104166666666666
0 0.478 0.38760964912280704 0.429 0.38760964912280704 0.429 0.38651315789473684 0.478 0.38651315789473684 0.478 0.38760964912280704
0 0.392 0.6672149122807017 0.318 0.6672149122807017 0.3165 0.6644736842105263 0.3155 0.6622807017543859 0.3155 0.6589912280701754 0.3145 0.6578947368421053 0.3135 0.6557017543859649 0.3135 0.6535087719298246 0.3125 0.6524122807017544 0.3115 0.6502192982456141 0.3115 0.6480263157894737 0.3105 0.6469298245614035 0.3095 0.6447368421052632 0.3095 0.6414473684210527 0.3075 0.6392543859649122 0.3075 0.6359649122807017 0.3065 0.6348684210526315 0.3055 0.6326754385964912 0.3055 0.6293859649122807 0.3035 0.6271929824561403 0.3035 0.6239035087719298 0.3025 0.6228070175438597 0.3015 0.6206140350877193 0.3015 0.618421052631579 0.3005 0.6173245614035088 0.2995 0.6151315789473685 0.2995 0.6118421052631579 0.2985 0.6107456140350878 0.2975 0.6085526315789473 0.2975 0.606359649122807 0.2965 0.6052631578947368 0.2955 0.6030701754385965 0.2955 0.6008771929824561 0.2945 0.5997807017543859 0.2935 0.5975877192982456 0.2935 0.5942982456140351 0.2925 0.5932017543859649 0.2915 0.5910087719298246 0.2915 0.5888157894736842 0.2905 0.5877192982456141 0.2895 0.5855263157894737 0.2895 0.39035087719298245 0.329 0.38980263157894735 0.33 0.3887061403508772 0.408 0.3887061403508772 0.4085 0.39144736842105265 0.478 0.3919956140350877 0.4785 0.5109649122807017 0.359 0.5115131578947368 0.3585 0.5175438596491229 0.478 0.5180921052631579 0.4785 0.6162280701754386 0.441 0.6167763157894737 0.434 0.6244517543859649 0.4285 0.6293859649122807 0.428 0.6310307017543859 0.4265 0.631578947368421 0.426 0.6332236842105263 0.417 0.6419956140350878 0.409 0.649671052631579 0.4 0.6584429824561403 0.3985 0.6589912280701754 0.398 0.6606359649122807 0.3965 0.6611842105263158 0.396 0.662828947368421 0.3945 0.6633771929824561 0.394 0.6650219298245614 0.3925 0.6655701754385965 0.392 0.6672149122807017
0 0.289 0.5827850877192983 0.282 0.5827850877192983 0.2815 0.3958333333333333 0.241 0.39528508771929827 0.2405 0.39035087719298245 0.289 0.38980263157894735 0.2895 0.5822368421052632 0.289 0.5827850877192983
0 0.281 0.5816885964912281 0.18 0.5816885964912281 0.1795 0.5603070175438597 0.139 0.5597587719298246 0.1385 0.39144736842105265 0.24 0.39089912280701755 0.2405 0.39473684210526316 0.281 0.39528508771929827 0.2815 0.581140350877193 0.281 0.5816885964912281
0 0.903 0.5104166666666666 0.679 0.5104166666666666 0.6785 0.39144736842105265 0.903 0.39089912280701755 0.9035 0.5098684210526315 0.903 0.5104166666666666
0 0.903 0.7604166666666666 0.564 0.7604166666666666 0.5635 0.581140350877193 0.603 0.5805921052631579 0.6035 0.5592105263157895 0.564 0.5586622807017544 0.5635 0.5164473684210527 0.903 0.5158991228070176 0.9035 0.7598684210526315 0.903 0.7604166666666666
0 0.317 0.7637061403508771 0.139 0.7637061403508771 0.1385 0.581140350877193 0.179 0.5805921052631579 0.18 0.5816885964912281 0.281 0.5816885964912281 0.282 0.5827850877192983 0.289 0.5827850877192983 0.2895 0.5855263157894737 0.2905 0.5866228070175439 0.2915 0.5888157894736842 0.2915 0.5910087719298246 0.2925 0.5921052631578947 0.2935 0.5942982456140351 0.2935 0.5975877192982456 0.2945 0.5986842105263158 0.2955 0.6008771929824561 0.2955 0.6030701754385965 0.2965 0.6041666666666666 0.2975 0.606359649122807 0.2975 0.6096491228070176 0.2995 0.6118421052631579 0.2995 0.6151315789473685 0.3005 0.6162280701754386 0.3015 0.618421052631579 0.3015 0.6217105263157895 0.3025 0.6228070175438597 0.3035 0.625 0.3035 0.6271929824561403 0.3045 0.6282894736842105 0.3055 0.6304824561403509 0.3055 0.6326754385964912 0.3065 0.6337719298245614 0.3075 0.6359649122807017 0.3075 0.6392543859649122 0.3085 0.6403508771929824 0.3095 0.6425438596491229 0.3095 0.6447368421052632 0.3105 0.6458333333333334 0.3115 0.6480263157894737 0.3115 0.6513157894736842 0.3135 0.6535087719298246 0.3135 0.6567982456140351 0.3145 0.6578947368421053 0.3155 0.6600877192982456 0.3155 0.6622807017543859 0.3165 0.6633771929824561 0.3175 0.6655701754385965 0.3175 0.7631578947368421 0.317 0.7637061403508771
0 0.478 0.7637061403508771 0.399 0.7637061403508771 0.3985 0.6699561403508771 0.406 0.662828947368421 0.415 0.6540570175438597 0.4165 0.6535087719298246 0.417 0.6518640350877193 0.4185 0.6513157894736842 0.419 0.649671052631579 0.4205 0.6491228070175439 0.421 0.6474780701754386 0.427 0.6419956140350878 0.4285 0.6414473684210527 0.429 0.6398026315789473 0.438 0.6310307017543859 0.4395 0.6304824561403509 0.44 0.6288377192982456 0.4415 0.6282894736842105 0.442 0.6266447368421053 0.4435 0.6260964912280702 0.444 0.6244517543859649 0.446 0.6233552631578947 0.478 0.6233552631578947 0.4785 0.7631578947368421 0.478 0.7637061403508771
0 0.392 0.7637061403508771 0.324 0.7637061403508771 0.3235 0.6743421052631579 0.392 0.6737938596491229 0.3925 0.7631578947368421 0.392 0.7637061403508771
0 0.483 0.9720394736842105 0.385 0.9720394736842105 0.3845 0.8925438596491229 0.483 0.8919956140350878 0.4835 0.9714912280701754 0.483 0.9720394736842105