0 0.40823970037453183 0.28433598183881953 0.05867665418227216 0.28433598183881953 0.05805243445692884 0.08967082860385925 0.07365792759051186 0.0891032917139614 0.07428214731585518 0.07377979568671963 0.40324594257178525 0.07321225879682179 0.4038701622971286 0.08740068104426787 0.40823970037453183 0.08796821793416572 0.40886392009987516 0.28376844494892167 0.40823970037453183 0.28433598183881953
0 0.5805243445692884 0.28433598183881953 0.41448189762796506 0.28433598183881953 0.41385767790262173 0.08853575482406356 0.41947565543071164 0.08796821793416572 0.42009987515605496 0.07377979568671963 0.5805243445692884 0.07321225879682179 0.5811485642946317 0.28376844494892167 0.5805243445692884 0.28433598183881953
0 0.9250936329588015 0.7122587968217934 0.33707865168539325 0.7122587968217934 0.3364544319600499 0.2905788876276958 0.6554307116104869 0.29001135073779793 0.6560549313358303 0.2849035187287174 0.5867665418227216 0.28433598183881953 0.5861423220973783 0.07377979568671963 0.7465667915106118 0.07321225879682179 0.7471910112359551 0.08740068104426787 0.7503121098626716 0.08796821793416572 0.7509363295880149 0.358683314415437 0.7465667915106118 0.35925085130533485 0.7459425717852685 0.4540295119182747 0.5056179775280899 0.45459704880817253 0.5049937578027466 0.4301929625425653 0.5031210986267166 0.4296254256526674 0.5024968789013733 0.4540295119182747 0.4132334581772784 0.45459704880817253 0.4126092384519351 0.4301929625425653 0.4094881398252185 0.4296254256526674 0.40886392009987516 0.6458569807037458 0.9250936329588015 0.6464245175936436 0.9257178526841449 0.7116912599318955 0.9250936329588015 0.7122587968217934
0 0.3295880149812734 0.42735527809307605 0.05867665418227216 0.42735527809307605 0.05805243445692884 0.3745743473325766 0.07365792759051186 0.37400681044267875 0.07428214731585518 0.358683314415437 0.05867665418227216 0.35811577752553914 0.05805243445692884 0.2905788876276958 0.3295880149812734 0.29001135073779793 0.3302122347066167 0.4267877412031782 0.3295880149812734 0.42735527809307605
0 0.3295880149812734 0.5703745743473326 0.05867665418227216 0.5703745743473326 0.05805243445692884 0.43246311010215666 0.3295880149812734 0.4318955732122588 0.3302122347066167 0.5698070374574348 0.3295880149812734 0.5703745743473326
0 0.50187265917603 0.5329171396140749 0.41448189762796506 0.5329171396140749 0.41385767790262173 0.4585698070374574 0.50187265917603 0.45800227014755956 0.5024968789013733 0.5323496027241771 0.50187265917603 0.5329171396140749
0 0.5805243445692884 0.514755959137344 0.5068664169787765 0.514755959137344 0.5062421972534332 0.4585698070374574 0.5805243445692884 0.45800227014755956 0.5811485642946317 0.5141884222474461 0.5805243445692884 0.514755959137344
0 0.5805243445692884 0.5749148694665154 0.5056179775280899 0.5749148694665154 0.5049937578027466 0.5368898978433598 0.5062421972534332 0.5357548240635641 0.5062421972534332 0.5187287173666288 0.5805243445692884 0.518161180476731 0.5811485642946317 0.5743473325766175 0.5805243445692884 0.5749148694665154
0 0.5006242197253433 0.6430192962542566 0.41448189762796506 0.6430192962542566 0.41385767790262173 0.5368898978433598 0.5006242197253433 0.536322360953462 0.5012484394506866 0.6424517593643587 0.5006242197253433 0.6430192962542566
0 0.3295880149812734 0.7122587968217934 0.05867665418227216 0.7122587968217934 0.05805243445692884 0.6469920544835415 0.0749063670411985 0.6464245175936436 0.07553058676654183 0.6299659477866061 0.05867665418227216 0.6293984108967083 0.05805243445692884 0.5754824063564131 0.3295880149812734 0.5749148694665154 0.3302122347066167 0.7116912599318955 0.3295880149812734 0.7122587968217934
0 0.5805243445692884 0.6430192962542566 0.5056179775280899 0.6430192962542566 0.5049937578027466 0.5777525539160046 0.5805243445692884 0.5771850170261067 0.5811485642946317 0.6424517593643587 0.5805243445692884 0.6430192962542566
0 0.581772784019975 0.934733257661748 0.42197253433208487 0.934733257661748 0.42134831460674155 0.9182746878547106 0.40574282147315854 0.9177071509648127 0.4051186017478152 0.9341657207718501 0.0749063670411985 0.934733257661748 0.07428214731585518 0.9205448354143019 0.0599250936329588 0.9199772985244041 0.05930087390761548 0.7185017026106697 0.05805243445692884 0.717366628830874 0.40823970037453183 0.7167990919409761 0.40886392009987516 0.753688989784336 0.418227215980025 0.7542565266742338 0.4188514357053683 0.717366628830874 0.581772784019975 0.7167990919409761 0.5823970037453183 0.9341657207718501 0.581772784019975 0.934733257661748
0 0.7503121098626716 0.934733257661748 0.5880149812734082 0.934733257661748 0.5873907615480649 0.717366628830874 0.7553058676654182 0.7167990919409761 0.7559300873907615 0.9171396140749148 0.7515605493133583 0.9177071509648127 0.7509363295880149 0.9341657207718501 0.7503121098626716 0.934733257661748
0 0.9250936329588015 0.934733257661748 0.766541822721598 0.934733257661748 0.7659176029962547 0.9182746878547106 0.7602996254681648 0.9177071509648127 0.7596754057428214 0.717366628830874 0.9250936329588015 0.7167990919409761 0.9257178526841449 0.9341657207718501 0.9250936329588015 0.934733257661748