0 0.26063348416289595 0.7054435483870968 0.17285067873303167 0.7054435483870968 0.17239819004524887 0.6943548387096774 0.08687782805429864 0.6941532258064517 0.08642533936651584 0.519758064516129 0.27963800904977376 0.5195564516129032 0.28009049773755657 0.6939516129032258 0.26153846153846155 0.6941532258064517 0.26108597285067875 0.7052419354838709 0.26063348416289595 0.7054435483870968
0 0.38280542986425337 0.7110887096774193 0.3221719457013575 0.7110887096774193 0.3217194570135747 0.6943548387096774 0.2923076923076923 0.6941532258064517 0.2918552036199095 0.519758064516129 0.4271493212669683 0.5195564516129032 0.4276018099547511 0.5262096774193549 0.6669683257918552 0.5264112903225806 0.667420814479638 0.6939516129032258 0.38371040723981903 0.6941532258064517 0.3832579185520362 0.7108870967741936 0.38280542986425337 0.7110887096774193
0 0.6805429864253394 0.5550403225806452 0.6800904977375566 0.5266129032258065 0.7285067873303167 0.5264112903225806 0.7289592760180995 0.5338709677419354 0.7266968325791855 0.5348790322580645 0.7253393665158371 0.5350806451612903 0.7239819004524887 0.5360887096774194 0.7217194570135747 0.5366935483870968 0.7203619909502262 0.5377016129032258 0.7190045248868778 0.5379032258064517 0.7167420814479638 0.5393145161290323 0.7153846153846154 0.5395161290322581 0.714027149321267 0.5405241935483871 0.7126696832579186 0.540725806451613 0.7104072398190046 0.5421370967741935 0.7090497737556561 0.5423387096774194 0.7076923076923077 0.5433467741935484 0.7063348416289593 0.5435483870967742 0.7040723981900453 0.5449596774193548 0.7027149321266968 0.5451612903225806 0.7013574660633484 0.5461693548387097 0.7 0.5463709677419355 0.6977375565610859 0.5477822580645161 0.6963800904977375 0.5479838709677419 0.6950226244343891 0.5489919354838709 0.6936651583710407 0.5491935483870968 0.6914027149321267 0.5506048387096775 0.6900452488687783 0.5508064516129032 0.6886877828054299 0.5518145161290322 0.6873303167420814 0.552016129032258 0.6850678733031674 0.5534274193548387 0.683710407239819 0.5536290322580645 0.6823529411764706 0.5546370967741936 0.6805429864253394 0.5550403225806452
0 0.7411764705882353 0.7110887096774193 0.6805429864253394 0.7110887096774193 0.6800904977375566 0.5633064516129033 0.7416289592760181 0.5358870967741935 0.7416289592760181 0.5266129032258065 0.9167420814479638 0.5264112903225806 0.9171945701357466 0.6939516129032258 0.7420814479638009 0.6941532258064517 0.7416289592760181 0.7108870967741936 0.7411764705882353 0.7110887096774193
0 0.9484162895927601 0.5546370967741936 0.9266968325791856 0.5546370967741936 0.9262443438914028 0.5266129032258065 0.9484162895927601 0.5264112903225806 0.948868778280543 0.5544354838709677 0.9484162895927601 0.5546370967741936
0 0.9484162895927601 0.6300403225806451 0.9266968325791856 0.6300403225806451 0.9262443438914028 0.6048387096774194 0.9484162895927601 0.6046370967741935 0.948868778280543 0.6298387096774194 0.9484162895927601 0.6300403225806451
0 0.8389140271493213 0.8018145161290322 0.8244343891402715 0.8018145161290322 0.8235294117647058 0.8014112903225806 0.755656108597285 0.8014112903225806 0.7547511312217194 0.8018145161290322 0.7447963800904978 0.8018145161290322 0.7438914027149321 0.801008064516129 0.7416289592760181 0.8004032258064516 0.7402714932126697 0.7993951612903226 0.7366515837104073 0.7981854838709678 0.7343891402714933 0.7975806451612903 0.7330316742081447 0.7965725806451613 0.7294117647058823 0.7953629032258065 0.7280542986425339 0.7951612903225806 0.7257918552036199 0.79375 0.718552036199095 0.7909274193548387 0.7153846153846154 0.7899193548387097 0.7149321266968326 0.7893145161290323 0.7113122171945702 0.7881048387096774 0.7090497737556561 0.7875 0.7076923076923077 0.786491935483871 0.7040723981900453 0.7852822580645161 0.7027149321266968 0.7850806451612903 0.7004524886877828 0.7836693548387097 0.47330316742081446 0.7836693548387097 0.47285067873303166 0.7580645161290323 0.19638009049773755 0.7578629032258064 0.19592760180995475 0.790725806451613 0.023529411764705882 0.7909274193548387 0.023076923076923078 0.7112903225806452 0.7692307692307693 0.7110887096774193 0.7696832579185521 0.7504032258064516 0.7723981900452489 0.7516129032258064 0.7733031674208145 0.7524193548387097 0.7742081447963801 0.7532258064516129 0.7760180995475113 0.7544354838709677 0.7760180995475113 0.755241935483871 0.7796380090497738 0.7568548387096774 0.7796380090497738 0.7576612903225807 0.781447963800905 0.7584677419354838 0.7823529411764706 0.7592741935483871 0.7832579185520362 0.7600806451612904 0.785972850678733 0.7616935483870968 0.7868778280542986 0.7625 0.7877828054298642 0.7633064516129032 0.7886877828054298 0.7641129032258065 0.7914027149321267 0.7657258064516129 0.7923076923076923 0.7665322580645161 0.7932126696832579 0.7673387096774194 0.7936651583710407 0.7679435483870968 0.7950226244343891 0.7681451612903226 0.7959276018099547 0.7689516129032258 0.7968325791855203 0.769758064516129 0.797737556561086 0.7705645161290322 0.7986425339366516 0.7713709677419355 0.8013574660633485 0.7729838709677419 0.8022624434389141 0.7737903225806452 0.8031674208144797 0.7745967741935483 0.8049773755656109 0.7758064516129032 0.8049773755656109 0.7766129032258065 0.8085972850678733 0.7782258064516129 0.8085972850678733 0.7790322580645161 0.8104072398190045 0.7798387096774193 0.8113122171945701 0.7806451612903226 0.8122171945701357 0.7814516129032258 0.8149321266968326 0.7830645161290323 0.8158371040723982 0.7838709677419354 0.8176470588235294 0.7850806451612903 0.8176470588235294 0.7858870967741935 0.8203619909502262 0.7870967741935484 0.8212669683257918 0.7879032258064517 0.8221719457013574 0.7887096774193548 0.8226244343891402 0.7893145161290323 0.8239819004524886 0.7895161290322581 0.8239819004524886 0.790725806451613 0.8257918552036199 0.7911290322580645 0.8276018099547511 0.7923387096774194 0.8276018099547511 0.7931451612903225 0.830316742081448 0.7943548387096774 0.830316742081448 0.7951612903225806 0.8321266968325792 0.7959677419354839 0.8339366515837104 0.7971774193548387 0.8339366515837104 0.7979838709677419 0.8366515837104073 0.7991935483870968 0.8366515837104073 0.8 0.8393665158371041 0.8012096774193549 0.8389140271493213 0.8018145161290322
0 0.9176470588235294 0.8098790322580646 0.9158371040723982 0.8094758064516129 0.9135746606334841 0.8088709677419355 0.9122171945701357 0.8078629032258065 0.9108597285067873 0.8076612903225806 0.9095022624434389 0.8066532258064516 0.9072398190045249 0.8060483870967742 0.9058823529411765 0.8050403225806452 0.9045248868778281 0.8048387096774193 0.9031674208144796 0.8038306451612903 0.9009049773755656 0.8032258064516129 0.8995475113122172 0.8022177419354839 0.897737556561086 0.8018145161290322 0.8398190045248869 0.8018145161290322 0.8366515837104073 0.8 0.8366515837104073 0.7991935483870968 0.8339366515837104 0.7979838709677419 0.8339366515837104 0.7971774193548387 0.8321266968325792 0.7963709677419355 0.830316742081448 0.7951612903225806 0.830316742081448 0.7943548387096774 0.8276018099547511 0.7931451612903225 0.8276018099547511 0.7923387096774194 0.8257918552036199 0.7915322580645161 0.8253393665158371 0.7909274193548387 0.8239819004524886 0.790725806451613 0.8239819004524886 0.7895161290322581 0.8221719457013574 0.7891129032258064 0.8212669683257918 0.7883064516129032 0.8203619909502262 0.7875 0.8176470588235294 0.7858870967741935 0.8176470588235294 0.7850806451612903 0.8158371040723982 0.7842741935483871 0.8149321266968326 0.7834677419354839 0.8122171945701357 0.7818548387096774 0.8113122171945701 0.7810483870967742 0.8104072398190045 0.780241935483871 0.8085972850678733 0.7790322580645161 0.8085972850678733 0.7782258064516129 0.8049773755656109 0.7766129032258065 0.8049773755656109 0.7758064516129032 0.8031674208144797 0.775 0.8022624434389141 0.7741935483870968 0.8013574660633485 0.7733870967741936 0.7986425339366516 0.771774193548387 0.797737556561086 0.7709677419354839 0.7968325791855203 0.7701612903225806 0.7959276018099547 0.7693548387096775 0.7950226244343891 0.7685483870967742 0.7945701357466063 0.7679435483870968 0.7932126696832579 0.7677419354838709 0.7923076923076923 0.7669354838709678 0.7914027149321267 0.7661290322580645 0.7886877828054298 0.7645161290322581 0.7877828054298642 0.7637096774193548 0.7868778280542986 0.7629032258064516 0.785972850678733 0.7620967741935484 0.7832579185520362 0.760483870967742 0.7823529411764706 0.7596774193548387 0.781447963800905 0.7588709677419355 0.7796380090497738 0.7576612903225807 0.7796380090497738 0.7568548387096774 0.7760180995475113 0.755241935483871 0.7760180995475113 0.7544354838709677 0.7742081447963801 0.7536290322580645 0.7733031674208145 0.7528225806451613 0.7723981900452489 0.7520161290322581 0.7696832579185521 0.7504032258064516 0.7696832579185521 0.7112903225806452 0.9438914027149321 0.7110887096774193 0.9443438914027149 0.7794354838709677 0.9475113122171945 0.7808467741935484 0.9547511312217195 0.7836693548387097 0.9601809954751132 0.7856854838709677 0.9615384615384616 0.7858870967741935 0.9619909502262444 0.786491935483871 0.965158371040724 0.7875 0.9656108597285068 0.7881048387096774 0.967420814479638 0.7881048387096774 0.9692307692307692 0.7893145161290323 0.9764705882352941 0.7921370967741935 0.9778280542986425 0.7923387096774194 0.9764705882352941 0.7929435483870968 0.9737556561085973 0.79375 0.9701357466063348 0.7949596774193548 0.9683257918552036 0.7953629032258065 0.9647058823529412 0.7965725806451613 0.96289592760181 0.7965725806451613 0.9601809954751132 0.7977822580645161 0.9583710407239819 0.7981854838709678 0.9547511312217195 0.7993951612903226 0.9529411764705882 0.7993951612903226 0.9520361990950226 0.8002016129032258 0.9493212669683257 0.801008064516129 0.9475113122171945 0.8014112903225806 0.9447963800904977 0.8022177419354839 0.9429864253393665 0.8022177419354839 0.9420814479638009 0.803024193548387 0.9393665158371041 0.8038306451612903 0.9375565610859729 0.8042338709677419 0.9361990950226244 0.8044354838709677 0.9357466063348416 0.8050403225806452 0.9339366515837104 0.8050403225806452 0.9321266968325792 0.8058467741935483 0.9294117647058824 0.8066532258064516 0.9276018099547512 0.8070564516129032 0.9262443438914028 0.807258064516129 0.92579185520362 0.8078629032258065 0.9239819004524887 0.8078629032258065 0.9212669683257918 0.8090725806451613 0.9194570135746606 0.8094758064516129 0.9176470588235294 0.8098790322580646
0 0.31312217194570136 0.7997983870967742 0.3076923076923077 0.7973790322580645 0.3063348416289593 0.7971774193548387 0.3058823529411765 0.7965725806451613 0.3036199095022624 0.7959677419354839 0.3031674208144796 0.7953629032258065 0.3013574660633484 0.7953629032258065 0.3 0.7947580645161291 0.2986425339366516 0.79375 0.29728506787330317 0.7935483870967742 0.29683257918552036 0.7929435483870968 0.2914027149321267 0.7909274193548387 0.2081447963800905 0.7909274193548387 0.2076923076923077 0.7633064516129032 0.31312217194570136 0.7631048387096774 0.31357466063348416 0.7995967741935484 0.31312217194570136 0.7997983870967742
0 0.39547511312217193 0.8034274193548387 0.3266968325791855 0.8034274193548387 0.3262443438914027 0.7633064516129032 0.39547511312217193 0.7631048387096774 0.39592760180995473 0.8032258064516129 0.39547511312217193 0.8034274193548387
0 0.4597285067873303 0.7836693548387097 0.4090497737556561 0.7836693548387097 0.4085972850678733 0.7633064516129032 0.4597285067873303 0.7631048387096774 0.4601809954751131 0.7834677419354839 0.4597285067873303 0.7836693548387097
0 0.7339366515837104 0.8018145161290322 0.7004524886877828 0.8018145161290322 0.7 0.7883064516129032 0.7013574660633484 0.7881048387096774 0.7027149321266968 0.7887096774193548 0.7031674208144797 0.7893145161290323 0.7076923076923077 0.7909274193548387 0.7090497737556561 0.7911290322580645 0.7104072398190046 0.7921370967741935 0.7126696832579186 0.792741935483871 0.7131221719457014 0.7933467741935484 0.7203619909502262 0.7961693548387097 0.7285067873303167 0.7993951612903226 0.7316742081447963 0.8004032258064516 0.7321266968325791 0.801008064516129 0.7343891402714933 0.8016129032258065 0.7339366515837104 0.8018145161290322
0 0.6334841628959276 0.9546370967741935 0.46153846153846156 0.9546370967741935 0.4601809954751131 0.9540322580645161 0.4601809954751131 0.9532258064516129 0.4574660633484163 0.9524193548387097 0.45565610859728506 0.9512096774193548 0.45384615384615384 0.95 0.4502262443438914 0.947983870967742 0.4475113122171946 0.9463709677419355 0.4457013574660634 0.9451612903225807 0.4452488687782805 0.9445564516129032 0.4438914027149321 0.9443548387096774 0.4438914027149321 0.9435483870967742 0.4411764705882353 0.9423387096774194 0.43755656108597285 0.9403225806451613 0.434841628959276 0.9387096774193548 0.434841628959276 0.9379032258064516 0.4334841628959276 0.9372983870967742 0.4321266968325792 0.9370967741935484 0.430316742081448 0.9358870967741936 0.4285067873303167 0.9346774193548387 0.4248868778280543 0.9326612903225806 0.4248868778280543 0.9318548387096774 0.42217194570135747 0.9310483870967742 0.42036199095022625 0.9298387096774193 0.41855203619909503 0.9286290322580645 0.4149321266968326 0.9266129032258065 0.4122171945701357 0.925 0.4104072398190045 0.9237903225806452 0.4099547511312217 0.9231854838709678 0.4085972850678733 0.9229838709677419 0.4085972850678733 0.7895161290322581 0.6886877828054299 0.7893145161290323 0.6891402714932127 0.9173387096774194 0.6873303167420814 0.917741935483871 0.683710407239819 0.9197580645161291 0.6828054298642534 0.9205645161290322 0.6800904977375566 0.9221774193548387 0.6800904977375566 0.9229838709677419 0.6773755656108598 0.9241935483870968 0.6764705882352942 0.925 0.6737556561085973 0.9266129032258065 0.6737556561085973 0.9274193548387096 0.6710407239819004 0.9286290322580645 0.6701357466063348 0.9294354838709677 0.667420814479638 0.9310483870967742 0.6656108597285068 0.932258064516129 0.6647058823529411 0.9330645161290323 0.6638009049773755 0.9338709677419355 0.6633484162895927 0.9344758064516129 0.6619909502262443 0.9346774193548387 0.6610859728506787 0.9354838709677419 0.6592760180995475 0.9366935483870967 0.6583710407239819 0.9375 0.6574660633484163 0.9383064516129033 0.6570135746606335 0.9389112903225807 0.6556561085972851 0.9391129032258064 0.6547511312217195 0.9399193548387097 0.6529411764705882 0.9411290322580645 0.6520361990950226 0.9419354838709677 0.6493212669683258 0.9435483870967742 0.6484162895927602 0.9443548387096774 0.6457013574660634 0.9459677419354838 0.6457013574660634 0.9467741935483871 0.642081447963801 0.9483870967741935 0.642081447963801 0.9491935483870968 0.639366515837104 0.9504032258064516 0.639366515837104 0.9512096774193548 0.6357466063348416 0.9528225806451613 0.634841628959276 0.9536290322580645 0.6334841628959276 0.9546370967741935
0 0.10588235294117647 0.8022177419354839 0.023529411764705882 0.8022177419354839 0.023076923076923078 0.7935483870967742 0.10588235294117647 0.7933467741935484 0.10633484162895927 0.802016129032258 0.10588235294117647 0.8022177419354839
0 0.8868778280542986 0.9453629032258064 0.7004524886877828 0.9453629032258064 0.7 0.8173387096774194 0.7547511312217194 0.8171370967741935 0.7552036199095022 0.8016129032258065 0.8235294117647058 0.8014112903225806 0.8239819004524886 0.8169354838709677 0.8832579185520362 0.8171370967741935 0.885972850678733 0.8183467741935484 0.8873303167420814 0.8185483870967742 0.8873303167420814 0.9451612903225807 0.8868778280542986 0.9453629032258064
0 0.39547511312217193 0.8457661290322581 0.3932126696832579 0.8443548387096774 0.3932126696832579 0.8435483870967742 0.3895927601809955 0.8419354838709677 0.3895927601809955 0.8407258064516129 0.38778280542986426 0.8403225806451613 0.38687782805429866 0.839516129032258 0.38597285067873305 0.8387096774193549 0.3832579185520362 0.8370967741935483 0.3832579185520362 0.8362903225806452 0.38235294117647056 0.8358870967741936 0.38054298642533935 0.8346774193548387 0.38054298642533935 0.8338709677419355 0.37873303167420813 0.8334677419354839 0.3778280542986425 0.8326612903225806 0.3769230769230769 0.8318548387096775 0.3742081447963801 0.8302419354838709 0.3742081447963801 0.8294354838709678 0.3723981900452489 0.8290322580645161 0.36968325791855206 0.8274193548387097 0.36832579185520364 0.8264112903225806 0.3669683257918552 0.8262096774193548 0.3669683257918552 0.8254032258064516 0.36425339366515835 0.8245967741935484 0.36425339366515835 0.8237903225806451 0.36244343891402714 0.8233870967741935 0.3597285067873303 0.8217741935483871 0.3579185520361991 0.8205645161290323 0.3556561085972851 0.8191532258064517 0.35429864253393667 0.8189516129032258 0.35429864253393667 0.8181451612903226 0.35158371040723985 0.8173387096774194 0.34524886877828054 0.8141129032258064 0.3407239819004525 0.8116935483870967 0.33665158371040727 0.8094758064516129 0.3352941176470588 0.8092741935483871 0.3357466063348416 0.8086693548387097 0.39547511312217193 0.8086693548387097 0.39592760180995473 0.8455645161290323 0.39547511312217193 0.8457661290322581
0 0.9067873303167421 0.9401209677419354 0.897737556561086 0.9401209677419354 0.8972850678733032 0.9181451612903225 0.9104072398190045 0.9179435483870968 0.9126696832579185 0.9193548387096774 0.9153846153846154 0.9209677419354839 0.9158371040723982 0.9215725806451613 0.9171945701357466 0.9217741935483871 0.9171945701357466 0.9225806451612903 0.918552036199095 0.9231854838709678 0.9199095022624434 0.9233870967741935 0.9199095022624434 0.9241935483870968 0.9212669683257918 0.9247983870967742 0.9226244343891403 0.925 0.9253393665158371 0.9266129032258065 0.9271493212669684 0.9278225806451613 0.9285067873303168 0.9288306451612903 0.9298642533936652 0.9290322580645162 0.9298642533936652 0.9298387096774193 0.9312217194570136 0.9304435483870968 0.932579185520362 0.9306451612903226 0.9312217194570136 0.9316532258064516 0.9266968325791856 0.933266129032258 0.9230769230769231 0.9344758064516129 0.918552036199095 0.9360887096774193 0.9171945701357466 0.9362903225806452 0.9167420814479638 0.9368951612903226 0.9149321266968325 0.9372983870967742 0.9104072398190045 0.9389112903225807 0.9067873303167421 0.9401209677419354
0 0.6886877828054299 0.9546370967741935 0.6425339366515838 0.9546370967741935 0.642081447963801 0.9536290322580645 0.6457013574660634 0.9520161290322581 0.646606334841629 0.9512096774193548 0.6484162895927602 0.95 0.651131221719457 0.9483870967741935 0.6520361990950226 0.9475806451612904 0.6538461538461539 0.9463709677419355 0.6547511312217195 0.9455645161290323 0.6574660633484163 0.9439516129032258 0.6583710407239819 0.9431451612903226 0.6610859728506787 0.9415322580645161 0.6610859728506787 0.9407258064516129 0.6647058823529411 0.9391129032258064 0.6656108597285068 0.9383064516129033 0.667420814479638 0.9370967741935484 0.6701357466063348 0.9354838709677419 0.6710407239819004 0.9346774193548387 0.6737556561085973 0.9330645161290323 0.6737556561085973 0.932258064516129 0.6764705882352942 0.9310483870967742 0.6773755656108598 0.930241935483871 0.6800904977375566 0.9286290322580645 0.6800904977375566 0.9278225806451613 0.6819004524886878 0.9274193548387096 0.683710407239819 0.9262096774193549 0.6846153846153846 0.9254032258064516 0.6850678733031674 0.9247983870967742 0.6864253393665158 0.9245967741935484 0.6873303167420814 0.9237903225806452 0.6882352941176471 0.9229838709677419 0.6886877828054299 0.9223790322580645 0.6891402714932127 0.9544354838709678 0.6886877828054299 0.9546370967741935