0 0.2698412698412698 0.3379265091863517 0.08035714285714286 0.3379265091863517 0.0798611111111111 0.1272965879265092 0.2698412698412698 0.12664041994750655 0.27033730158730157 0.33727034120734906 0.2698412698412698 0.3379265091863517
0 0.6081349206349206 0.6699475065616798 0.44345238095238093 0.6699475065616798 0.4429563492063492 0.5301837270341208 0.4305555555555556 0.5295275590551181 0.43005952380952384 0.547244094488189 0.2787698412698413 0.5479002624671916 0.27827380952380953 0.4199475065616798 0.35119047619047616 0.41929133858267714 0.35168650793650796 0.410761154855643 0.2787698412698413 0.41010498687664043 0.27827380952380953 0.1272965879265092 0.6011904761904762 0.12664041994750655 0.6016865079365079 0.5879265091863517 0.6081349206349206 0.5885826771653543 0.6086309523809523 0.6692913385826772 0.6081349206349206 0.6699475065616798
0 0.6081349206349206 0.25393700787401574 0.6076388888888888 0.1272965879265092 0.6086309523809523 0.1272965879265092 0.6086309523809523 0.2532808398950131 0.6081349206349206 0.25393700787401574
0 0.7132936507936508 0.25393700787401574 0.6091269841269841 0.25393700787401574 0.6086309523809523 0.1272965879265092 0.7132936507936508 0.12664041994750655 0.7137896825396826 0.2532808398950131 0.7132936507936508 0.25393700787401574
0 0.8878968253968254 0.39041994750656167 0.7232142857142857 0.39041994750656167 0.722718253968254 0.1272965879265092 0.8878968253968254 0.12664041994750655 0.8883928571428571 0.38976377952755903 0.8878968253968254 0.39041994750656167
0 0.7132936507936508 0.40879265091863515 0.6081349206349206 0.40879265091863515 0.6076388888888888 0.2637795275590551 0.7132936507936508 0.2631233595800525 0.7137896825396826 0.40813648293963256 0.7132936507936508 0.40879265091863515
0 0.2698412698412698 0.4468503937007874 0.08035714285714286 0.4468503937007874 0.0798611111111111 0.34776902887139105 0.2698412698412698 0.34711286089238846 0.27033730158730157 0.4461942257217848 0.2698412698412698 0.4468503937007874
0 0.8878968253968254 0.6699475065616798 0.7232142857142857 0.6699475065616798 0.722718253968254 0.4015748031496063 0.8878968253968254 0.40091863517060367 0.8883928571428571 0.6692913385826772 0.8878968253968254 0.6699475065616798
0 0.7132936507936508 0.5807086614173228 0.6081349206349206 0.5807086614173228 0.6076388888888888 0.41863517060367456 0.7132936507936508 0.4179790026246719 0.7137896825396826 0.5800524934383202 0.7132936507936508 0.5807086614173228
0 0.2698412698412698 0.6725721784776902 0.08035714285714286 0.6725721784776902 0.0798611111111111 0.4566929133858268 0.2698412698412698 0.45603674540682415 0.27033730158730157 0.6719160104986877 0.2698412698412698 0.6725721784776902
0 0.35119047619047616 0.639763779527559 0.2787698412698413 0.639763779527559 0.27827380952380953 0.5590551181102362 0.35119047619047616 0.5583989501312336 0.35168650793650796 0.6391076115485564 0.35119047619047616 0.639763779527559
0 0.42956349206349204 0.639763779527559 0.3601190476190476 0.639763779527559 0.35962301587301587 0.5590551181102362 0.42956349206349204 0.5583989501312336 0.43005952380952384 0.6391076115485564 0.42956349206349204 0.639763779527559
0 0.7132936507936508 0.6699475065616798 0.6091269841269841 0.6699475065616798 0.6086309523809523 0.589238845144357 0.7132936507936508 0.5885826771653543 0.7137896825396826 0.6692913385826772 0.7132936507936508 0.6699475065616798