0 0.26875 0.21197916666666666 0.16354166666666667 0.21197916666666666 0.16302083333333334 0.14270833333333333 0.26875 0.1421875 0.26927083333333335 0.21145833333333333 0.26875 0.21197916666666666
0 0.39791666666666664 0.21197916666666666 0.275 0.21197916666666666 0.27447916666666666 0.14270833333333333 0.39791666666666664 0.1421875 0.3984375 0.21145833333333333 0.39791666666666664 0.21197916666666666
0 0.2708333333333333 0.39739583333333334 0.16354166666666667 0.39739583333333334 0.16302083333333334 0.21666666666666667 0.2708333333333333 0.21614583333333334 0.2713541666666667 0.396875 0.2708333333333333 0.39739583333333334
0 0.7166666666666667 0.5786458333333333 0.39791666666666664 0.5786458333333333 0.39739583333333334 0.48333333333333334 0.2708333333333333 0.4828125 0.2703125 0.39791666666666664 0.2713541666666667 0.396875 0.2713541666666667 0.21666666666666667 0.39791666666666664 0.21614583333333334 0.3984375 0.396875 0.7166666666666667 0.39739583333333334 0.7171875 0.578125 0.7166666666666667 0.5786458333333333
0 0.859375 0.6067708333333334 0.7229166666666667 0.6067708333333334 0.7223958333333333 0.39791666666666664 0.859375 0.39739583333333334 0.8598958333333333 0.60625 0.859375 0.6067708333333334
0 0.26458333333333334 0.4828125 0.16354166666666667 0.4828125 0.16302083333333334 0.40208333333333335 0.26458333333333334 0.4015625 0.26510416666666664 0.4822916666666667 0.26458333333333334 0.4828125
0 0.39166666666666666 0.5421875 0.303125 0.5421875 0.3026041666666667 0.48854166666666665 0.39166666666666666 0.48802083333333335 0.3921875 0.5416666666666666 0.39166666666666666 0.5421875
0 0.296875 0.7588541666666667 0.16354166666666667 0.7588541666666667 0.16302083333333334 0.490625 0.296875 0.4901041666666667 0.29739583333333336 0.7583333333333333 0.296875 0.7588541666666667
0 0.39166666666666666 0.6661458333333333 0.303125 0.6661458333333333 0.3026041666666667 0.5489583333333333 0.39166666666666666 0.5484375 0.3921875 0.665625 0.39166666666666666 0.6661458333333333
0 0.5114583333333333 0.6932291666666667 0.39895833333333336 0.6932291666666667 0.3984375 0.6666666666666666 0.39739583333333334 0.665625 0.39739583333333334 0.5791666666666667 0.46979166666666666 0.5786458333333333 0.4703125 0.5833333333333334 0.7166666666666667 0.5838541666666667 0.7171875 0.6114583333333333 0.759375 0.6119791666666666 0.7598958333333333 0.659375 0.5125 0.6598958333333333 0.5119791666666667 0.6927083333333334 0.5114583333333333 0.6932291666666667
0 0.859375 0.6598958333333333 0.765625 0.6598958333333333 0.7651041666666667 0.6125 0.859375 0.6119791666666666 0.8598958333333333 0.659375 0.859375 0.6598958333333333
0 0.65625 0.8140625 0.5177083333333333 0.8140625 0.5171875 0.665625 0.65625 0.6651041666666667 0.6567708333333333 0.8135416666666667 0.65625 0.8140625
0 0.7145833333333333 0.7348958333333333 0.6635416666666667 0.7348958333333333 0.6630208333333333 0.665625 0.7145833333333333 0.6651041666666667 0.7151041666666667 0.734375 0.7145833333333333 0.7348958333333333
0 0.859375 0.8140625 0.7208333333333333 0.8140625 0.7203125 0.665625 0.859375 0.6651041666666667 0.8598958333333333 0.8135416666666667 0.859375 0.8140625
0 0.3927083333333333 0.7588541666666667 0.303125 0.7588541666666667 0.3026041666666667 0.675 0.39166666666666666 0.6744791666666666 0.3921875 0.6916666666666667 0.3932291666666667 0.6927083333333334 0.3932291666666667 0.7583333333333333 0.3927083333333333 0.7588541666666667
0 0.453125 0.7588541666666667 0.39895833333333336 0.7588541666666667 0.3984375 0.6989583333333333 0.453125 0.6984375 0.45364583333333336 0.7583333333333333 0.453125 0.7588541666666667
0 0.5114583333333333 0.7588541666666667 0.459375 0.7588541666666667 0.4588541666666667 0.6989583333333333 0.5114583333333333 0.6984375 0.5119791666666667 0.7583333333333333 0.5114583333333333 0.7588541666666667
0 0.7145833333333333 0.8140625 0.6635416666666667 0.8140625 0.6630208333333333 0.740625 0.7145833333333333 0.7401041666666667 0.7151041666666667 0.8135416666666667 0.7145833333333333 0.8140625