0 0.533384497313891 0.45847362514029183 0.3123561013046815 0.45847362514029183 0.31197237145049883 0.388327721661055 0.31120491174213355 0.3872053872053872 0.31120491174213355 0.11672278338945005 0.533384497313891 0.11616161616161616 0.5337682271680737 0.45791245791245794 0.533384497313891 0.45847362514029183
0 0.6155026861089793 0.2934904601571268 0.5387567152724482 0.2934904601571268 0.5383729854182655 0.11672278338945005 0.6155026861089793 0.11616161616161616 0.615886415963162 0.29292929292929293 0.6155026861089793 0.2934904601571268
0 0.8749040675364543 0.3496071829405163 0.6208749040675364 0.3496071829405163 0.6204911742133538 0.11672278338945005 0.8749040675364543 0.11616161616161616 0.875287797390637 0.3490460157126824 0.8749040675364543 0.3496071829405163
0 0.6155026861089793 0.3496071829405163 0.5387567152724482 0.3496071829405163 0.5383729854182655 0.2996632996632997 0.6155026861089793 0.2991021324354658 0.615886415963162 0.3490460157126824 0.6155026861089793 0.3496071829405163
0 0.3115886415963162 0.5471380471380471 0.04911742133537989 0.5471380471380471 0.04873369148119724 0.3075196408529742 0.3016116653875672 0.3069584736251403 0.3019953952417498 0.3872053872053872 0.3115886415963162 0.3877665544332211 0.31197237145049883 0.5465768799102132 0.3115886415963162 0.5471380471380471
0 0.6830391404451266 0.6896745230078564 0.5379892555640828 0.6896745230078564 0.5376055257099003 0.5499438832772167 0.5383729854182655 0.5488215488215489 0.5383729854182655 0.4590347923681257 0.5341519570222564 0.45847362514029183 0.5337682271680737 0.35914702581369246 0.6792018419033001 0.35858585858585856 0.6795855717574827 0.44219977553310885 0.6162701458173446 0.44276094276094274 0.615886415963162 0.4478114478114478 0.646968534151957 0.4483726150392817 0.6473522640061397 0.5858585858585859 0.6162701458173446 0.5864197530864198 0.615886415963162 0.5937149270482603 0.6830391404451266 0.5942760942760943 0.6834228702993093 0.6891133557800224 0.6830391404451266 0.6896745230078564
0 0.8749040675364543 0.5864197530864198 0.6515732924021489 0.5864197530864198 0.6511895625479662 0.4489337822671156 0.6838066001534919 0.4483726150392817 0.6841903300076746 0.35914702581369246 0.8749040675364543 0.35858585858585856 0.875287797390637 0.5858585858585859 0.8749040675364543 0.5864197530864198
0 0.533384497313891 0.8265993265993266 0.3115886415963162 0.8265993265993266 0.31120491174213355 0.5959595959595959 0.3415195702225633 0.5953984287317621 0.34190330007674596 0.547699214365881 0.3123561013046815 0.5471380471380471 0.31197237145049883 0.4590347923681257 0.5379892555640828 0.45847362514029183 0.5383729854182655 0.5488215488215489 0.5341519570222564 0.5493827160493827 0.5337682271680737 0.8260381593714927 0.533384497313891 0.8265993265993266
0 0.1918649270913277 0.8265993265993266 0.04911742133537989 0.8265993265993266 0.04873369148119724 0.5578002244668911 0.15425940138142746 0.5572390572390572 0.15464313123561013 0.7003367003367004 0.1918649270913277 0.7008978675645342 0.19224865694551035 0.8260381593714927 0.1918649270913277 0.8265993265993266
0 0.30237912509593246 0.6919191919191919 0.16116653875671527 0.6919191919191919 0.1607828089025326 0.5578002244668911 0.30237912509593246 0.5572390572390572 0.3027628549501151 0.691358024691358 0.30237912509593246 0.6919191919191919
0 0.8749040675364543 0.8265993265993266 0.6884113584036838 0.8265993265993266 0.6880276285495012 0.5948372615039281 0.8749040675364543 0.5942760942760943 0.875287797390637 0.8260381593714927 0.8749040675364543 0.8265993265993266
0 0.6208749040675364 0.8265993265993266 0.5379892555640828 0.8265993265993266 0.5376055257099003 0.6980920314253648 0.6208749040675364 0.6975308641975309 0.6212586339217191 0.8260381593714927 0.6208749040675364 0.8265993265993266
0 0.6830391404451266 0.8265993265993266 0.6262471220260937 0.8265993265993266 0.625863392171911 0.6980920314253648 0.6830391404451266 0.6975308641975309 0.6834228702993093 0.8260381593714927 0.6830391404451266 0.8265993265993266
0 0.30237912509593246 0.8265993265993266 0.2003069838833461 0.8265993265993266 0.19992325402916347 0.7014590347923682 0.30237912509593246 0.7008978675645342 0.3027628549501151 0.8260381593714927 0.30237912509593246 0.8265993265993266
0 0.6945510360706063 0.9702581369248036 0.5157329240214888 0.9702581369248036 0.5153491941673062 0.8540965207631874 0.6945510360706063 0.8535353535353535 0.694934765924789 0.9696969696969697 0.6945510360706063 0.9702581369248036