0 0.26104417670682734 0.28475336322869954 0.23025435073627845 0.28475336322869954 0.22958500669344042 0.18385650224215247 0.22623828647925034 0.18310911808669655 0.22556894243641232 0.22122571001494767 0.07630522088353414 0.2219730941704036 0.07563587684069611 0.0687593423019432 0.10843373493975904 0.06801195814648729 0.12048192771084337 0.05455904334828102 0.12717536813922356 0.04857997010463378 0.19812583668005354 0.04857997010463378 0.2034805890227577 0.05455904334828102 0.2182061579651941 0.06950672645739911 0.3427041499330656 0.06950672645739911 0.3433734939759036 0.22122571001494767 0.26639892904953144 0.2219730941704036 0.2657295850066934 0.18385650224215247 0.26238286479250333 0.18310911808669655 0.2617135207496653 0.28400597907324365 0.26104417670682734 0.28475336322869954
0 0.9745649263721553 0.32062780269058294 0.9116465863453815 0.32062780269058294 0.9029451137884873 0.3109118086696562 0.8995983935742972 0.30568011958146485 0.8366800535475234 0.30568011958146485 0.8360107095046854 0.12705530642750373 0.9745649263721553 0.12630792227204785 0.9752342704149933 0.31988041853512705 0.9745649263721553 0.32062780269058294
0 0.7095046854082999 0.25485799701046336 0.5649263721552878 0.25485799701046336 0.5642570281124498 0.12855007473841554 0.7095046854082999 0.12780269058295965 0.7101740294511378 0.25411061285500747 0.7095046854082999 0.25485799701046336
0 0.4819277108433735 0.4103139013452915 0.34805890227576974 0.4103139013452915 0.3473895582329317 0.31390134529147984 0.39759036144578314 0.3131539611360239 0.39825970548862116 0.23019431988041852 0.36813922356091033 0.22944693572496264 0.3674698795180723 0.19730941704035873 0.34805890227576974 0.19656203288490284 0.3473895582329317 0.13153961136023917 0.4819277108433735 0.13079222720478326 0.4825970548862115 0.40956651718983555 0.4819277108433735 0.4103139013452915
0 0.8299866131191432 0.4641255605381166 0.7161981258366801 0.4641255605381166 0.715528781793842 0.14798206278026907 0.8299866131191432 0.14723467862481315 0.8306559571619813 0.4633781763826607 0.8299866131191432 0.4641255605381166
0 0.2248995983935743 0.4581464872944694 0.07764390896921017 0.4581464872944694 0.07697456492637215 0.2227204783258595 0.2248995983935743 0.2219730941704036 0.22556894243641232 0.45739910313901344 0.2248995983935743 0.4581464872944694
0 0.3427041499330656 0.35650224215246634 0.23025435073627845 0.35650224215246634 0.22958500669344042 0.28998505231689087 0.26506024096385544 0.289237668161435 0.2657295850066934 0.2227204783258595 0.3427041499330656 0.2219730941704036 0.3433734939759036 0.35575485799701045 0.3427041499330656 0.35650224215246634
0 0.39357429718875503 0.3086696562032885 0.34805890227576974 0.3086696562032885 0.3473895582329317 0.23916292974588937 0.3668005354752343 0.2384155455904335 0.3674698795180723 0.23467862481315396 0.39357429718875503 0.23393124065769805 0.39424364123159306 0.30792227204783257 0.39357429718875503 0.3086696562032885
0 0.7095046854082999 0.3684603886397608 0.5649263721552878 0.3684603886397608 0.5642570281124498 0.2615844544095665 0.7095046854082999 0.2608370702541106 0.7101740294511378 0.36771300448430494 0.7095046854082999 0.3684603886397608
0 0.892904953145917 0.3774289985052317 0.8366800535475234 0.3774289985052317 0.8360107095046854 0.312406576980568 0.892904953145917 0.3116591928251121 0.893574297188755 0.37668161434977576 0.892904953145917 0.3774289985052317
0 0.9745649263721553 0.3774289985052317 0.8995983935742972 0.3774289985052317 0.8989290495314591 0.3153961136023916 0.9002677376171352 0.3153961136023916 0.9056224899598394 0.32286995515695066 0.9076305220883534 0.3266068759342302 0.9745649263721553 0.3266068759342302 0.9752342704149933 0.37668161434977576 0.9745649263721553 0.3774289985052317
0 0.2824631860776439 0.4581464872944694 0.23025435073627845 0.4581464872944694 0.22958500669344042 0.3617339312406577 0.2824631860776439 0.3609865470852018 0.28313253012048195 0.45739910313901344 0.2824631860776439 0.4581464872944694
0 0.3427041499330656 0.4103139013452915 0.2878179384203481 0.4103139013452915 0.28714859437751006 0.3617339312406577 0.3427041499330656 0.3609865470852018 0.3433734939759036 0.40956651718983555 0.3427041499330656 0.4103139013452915
0 0.7095046854082999 0.46263079222720477 0.5649263721552878 0.46263079222720477 0.5642570281124498 0.375186846038864 0.7095046854082999 0.3744394618834081 0.7101740294511378 0.4618834080717489 0.7095046854082999 0.46263079222720477
0 0.9745649263721553 0.46263079222720477 0.8366800535475234 0.46263079222720477 0.8360107095046854 0.3841554559043348 0.9745649263721553 0.3834080717488789 0.9752342704149933 0.4618834080717489 0.9745649263721553 0.46263079222720477
0 0.47523427041499333 0.727204783258595 0.37215528781793844 0.727204783258595 0.3714859437751004 0.5665171898355755 0.40160642570281124 0.5657698056801196 0.40562248995983935 0.5612855007473841 0.41231593038821956 0.5553064275037369 0.4203480589022758 0.5478325859491778 0.42302543507362783 0.546337817638266 0.49129852744310576 0.546337817638266 0.4926372155287818 0.5478325859491778 0.500669344042838 0.5553064275037369 0.5073627844712182 0.5612855007473841 0.5100401606425703 0.5627802690582959 0.5207496653279786 0.5627802690582959 0.5214190093708166 0.6756352765321375 0.47657295850066933 0.6763826606875935 0.4759036144578313 0.726457399103139 0.47523427041499333 0.727204783258595
0 0.6412315930388219 0.749626307922272 0.5635876840696118 0.749626307922272 0.5629183400267738 0.656203288490284 0.5582329317269076 0.6554559043348281 0.5575635876840697 0.7488789237668162 0.5261044176706827 0.749626307922272 0.5254350736278447 0.5635276532137519 0.6412315930388219 0.5627802690582959 0.64190093708166 0.7488789237668162 0.6412315930388219 0.749626307922272
0 0.7791164658634538 0.6121076233183856 0.6546184738955824 0.6121076233183856 0.6539491298527443 0.5635276532137519 0.7791164658634538 0.5627802690582959 0.7797858099062919 0.6113602391629297 0.7791164658634538 0.6121076233183856
0 0.6947791164658634 0.7227204783258595 0.6693440428380187 0.7227204783258595 0.6686746987951807 0.6935724962630793 0.6492637215528781 0.6928251121076233 0.6485943775100401 0.624813153961136 0.6947791164658634 0.6240657698056801 0.6954484605087015 0.7219730941704036 0.6947791164658634 0.7227204783258595
0 0.7791164658634538 0.79745889387145 0.7295850066934404 0.79745889387145 0.7289156626506024 0.7234678624813154 0.7001338688085676 0.7227204783258595 0.6994645247657296 0.624813153961136 0.7791164658634538 0.6240657698056801 0.7797858099062919 0.796711509715994 0.7791164658634538 0.79745889387145
0 0.5207496653279786 0.727204783258595 0.48058902275769744 0.727204783258595 0.4799196787148594 0.6816143497757847 0.5207496653279786 0.6808669656203289 0.5214190093708166 0.726457399103139 0.5207496653279786 0.727204783258595
0 0.7242302543507363 0.79745889387145 0.6492637215528781 0.79745889387145 0.6485943775100401 0.7324364723467862 0.6680053547523427 0.7316890881913304 0.6686746987951807 0.7279521674140508 0.7242302543507363 0.727204783258595 0.7248995983935743 0.796711509715994 0.7242302543507363 0.79745889387145
0 0.6412315930388219 0.952914798206278 0.5274431057563588 0.952914798206278 0.5267737617135207 0.890881913303438 0.500669344042838 0.8617339312406577 0.37215528781793844 0.8617339312406577 0.3714859437751004 0.7384155455904334 0.5207496653279786 0.7376681614349776 0.5214190093708166 0.7533632286995515 0.6412315930388219 0.7541106128550075 0.64190093708166 0.9521674140508222 0.6412315930388219 0.952914798206278
0 0.7322623828647925 0.952914798206278 0.6492637215528781 0.952914798206278 0.6485943775100401 0.8071748878923767 0.7791164658634538 0.8064275037369207 0.7797858099062919 0.905829596412556 0.7336010709504686 0.906576980568012 0.7329317269076305 0.9521674140508222 0.7322623828647925 0.952914798206278
0 0.5220883534136547 0.952914798206278 0.37215528781793844 0.952914798206278 0.3714859437751004 0.8684603886397608 0.499330655957162 0.8677130044843049 0.5227576974564926 0.8938714499252616 0.5227576974564926 0.9521674140508222 0.5220883534136547 0.952914798206278
0 0.7791164658634538 0.952914798206278 0.7416331994645248 0.952914798206278 0.7409638554216867 0.9162929745889388 0.7791164658634538 0.9155455904334828 0.7797858099062919 0.9521674140508222 0.7791164658634538 0.952914798206278