0 0.4219554030874786 0.3017429193899782 0.24356775300171526 0.3017429193899782 0.24271012006861065 0.10239651416122005 0.4219554030874786 0.10130718954248366 0.4228130360205832 0.3006535947712418 0.4219554030874786 0.3017429193899782
0 0.7358490566037735 0.7004357298474946 0.6483704974271012 0.7004357298474946 0.6466552315608919 0.6982570806100218 0.5917667238421955 0.6982570806100218 0.5900514579759862 0.7004357298474946 0.5608919382504288 0.7004357298474946 0.5600343053173242 0.45751633986928103 0.4288164665523156 0.4564270152505447 0.427958833619211 0.10239651416122005 0.6157804459691252 0.10130718954248366 0.6166380789022299 0.45751633986928103 0.7358490566037735 0.45860566448801743 0.7367066895368782 0.6993464052287581 0.7358490566037735 0.7004357298474946
0 0.33104631217838765 0.4564270152505447 0.24356775300171526 0.4564270152505447 0.24271012006861065 0.3093681917211329 0.33104631217838765 0.3082788671023965 0.3319039451114923 0.4553376906318083 0.33104631217838765 0.4564270152505447
0 0.4219554030874786 0.4564270152505447 0.33962264150943394 0.4564270152505447 0.33876500857632935 0.3093681917211329 0.4219554030874786 0.3082788671023965 0.4228130360205832 0.4553376906318083 0.4219554030874786 0.4564270152505447
0 0.5591766723842195 0.7004357298474946 0.4288164665523156 0.7004357298474946 0.427958833619211 0.46405228758169936 0.5523156089193825 0.46296296296296297 0.5531732418524872 0.616557734204793 0.5574614065180102 0.6176470588235294 0.5583190394511149 0.45751633986928103 0.5600343053173242 0.45751633986928103 0.5600343053173242 0.6993464052287581 0.5591766723842195 0.7004357298474946
0 0.8679245283018868 0.6699346405228758 0.7427101200686106 0.6699346405228758 0.741852487135506 0.4596949891067538 0.8679245283018868 0.45860566448801743 0.8687821612349914 0.6688453159041394 0.8679245283018868 0.6699346405228758
0 0.2727272727272727 0.6002178649237473 0.0548885077186964 0.6002178649237473 0.054030874785591765 0.46405228758169936 0.2727272727272727 0.46296296296296297 0.27358490566037735 0.599128540305011 0.2727272727272727 0.6002178649237473
0 0.4219554030874786 0.6002178649237473 0.27958833619210977 0.6002178649237473 0.2787307032590051 0.46405228758169936 0.4219554030874786 0.46296296296296297 0.4228130360205832 0.599128540305011 0.4219554030874786 0.6002178649237473
0 0.4219554030874786 0.7004357298474946 0.33962264150943394 0.7004357298474946 0.33876500857632935 0.6078431372549019 0.4219554030874786 0.6067538126361656 0.4228130360205832 0.6993464052287581 0.4219554030874786 0.7004357298474946
0 0.32075471698113206 0.9575163398692811 0.036020583190394515 0.9575163398692811 0.03516295025728988 0.6252723311546841 0.32075471698113206 0.6241830065359477 0.3216123499142367 0.9564270152505446 0.32075471698113206 0.9575163398692811
0 0.8679245283018868 0.9400871459694989 0.6861063464837049 0.9400871459694989 0.6852487135506004 0.7080610021786492 0.7409948542024014 0.7069716775599129 0.741852487135506 0.6797385620915033 0.8679245283018868 0.6786492374727668 0.8687821612349914 0.9389978213507625 0.8679245283018868 0.9400871459694989
0 0.6792452830188679 0.9400871459694989 0.5608919382504288 0.9400871459694989 0.5600343053173242 0.7080610021786492 0.5900514579759862 0.7069716775599129 0.5909090909090909 0.6993464052287581 0.6466552315608919 0.6982570806100218 0.6475128644939966 0.7058823529411765 0.6792452830188679 0.7069716775599129 0.6801029159519726 0.9389978213507625 0.6792452830188679 0.9400871459694989
0 0.5540308747855918 0.9400871459694989 0.33962264150943394 0.9400871459694989 0.33876500857632935 0.7080610021786492 0.4922813036020583 0.7069716775599129 0.49313893653516294 0.8169934640522876 0.5540308747855918 0.818082788671024 0.5548885077186964 0.9389978213507625 0.5540308747855918 0.9400871459694989
0 0.5540308747855918 0.8115468409586056 0.49914236706689535 0.8115468409586056 0.49828473413379076 0.7080610021786492 0.5540308747855918 0.7069716775599129 0.5548885077186964 0.8104575163398693 0.5540308747855918 0.8115468409586056