0 0.6779918864097363 0.2891233766233766 0.5826572008113591 0.2891233766233766 0.5825304259634888 0.13116883116883116 0.6779918864097363 0.13100649350649352 0.6781186612576064 0.288961038961039 0.6779918864097363 0.2891233766233766
0 0.7994421906693712 0.26055194805194803 0.7195740365111561 0.26055194805194803 0.719447261663286 0.2405844155844156 0.6802738336713996 0.24042207792207793 0.6801470588235294 0.13116883116883116 0.7994421906693712 0.13100649350649352 0.7995689655172413 0.2603896103896104 0.7994421906693712 0.26055194805194803
0 0.8810851926977687 0.19464285714285715 0.8017241379310345 0.19464285714285715 0.8015973630831643 0.13116883116883116 0.8810851926977687 0.13100649350649352 0.8812119675456389 0.19448051948051948 0.8810851926977687 0.19464285714285715
0 0.31389452332657203 0.4017857142857143 0.1876267748478702 0.4017857142857143 0.1875 0.1327922077922078 0.27941176470588236 0.13262987012987013 0.2795385395537525 0.20357142857142857 0.27928498985801214 0.2038961038961039 0.27928498985801214 0.2681818181818182 0.32023326572008115 0.26834415584415583 0.3203600405679513 0.3068181818181818 0.3206135902636917 0.30714285714285716 0.3206135902636917 0.38571428571428573 0.31414807302231235 0.3858766233766234 0.3140212981744422 0.4016233766233766 0.31389452332657203 0.4017857142857143
0 0.3803245436105477 0.26834415584415583 0.27941176470588236 0.26834415584415583 0.27928498985801214 0.2038961038961039 0.2814401622718053 0.20373376623376624 0.28156693711967545 0.1327922077922078 0.3803245436105477 0.13262987012987013 0.38045131845841784 0.2681818181818182 0.3803245436105477 0.26834415584415583
0 0.48605476673427994 0.26444805194805193 0.38235294117647056 0.26444805194805193 0.3822261663286004 0.1327922077922078 0.48605476673427994 0.13262987012987013 0.4861815415821501 0.2642857142857143 0.48605476673427994 0.26444805194805193
0 0.8810851926977687 0.273538961038961 0.8017241379310345 0.273538961038961 0.8015973630831643 0.19772727272727272 0.8810851926977687 0.19756493506493505 0.8812119675456389 0.2733766233766234 0.8810851926977687 0.273538961038961
0 0.7748478701825557 0.3978896103896104 0.7193204868154158 0.3978896103896104 0.7191937119675457 0.3288961038961039 0.6802738336713996 0.3287337662337662 0.6801470588235294 0.2431818181818182 0.7170385395537525 0.24301948051948052 0.7171653144016227 0.262987012987013 0.7994421906693712 0.26314935064935063 0.7995689655172413 0.32857142857142857 0.7751014198782962 0.3287337662337662 0.774974645030426 0.3977272727272727 0.7748478701825557 0.3978896103896104
0 0.4470081135902637 0.4017857142857143 0.38108519269776875 0.4017857142857143 0.3809584178498986 0.337987012987013 0.37905679513184587 0.3378246753246753 0.37893002028397565 0.4016233766233766 0.3227687626774848 0.4017857142857143 0.3226419878296146 0.30714285714285716 0.3204868154158215 0.30698051948051946 0.3203600405679513 0.2685064935064935 0.3803245436105477 0.26834415584415583 0.38057809330628806 0.26866883116883117 0.4279918864097363 0.26866883116883117 0.4281186612576065 0.337012987012987 0.4470081135902637 0.3371753246753247 0.44713488843813387 0.4016233766233766 0.4470081135902637 0.4017857142857143
0 0.48605476673427994 0.3345779220779221 0.4302738336713996 0.3345779220779221 0.43014705882352944 0.2688311688311688 0.47413793103448276 0.26866883116883117 0.4742647058823529 0.2762987012987013 0.48605476673427994 0.27646103896103896 0.4861815415821501 0.3344155844155844 0.48605476673427994 0.3345779220779221
0 0.8630831643002028 0.3978896103896104 0.7773833671399595 0.3978896103896104 0.7772565922920892 0.3314935064935065 0.8014705882352942 0.3313311688311688 0.8015973630831643 0.2762987012987013 0.8810851926977687 0.2761363636363636 0.8812119675456389 0.3782467532467532 0.8633367139959433 0.3784090909090909 0.863209939148073 0.3977272727272727 0.8630831643002028 0.3978896103896104
0 0.6779918864097363 0.3978896103896104 0.5826572008113591 0.3978896103896104 0.5825304259634888 0.29188311688311686 0.6779918864097363 0.2917207792207792 0.6781186612576064 0.3977272727272727 0.6779918864097363 0.3978896103896104
0 0.7167849898580122 0.3978896103896104 0.6802738336713996 0.3978896103896104 0.6801470588235294 0.3314935064935065 0.7167849898580122 0.3313311688311688 0.7169117647058824 0.3977272727272727 0.7167849898580122 0.3978896103896104
0 0.48605476673427994 0.4017857142857143 0.44929006085192696 0.4017857142857143 0.4491632860040568 0.3373376623376623 0.48605476673427994 0.3371753246753247 0.4861815415821501 0.4016233766233766 0.48605476673427994 0.4017857142857143
0 0.49036511156186613 0.7868506493506493 0.3392494929006085 0.7868506493506493 0.33912271805273836 0.5720779220779221 0.3975659229208925 0.5719155844155844 0.3976926977687627 0.5636363636363636 0.49036511156186613 0.563474025974026 0.4904918864097363 0.7866883116883117 0.49036511156186613 0.7868506493506493
0 0.4170892494929006 0.8576298701298701 0.3382352941176471 0.8576298701298701 0.33810851926977686 0.7948051948051948 0.4170892494929006 0.7946428571428571 0.41721602434077076 0.8574675324675325 0.4170892494929006 0.8576298701298701
0 0.48377281947261663 0.8576298701298701 0.42190669371196754 0.8576298701298701 0.4217799188640974 0.7948051948051948 0.48377281947261663 0.7946428571428571 0.4838995943204868 0.8574675324675325 0.48377281947261663 0.8576298701298701