0 0.6813559322033899 0.35860655737704916 0.5042372881355932 0.35860655737704916 0.5038135593220339 0.3073770491803279 0.5288135593220339 0.3069672131147541 0.5292372881355932 0.2901639344262295 0.5991525423728814 0.28975409836065574 0.5995762711864406 0.20163934426229507 0.6813559322033899 0.2012295081967213 0.6817796610169492 0.3581967213114754 0.6813559322033899 0.35860655737704916
0 0.8347457627118644 0.35860655737704916 0.6872881355932203 0.35860655737704916 0.686864406779661 0.20163934426229507 0.8347457627118644 0.2012295081967213 0.8351694915254237 0.3581967213114754 0.8347457627118644 0.35860655737704916
0 0.1711864406779661 0.46762295081967215 0.04745762711864407 0.46762295081967215 0.04703389830508475 0.36475409836065575 0.05423728813559322 0.364344262295082 0.05466101694915254 0.3598360655737705 0.04745762711864407 0.35942622950819675 0.04703389830508475 0.22131147540983606 0.06779661016949153 0.2209016393442623 0.06822033898305084 0.20327868852459016 0.19915254237288135 0.2028688524590164 0.19957627118644067 0.35327868852459016 0.17203389830508475 0.3536885245901639 0.1716101694915254 0.4672131147540984 0.1711864406779661 0.46762295081967215
0 0.3813559322033898 0.6618852459016393 0.17033898305084746 0.6618852459016393 0.16991525423728815 0.6221311475409836 0.17076271186440678 0.6213114754098361 0.17076271186440678 0.5745901639344262 0.1716101694915254 0.5737704918032787 0.1716101694915254 0.3540983606557377 0.19915254237288135 0.3536885245901639 0.19957627118644067 0.20327868852459016 0.3813559322033898 0.2028688524590164 0.38177966101694916 0.6614754098360656 0.3813559322033898 0.6618852459016393
0 0.5923728813559322 0.2848360655737705 0.5059322033898305 0.2848360655737705 0.5055084745762712 0.2040983606557377 0.5923728813559322 0.20368852459016393 0.5927966101694915 0.28442622950819674 0.5923728813559322 0.2848360655737705
0 0.7415254237288136 0.46762295081967215 0.5042372881355932 0.46762295081967215 0.5038135593220339 0.36475409836065575 0.7415254237288136 0.364344262295082 0.7419491525423729 0.4672131147540984 0.7415254237288136 0.46762295081967215
0 0.8347457627118644 0.46762295081967215 0.747457627118644 0.46762295081967215 0.7470338983050847 0.36475409836065575 0.8347457627118644 0.364344262295082 0.8351694915254237 0.4672131147540984 0.8347457627118644 0.46762295081967215
0 0.16610169491525423 0.544672131147541 0.04745762711864407 0.544672131147541 0.04703389830508475 0.47295081967213115 0.16610169491525423 0.4725409836065574 0.16652542372881357 0.5442622950819672 0.16610169491525423 0.544672131147541
0 0.6822033898305084 0.6602459016393443 0.5042372881355932 0.6602459016393443 0.5038135593220339 0.4934426229508197 0.5169491525423728 0.4930327868852459 0.5173728813559322 0.47295081967213115 0.6822033898305084 0.4725409836065574 0.6826271186440678 0.6598360655737705 0.6822033898305084 0.6602459016393443
0 0.8347457627118644 0.6602459016393443 0.688135593220339 0.6602459016393443 0.6877118644067797 0.47295081967213115 0.8347457627118644 0.4725409836065574 0.8351694915254237 0.6598360655737705 0.8347457627118644 0.6602459016393443
0 0.1694915254237288 0.6225409836065574 0.04745762711864407 0.6225409836065574 0.04703389830508475 0.5508196721311476 0.1711864406779661 0.5504098360655738 0.1716101694915254 0.5737704918032787 0.17076271186440678 0.5745901639344262 0.17076271186440678 0.6213114754098361 0.1694915254237288 0.6225409836065574
0 0.16271186440677965 0.6618852459016393 0.04745762711864407 0.6618852459016393 0.04703389830508475 0.6278688524590164 0.16271186440677965 0.6274590163934426 0.163135593220339 0.6614754098360656 0.16271186440677965 0.6618852459016393
0 0.22796610169491524 0.8258196721311475 0.15 0.8258196721311475 0.14957627118644068 0.6770491803278689 0.22796610169491524 0.6766393442622951 0.22838983050847458 0.8254098360655737 0.22796610169491524 0.8258196721311475