0 0.5036855036855037 0.4654150197628458 0.12285012285012285 0.4654150197628458 0.12223587223587223 0.06719367588932806 0.4914004914004914 0.06620553359683795 0.492014742014742 0.26877470355731226 0.5036855036855037 0.26976284584980237 0.5042997542997543 0.4644268774703557 0.5036855036855037 0.4654150197628458
0 0.585995085995086 0.2618577075098814 0.504914004914005 0.2618577075098814 0.5042997542997543 0.06719367588932806 0.6068796068796068 0.06620553359683795 0.6074938574938575 0.14031620553359683 0.6216216216216216 0.14130434782608695 0.6222358722358723 0.22727272727272727 0.5872235872235873 0.22826086956521738 0.5866093366093366 0.2608695652173913 0.585995085995086 0.2618577075098814
0 0.918918918918919 0.3547430830039526 0.6277641277641277 0.3547430830039526 0.6271498771498771 0.06719367588932806 0.918918918918919 0.06620553359683795 0.9195331695331695 0.35375494071146246 0.918918918918919 0.3547430830039526
0 0.6216216216216216 0.6907114624505929 0.504914004914005 0.6907114624505929 0.5042997542997543 0.2707509881422925 0.6216216216216216 0.26976284584980237 0.6222358722358723 0.6897233201581028 0.6216216216216216 0.6907114624505929
0 0.10687960687960688 0.47134387351778656 0.04914004914004914 0.47134387351778656 0.048525798525798525 0.308300395256917 0.10687960687960688 0.3073122529644269 0.1074938574938575 0.47035573122529645 0.10687960687960688 0.47134387351778656
0 0.8832923832923832 0.5899209486166008 0.6277641277641277 0.5899209486166008 0.6271498771498771 0.3695652173913043 0.918918918918919 0.3685770750988142 0.9195331695331695 0.567193675889328 0.8845208845208845 0.5681818181818182 0.8839066339066339 0.5889328063241107 0.8832923832923832 0.5899209486166008
0 0.7014742014742015 0.6907114624505929 0.6277641277641277 0.6907114624505929 0.6271498771498771 0.5968379446640316 0.7014742014742015 0.5958498023715415 0.702088452088452 0.6897233201581028 0.7014742014742015 0.6907114624505929
0 0.7432432432432432 0.7460474308300395 0.742014742014742 0.7440711462450593 0.7088452088452089 0.7440711462450593 0.7057739557739557 0.7391304347826086 0.7057739557739557 0.5968379446640316 0.7432432432432432 0.5958498023715415 0.7438574938574939 0.7450592885375494 0.7432432432432432 0.7460474308300395
0 0.918918918918919 0.8804347826086957 0.7493857493857494 0.8804347826086957 0.7487714987714987 0.5968379446640316 0.918918918918919 0.5958498023715415 0.9195331695331695 0.8794466403162056 0.918918918918919 0.8804347826086957
0 0.7014742014742015 0.7322134387351779 0.6928746928746928 0.7164031620553359 0.691031941031941 0.7154150197628458 0.7014742014742015 0.7144268774703557 0.702088452088452 0.7312252964426877 0.7014742014742015 0.7322134387351779
0 0.7432432432432432 0.8092885375494071 0.7414004914004914 0.8043478260869565 0.7401719901719902 0.8003952569169961 0.7389434889434889 0.7964426877470355 0.7377149877149877 0.7924901185770751 0.730958230958231 0.7796442687747036 0.7180589680589681 0.7608695652173914 0.7143734643734644 0.7529644268774703 0.7432432432432432 0.7519762845849802 0.7438574938574939 0.808300395256917 0.7432432432432432 0.8092885375494071