0 0.9331779331779332 0.21198712791633145 0.5578865578865578 0.21198712791633145 0.5574980574980575 0.11263073209975864 0.9331779331779332 0.11222847948511665 0.9335664335664335 0.21158487530168946 0.9331779331779332 0.21198712791633145
0 0.18181818181818182 0.2723250201126307 0.07459207459207459 0.2723250201126307 0.07420357420357421 0.11343523732904263 0.27350427350427353 0.11303298471440064 0.2738927738927739 0.18584070796460178 0.22066822066822067 0.18624296057924378 0.2202797202797203 0.18181818181818182 0.21522921522921523 0.18141592920353983 0.21484071484071485 0.27031375703942073 0.1825951825951826 0.27071600965406273 0.18181818181818182 0.2723250201126307
0 0.45143745143745145 0.2731295253419147 0.3162393162393162 0.2731295253419147 0.31585081585081587 0.2711182622687047 0.2789432789432789 0.27071600965406273 0.27855477855477856 0.11343523732904263 0.45143745143745145 0.11303298471440064 0.4518259518259518 0.2727272727272727 0.45143745143745145 0.2731295253419147
0 0.2641802641802642 0.25543041029766694 0.23076923076923078 0.25543041029766694 0.23038073038073037 0.24456958970233306 0.222999222999223 0.24416733708769106 0.22261072261072262 0.22284794851166534 0.22066822066822067 0.22244569589702334 0.2202797202797203 0.1914722445695897 0.27350427350427353 0.1910699919549477 0.2738927738927739 0.2333065164923572 0.27117327117327117 0.2337087691069992 0.2707847707847708 0.24376508447304907 0.26495726495726496 0.24416733708769106 0.26456876456876455 0.25502815768302495 0.2641802641802642 0.25543041029766694
0 0.6651126651126651 0.3680611423974256 0.5578865578865578 0.3680611423974256 0.5574980574980575 0.21962992759452937 0.6977466977466977 0.21922767497988738 0.6981351981351981 0.2582461786001609 0.6658896658896659 0.2586484312148029 0.6655011655011654 0.3676588897827836 0.6651126651126651 0.3680611423974256
0 0.7296037296037297 0.24497184231697505 0.7031857031857032 0.24497184231697505 0.7027972027972028 0.21962992759452937 0.7296037296037297 0.21922767497988738 0.72999222999223 0.24456958970233306 0.7296037296037297 0.24497184231697505
0 0.7591297591297591 0.24497184231697505 0.7350427350427351 0.24497184231697505 0.7346542346542346 0.21962992759452937 0.7591297591297591 0.21922767497988738 0.7595182595182595 0.24456958970233306 0.7591297591297591 0.24497184231697505
0 0.8702408702408703 0.4034593724859212 0.8018648018648019 0.4034593724859212 0.8014763014763014 0.3668543845534996 0.7645687645687645 0.3664521319388576 0.7641802641802642 0.21962992759452937 0.9331779331779332 0.21922767497988738 0.9335664335664335 0.3660498793242156 0.871017871017871 0.3664521319388576 0.8706293706293706 0.4030571198712792 0.8702408702408703 0.4034593724859212
0 0.7599067599067599 0.31898632341110217 0.6697746697746698 0.31898632341110217 0.6693861693861693 0.26307320997586486 0.6977466977466977 0.26267095736122287 0.6981351981351981 0.27916331456154464 0.7599067599067599 0.27956556717618664 0.7602952602952603 0.3185840707964602 0.7599067599067599 0.31898632341110217
0 0.22921522921522922 0.4694288012872084 0.13675213675213677 0.4694288012872084 0.13636363636363635 0.36283185840707965 0.1320901320901321 0.36242960579243766 0.1317016317016317 0.37168141592920356 0.07459207459207459 0.37208366854384556 0.07420357420357421 0.27835880933226065 0.22921522921522922 0.27795655671761865 0.2296037296037296 0.4690265486725664 0.22921522921522922 0.4694288012872084
0 0.45143745143745145 0.4694288012872084 0.23776223776223776 0.4694288012872084 0.23737373737373738 0.27835880933226065 0.45143745143745145 0.27795655671761865 0.4518259518259518 0.4690265486725664 0.45143745143745145 0.4694288012872084
0 0.7148407148407149 0.47184231697506035 0.6208236208236209 0.47184231697506035 0.6204351204351204 0.37248592115848755 0.6651126651126651 0.37208366854384556 0.6655011655011654 0.4328238133547868 0.668997668997669 0.4332260659694288 0.6693861693861693 0.3242156074014481 0.7599067599067599 0.3238133547868061 0.7602952602952603 0.3660498793242156 0.7156177156177156 0.3664521319388576 0.7152292152292152 0.47144006436041835 0.7148407148407149 0.47184231697506035
0 0.9331779331779332 0.47184231697506035 0.7202797202797203 0.47184231697506035 0.7198912198912198 0.37409493161705554 0.7964257964257965 0.37369267900241354 0.7968142968142968 0.40788415124698313 0.8749028749028749 0.4082864038616251 0.8752913752913752 0.37409493161705554 0.9331779331779332 0.37369267900241354 0.9335664335664335 0.47144006436041835 0.9331779331779332 0.47184231697506035
0 0.6138306138306139 0.47184231697506035 0.5578865578865578 0.47184231697506035 0.5574980574980575 0.37570394207562346 0.6138306138306139 0.37530168946098147 0.6142191142191142 0.47144006436041835 0.6138306138306139 0.47184231697506035
0 0.4902874902874903 0.7284794851166533 0.3838383838383838 0.7284794851166533 0.38344988344988346 0.7256637168141593 0.3776223776223776 0.7252614641995173 0.37723387723387725 0.6500402252614642 0.4902874902874903 0.6496379726468222 0.49067599067599066 0.7280772325020113 0.4902874902874903 0.7284794851166533
0 0.4289044289044289 0.8209975864843122 0.3776223776223776 0.8209975864843122 0.37723387723387725 0.7385358004827032 0.38306138306138304 0.7381335478680612 0.38344988344988346 0.7361222847948512 0.4289044289044289 0.7357200321802092 0.4292929292929293 0.8205953338696702 0.4289044289044289 0.8209975864843122
0 0.5097125097125097 0.913515687851971 0.4366744366744367 0.913515687851971 0.43628593628593626 0.827835880933226 0.46853146853146854 0.827433628318584 0.4689199689199689 0.8833467417538214 0.473970473970474 0.8837489943684634 0.47435897435897434 0.8213998390989542 0.4366744366744367 0.8209975864843122 0.43628593628593626 0.7361222847948512 0.49417249417249415 0.7357200321802092 0.49456099456099456 0.7465808527755431 0.5097125097125097 0.7469831053901851 0.51010101010101 0.913113435237329 0.5097125097125097 0.913515687851971