0 0.9122807017543859 0.3710462287104623 0.7056530214424951 0.3710462287104623 0.7046783625730995 0.13138686131386862 0.9122807017543859 0.13017031630170317 0.9132553606237817 0.36982968369829683 0.9122807017543859 0.3710462287104623
0 0.442495126705653 0.6240875912408759 0.23586744639376217 0.6240875912408759 0.23489278752436646 0.13381995133819952 0.442495126705653 0.13260340632603407 0.44346978557504874 0.46228710462287104 0.3138401559454191 0.4635036496350365 0.3128654970760234 0.4720194647201946 0.442495126705653 0.4732360097323601 0.44346978557504874 0.6228710462287105 0.442495126705653 0.6240875912408759
0 0.6627680311890838 0.8017031630170316 0.5185185185185185 0.8017031630170316 0.5175438596491229 0.29683698296836986 0.6978557504873294 0.2956204379562044 0.6988304093567251 0.5547445255474452 0.6647173489278753 0.5559610705596107 0.6637426900584795 0.8004866180048662 0.6627680311890838 0.8017031630170316
0 0.22807017543859648 0.5486618004866181 0.04678362573099415 0.5486618004866181 0.04580896686159844 0.29927007299270075 0.22807017543859648 0.2980535279805353 0.2290448343079922 0.5474452554744526 0.22807017543859648 0.5486618004866181
0 0.9122807017543859 0.6240875912408759 0.6705653021442495 0.6240875912408759 0.6695906432748538 0.5644768856447688 0.7037037037037037 0.5632603406326034 0.7046783625730995 0.3795620437956204 0.7816764132553606 0.37834549878345497 0.7826510721247564 0.4720194647201946 0.9122807017543859 0.4732360097323601 0.9132553606237817 0.6228710462287105 0.9122807017543859 0.6240875912408759
0 0.9122807017543859 0.4635036496350365 0.7894736842105263 0.4635036496350365 0.7884990253411306 0.3795620437956204 0.9122807017543859 0.37834549878345497 0.9132553606237817 0.46228710462287104 0.9122807017543859 0.4635036496350365
0 0.19298245614035087 0.8017031630170316 0.04678362573099415 0.8017031630170316 0.04580896686159844 0.5571776155717761 0.22807017543859648 0.5559610705596107 0.2290448343079922 0.7518248175182481 0.1949317738791423 0.7530413625304136 0.19395711500974658 0.8004866180048662 0.19298245614035087 0.8017031630170316
0 0.3664717348927875 0.8017031630170316 0.30409356725146197 0.8017031630170316 0.3031189083820663 0.754257907542579 0.23586744639376217 0.7530413625304136 0.23489278752436646 0.6253041362530414 0.31189083820662766 0.6240875912408759 0.3128654970760234 0.6326034063260341 0.3664717348927875 0.6338199513381995 0.36744639376218324 0.8004866180048662 0.3664717348927875 0.8017031630170316
0 0.8109161793372319 0.8017031630170316 0.6705653021442495 0.8017031630170316 0.6695906432748538 0.6326034063260341 0.8109161793372319 0.6313868613138686 0.8118908382066277 0.8004866180048662 0.8109161793372319 0.8017031630170316
0 0.442495126705653 0.7019464720194647 0.3723196881091618 0.7019464720194647 0.3713450292397661 0.635036496350365 0.442495126705653 0.6338199513381995 0.44346978557504874 0.7007299270072993 0.442495126705653 0.7019464720194647
0 0.9044834307992202 0.7968369829683698 0.8206627680311891 0.7968369829683698 0.8196881091617934 0.656934306569343 0.9044834307992202 0.6557177615571776 0.905458089668616 0.7956204379562044 0.9044834307992202 0.7968369829683698
0 0.442495126705653 0.8017031630170316 0.3723196881091618 0.8017031630170316 0.3713450292397661 0.7128953771289538 0.442495126705653 0.7116788321167883 0.44346978557504874 0.8004866180048662 0.442495126705653 0.8017031630170316
0 0.29434697855750486 0.8017031630170316 0.20272904483430798 0.8017031630170316 0.20175438596491227 0.7615571776155717 0.29434697855750486 0.7603406326034063 0.2953216374269006 0.8004866180048662 0.29434697855750486 0.8017031630170316
0 0.4152046783625731 0.9184914841849149 0.3313840155945419 0.9184914841849149 0.3304093567251462 0.8175182481751825 0.4152046783625731 0.816301703163017 0.4161793372319688 0.9172749391727494 0.4152046783625731 0.9184914841849149