0 0.1391820580474934 0.5218281036834925 0.032321899736147755 0.5218281036834925 0.03199208443271768 0.19918144611186903 0.3641160949868074 0.1984993178717599 0.3644459102902375 0.45020463847203274 0.28100263852242746 0.4508867667121419 0.28034300791556727 0.45225102319236016 0.25923482849604224 0.45225102319236016 0.2589050131926121 0.4979536152796726 0.25725593667546176 0.49863574351978174 0.25692612137203164 0.4897680763983629 0.13984168865435356 0.48908594815825374 0.1395118733509235 0.5211459754433834 0.1391820580474934 0.5218281036834925
0 0.4313984168865435 0.5109140518417462 0.4017150395778364 0.5109140518417462 0.4013852242744063 0.4843110504774898 0.3687335092348285 0.48362892223738063 0.36840369393139843 0.19918144611186903 0.4656992084432718 0.1984993178717599 0.46602902374670185 0.4638472032742155 0.4320580474934037 0.4645293315143247 0.43172823218997364 0.5102319236016372 0.4313984168865435 0.5109140518417462
0 0.7724274406332454 0.5013642564802183 0.5303430079155673 0.5013642564802183 0.5300131926121372 0.20054570259208732 0.7724274406332454 0.20122783083219645 0.7727572559366754 0.5006821282401092 0.7724274406332454 0.5013642564802183
0 0.3641160949868074 0.6132332878581174 0.29089709762532984 0.6132332878581174 0.2905672823218997 0.567530695770805 0.25857519788918204 0.5668485675306958 0.25824538258575197 0.49931787175989084 0.2589050131926121 0.4979536152796726 0.2589050131926121 0.4529331514324693 0.28034300791556727 0.45225102319236016 0.28100263852242746 0.4508867667121419 0.3641160949868074 0.4508867667121419 0.3644459102902375 0.6125511596180082 0.3641160949868074 0.6132332878581174
0 0.4656992084432718 0.7810368349249659 0.3687335092348285 0.7810368349249659 0.36840369393139843 0.49386084583901774 0.39775725593667544 0.4931787175989086 0.39808707124010556 0.5170532060027285 0.4346965699208443 0.5177353342428377 0.4350263852242744 0.47203274215552526 0.4656992084432718 0.4713506139154161 0.46602902374670185 0.7803547066848567 0.4656992084432718 0.7810368349249659
0 0.17941952506596306 0.6855388813096862 0.11543535620052771 0.6855388813096862 0.11510554089709762 0.529331514324693 0.1391820580474934 0.5286493860845839 0.1395118733509235 0.4897680763983629 0.25659630606860157 0.48908594815825374 0.25692612137203164 0.4979536152796726 0.25824538258575197 0.49931787175989084 0.25824538258575197 0.5661664392905866 0.18007915567282323 0.5668485675306958 0.17974934036939313 0.684856753069577 0.17941952506596306 0.6855388813096862
0 0.11213720316622691 0.7810368349249659 0.032981530343007916 0.7810368349249659 0.03265171503957784 0.5306957708049114 0.03199208443271768 0.529331514324693 0.11213720316622691 0.5286493860845839 0.112467018469657 0.7803547066848567 0.11213720316622691 0.7810368349249659
0 0.21437994722955145 0.6773533424283765 0.18403693931398418 0.6773533424283765 0.18370712401055408 0.5770804911323328 0.22823218997361477 0.5763983628922238 0.22856200527704484 0.6466575716234653 0.2279023746701847 0.6480218281036835 0.22691292875989447 0.6514324693042292 0.22526385224274406 0.6534788540245566 0.22427440633245382 0.6568894952251023 0.22262532981530342 0.6589358799454298 0.22163588390501318 0.6623465211459755 0.2199868073878628 0.6643929058663028 0.21899736147757257 0.6678035470668485 0.21734828496042216 0.669849931787176 0.21635883905013192 0.6732605729877217 0.21470976253298152 0.6753069577080492 0.21437994722955145 0.6773533424283765
0 0.28562005277044855 0.7810368349249659 0.22955145118733508 0.7810368349249659 0.229221635883905 0.6589358799454298 0.2312005277044855 0.654843110504775 0.23153034300791556 0.6527967257844475 0.23317941952506596 0.6507503410641201 0.23317941952506596 0.5770804911323328 0.28562005277044855 0.5763983628922238 0.2859498680738786 0.7803547066848567 0.28562005277044855 0.7810368349249659
0 0.3641160949868074 0.7810368349249659 0.29089709762532984 0.7810368349249659 0.2905672823218997 0.6234652114597544 0.3641160949868074 0.6227830832196453 0.3644459102902375 0.7803547066848567 0.3641160949868074 0.7810368349249659
0 0.2275725593667546 0.7810368349249659 0.18403693931398418 0.7810368349249659 0.18370712401055408 0.6862210095497954 0.2170184696569921 0.6855388813096862 0.22196569920844328 0.6753069577080492 0.2275725593667546 0.6623465211459755 0.2279023746701847 0.7803547066848567 0.2275725593667546 0.7810368349249659
0 0.17941952506596306 0.7810368349249659 0.11675461741424802 0.7810368349249659 0.11642480211081795 0.694406548431105 0.17941952506596306 0.6937244201909959 0.17974934036939313 0.7803547066848567 0.17941952506596306 0.7810368349249659
0 0.24802110817941952 0.9201909959072305 0.18931398416886544 0.9201909959072305 0.18898416886543534 0.800818553888131 0.24802110817941952 0.8001364256480218 0.2483509234828496 0.9195088676671214 0.24802110817941952 0.9201909959072305
0 0.3106860158311346 0.9201909959072305 0.2519788918205805 0.9201909959072305 0.2516490765171504 0.800818553888131 0.3106860158311346 0.8001364256480218 0.31101583113456466 0.9195088676671214 0.3106860158311346 0.9201909959072305