0 0.601965601965602 0.2504725897920605 0.5614250614250614 0.2504725897920605 0.5608108108108109 0.11531190926275993 0.601965601965602 0.11436672967863894 0.6025798525798526 0.2495274102079395 0.601965601965602 0.2504725897920605
0 0.816953316953317 0.2504725897920605 0.6105651105651105 0.2504725897920605 0.60995085995086 0.11531190926275993 0.816953316953317 0.11436672967863894 0.8175675675675675 0.2495274102079395 0.816953316953317 0.2504725897920605
0 0.9545454545454546 0.5775047258979206 0.8255528255528255 0.5775047258979206 0.8249385749385749 0.11531190926275993 0.9545454545454546 0.11436672967863894 0.9551597051597052 0.5765595463137996 0.9545454545454546 0.5775047258979206
0 0.2321867321867322 0.4905482041587902 0.02457002457002457 0.4905482041587902 0.023955773955773956 0.21172022684310018 0.2321867321867322 0.2107750472589792 0.2328009828009828 0.4896030245746692 0.2321867321867322 0.4905482041587902
0 0.371007371007371 0.46975425330812853 0.28501228501228504 0.46975425330812853 0.2843980343980344 0.4120982986767486 0.24201474201474202 0.4111531190926276 0.2414004914004914 0.21172022684310018 0.371007371007371 0.2107750472589792 0.3716216216216216 0.46880907372400754 0.371007371007371 0.46975425330812853
0 0.4987714987714988 0.46975425330812853 0.37223587223587223 0.46975425330812853 0.3716216216216216 0.21172022684310018 0.4987714987714988 0.2107750472589792 0.49938574938574937 0.46880907372400754 0.4987714987714988 0.46975425330812853
0 0.6498771498771498 0.3487712665406427 0.5085995085995086 0.3487712665406427 0.507985257985258 0.21172022684310018 0.5528255528255528 0.2107750472589792 0.5534398034398035 0.2627599243856333 0.6498771498771498 0.2637051039697543 0.6504914004914005 0.34782608695652173 0.6498771498771498 0.3487712665406427
0 0.7137592137592138 0.4111531190926276 0.6584766584766585 0.4111531190926276 0.6578624078624079 0.2646502835538752 0.7137592137592138 0.2637051039697543 0.7143734643734644 0.4102079395085066 0.7137592137592138 0.4111531190926276
0 0.816953316953317 0.5775047258979206 0.7235872235872236 0.5775047258979206 0.722972972972973 0.2646502835538752 0.816953316953317 0.2637051039697543 0.8175675675675675 0.5765595463137996 0.816953316953317 0.5775047258979206
0 0.581081081081081 0.44139886578449905 0.5085995085995086 0.44139886578449905 0.507985257985258 0.3629489603024575 0.6240786240786241 0.3620037807183365 0.6246928746928747 0.4102079395085066 0.5823095823095823 0.4111531190926276 0.5816953316953317 0.44045368620037806 0.581081081081081 0.44139886578449905
0 0.2764127764127764 0.4905482041587902 0.24201474201474202 0.4905482041587902 0.2414004914004914 0.42344045368620037 0.2764127764127764 0.4224952741020794 0.27702702702702703 0.4896030245746692 0.2764127764127764 0.4905482041587902
0 0.6240786240786241 0.5775047258979206 0.5085995085995086 0.5775047258979206 0.507985257985258 0.45368620037807184 0.5884520884520884 0.45274102079395084 0.5890663390663391 0.42344045368620037 0.6240786240786241 0.4224952741020794 0.6246928746928747 0.5765595463137996 0.6240786240786241 0.5775047258979206
0 0.7137592137592138 0.5775047258979206 0.6326781326781327 0.5775047258979206 0.6320638820638821 0.4612476370510397 0.6572481572481572 0.4603024574669187 0.6578624078624079 0.42344045368620037 0.7137592137592138 0.4224952741020794 0.7143734643734644 0.5765595463137996 0.7137592137592138 0.5775047258979206
0 0.3402948402948403 0.7514177693761814 0.24201474201474202 0.7514177693761814 0.2414004914004914 0.502835538752363 0.28378378378378377 0.501890359168242 0.2843980343980344 0.4820415879017013 0.3402948402948403 0.4810964083175803 0.3409090909090909 0.7504725897920604 0.3402948402948403 0.7514177693761814
0 0.41646191646191644 0.5604914933837429 0.3501228501228501 0.5604914933837429 0.3495085995085995 0.4820415879017013 0.41646191646191644 0.4810964083175803 0.41707616707616707 0.5595463137996219 0.41646191646191644 0.5604914933837429
0 0.4987714987714988 0.5604914933837429 0.4250614250614251 0.5604914933837429 0.42444717444717445 0.499054820415879 0.4348894348894349 0.498109640831758 0.4355036855036855 0.4820415879017013 0.4987714987714988 0.4810964083175803 0.49938574938574937 0.5595463137996219 0.4987714987714988 0.5604914933837429
0 0.2321867321867322 0.834593572778828 0.02457002457002457 0.834593572778828 0.023955773955773956 0.502835538752363 0.2321867321867322 0.501890359168242 0.2328009828009828 0.833648393194707 0.2321867321867322 0.834593572778828
0 0.4987714987714988 0.834593572778828 0.35135135135135137 0.834593572778828 0.35073710073710074 0.5746691871455577 0.4987714987714988 0.5737240075614367 0.49938574938574937 0.833648393194707 0.4987714987714988 0.834593572778828
0 0.26535626535626533 0.834593572778828 0.24201474201474202 0.834593572778828 0.2414004914004914 0.7637051039697542 0.26535626535626533 0.7627599243856332 0.26597051597051596 0.833648393194707 0.26535626535626533 0.834593572778828
0 0.3402948402948403 0.834593572778828 0.273955773955774 0.834593572778828 0.27334152334152334 0.7637051039697542 0.3402948402948403 0.7627599243856332 0.3409090909090909 0.833648393194707 0.3402948402948403 0.834593572778828