0 0.38095238095238093 0.47036290322580643 0.25520387795836896 0.47036290322580643 0.25506130595950954 0.4310483870967742 0.24836042201311662 0.4308467741935484 0.2482178500142572 0.3133064516129032 0.2557741659538067 0.3131048387096774 0.2559167379526661 0.2657258064516129 0.2902765896777873 0.2655241935483871 0.2904191616766467 0.25443548387096776 0.37268320501853436 0.2542338709677419 0.3728257770173938 0.2645161290322581 0.38095238095238093 0.26471774193548386 0.38109495295124035 0.47016129032258064 0.38095238095238093 0.47036290322580643
0 0.5029940119760479 0.4356854838709677 0.38551468491588253 0.4356854838709677 0.3853721129170231 0.26491935483870965 0.5029940119760479 0.26471774193548386 0.5031365839749073 0.43548387096774194 0.5029940119760479 0.4356854838709677
0 0.7174222982606216 0.601008064516129 0.6107784431137725 0.601008064516129 0.610635871114913 0.5971774193548387 0.6109210151126319 0.5967741935483871 0.6109210151126319 0.5294354838709677 0.6100655831194753 0.5282258064516129 0.6099230111206159 0.5276209677419355 0.6035072711719418 0.5189516129032258 0.6033646991730824 0.5183467741935484 0.6023666951810664 0.5173387096774194 0.602224123182207 0.5167338709677419 0.6012261191901911 0.5157258064516129 0.6010835471913316 0.5151209677419355 0.6000855431993156 0.5141129032258065 0.5999429712004563 0.5135080645161291 0.5989449672084403 0.5125 0.5988023952095808 0.5118951612903225 0.5978043912175649 0.5108870967741935 0.5976618192187054 0.5102822580645161 0.5966638152266894 0.5092741935483871 0.5965212432278301 0.5086693548387097 0.5955232392358141 0.5076612903225807 0.5953806672369547 0.5070564516129032 0.5943826632449387 0.5060483870967742 0.5942400912460792 0.5054435483870968 0.5932420872540634 0.5044354838709677 0.5930995152552039 0.5038306451612903 0.5921015112631879 0.5028225806451613 0.5919589392643285 0.5022177419354839 0.5909609352723125 0.5012096774193548 0.590818363273453 0.5006048387096774 0.5474764756201882 0.5006048387096774 0.5473339036213287 0.45806451612903226 0.5470487596236099 0.4576612903225806 0.5424864556601083 0.4508064516129032 0.5420587396635301 0.44979838709677417 0.5416310236669518 0.4495967741935484 0.5409181636726547 0.44818548387096774 0.5404904476760765 0.44798387096774195 0.5397775876817793 0.4465725806451613 0.539349871685201 0.44637096774193546 0.5386370116909039 0.4449596774193548 0.5382092956943256 0.44475806451612904 0.5377815796977473 0.44375 0.5373538637011691 0.4435483870967742 0.5370687197034503 0.442741935483871 0.5369261477045908 0.44213709677419355 0.5359281437125748 0.4411290322580645 0.5357855717137154 0.4405241935483871 0.5347875677216994 0.43951612903225806 0.5346449957228401 0.43891129032258064 0.5336469917308241 0.43790322580645163 0.5335044197319646 0.4372983870967742 0.5325064157399487 0.43629032258064515 0.5323638437410892 0.4356854838709677 0.5067008839463929 0.4356854838709677 0.5065583119475335 0.26491935483870965 0.5523239235814086 0.26471774193548386 0.5524664955802681 0.4241935483870968 0.5731394354148845 0.4534274193548387 0.6569717707442259 0.4534274193548387 0.6571143427430852 0.5290322580645161 0.7174222982606216 0.5292338709677419 0.717564870259481 0.6008064516129032 0.7174222982606216 0.601008064516129
0 0.41174793270601656 0.47036290322580643 0.38551468491588253 0.47036290322580643 0.3853721129170231 0.43911290322580643 0.41174793270601656 0.43891129032258064 0.411890504704876 0.47016129032258064 0.41174793270601656 0.47036290322580643
0 0.6880524664955803 0.5247983870967742 0.6601083547191332 0.5247983870967742 0.6599657827202737 0.4536290322580645 0.6880524664955803 0.4534274193548387 0.6881950384944396 0.5245967741935483 0.6880524664955803 0.5247983870967742
0 0.7174222982606216 0.5247983870967742 0.6900484744796122 0.5247983870967742 0.6899059024807528 0.4536290322580645 0.7174222982606216 0.4534274193548387 0.717564870259481 0.5245967741935483 0.7174222982606216 0.5247983870967742
0 0.49957228400342174 0.6610887096774194 0.4248645566010835 0.6610887096774194 0.4247219846022241 0.45403225806451614 0.5383518676931851 0.45383064516129035 0.5386370116909039 0.45463709677419356 0.539349871685201 0.455241935483871 0.5397775876817793 0.45625 0.5404904476760765 0.4568548387096774 0.5409181636726547 0.4578629032258065 0.5416310236669518 0.4584677419354839 0.5420587396635301 0.4594758064516129 0.5427715996578272 0.4600806451612903 0.5431993156544055 0.46108870967741933 0.5439121756487026 0.46169354838709675 0.5441973196464215 0.4625 0.5441973196464215 0.5987903225806451 0.5437696036498432 0.5993951612903226 0.5427715996578272 0.6004032258064517 0.5426290276589678 0.601008064516129 0.5416310236669518 0.6020161290322581 0.5414884516680923 0.6026209677419355 0.5404904476760765 0.6036290322580645 0.540347875677217 0.604233870967742 0.539349871685201 0.605241935483871 0.5392072996863416 0.6058467741935484 0.5382092956943256 0.6068548387096774 0.5380667236954663 0.6074596774193548 0.5370687197034503 0.6084677419354839 0.5369261477045908 0.6090725806451613 0.5359281437125748 0.6100806451612903 0.5357855717137154 0.6106854838709678 0.5329341317365269 0.6143145161290322 0.5325064157399487 0.614516129032258 0.5323638437410892 0.6151209677419355 0.5313658397490733 0.6161290322580645 0.5312232677502139 0.6167338709677419 0.5302252637581979 0.617741935483871 0.5300826917593384 0.6183467741935483 0.5290846877673225 0.6193548387096774 0.5289421157684631 0.6199596774193549 0.5282292557741659 0.6205645161290323 0.5278015397775877 0.6215725806451613 0.5270886797832905 0.6221774193548387 0.5266609637867123 0.6231854838709677 0.5259481037924152 0.6237903225806452 0.5255203877958369 0.6247983870967742 0.5248075278015398 0.6254032258064516 0.5243798118049615 0.6264112903225807 0.5236669518106644 0.6270161290322581 0.5232392358140862 0.6280241935483871 0.522526375819789 0.6286290322580645 0.5220986598232107 0.6296370967741935 0.521528371827773 0.6296370967741935 0.5206729398346165 0.63125 0.5202452238380382 0.6314516129032258 0.5195323638437411 0.6328629032258064 0.5191046478471628 0.6330645161290323 0.5183917878528657 0.634475806451613 0.5179640718562875 0.6346774193548387 0.5172512118619903 0.6360887096774194 0.516823495865412 0.6362903225806451 0.5161106358711149 0.6377016129032258 0.5156829198745366 0.6379032258064516 0.5152552038779584 0.6389112903225806 0.5145423438836613 0.6395161290322581 0.514114627887083 0.6405241935483871 0.5134017678927859 0.6411290322580645 0.5129740518962076 0.6421370967741935 0.5122611919019104 0.6427419354838709 0.5118334759053322 0.64375 0.5111206159110351 0.6443548387096775 0.5106928999144568 0.6453629032258065 0.5101226119190191 0.6453629032258065 0.49971485600228116 0.660483870967742 0.49957228400342174 0.6610887096774194
0 0.37952666096378673 0.7014112903225806 0.26119190191046476 0.7014112903225806 0.26104932991160534 0.4907258064516129 0.41003706871970347 0.4905241935483871 0.4101796407185629 0.6596774193548387 0.4090390647276875 0.6608870967741935 0.40889649272882805 0.661491935483871 0.4078984887368121 0.6625 0.40775591673795264 0.6631048387096774 0.4067579127459367 0.6641129032258064 0.4066153407470773 0.6647177419354838 0.4056173367550613 0.665725806451613 0.40547476475620187 0.6663306451612904 0.4049044767607642 0.6663306451612904 0.4044767607641859 0.6669354838709678 0.4043341887653265 0.6675403225806451 0.4033361847733105 0.6685483870967742 0.4031936127744511 0.6691532258064516 0.40219560878243515 0.6701612903225806 0.4020530367835757 0.6707661290322581 0.40105503279155974 0.6717741935483871 0.4009124607927003 0.6723790322580645 0.39948674080410607 0.6739919354838709 0.39877388080980897 0.6745967741935484 0.3983461648132307 0.6756048387096775 0.39763330481893355 0.6762096774193549 0.3972055888223553 0.6772177419354839 0.3964927288280582 0.6778225806451613 0.3960650128314799 0.6788306451612903 0.3956372968349016 0.6790322580645162 0.3949244368406045 0.6804435483870968 0.38979184488166524 0.6872983870967742 0.38465925292272596 0.6941532258064517 0.37966923296264615 0.7008064516129032 0.37952666096378673 0.7014112903225806
0 0.6073567151411463 0.5973790322580645 0.5474764756201882 0.5973790322580645 0.5473339036213287 0.505241935483871 0.5888223552894212 0.5050403225806451 0.58910749928714 0.5054435483870968 0.5898203592814372 0.5060483870967742 0.5902480752780154 0.5070564516129032 0.5909609352723125 0.5076612903225807 0.5913886512688908 0.5086693548387097 0.5921015112631879 0.5092741935483871 0.5925292272597662 0.5102822580645161 0.5932420872540634 0.5108870967741935 0.5936698032506416 0.5118951612903225 0.5943826632449387 0.5125 0.5948103792415169 0.5135080645161291 0.5955232392358141 0.5141129032258065 0.5959509552323924 0.5151209677419355 0.5966638152266894 0.5157258064516129 0.5970915312232677 0.5167338709677419 0.5978043912175649 0.5173387096774194 0.5982321072141431 0.5183467741935484 0.5989449672084403 0.5189516129032258 0.5993726832050186 0.5199596774193549 0.6000855431993156 0.5205645161290322 0.6005132591958939 0.5215725806451613 0.6012261191901911 0.5221774193548387 0.6016538351867693 0.5231854838709677 0.6023666951810664 0.5237903225806452 0.6027944111776448 0.5247983870967742 0.6035072711719418 0.5254032258064516 0.6039349871685201 0.5264112903225806 0.6043627031650983 0.5266129032258065 0.6047904191616766 0.5276209677419355 0.6055032791559738 0.5282258064516129 0.605930995152552 0.5292338709677419 0.6066438551468492 0.5298387096774193 0.6070715711434275 0.5308467741935484 0.6076418591388651 0.5308467741935484 0.6074992871400057 0.5971774193548387 0.6073567151411463 0.5973790322580645
0 0.7174222982606216 0.7046370967741935 0.624750499001996 0.7046370967741935 0.6244653550042771 0.7042338709677419 0.6216139150270886 0.7042338709677419 0.6213287710293698 0.7038306451612903 0.6201881950384944 0.7038306451612903 0.6193327630453379 0.7026209677419355 0.6187624750499002 0.7022177419354839 0.6180496150556031 0.7016129032258065 0.6179070430567437 0.7010080645161291 0.6173367550613059 0.7010080645161291 0.6161961790704306 0.6993951612903225 0.6156258910749929 0.698991935483871 0.6151981750784146 0.6987903225806451 0.6146278870829769 0.6975806451612904 0.614342743085258 0.6967741935483871 0.6142001710863987 0.6961693548387097 0.6137724550898204 0.6959677419354838 0.6134873110921015 0.6951612903225807 0.6129170230966638 0.6939516129032258 0.6127744510978044 0.6933467741935484 0.6123467351012262 0.6931451612903226 0.6123467351012262 0.6923387096774194 0.6114913031080695 0.6911290322580645 0.6114913031080695 0.6903225806451613 0.6112061591103507 0.6899193548387097 0.6112061591103507 0.6875 0.6109210151126319 0.6870967741935484 0.610635871114913 0.6862903225806452 0.610635871114913 0.6056451612903225 0.7174222982606216 0.6054435483870968 0.717564870259481 0.7044354838709678 0.7174222982606216 0.7046370967741935
0 0.4086113487311092 0.7816532258064516 0.3735386370116909 0.7816532258064516 0.37339606501283146 0.7133064516129032 0.3840889649272883 0.7131048387096774 0.3842315369261477 0.7024193548387097 0.39093242087254065 0.6933467741935484 0.3964927288280582 0.6858870967741936 0.3966353008269176 0.6852822580645161 0.3972055888223553 0.6848790322580646 0.39763330481893355 0.6846774193548387 0.3980610208155118 0.6836693548387097 0.39877388080980897 0.6830645161290323 0.3992015968063872 0.6820564516129032 0.3999144568006843 0.6814516129032258 0.40034217279726264 0.6804435483870968 0.40105503279155974 0.6798387096774193 0.401482748788138 0.6788306451612903 0.40219560878243515 0.6782258064516129 0.4026233247790134 0.6772177419354839 0.4033361847733105 0.6766129032258065 0.40347875677216993 0.676008064516129 0.40404904476760767 0.6756048387096775 0.4044767607641859 0.6754032258064516 0.405189620758483 0.6739919354838709 0.4056173367550613 0.6737903225806452 0.40633019674935844 0.6723790322580645 0.4067579127459367 0.6721774193548387 0.4074707727402338 0.6707661290322581 0.4078984887368121 0.6705645161290322 0.4086113487311092 0.6691532258064516 0.4090390647276875 0.6689516129032258 0.40975192472198463 0.6675403225806451 0.4103222127174223 0.6671370967741935 0.49957228400342174 0.6671370967741935 0.49971485600228116 0.7629032258064516 0.40889649272882805 0.7631048387096774 0.40875392072996863 0.7814516129032258 0.4086113487311092 0.7816532258064516
0 0.3706871970345024 0.8538306451612904 0.26119190191046476 0.8538306451612904 0.26104932991160534 0.707258064516129 0.3706871970345024 0.7070564516129032 0.37082976903336184 0.8536290322580645 0.3706871970345024 0.8538306451612904
0 0.4086113487311092 0.8538306451612904 0.3735386370116909 0.8538306451612904 0.37339606501283146 0.785483870967742 0.4086113487311092 0.7852822580645161 0.40875392072996863 0.8536290322580645 0.4086113487311092 0.8538306451612904