0 0.6365503080082136 0.3746648793565684 0.5112936344969199 0.3746648793565684 0.5102669404517454 0.2064343163538874 0.6365503080082136 0.20576407506702413 0.6375770020533881 0.3739946380697051 0.6365503080082136 0.3746648793565684
0 0.8891170431211499 0.3746648793565684 0.6386036960985626 0.3746648793565684 0.6375770020533881 0.2064343163538874 0.8891170431211499 0.20576407506702413 0.8901437371663244 0.3739946380697051 0.8891170431211499 0.3746648793565684
0 0.3593429158110883 0.5650134048257373 0.059548254620123205 0.5650134048257373 0.058521560574948665 0.20911528150134048 0.4353182751540041 0.2084450402144772 0.43634496919917864 0.3806970509383378 0.3613963039014374 0.38136729222520105 0.3603696098562628 0.564343163538874 0.3593429158110883 0.5650134048257373
0 0.6365503080082136 0.6521447721179625 0.5112936344969199 0.6521447721179625 0.5102669404517454 0.3820375335120643 0.6365503080082136 0.38136729222520105 0.6375770020533881 0.6514745308310992 0.6365503080082136 0.6521447721179625
0 0.8891170431211499 0.5663538873994638 0.648870636550308 0.5663538873994638 0.6478439425051334 0.3820375335120643 0.8891170431211499 0.38136729222520105 0.8901437371663244 0.5656836461126006 0.8891170431211499 0.5663538873994638
0 0.26078028747433263 0.7432975871313673 0.059548254620123205 0.7432975871313673 0.058521560574948665 0.5656836461126006 0.26078028747433263 0.5650134048257373 0.2618069815195072 0.7426273458445041 0.26078028747433263 0.7432975871313673
0 0.4353182751540041 0.7432975871313673 0.26283367556468173 0.7432975871313673 0.2618069815195072 0.5656836461126006 0.34496919917864477 0.5650134048257373 0.3459958932238193 0.6729222520107239 0.4353182751540041 0.6735924932975871 0.43634496919917864 0.7426273458445041 0.4353182751540041 0.7432975871313673
0 0.8891170431211499 0.7446380697050938 0.648870636550308 0.7446380697050938 0.6478439425051334 0.5737265415549598 0.8891170431211499 0.5730563002680965 0.8901437371663244 0.7439678284182306 0.8891170431211499 0.7446380697050938
0 0.4353182751540041 0.6655495978552279 0.35728952772073924 0.6655495978552279 0.35626283367556466 0.5750670241286864 0.4353182751540041 0.574396782841823 0.43634496919917864 0.6648793565683646 0.4353182751540041 0.6655495978552279
0 0.6386036960985626 0.7446380697050938 0.5092402464065708 0.7446380697050938 0.5082135523613963 0.6581769436997319 0.6386036960985626 0.6575067024128687 0.6396303901437371 0.7439678284182306 0.6386036960985626 0.7446380697050938
0 0.4414784394250513 0.8880697050938338 0.33880903490759756 0.8880697050938338 0.337782340862423 0.7640750670241286 0.4414784394250513 0.7634048257372654 0.44250513347022585 0.8873994638069705 0.4414784394250513 0.8880697050938338