0 0.3231270358306189 0.6319942611190817 0.20586319218241042 0.6319942611190817 0.20553745928338762 0.1649928263988522 0.41172638436482084 0.1642754662840746 0.41205211726384366 0.34576757532281205 0.37654723127035833 0.3464849354375897 0.3762214983713355 0.4734576757532281 0.3478827361563518 0.47417503586800575 0.34755700325732897 0.43615494978479197 0.3237785016286645 0.43543758967001434 0.3234527687296417 0.6312769010043041 0.3231270358306189 0.6319942611190817
0 0.8175895765472313 0.4799139167862267 0.6501628664495114 0.4799139167862267 0.6498371335504886 0.1678622668579627 0.8560260586319218 0.16714490674318508 0.8563517915309447 0.3400286944045911 0.8182410423452768 0.34074605451936874 0.8179153094462541 0.47919655667144906 0.8175895765472313 0.4799139167862267
0 0.8944625407166124 0.5817790530846485 0.6684039087947883 0.5817790530846485 0.6680781758957655 0.4806312769010043 0.8175895765472313 0.4799139167862267 0.8179153094462541 0.34146341463414637 0.8560260586319218 0.34074605451936874 0.8563517915309447 0.3486370157819225 0.8794788273615635 0.34935437589670015 0.8798045602605863 0.47776183644189385 0.8944625407166124 0.4784791965566714 0.8947882736156352 0.5810616929698709 0.8944625407166124 0.5817790530846485
0 0.39087947882736157 0.7998565279770444 0.3237785016286645 0.7998565279770444 0.3234527687296417 0.43615494978479197 0.3472312703583062 0.43543758967001434 0.34755700325732897 0.4734576757532281 0.3758957654723127 0.47417503586800575 0.3762214983713355 0.3472022955523673 0.43517915309446253 0.3464849354375897 0.43550488599348536 0.5781922525107605 0.3739413680781759 0.578909612625538 0.3736156351791531 0.5853658536585366 0.39087947882736157 0.5860832137733142 0.39120521172638434 0.7991391678622669 0.39087947882736157 0.7998565279770444
0 0.5120521172638437 0.578909612625538 0.43973941368078173 0.578909612625538 0.43941368078175896 0.4763271162123386 0.5120521172638437 0.47560975609756095 0.5123778501628664 0.5781922525107605 0.5120521172638437 0.578909612625538
0 0.12312703583061889 0.6707317073170732 0.05928338762214984 0.6707317073170732 0.058957654723127036 0.47776183644189385 0.12312703583061889 0.4770444763271162 0.1234527687296417 0.6700143472022956 0.12312703583061889 0.6707317073170732
0 0.2013029315960912 0.7152080344332855 0.12638436482084692 0.7152080344332855 0.1260586319218241 0.47776183644189385 0.2013029315960912 0.4770444763271162 0.20162866449511402 0.7144906743185079 0.2013029315960912 0.7152080344332855
0 0.955700325732899 0.6076040172166427 0.9302931596091205 0.6076040172166427 0.9299674267100977 0.569583931133429 0.8977198697068404 0.5688665710186513 0.8973941368078175 0.47919655667144906 0.955700325732899 0.4784791965566714 0.9560260586319218 0.6068866571018652 0.955700325732899 0.6076040172166427
0 0.6644951140065146 0.802725968436155 0.5713355048859935 0.802725968436155 0.5710097719869707 0.48206599713055953 0.6462540716612378 0.4813486370157819 0.6465798045602605 0.48637015781922527 0.6644951140065146 0.48708751793400284 0.6648208469055374 0.5882352941176471 0.6820846905537459 0.5889526542324247 0.6824104234527687 0.7173601147776184 0.6651465798045603 0.7180774748923959 0.6648208469055374 0.8020086083213773 0.6644951140065146 0.802725968436155
0 0.955700325732899 0.802725968436155 0.8625407166123779 0.802725968436155 0.862214983713355 0.5882352941176471 0.8938110749185668 0.5875179340028694 0.8941368078175895 0.6140602582496413 0.8970684039087948 0.6147776183644189 0.8973941368078175 0.5767575322812052 0.9263843648208469 0.5760401721664276 0.9267100977198697 0.6140602582496413 0.955700325732899 0.6147776183644189 0.9560260586319218 0.8020086083213773 0.955700325732899 0.802725968436155
0 0.5120521172638437 0.7998565279770444 0.3941368078175896 0.7998565279770444 0.39381107491856676 0.5868005738880918 0.5120521172638437 0.5860832137733142 0.5123778501628664 0.7991391678622669 0.5120521172638437 0.7998565279770444
0 0.8586319218241042 0.802725968436155 0.6684039087947883 0.802725968436155 0.6680781758957655 0.7259684361549498 0.6853420195439739 0.7252510760401721 0.6856677524429967 0.5882352941176471 0.8586319218241042 0.5875179340028694 0.858957654723127 0.8020086083213773 0.8586319218241042 0.802725968436155
0 0.3198697068403909 0.7998565279770444 0.20586319218241042 0.7998565279770444 0.20553745928338762 0.6327116212338594 0.3231270358306189 0.6319942611190817 0.3234527687296417 0.7474892395982783 0.3205211726384365 0.7482065997130559 0.32019543973941367 0.7991391678622669 0.3198697068403909 0.7998565279770444
0 0.12312703583061889 0.7998565279770444 0.05928338762214984 0.7998565279770444 0.058957654723127036 0.6786226685796269 0.12312703583061889 0.6779053084648493 0.1234527687296417 0.7991391678622669 0.12312703583061889 0.7998565279770444
0 0.2013029315960912 0.7998565279770444 0.12638436482084692 0.7998565279770444 0.1260586319218241 0.7230989956958394 0.2013029315960912 0.7223816355810617 0.20162866449511402 0.7991391678622669 0.2013029315960912 0.7998565279770444