0 0.32887700534759357 0.4352836879432624 0.0748663101604278 0.4352836879432624 0.07352941176470588 0.14893617021276595 0.32887700534759357 0.14804964539007093 0.3302139037433155 0.43439716312056736 0.32887700534759357 0.4352836879432624
0 0.6844919786096256 0.4423758865248227 0.3422459893048128 0.4423758865248227 0.3409090909090909 0.14893617021276595 0.93048128342246 0.14804964539007093 0.9318181818181818 0.29609929078014185 0.6871657754010695 0.2969858156028369 0.6858288770053476 0.44148936170212766 0.6844919786096256 0.4423758865248227
0 0.93048128342246 0.43351063829787234 0.7005347593582888 0.43351063829787234 0.6991978609625669 0.2978723404255319 0.93048128342246 0.2969858156028369 0.9318181818181818 0.4326241134751773 0.93048128342246 0.43351063829787234
0 0.22727272727272727 0.5062056737588653 0.0748663101604278 0.5062056737588653 0.07352941176470588 0.4432624113475177 0.22727272727272727 0.4423758865248227 0.2286096256684492 0.5053191489361702 0.22727272727272727 0.5062056737588653
0 0.7433155080213903 0.6391843971631206 0.5909090909090909 0.6391843971631206 0.589572192513369 0.5070921985815603 0.24331550802139038 0.5062056737588653 0.24197860962566844 0.4432624113475177 0.8181818181818182 0.4423758865248227 0.81951871657754 0.5053191489361702 0.7459893048128342 0.5062056737588653 0.7446524064171123 0.6382978723404256 0.7433155080213903 0.6391843971631206
0 0.93048128342246 0.5062056737588653 0.820855614973262 0.5062056737588653 0.81951871657754 0.4432624113475177 0.93048128342246 0.4423758865248227 0.9318181818181818 0.5053191489361702 0.93048128342246 0.5062056737588653
0 0.32085561497326204 0.7189716312056738 0.0748663101604278 0.7189716312056738 0.07352941176470588 0.5159574468085106 0.32085561497326204 0.5150709219858156 0.32219251336898397 0.7180851063829787 0.32085561497326204 0.7189716312056738
0 0.5748663101604278 0.7189716312056738 0.3342245989304813 0.7189716312056738 0.33288770053475936 0.5159574468085106 0.5748663101604278 0.5150709219858156 0.5762032085561497 0.7180851063829787 0.5748663101604278 0.7189716312056738
0 0.93048128342246 0.6143617021276596 0.7593582887700535 0.6143617021276596 0.7580213903743316 0.5159574468085106 0.93048128342246 0.5150709219858156 0.9318181818181818 0.6134751773049646 0.93048128342246 0.6143617021276596
0 0.9251336898395722 0.7136524822695035 0.767379679144385 0.7136524822695035 0.766042780748663 0.625886524822695 0.9251336898395722 0.625 0.9264705882352942 0.7127659574468085 0.9251336898395722 0.7136524822695035
0 0.7433155080213903 0.7189716312056738 0.5909090909090909 0.7189716312056738 0.589572192513369 0.6471631205673759 0.7433155080213903 0.6462765957446809 0.7446524064171123 0.7180851063829787 0.7433155080213903 0.7189716312056738
0 0.9331550802139037 0.8519503546099291 0.7540106951871658 0.8519503546099291 0.7526737967914439 0.8014184397163121 0.9331550802139037 0.800531914893617 0.9344919786096256 0.851063829787234 0.9331550802139037 0.8519503546099291
0 0.9331550802139037 0.9069148936170213 0.7540106951871658 0.9069148936170213 0.7526737967914439 0.8528368794326241 0.9331550802139037 0.8519503546099291 0.9344919786096256 0.9060283687943262 0.9331550802139037 0.9069148936170213