0 0.34378563283922464 0.4526209677419355 0.17930444697833522 0.4526209677419355 0.1791619156214367 0.23266129032258065 0.34378563283922464 0.23245967741935483 0.34392816419612315 0.45241935483870965 0.34378563283922464 0.4526209677419355
0 0.5339224629418472 0.5429435483870968 0.34749144811858607 0.5429435483870968 0.34734891676168755 0.23266129032258065 0.580102622576967 0.23245967741935483 0.5802451539338654 0.425 0.5339224629418472 0.42520161290322583 0.5337799315849487 0.535483870967742 0.5340649942987458 0.5358870967741935 0.5340649942987458 0.542741935483871 0.5339224629418472 0.5429435483870968
0 0.7665336374002281 0.4195564516129032 0.5846636259977195 0.4195564516129032 0.584521094640821 0.23266129032258065 0.7665336374002281 0.23245967741935483 0.7666761687571265 0.41935483870967744 0.7665336374002281 0.4195564516129032
0 0.9387115165336374 0.3606854838709677 0.7793614595210946 0.3606854838709677 0.7792189281641961 0.23266129032258065 0.9387115165336374 0.23245967741935483 0.938854047890536 0.3604838709677419 0.9387115165336374 0.3606854838709677
0 0.951824401368301 0.7586693548387097 0.7819270239452679 0.7586693548387097 0.7817844925883695 0.3778225806451613 0.951824401368301 0.3776209677419355 0.9519669327251995 0.7584677419354838 0.951824401368301 0.7586693548387097
0 0.6220068415051311 0.7364919354838709 0.5381984036488028 0.7364919354838709 0.5380558722919042 0.6326612903225807 0.564994298745724 0.6324596774193548 0.5651368301026226 0.6294354838709677 0.5381984036488028 0.629233870967742 0.5380558722919042 0.5358870967741935 0.5339224629418472 0.5356854838709677 0.5337799315849487 0.4254032258064516 0.6259977194982896 0.42520161290322583 0.6261402508551881 0.6358870967741935 0.6222919042189282 0.6360887096774194 0.6221493728620296 0.7362903225806452 0.6220068415051311 0.7364919354838709
0 0.7032497149372862 0.5296370967741936 0.6302736602052451 0.5296370967741936 0.6301311288483467 0.4254032258064516 0.7032497149372862 0.42520161290322583 0.7033922462941847 0.5294354838709677 0.7032497149372862 0.5296370967741936
0 0.7665336374002281 0.5296370967741936 0.7075256556442417 0.5296370967741936 0.7073831242873432 0.4254032258064516 0.7665336374002281 0.42520161290322583 0.7666761687571265 0.5294354838709677 0.7665336374002281 0.5296370967741936
0 0.26567844925883694 0.5804435483870968 0.18358038768529075 0.5804435483870968 0.18343785632839224 0.4600806451612903 0.26567844925883694 0.45987903225806454 0.26582098061573545 0.5802419354838709 0.26567844925883694 0.5804435483870968
0 0.34378563283922464 0.5804435483870968 0.2725199543899658 0.5804435483870968 0.2723774230330673 0.4600806451612903 0.34378563283922464 0.45987903225806454 0.34392816419612315 0.5802419354838709 0.34378563283922464 0.5804435483870968
0 0.7665336374002281 0.7364919354838709 0.6302736602052451 0.7364919354838709 0.6301311288483467 0.535483870967742 0.7665336374002281 0.5352822580645161 0.7666761687571265 0.7362903225806452 0.7665336374002281 0.7364919354838709
0 0.5339224629418472 0.7364919354838709 0.34749144811858607 0.7364919354838709 0.34734891676168755 0.5431451612903225 0.5339224629418472 0.5429435483870968 0.5340649942987458 0.7362903225806452 0.5339224629418472 0.7364919354838709
0 0.34378563283922464 0.7364919354838709 0.17930444697833522 0.7364919354838709 0.1791619156214367 0.5875 0.34378563283922464 0.5872983870967742 0.34392816419612315 0.7362903225806452 0.34378563283922464 0.7364919354838709