0 0.3382352941176471 0.3270944741532977 0.166289592760181 0.3270944741532977 0.16572398190045248 0.08021390374331551 0.3382352941176471 0.07932263814616755 0.3388009049773756 0.32620320855614976 0.3382352941176471 0.3270944741532977
0 0.4841628959276018 0.3270944741532977 0.3438914027149321 0.3270944741532977 0.3433257918552036 0.08021390374331551 0.4841628959276018 0.07932263814616755 0.4847285067873303 0.32620320855614976 0.4841628959276018 0.3270944741532977
0 0.6074660633484162 0.3270944741532977 0.48981900452488686 0.3270944741532977 0.48925339366515835 0.08021390374331551 0.6074660633484162 0.07932263814616755 0.6080316742081447 0.32620320855614976 0.6074660633484162 0.3270944741532977
0 0.6934389140271493 0.2985739750445633 0.6131221719457014 0.2985739750445633 0.6125565610859729 0.08021390374331551 0.6719457013574661 0.07932263814616755 0.6725113122171946 0.15151515151515152 0.6736425339366516 0.1532976827094474 0.6747737556561086 0.1568627450980392 0.6759049773755657 0.16042780748663102 0.6770361990950227 0.16399286987522282 0.6792986425339367 0.16934046345811052 0.6804298642533937 0.17290552584670232 0.6815610859728507 0.17647058823529413 0.6826923076923077 0.1800356506238859 0.6838235294117647 0.1836007130124777 0.6849547511312217 0.18716577540106952 0.6860859728506787 0.19073083778966132 0.6883484162895928 0.19607843137254902 0.6883484162895928 0.19964349376114082 0.6906108597285068 0.20320855614973263 0.6917420814479638 0.20677361853832443 0.6928733031674208 0.2103386809269162 0.6940045248868778 0.21390374331550802 0.6940045248868778 0.2976827094474153 0.6934389140271493 0.2985739750445633
0 0.7590497737556561 0.20766488413547238 0.6968325791855203 0.20766488413547238 0.6951357466063348 0.20320855614973263 0.6951357466063348 0.19964349376114082 0.6940045248868778 0.19786096256684493 0.6917420814479638 0.1925133689839572 0.6906108597285068 0.1889483065953654 0.6894796380090498 0.18538324420677363 0.6883484162895928 0.18181818181818182 0.6872171945701357 0.17825311942959002 0.6849547511312217 0.17290552584670232 0.6838235294117647 0.16934046345811052 0.6838235294117647 0.1657754010695187 0.6826923076923077 0.16399286987522282 0.6804298642533937 0.1586452762923351 0.6792986425339367 0.15508021390374332 0.6781674208144797 0.15151515151515152 0.6770361990950227 0.14795008912655971 0.6770361990950227 0.08021390374331551 0.7590497737556561 0.07932263814616755 0.7596153846153846 0.20677361853832443 0.7590497737556561 0.20766488413547238
0 0.9332579185520362 0.21301247771836007 0.7714932126696833 0.21301247771836007 0.7709276018099548 0.08021390374331551 0.9332579185520362 0.07932263814616755 0.9338235294117647 0.21212121212121213 0.9332579185520362 0.21301247771836007
0 0.7590497737556561 0.2985739750445633 0.6979638009049773 0.2985739750445633 0.6973981900452488 0.21568627450980393 0.7590497737556561 0.21479500891265596 0.7596153846153846 0.2976827094474153 0.7590497737556561 0.2985739750445633
0 0.9468325791855203 0.6229946524064172 0.7748868778280543 0.6229946524064172 0.7743212669683258 0.23529411764705882 0.9468325791855203 0.23440285204991088 0.9473981900452488 0.6221033868092691 0.9468325791855203 0.6229946524064172
0 0.7590497737556561 0.4554367201426025 0.6131221719457014 0.4554367201426025 0.6125565610859729 0.3048128342245989 0.7590497737556561 0.30392156862745096 0.7596153846153846 0.45454545454545453 0.7590497737556561 0.4554367201426025
0 0.584841628959276 0.7014260249554367 0.166289592760181 0.7014260249554367 0.16572398190045248 0.3333333333333333 0.3597285067873303 0.3324420677361854 0.3602941176470588 0.33868092691622104 0.3925339366515837 0.339572192513369 0.3930995475113122 0.3333333333333333 0.6074660633484162 0.3324420677361854 0.6080316742081447 0.45989304812834225 0.5859728506787331 0.46078431372549017 0.5854072398190046 0.7005347593582888 0.584841628959276 0.7014260249554367
0 0.6957013574660633 0.7014260249554367 0.5893665158371041 0.7014260249554367 0.5888009049773756 0.5258467023172906 0.5859728506787331 0.5249554367201426 0.5854072398190046 0.46167557932263814 0.6074660633484162 0.46078431372549017 0.6085972850678733 0.4625668449197861 0.6957013574660633 0.4625668449197861 0.6962669683257918 0.7005347593582888 0.6957013574660633 0.7014260249554367
0 0.7590497737556561 0.5606060606060606 0.7002262443438914 0.5606060606060606 0.6996606334841629 0.46345811051693403 0.7590497737556561 0.4625668449197861 0.7596153846153846 0.5597147950089126 0.7590497737556561 0.5606060606060606
0 0.7590497737556561 0.7014260249554367 0.7002262443438914 0.7014260249554367 0.6996606334841629 0.5686274509803921 0.7590497737556561 0.5677361853832442 0.7596153846153846 0.7005347593582888 0.7590497737556561 0.7014260249554367