0 0.17234262125902994 0.5287234042553192 0.04437564499484004 0.5287234042553192 0.043859649122807015 0.1276595744680851 0.17234262125902994 0.12659574468085105 0.17285861713106296 0.5276595744680851 0.17234262125902994 0.5287234042553192
0 0.21775025799793601 0.22659574468085106 0.17956656346749225 0.22659574468085106 0.17905056759545923 0.1276595744680851 0.21775025799793601 0.12659574468085105 0.21826625386996903 0.225531914893617 0.21775025799793601 0.22659574468085106
0 0.6274509803921569 0.524468085106383 0.5149638802889577 0.524468085106383 0.5144478844169247 0.13404255319148936 0.6883384932920537 0.13297872340425532 0.6888544891640866 0.502127659574468 0.628482972136223 0.5031914893617021 0.6279669762641898 0.5234042553191489 0.6274509803921569 0.524468085106383
0 0.22291021671826625 0.8031914893617021 0.15892672858617132 0.8031914893617021 0.15841073271413827 0.5425531914893617 0.1785345717234262 0.5414893617021277 0.17905056759545923 0.23829787234042554 0.21775025799793601 0.2372340425531915 0.21826625386996903 0.2531914893617021 0.22291021671826625 0.2542553191489362 0.22342621259029927 0.8021276595744681 0.22291021671826625 0.8031914893617021
0 0.37048503611971106 0.5117021276595745 0.22394220846233232 0.5117021276595745 0.22342621259029927 0.2553191489361702 0.37048503611971106 0.2542553191489362 0.37100103199174406 0.5106382978723404 0.37048503611971106 0.5117021276595745
0 0.4695562435500516 0.5117021276595745 0.3766769865841073 0.5117021276595745 0.3761609907120743 0.2553191489361702 0.4695562435500516 0.2542553191489362 0.47007223942208465 0.5106382978723404 0.4695562435500516 0.5117021276595745
0 0.7905056759545923 0.49042553191489363 0.6965944272445821 0.49042553191489363 0.696078431372549 0.26170212765957446 0.7905056759545923 0.26063829787234044 0.7910216718266254 0.3 0.8121775025799793 0.30106382978723406 0.8126934984520123 0.42340425531914894 0.7915376676986584 0.42446808510638295 0.7910216718266254 0.48936170212765956 0.7905056759545923 0.49042553191489363
0 0.9391124871001032 0.526595744680851 0.7977296181630547 0.526595744680851 0.7972136222910217 0.425531914893617 0.8121775025799793 0.42446808510638295 0.8126934984520123 0.3021276595744681 0.7915376676986584 0.30106382978723406 0.7910216718266254 0.26170212765957446 0.9391124871001032 0.26063829787234044 0.9396284829721362 0.5255319148936171 0.9391124871001032 0.526595744680851
0 0.6934984520123839 0.8053191489361702 0.628482972136223 0.8053191489361702 0.6279669762641898 0.5042553191489362 0.7915376676986584 0.5031914893617021 0.7920536635706914 0.5361702127659574 0.8338493292053664 0.5372340425531915 0.8343653250773994 0.6787234042553192 0.6945304437564499 0.6797872340425531 0.6940144478844169 0.8042553191489362 0.6934984520123839 0.8053191489361702
0 0.3849329205366357 0.8031914893617021 0.27657378740970073 0.8031914893617021 0.2760577915376677 0.7404255319148936 0.2301341589267286 0.7393617021276596 0.22961816305469557 0.5234042553191489 0.27450980392156865 0.5223404255319148 0.27502579979360164 0.676595744680851 0.3849329205366357 0.6776595744680851 0.38544891640866874 0.8021276595744681 0.3849329205366357 0.8031914893617021
0 0.36429308565531476 0.6670212765957447 0.2807017543859649 0.6670212765957447 0.2801857585139319 0.5234042553191489 0.36429308565531476 0.5223404255319148 0.36480908152734776 0.6659574468085107 0.36429308565531476 0.6670212765957447
0 0.4695562435500516 0.6670212765957447 0.3715170278637771 0.6670212765957447 0.37100103199174406 0.5234042553191489 0.4695562435500516 0.5223404255319148 0.47007223942208465 0.6659574468085107 0.4695562435500516 0.6670212765957447
0 0.6212590299277606 0.8053191489361702 0.5149638802889577 0.8053191489361702 0.5144478844169247 0.5382978723404256 0.6212590299277606 0.5372340425531915 0.6217750257997936 0.8042553191489362 0.6212590299277606 0.8053191489361702
0 0.9391124871001032 0.8053191489361702 0.8410732714138287 0.8053191489361702 0.8405572755417957 0.5382978723404256 0.9391124871001032 0.5372340425531915 0.9396284829721362 0.8042553191489362 0.9391124871001032 0.8053191489361702
0 0.15170278637770898 0.8031914893617021 0.04437564499484004 0.8031914893617021 0.043859649122807015 0.5425531914893617 0.15170278637770898 0.5414893617021277 0.152218782249742 0.8021276595744681 0.15170278637770898 0.8031914893617021
0 0.4695562435500516 0.8031914893617021 0.391124871001032 0.8031914893617021 0.39060887512899894 0.6787234042553192 0.4695562435500516 0.6776595744680851 0.47007223942208465 0.8021276595744681 0.4695562435500516 0.8031914893617021
0 0.7770897832817337 0.8053191489361702 0.7007223942208463 0.8053191489361702 0.7002063983488133 0.6914893617021277 0.7554179566563467 0.6904255319148936 0.7559339525283798 0.7319148936170212 0.7770897832817337 0.7329787234042553 0.7776057791537667 0.8042553191489362 0.7770897832817337 0.8053191489361702
0 0.8338493292053664 0.8053191489361702 0.7781217750257998 0.8053191489361702 0.7776057791537667 0.7340425531914894 0.7564499484004128 0.7329787234042553 0.7559339525283798 0.6914893617021277 0.8338493292053664 0.6904255319148936 0.8343653250773994 0.8042553191489362 0.8338493292053664 0.8053191489361702
0 0.27347781217750256 0.8031914893617021 0.2301341589267286 0.8031914893617021 0.22961816305469557 0.7446808510638298 0.27347781217750256 0.7436170212765958 0.2739938080495356 0.8021276595744681 0.27347781217750256 0.8031914893617021