0 0.6115035317860746 0.12408088235294118 0.5338042381432896 0.12408088235294118 0.5332996972754793 0.05330882352941176 0.6115035317860746 0.05238970588235294 0.612008072653885 0.12316176470588236 0.6115035317860746 0.12408088235294118
0 0.7709384460141272 0.12408088235294118 0.6912209889001009 0.12408088235294118 0.6907164480322906 0.05330882352941176 0.7709384460141272 0.05238970588235294 0.7714429868819375 0.12316176470588236 0.7709384460141272 0.12408088235294118
0 0.7759838546922301 0.4696691176470588 0.5277497477295661 0.4696691176470588 0.5272452068617558 0.13602941176470587 0.7759838546922301 0.13511029411764705 0.7764883955600403 0.46875 0.7759838546922301 0.4696691176470588
0 0.18768920282542886 0.4696691176470588 0.044399596367305755 0.4696691176470588 0.04389505549949546 0.1636029411764706 0.17356205852674067 0.16268382352941177 0.17406659939455096 0.38419117647058826 0.18768920282542886 0.3851102941176471 0.18819374369323916 0.46875 0.18768920282542886 0.4696691176470588
0 0.2684157416750757 0.37775735294117646 0.17759838546922302 0.37775735294117646 0.17709384460141273 0.1636029411764706 0.2684157416750757 0.16268382352941177 0.26892028254288597 0.37683823529411764 0.2684157416750757 0.37775735294117646
0 0.34510595358224017 0.26746323529411764 0.272452068617558 0.26746323529411764 0.27194752774974773 0.1636029411764706 0.34510595358224017 0.16268382352941177 0.34561049445005043 0.2665441176470588 0.34510595358224017 0.26746323529411764
0 0.41977800201816345 0.26746323529411764 0.3491422805247225 0.26746323529411764 0.3486377396569122 0.1636029411764706 0.41977800201816345 0.16268382352941177 0.4202825428859738 0.2665441176470588 0.41977800201816345 0.26746323529411764
0 0.5116044399596368 0.26746323529411764 0.4248234106962664 0.26746323529411764 0.4243188698284561 0.1636029411764706 0.5116044399596368 0.16268382352941177 0.512108980827447 0.2665441176470588 0.5116044399596368 0.26746323529411764
0 0.9303733602421796 0.36121323529411764 0.79313824419778 0.36121323529411764 0.7926337033299697 0.1636029411764706 0.9303733602421796 0.16268382352941177 0.9308779011099899 0.3602941176470588 0.9303733602421796 0.36121323529411764
0 0.34510595358224017 0.37775735294117646 0.272452068617558 0.37775735294117646 0.27194752774974773 0.2757352941176471 0.34510595358224017 0.27481617647058826 0.34561049445005043 0.37683823529411764 0.34510595358224017 0.37775735294117646
0 0.5116044399596368 0.49172794117647056 0.3491422805247225 0.49172794117647056 0.3486377396569122 0.2757352941176471 0.5116044399596368 0.27481617647058826 0.512108980827447 0.49080882352941174 0.5116044399596368 0.49172794117647056
0 0.8536831483350151 0.6957720588235294 0.781029263370333 0.6957720588235294 0.7805247225025227 0.49816176470588236 0.7921291624621595 0.49724264705882354 0.7926337033299697 0.3694852941176471 0.8375378405650857 0.36856617647058826 0.8380423814328961 0.6084558823529411 0.8536831483350151 0.609375 0.8541876892028254 0.6948529411764706 0.8536831483350151 0.6957720588235294
0 0.9283551967709385 0.4788602941176471 0.8415741675075681 0.4788602941176471 0.8410696266397578 0.41544117647058826 0.8446014127144299 0.41452205882352944 0.8451059535822402 0.375 0.9283551967709385 0.3740808823529412 0.9288597376387487 0.47794117647058826 0.9283551967709385 0.4788602941176471
0 0.7759838546922301 0.9181985294117647 0.2885973763874874 0.9181985294117647 0.28809283551967707 0.5772058823529411 0.1917255297679112 0.5762867647058824 0.19122098890010092 0.3860294117647059 0.34510595358224017 0.3851102941176471 0.34561049445005043 0.4963235294117647 0.7759838546922301 0.49724264705882354 0.7764883955600403 0.9172794117647058 0.7759838546922301 0.9181985294117647
0 0.18768920282542886 0.7159926470588235 0.044399596367305755 0.7159926470588235 0.04389505549949546 0.47610294117647056 0.18768920282542886 0.47518382352941174 0.18819374369323916 0.7150735294117647 0.18768920282542886 0.7159926470588235
0 0.9303733602421796 0.6020220588235294 0.8415741675075681 0.6020220588235294 0.8410696266397578 0.4852941176470588 0.9303733602421796 0.484375 0.9308779011099899 0.6011029411764706 0.9303733602421796 0.6020220588235294
0 0.28254288597376387 0.7159926470588235 0.1917255297679112 0.7159926470588235 0.19122098890010092 0.5863970588235294 0.28254288597376387 0.5854779411764706 0.2830474268415742 0.7150735294117647 0.28254288597376387 0.7159926470588235
0 0.9303733602421796 0.6957720588235294 0.8577194752774975 0.6957720588235294 0.8572149344096872 0.6102941176470589 0.9303733602421796 0.609375 0.9308779011099899 0.6948529411764706 0.9303733602421796 0.6957720588235294
0 0.9303733602421796 0.9181985294117647 0.781029263370333 0.9181985294117647 0.7805247225025227 0.7022058823529411 0.9303733602421796 0.7012867647058824 0.9308779011099899 0.9172794117647058 0.9303733602421796 0.9181985294117647