0 0.08418254319893664 0.176056338028169 0.011962782454585734 0.176056338028169 0.011741249446167478 0.05219552609776305 0.08418254319893664 0.05178127589063795 0.08440407620735489 0.1756420878210439 0.08418254319893664 0.176056338028169
0 0.15241470979175897 0.14291632145816072 0.09836065573770492 0.14291632145816072 0.09813912272928667 0.05219552609776305 0.15241470979175897 0.05178127589063795 0.15263624280017724 0.14250207125103562 0.15241470979175897 0.14291632145816072
0 0.09392999556933983 0.08906379453189726 0.08861320336730173 0.08906379453189726 0.08839167035888347 0.0695940347970174 0.09392999556933983 0.0691797845898923 0.09415152857775809 0.08864954432477216 0.09392999556933983 0.08906379453189726
0 0.15241470979175897 0.384009942004971 0.08861320336730173 0.384009942004971 0.08839167035888347 0.1507870753935377 0.15241470979175897 0.1503728251864126 0.15263624280017724 0.3835956917978459 0.15241470979175897 0.384009942004971
0 0.08418254319893664 0.39229494614747307 0.003987594151528578 0.39229494614747307 0.0037660611431103233 0.18392709196354598 0.08418254319893664 0.18351284175642088 0.08440407620735489 0.39188069594034797 0.08418254319893664 0.39229494614747307
0 0.5556047851129818 0.5008285004142502 0.42135578201151974 0.5008285004142502 0.4211342490031015 0.32228666114333054 0.5556047851129818 0.32187241093620544 0.5558263181214 0.5004142502071252 0.5556047851129818 0.5008285004142502
0 0.1546300398759415 0.9374482187241093 0.011962782454585734 0.9374482187241093 0.011741249446167478 0.5592377796188898 0.15285777580859547 0.5588235294117647 0.15307930881701373 0.584092792046396 0.15595923792645103 0.5845070422535211 0.1561807709348693 0.5144987572493787 0.153300841825432 0.5140845070422535 0.15307930881701373 0.4291632145816073 0.15595923792645103 0.4287489643744822 0.1561807709348693 0.33222866611433305 0.2658396101019052 0.33181441590720795 0.2660611431103234 0.5832642916321458 0.3593265396544085 0.5836785418392709 0.35954807266282673 0.6694283347141674 0.32432432432432434 0.6698425849212924 0.3238812583074878 0.6706710853355426 0.22906513070447496 0.6706710853355426 0.22862206468763846 0.6698425849212924 0.15418697385910501 0.6698425849212924 0.15396544085068675 0.6901408450704225 0.15440850686752325 0.6909693454846727 0.15440850686752325 0.7423363711681856 0.15485157288435977 0.7431648715824358 0.15485157288435977 0.9370339685169843 0.1546300398759415 0.9374482187241093
0 0.412051395657953 0.5787075393537697 0.26982720425343376 0.5787075393537697 0.2696056712450155 0.33222866611433305 0.412051395657953 0.33181441590720795 0.4122729286663713 0.5782932891466446 0.412051395657953 0.5787075393537697
0 0.6526362428001772 0.5091135045567523 0.5821887461231724 0.5091135045567523 0.5819672131147541 0.3603976801988401 0.6526362428001772 0.359983429991715 0.6528577758085955 0.5086992543496272 0.6526362428001772 0.5091135045567523
0 0.15285777580859547 0.5538525269262634 0.011962782454585734 0.5538525269262634 0.011741249446167478 0.39270919635459817 0.08418254319893664 0.39229494614747307 0.08462560921577315 0.39146644573322287 0.15241470979175897 0.39146644573322287 0.15263624280017724 0.4283347141673571 0.15307930881701373 0.4291632145816073 0.15307930881701373 0.5534382767191384 0.15285777580859547 0.5538525269262634
0 0.8369517058041648 0.7444076222038111 0.6362428001772265 0.7444076222038111 0.6360212671688081 0.5219552609776305 0.7740363314133806 0.5215410107705054 0.7742578644217989 0.4755592377796189 0.8369517058041648 0.4751449875724938 0.8371732388125831 0.743993371996686 0.8369517058041648 0.7444076222038111
0 0.560035445281347 0.8570836785418393 0.42135578201151974 0.8570836785418393 0.4211342490031015 0.6702568351284176 0.412051395657953 0.6698425849212924 0.4118298626495348 0.5791217895608948 0.4122729286663713 0.5782932891466446 0.4122729286663713 0.5004142502071252 0.4209127159946832 0.5 0.42135578201151974 0.5008285004142502 0.5556047851129818 0.5008285004142502 0.5560478511298184 0.5 0.560035445281347 0.5 0.5602569782897652 0.8566694283347142 0.560035445281347 0.8570836785418393
0 0.9198050509525919 0.7444076222038111 0.8413823659725299 0.7444076222038111 0.8411608329641117 0.5211267605633803 0.9198050509525919 0.5207125103562552 0.9200265839610102 0.743993371996686 0.9198050509525919 0.7444076222038111
0 0.9822773593265397 0.5944490472245236 0.9237926451041205 0.5944490472245236 0.9235711120957023 0.5211267605633803 0.9822773593265397 0.5207125103562552 0.9824988923349579 0.5940347970173985 0.9822773593265397 0.5944490472245236
0 0.6318121400088613 0.7444076222038111 0.5821887461231724 0.7444076222038111 0.5819672131147541 0.5219552609776305 0.6318121400088613 0.5215410107705054 0.6320336730172795 0.743993371996686 0.6318121400088613 0.7444076222038111
0 0.41160832964111654 0.6698425849212924 0.36287106778910055 0.6698425849212924 0.36264953478068235 0.584092792046396 0.41160832964111654 0.5836785418392709 0.4118298626495348 0.6694283347141674 0.41160832964111654 0.6698425849212924
0 0.9911386796632699 0.7593206296603149 0.9237926451041205 0.7593206296603149 0.9235711120957023 0.6023198011599006 0.9911386796632699 0.6019055509527754 0.9913602126716881 0.7589063794531897 0.9911386796632699 0.7593206296603149
0 0.22862206468763846 0.8131731565865783 0.1590607000443066 0.8131731565865783 0.15883916703588835 0.7166528583264291 0.15507310589277803 0.7162386081193041 0.15485157288435977 0.7423363711681856 0.15440850686752325 0.7423363711681856 0.15440850686752325 0.6909693454846727 0.15396544085068675 0.6901408450704225 0.15396544085068675 0.6702568351284176 0.22862206468763846 0.6698425849212924 0.22884359769605672 0.8127589063794531 0.22862206468763846 0.8131731565865783
0 0.4209127159946832 0.9556752278376139 0.32432432432432434 0.9556752278376139 0.3241027913159061 0.6702568351284176 0.4209127159946832 0.6698425849212924 0.4211342490031015 0.9552609776304888 0.4209127159946832 0.9556752278376139
0 0.3198936641559592 0.9374482187241093 0.23305272485600353 0.9374482187241093 0.2328311918475853 0.6777133388566694 0.3198936641559592 0.6772990886495444 0.3201151971643775 0.9370339685169843 0.3198936641559592 0.9374482187241093
0 0.22862206468763846 0.8985086992543496 0.1590607000443066 0.8985086992543496 0.15883916703588835 0.820215410107705 0.22862206468763846 0.81980115990058 0.22884359769605672 0.8980944490472246 0.22862206468763846 0.8985086992543496