0 0.2689295039164491 0.5009881422924901 0.04569190600522193 0.5009881422924901 0.04503916449086162 0.1976284584980237 0.2193211488250653 0.1966403162055336 0.21997389033942558 0.42292490118577075 0.2689295039164491 0.42391304347826086 0.2695822454308094 0.5 0.2689295039164491 0.5009881422924901
0 0.36945169712793735 0.33695652173913043 0.3276762402088773 0.33695652173913043 0.32702349869451697 0.33201581027667987 0.3237597911227154 0.3310276679841897 0.32310704960835507 0.1976284584980237 0.40339425587467365 0.1966403162055336 0.40404699738903394 0.3300395256916996 0.370757180156658 0.3310276679841897 0.37010443864229764 0.3359683794466403 0.36945169712793735 0.33695652173913043
0 0.48172323759791125 0.5543478260869565 0.3720626631853786 0.5543478260869565 0.3714099216710183 0.5118577075098815 0.3772845953002611 0.5108695652173914 0.39033942558746737 0.49110671936758893 0.40600522193211486 0.46936758893280633 0.40796344647519583 0.4683794466403162 0.4105744125326371 0.4624505928853755 0.4105744125326371 0.4505928853754941 0.38054830287206265 0.4051383399209486 0.38054830287206265 0.39920948616600793 0.4105744125326371 0.3557312252964427 0.4105744125326371 0.1976284584980237 0.556135770234987 0.1966403162055336 0.5567885117493473 0.5079051383399209 0.5496083550913838 0.5187747035573123 0.5476501305483029 0.5197628458498024 0.5469973890339426 0.5227272727272727 0.5339425587467362 0.5405138339920948 0.5306788511749347 0.5434782608695652 0.5300261096605744 0.5464426877470355 0.5248041775456919 0.5523715415019763 0.4830287206266319 0.5523715415019763 0.48172323759791125 0.5543478260869565
0 0.7911227154046997 0.5523715415019763 0.5261096605744126 0.5523715415019763 0.5287206266318538 0.5464426877470355 0.5306788511749347 0.5454545454545454 0.5326370757180157 0.5405138339920948 0.5456919060052219 0.5227272727272727 0.5476501305483029 0.5217391304347826 0.5483028720626631 0.5187747035573123 0.5567885117493473 0.5079051383399209 0.5567885117493473 0.1976284584980237 0.6919060052219321 0.1966403162055336 0.6932114882506527 0.19861660079051383 0.6971279373368147 0.19861660079051383 0.6984334203655352 0.20059288537549408 0.7010443864229765 0.20059288537549408 0.7023498694516971 0.2025691699604743 0.706266318537859 0.2025691699604743 0.7075718015665796 0.20454545454545456 0.7101827676240209 0.20652173913043478 0.7140992167101827 0.20652173913043478 0.7154046997389034 0.208498023715415 0.7193211488250653 0.208498023715415 0.720626631853786 0.21047430830039526 0.7232375979112271 0.2124505928853755 0.7271540469973891 0.21640316205533597 0.7310704960835509 0.22035573122529645 0.7336814621409922 0.22233201581027667 0.7362924281984334 0.22430830039525693 0.7389033942558747 0.22628458498023715 0.7428198433420365 0.23023715415019763 0.7467362924281984 0.2341897233201581 0.7578328981723238 0.2490118577075099 0.7656657963446475 0.2628458498023715 0.7663185378590078 0.2658102766798419 0.7682767624020888 0.26679841897233203 0.7721932114882507 0.274703557312253 0.7734986945169713 0.27865612648221344 0.7761096605744126 0.2845849802371542 0.7761096605744126 0.2885375494071146 0.7774151436031331 0.29051383399209485 0.7787206266318538 0.29446640316205536 0.7800261096605744 0.2984189723320158 0.7813315926892951 0.30237154150197626 0.7813315926892951 0.30632411067193677 0.7839425587467362 0.3102766798418972 0.7839425587467362 0.3142292490118577 0.7852480417754569 0.31620553359683795 0.7865535248041775 0.3201581027667984 0.7865535248041775 0.32608695652173914 0.7878590078328982 0.32806324110671936 0.7878590078328982 0.33794466403162055 0.7891644908616188 0.33992094861660077 0.7891644908616188 0.34980237154150196 0.7904699738903395 0.35177865612648224 0.7904699738903395 0.35968379446640314 0.79177545691906 0.3616600790513834 0.79177545691906 0.5513833992094862 0.7911227154046997 0.5523715415019763
0 0.31462140992167104 0.3290513833992095 0.22845953002610966 0.3290513833992095 0.22780678851174935 0.19960474308300397 0.31462140992167104 0.19861660079051383 0.3152741514360313 0.32806324110671936 0.31462140992167104 0.3290513833992095
0 0.31723237597911225 0.5009881422924901 0.2754569190600522 0.5009881422924901 0.2748041775456919 0.41699604743083 0.22715404699738903 0.4160079051383399 0.22650130548302871 0.33992094861660077 0.3263707571801567 0.33893280632411066 0.3276762402088773 0.33695652173913043 0.36945169712793735 0.33695652173913043 0.370757180156658 0.33893280632411066 0.40339425587467365 0.33893280632411066 0.40404699738903394 0.35177865612648224 0.37402088772845954 0.39723320158102765 0.37402088772845954 0.4051383399209486 0.370757180156658 0.41007905138339923 0.360313315926893 0.42391304347826086 0.358355091383812 0.424901185770751 0.3577023498694517 0.4278656126482213 0.3472584856396867 0.441699604743083 0.3453002610966057 0.4426877470355731 0.34464751958224543 0.44565217391304346 0.3328981723237598 0.4614624505928854 0.32114882506527415 0.4772727272727273 0.3191906005221932 0.4782608695652174 0.3178851174934726 0.48221343873517786 0.3178851174934726 0.5 0.31723237597911225 0.5009881422924901
0 0.9699738903394256 0.6314229249011858 0.7976501305483029 0.6314229249011858 0.7969973890339426 0.3932806324110672 0.9699738903394256 0.3922924901185771 0.970626631853786 0.6304347826086957 0.9699738903394256 0.6314229249011858
0 0.3733681462140992 0.5009881422924901 0.3237597911227154 0.5009881422924901 0.32310704960835507 0.4841897233201581 0.3328981723237598 0.46936758893280633 0.3348563968668407 0.4683794466403162 0.33550913838120106 0.4654150197628458 0.34856396866840733 0.44762845849802374 0.35900783289817234 0.43379446640316205 0.36096605744125326 0.43280632411067194 0.3629242819843342 0.4278656126482213 0.37467362924281983 0.41205533596837945 0.40404699738903394 0.45454545454545453 0.40404699738903394 0.45849802371541504 0.39556135770234985 0.47134387351778656 0.3936031331592689 0.4723320158102767 0.39295039164490864 0.475296442687747 0.37989556135770236 0.49308300395256915 0.3766318537859008 0.49604743083003955 0.37597911227154046 0.4990118577075099 0.3733681462140992 0.5009881422924901
0 0.16840731070496084 0.8626482213438735 0.04569190600522193 0.8626482213438735 0.04503916449086162 0.5118577075098815 0.16840731070496084 0.5108695652173914 0.16906005221932116 0.8616600790513834 0.16840731070496084 0.8626482213438735
0 0.3328981723237598 0.8626482213438735 0.1762402088772846 0.8626482213438735 0.17558746736292427 0.5118577075098815 0.36553524804177545 0.5108695652173914 0.3661879895561358 0.5553359683794467 0.3342036553524804 0.5563241106719368 0.3335509138381201 0.8616600790513834 0.3328981723237598 0.8626482213438735
0 0.4490861618798956 0.908102766798419 0.3668407310704961 0.908102766798419 0.3368146214099217 0.8626482213438735 0.3342036553524804 0.8626482213438735 0.3335509138381201 0.5573122529644269 0.36553524804177545 0.5563241106719368 0.3668407310704961 0.5523715415019763 0.3681462140992167 0.5543478260869565 0.36945169712793735 0.5523715415019763 0.3720626631853786 0.5543478260869565 0.48172323759791125 0.5543478260869565 0.48237597911227154 0.8616600790513834 0.47911227154047 0.8626482213438735 0.4490861618798956 0.908102766798419
0 0.7911227154046997 0.7262845849802372 0.489556135770235 0.7262845849802372 0.48890339425587465 0.6343873517786561 0.5156657963446475 0.633399209486166 0.5163185378590078 0.6264822134387352 0.4830287206266319 0.6254940711462451 0.48237597911227154 0.5533596837944664 0.6266318537859008 0.5523715415019763 0.6272845953002611 0.5592885375494071 0.7911227154046997 0.5602766798418972 0.79177545691906 0.7252964426877471 0.7911227154046997 0.7262845849802372
0 0.9699738903394256 0.8626482213438735 0.7676240208877284 0.8626482213438735 0.7669712793733682 0.7351778656126482 0.7963446475195822 0.7341897233201581 0.7969973890339426 0.6403162055335968 0.9699738903394256 0.6393280632411067 0.970626631853786 0.8616600790513834 0.9699738903394256 0.8626482213438735
0 0.5861618798955613 0.8626482213438735 0.489556135770235 0.8626482213438735 0.48890339425587465 0.7351778656126482 0.5861618798955613 0.7341897233201581 0.5868146214099217 0.8616600790513834 0.5861618798955613 0.8626482213438735
0 0.6618798955613577 0.8626482213438735 0.5926892950391645 0.8626482213438735 0.5920365535248042 0.7351778656126482 0.6618798955613577 0.7341897233201581 0.662532637075718 0.8616600790513834 0.6618798955613577 0.8626482213438735
0 0.7610966057441253 0.8626482213438735 0.6671018276762402 0.8626482213438735 0.6664490861618799 0.7351778656126482 0.7610966057441253 0.7341897233201581 0.7617493472584856 0.8616600790513834 0.7610966057441253 0.8626482213438735