0 0.2619047619047619 0.2172264355362947 0.052995391705069124 0.2172264355362947 0.05261136712749616 0.05850487540628386 0.2619047619047619 0.05796316359696641 0.2622887864823349 0.21668472372697725 0.2619047619047619 0.2172264355362947
0 0.42857142857142855 0.2757313109425785 0.28648233486943164 0.2757313109425785 0.28609831029185867 0.24810400866738894 0.26804915514592936 0.24756229685807152 0.2676651305683564 0.05850487540628386 0.42857142857142855 0.05796316359696641 0.4289554531490015 0.27518959913326113 0.42857142857142855 0.2757313109425785
0 0.38863287250384027 0.7069339111592633 0.23732718894009217 0.7069339111592633 0.2369431643625192 0.3629469122426869 0.2857142857142857 0.36240520043336943 0.28609831029185867 0.27627302275189597 0.42857142857142855 0.2757313109425785 0.4289554531490015 0.05850487540628386 0.5407066052227343 0.05796316359696641 0.5410906298003072 0.2524377031419285 0.49539170506912444 0.25297941495124593 0.49500768049155147 0.5449620801733478 0.4447004608294931 0.5455037919826652 0.4416282642089094 0.5509209100758397 0.44047619047619047 0.551462621885157 0.4400921658986175 0.5530877573131094 0.43894009216589863 0.5536294691224268 0.4377880184331797 0.5563380281690141 0.43663594470046085 0.5568797399783315 0.4362519201228879 0.5585048754062839 0.43509984639016897 0.5590465872156013 0.4324116743471582 0.5639219934994583 0.4312596006144393 0.5644637053087758 0.4308755760368664 0.566088840736728 0.42972350230414746 0.5666305525460456 0.42857142857142855 0.5693391115926327 0.4274193548387097 0.5698808234019501 0.4270353302611367 0.5715059588299025 0.4258832565284178 0.5720476706392199 0.42319508448540705 0.5769230769230769 0.4220430107526882 0.5774647887323944 0.4216589861751152 0.5790899241603467 0.4205069124423963 0.5796316359696642 0.41935483870967744 0.5823401950162513 0.4182027649769585 0.5828819068255688 0.41781874039938555 0.5845070422535211 0.4166666666666667 0.5850487540628385 0.41397849462365593 0.5899241603466956 0.412826420890937 0.590465872156013 0.41244239631336405 0.5920910075839654 0.4112903225806452 0.5926327193932828 0.40860215053763443 0.5975081256771397 0.4074500768049155 0.5980498374864572 0.40476190476190477 0.6029252437703142 0.40360983102918585 0.6034669555796316 0.4032258064516129 0.605092091007584 0.402073732718894 0.6056338028169014 0.39938556067588327 0.6105092091007583 0.39823348694316435 0.6110509209100758 0.3955453149001536 0.6159263271939328 0.39439324116743474 0.6164680390032503 0.39400921658986177 0.6180931744312026 0.39285714285714285 0.6186348862405201 0.3901689708141321 0.6235102925243771 0.38901689708141324 0.6240520043336945 0.38901689708141324 0.7063921993499458 0.38863287250384027 0.7069339111592633
0 0.738863287250384 0.24431202600216684 0.5468509984639017 0.24431202600216684 0.5464669738863287 0.05850487540628386 0.738863287250384 0.05796316359696641 0.739247311827957 0.2437703141928494 0.738863287250384 0.24431202600216684
0 0.9201228878648233 0.2323943661971831 0.7549923195084486 0.2323943661971831 0.7546082949308756 0.05850487540628386 0.9201228878648233 0.05796316359696641 0.9205069124423964 0.23185265438786565 0.9201228878648233 0.2323943661971831
0 0.16973886328725038 0.3039003250270856 0.052995391705069124 0.3039003250270856 0.05261136712749616 0.22535211267605634 0.16973886328725038 0.2248104008667389 0.17012288786482335 0.30335861321776814 0.16973886328725038 0.3039003250270856
0 0.2619047619047619 0.35482123510292524 0.20583717357910905 0.35482123510292524 0.20468509984639016 0.3531960996749729 0.20430107526881722 0.3515709642470206 0.20084485407066052 0.3477789815817985 0.19546850998463902 0.3391115926327194 0.19508448540706605 0.33748645720476705 0.19393241167434716 0.3369447453954496 0.1935483870967742 0.33531960996749727 0.1923963133640553 0.3347778981581798 0.18625192012288785 0.3250270855904659 0.18087557603686635 0.3163596966413868 0.18049155145929338 0.31473456121343446 0.1793394777265745 0.314192849404117 0.17895545314900155 0.3125677139761647 0.17703533026113671 0.31094257854821233 0.17665130568356374 0.30931744312026005 0.17549923195084485 0.3087757313109426 0.17549923195084485 0.22535211267605634 0.2619047619047619 0.2248104008667389 0.2622887864823349 0.3542795232936078 0.2619047619047619 0.35482123510292524
0 0.8248847926267281 0.33856988082340195 0.49539170506912444 0.33856988082340195 0.49500768049155147 0.2535211267605634 0.5407066052227343 0.25297941495124593 0.5414746543778802 0.25189599133261104 0.7542242703533026 0.25189599133261104 0.7546082949308756 0.24052004333694474 0.8248847926267281 0.2399783315276273 0.8252688172043011 0.3380281690140845 0.8248847926267281 0.33856988082340195
0 0.9201228878648233 0.33856988082340195 0.8310291858678955 0.33856988082340195 0.8306451612903226 0.24052004333694474 0.9201228878648233 0.2399783315276273 0.9205069124423964 0.3380281690140845 0.9201228878648233 0.33856988082340195
0 0.23118279569892472 0.5184182015167931 0.05683563748079877 0.5184182015167931 0.056451612903225805 0.457204767063922 0.052995391705069124 0.45666305525460454 0.05261136712749616 0.3120260021668472 0.17050691244239632 0.3114842903575298 0.1716589861751152 0.3131094257854821 0.17204301075268819 0.31473456121343446 0.17319508448540707 0.3152762730227519 0.17434715821812596 0.3179848320693391 0.17549923195084485 0.31852654387865653 0.17780337941628263 0.3228602383531961 0.1781874039938556 0.32448537378114845 0.18010752688172044 0.3261105092091008 0.184715821812596 0.333694474539545 0.18509984639016897 0.33531960996749727 0.18625192012288785 0.3358613217768147 0.18740399385560677 0.33856988082340195 0.18855606758832566 0.3391115926327194 0.19393241167434716 0.3477789815817985 0.19930875576036866 0.3564463705308776 0.19969278033794163 0.3580715059588299 0.20161290322580644 0.35969664138678226 0.2019969278033794 0.36132177681473454 0.20353302611367127 0.36240520043336943 0.23118279569892472 0.36240520043336943 0.2315668202764977 0.5178764897074756 0.23118279569892472 0.5184182015167931
0 0.5706605222734255 0.46316359696641385 0.500768049155146 0.46316359696641385 0.5003840245775729 0.41170097508125675 0.49539170506912444 0.4111592632719393 0.49500768049155147 0.3391115926327194 0.5706605222734255 0.33856988082340195 0.5710445468509985 0.4626218851570964 0.5706605222734255 0.46316359696641385
0 0.7380952380952381 0.5455037919826652 0.5768049155145929 0.5455037919826652 0.57642089093702 0.3466955579631636 0.7380952380952381 0.34615384615384615 0.738479262672811 0.5449620801733478 0.7380952380952381 0.5455037919826652
0 0.9201228878648233 0.5455037919826652 0.7534562211981567 0.5455037919826652 0.7530721966205837 0.3466955579631636 0.9201228878648233 0.34615384615384615 0.9205069124423964 0.5449620801733478 0.9201228878648233 0.5455037919826652
0 0.5706605222734255 0.5455037919826652 0.500768049155146 0.5455037919826652 0.5003840245775729 0.4712892741061755 0.5706605222734255 0.47074756229685805 0.5710445468509985 0.5449620801733478 0.5706605222734255 0.5455037919826652
0 0.1382488479262673 0.633261105092091 0.052995391705069124 0.633261105092091 0.05261136712749616 0.5265438786565547 0.1382488479262673 0.5260021668472372 0.13863287250384024 0.6327193932827736 0.1382488479262673 0.633261105092091
0 0.23118279569892472 0.633261105092091 0.1443932411674347 0.633261105092091 0.14400921658986174 0.5265438786565547 0.23118279569892472 0.5260021668472372 0.2315668202764977 0.6327193932827736 0.23118279569892472 0.633261105092091
0 0.23118279569892472 0.9474539544962081 0.052995391705069124 0.9474539544962081 0.05261136712749616 0.6413867822318526 0.23118279569892472 0.6408450704225352 0.2315668202764977 0.9469122426868906 0.23118279569892472 0.9474539544962081
0 0.38863287250384027 0.9474539544962081 0.23732718894009217 0.9474539544962081 0.2369431643625192 0.7150595882990249 0.38863287250384027 0.7145178764897074 0.38901689708141324 0.9469122426868906 0.38863287250384027 0.9474539544962081