0 0.45454545454545453 0.7577319587628866 0.3852813852813853 0.7577319587628866 0.38484848484848483 0.6229749631811488 0.37835497835497833 0.6222385861561119 0.37792207792207794 0.7569955817378498 0.270995670995671 0.7577319587628866 0.27056277056277056 0.4653902798232695 0.2735930735930736 0.4646539027982327 0.274025974025974 0.3166421207658321 0.2787878787878788 0.3159057437407953 0.2792207792207792 0.30486008836524303 0.270995670995671 0.30412371134020616 0.27056277056277056 0.21944035346097202 0.45454545454545453 0.2187039764359352 0.454978354978355 0.4491899852724595 0.44935064935064933 0.44992636229749633 0.44891774891774894 0.46097201767304863 0.45454545454545453 0.46170839469808544 0.454978354978355 0.6347569955817378 0.44761904761904764 0.6354933726067746 0.4471861471861472 0.646539027982327 0.45454545454545453 0.6472754050073638 0.454978354978355 0.7569955817378498 0.45454545454545453 0.7577319587628866
0 0.6008658008658009 0.44992636229749633 0.4623376623376623 0.44992636229749633 0.46190476190476193 0.21944035346097202 0.6008658008658009 0.2187039764359352 0.6012987012987013 0.4491899852724595 0.6008658008658009 0.44992636229749633
0 0.9264069264069265 0.5721649484536082 0.7437229437229437 0.5721649484536082 0.7432900432900433 0.5139911634756995 0.8926406926406927 0.5132547864506627 0.893073593073593 0.508100147275405 0.7437229437229437 0.5073637702503682 0.7432900432900433 0.3225331369661267 0.7497835497835498 0.32179675994108986 0.7502164502164502 0.31075110456553756 0.7437229437229437 0.31001472754050075 0.7432900432900433 0.22533136966126657 0.9264069264069265 0.22459499263622976 0.9268398268398268 0.45066273932253315 0.9203463203463204 0.45139911634756996 0.9199134199134199 0.46244477172312226 0.9264069264069265 0.4631811487481591 0.9268398268398268 0.5714285714285714 0.9264069264069265 0.5721649484536082
0 0.2632034632034632 0.5986745213549337 0.20692640692640693 0.5986745213549337 0.2064935064935065 0.5007363770250368 0.22251082251082252 0.5 0.22294372294372294 0.4889543446244477 0.12294372294372294 0.4882179675994109 0.12251082251082251 0.3166421207658321 0.2632034632034632 0.3159057437407953 0.2636363636363636 0.5979381443298969 0.2632034632034632 0.5986745213549337
0 0.6008658008658009 0.6354933726067746 0.4623376623376623 0.6354933726067746 0.46190476190476193 0.46244477172312226 0.6008658008658009 0.46170839469808544 0.6012987012987013 0.6347569955817378 0.6008658008658009 0.6354933726067746
0 0.20173160173160173 0.5986745213549337 0.12294372294372294 0.5986745213549337 0.12251082251082251 0.5007363770250368 0.20173160173160173 0.5 0.20216450216450216 0.5979381443298969 0.20173160173160173 0.5986745213549337
0 0.8502164502164502 0.7533136966126657 0.7437229437229437 0.7533136966126657 0.7432900432900433 0.6097201767304861 0.7497835497835498 0.6089837997054491 0.7502164502164502 0.5979381443298969 0.7437229437229437 0.5972017673048601 0.7432900432900433 0.5832106038291606 0.8502164502164502 0.5824742268041238 0.8506493506493507 0.7525773195876289 0.8502164502164502 0.7533136966126657
0 0.9264069264069265 0.7533136966126657 0.8571428571428571 0.7533136966126657 0.8567099567099568 0.5832106038291606 0.9264069264069265 0.5824742268041238 0.9268398268398268 0.6318114874815906 0.9203463203463204 0.6325478645066274 0.9199134199134199 0.6435935198821797 0.9264069264069265 0.6443298969072165 0.9268398268398268 0.7525773195876289 0.9264069264069265 0.7533136966126657
0 0.2632034632034632 0.7577319587628866 0.12294372294372294 0.7577319587628866 0.12251082251082251 0.6111929307805597 0.2632034632034632 0.6104565537555229 0.2636363636363636 0.7569955817378498 0.2632034632034632 0.7577319587628866
0 0.5385281385281385 0.7577319587628866 0.4623376623376623 0.7577319587628866 0.46190476190476193 0.6480117820324006 0.5056277056277056 0.6472754050073638 0.5060606060606061 0.6892488954344624 0.5082251082251082 0.6899852724594993 0.5086580086580087 0.6480117820324006 0.5385281385281385 0.6472754050073638 0.538961038961039 0.7569955817378498 0.5385281385281385 0.7577319587628866
0 0.6008658008658009 0.7577319587628866 0.5428571428571428 0.7577319587628866 0.5424242424242425 0.6480117820324006 0.6008658008658009 0.6472754050073638 0.6012987012987013 0.7569955817378498 0.6008658008658009 0.7577319587628866
0 0.48744588744588746 0.8755522827687776 0.3852813852813853 0.8755522827687776 0.38484848484848483 0.7702503681885126 0.45454545454545453 0.7695139911634757 0.454978354978355 0.7820324005891016 0.4614718614718615 0.7827687776141384 0.46190476190476193 0.7702503681885126 0.48744588744588746 0.7695139911634757 0.48787878787878786 0.8748159057437408 0.48744588744588746 0.8755522827687776