0 0.8892405063291139 0.4286542923433875 0.5775316455696202 0.4286542923433875 0.5767405063291139 0.191415313225058 0.8892405063291139 0.19083526682134572 0.8900316455696202 0.4280742459396752 0.8892405063291139 0.4286542923433875
0 0.2088607594936709 0.2906032482598608 0.056962025316455694 0.2906032482598608 0.05617088607594937 0.1925754060324826 0.2088607594936709 0.1919953596287703 0.20965189873417722 0.2900232018561485 0.2088607594936709 0.2906032482598608
0 0.5759493670886076 0.4286542923433875 0.22784810126582278 0.4286542923433875 0.22705696202531644 0.3039443155452436 0.2286392405063291 0.302784222737819 0.2286392405063291 0.1925754060324826 0.5759493670886076 0.1919953596287703 0.5767405063291139 0.4280742459396752 0.5759493670886076 0.4286542923433875
0 0.21518987341772153 0.4031322505800464 0.05379746835443038 0.4031322505800464 0.05300632911392405 0.3039443155452436 0.21518987341772153 0.3033642691415313 0.21598101265822786 0.4025522041763341 0.21518987341772153 0.4031322505800464
0 0.2689873417721519 0.5411832946635731 0.05379746835443038 0.5411832946635731 0.05300632911392405 0.41067285382830626 0.21518987341772153 0.410092807424594 0.21598101265822786 0.43503480278422274 0.2689873417721519 0.435614849187935 0.2697784810126582 0.5406032482598608 0.2689873417721519 0.5411832946635731
0 0.5791139240506329 0.6583526682134571 0.42563291139240506 0.6583526682134571 0.4248417721518987 0.5023201856148491 0.41455696202531644 0.5017401392111369 0.4137658227848101 0.5406032482598608 0.2800632911392405 0.5411832946635731 0.27927215189873417 0.42923433874709976 0.5791139240506329 0.4286542923433875 0.5799050632911392 0.6577726218097448 0.5791139240506329 0.6583526682134571
0 0.7104430379746836 0.5295823665893271 0.5917721518987342 0.5295823665893271 0.5909810126582279 0.43735498839907194 0.7104430379746836 0.43677494199535966 0.7112341772151899 0.5290023201856149 0.7104430379746836 0.5295823665893271
0 0.8892405063291139 0.5295823665893271 0.7215189873417721 0.5295823665893271 0.7207278481012658 0.43735498839907194 0.8892405063291139 0.43677494199535966 0.8900316455696202 0.5290023201856149 0.8892405063291139 0.5295823665893271
0 0.8892405063291139 0.75 0.5917721518987342 0.75 0.5909810126582279 0.537122969837587 0.8892405063291139 0.5365429234338747 0.8900316455696202 0.7494199535962877 0.8892405063291139 0.75
0 0.4129746835443038 0.75 0.05379746835443038 0.75 0.05300632911392405 0.5498839907192575 0.4129746835443038 0.5493039443155452 0.4137658227848101 0.7494199535962877 0.4129746835443038 0.75
0 0.5712025316455697 0.75 0.42563291139240506 0.75 0.4248417721518987 0.6670533642691415 0.5712025316455697 0.6664733178654292 0.571993670886076 0.7494199535962877 0.5712025316455697 0.75
0 0.9509493670886076 0.9495359628770301 0.8449367088607594 0.9495359628770301 0.8441455696202531 0.7691415313225058 0.9509493670886076 0.7685614849187935 0.9517405063291139 0.9489559164733179 0.9509493670886076 0.9495359628770301