0 0.4714285714285714 0.4872881355932203 0.37936507936507935 0.4872881355932203 0.37857142857142856 0.48184019370460046 0.0873015873015873 0.4812348668280872 0.0865079365079365 0.18523002421307505 0.4714285714285714 0.18462469733656175 0.4722222222222222 0.26150121065375304 0.48095238095238096 0.26210653753026636 0.48174603174603176 0.37409200968523004 0.473015873015873 0.37469733656174337 0.4722222222222222 0.48668280871670705 0.4714285714285714 0.4872881355932203
0 0.7492063492063492 0.4812348668280872 0.48253968253968255 0.4812348668280872 0.48174603174603176 0.18523002421307505 0.7492063492063492 0.18462469733656175 0.75 0.48062953995157387 0.7492063492063492 0.4812348668280872
0 0.9206349206349206 0.3032687651331719 0.7634920634920634 0.3032687651331719 0.7626984126984127 0.18523002421307505 0.9206349206349206 0.18462469733656175 0.9214285714285714 0.3026634382566586 0.9206349206349206 0.3032687651331719
0 0.9285714285714286 0.44128329297820823 0.7587301587301587 0.44128329297820823 0.7579365079365079 0.31476997578692495 0.9285714285714286 0.3141646489104116 0.9293650793650794 0.4406779661016949 0.9285714285714286 0.44128329297820823
0 0.9285714285714286 0.5744552058111381 0.7174603174603175 0.5744552058111381 0.7166666666666667 0.48789346246973364 0.7571428571428571 0.4872881355932203 0.7579365079365079 0.4491525423728814 0.9285714285714286 0.44854721549636806 0.9293650793650794 0.5738498789346247 0.9285714285714286 0.5744552058111381
0 0.2396825396825397 0.5744552058111381 0.0873015873015873 0.5744552058111381 0.0865079365079365 0.48789346246973364 0.2396825396825397 0.4872881355932203 0.24047619047619048 0.5738498789346247 0.2396825396825397 0.5744552058111381
0 0.3682539682539683 0.5744552058111381 0.2492063492063492 0.5744552058111381 0.24841269841269842 0.48789346246973364 0.3682539682539683 0.4872881355932203 0.36904761904761907 0.5738498789346247 0.3682539682539683 0.5744552058111381
0 0.546031746031746 0.7475786924939467 0.37936507936507935 0.7475786924939467 0.37857142857142856 0.48789346246973364 0.7063492063492064 0.4872881355932203 0.7071428571428572 0.5738498789346247 0.5476190476190477 0.5744552058111381 0.5468253968253968 0.7469733656174334 0.546031746031746 0.7475786924939467
0 0.3682539682539683 0.8335351089588378 0.0873015873015873 0.8335351089588378 0.0865079365079365 0.5811138014527845 0.3682539682539683 0.5805084745762712 0.36904761904761907 0.8329297820823245 0.3682539682539683 0.8335351089588378
0 0.9285714285714286 0.8335351089588378 0.5571428571428572 0.8335351089588378 0.5563492063492064 0.5811138014527845 0.9285714285714286 0.5805084745762712 0.9293650793650794 0.8329297820823245 0.9285714285714286 0.8335351089588378
0 0.546031746031746 0.8335351089588378 0.37936507936507935 0.8335351089588378 0.37857142857142856 0.7542372881355932 0.546031746031746 0.7536319612590799 0.5468253968253968 0.8329297820823245 0.546031746031746 0.8335351089588378