0 0.30344202898550726 0.35962783171521034 0.10144927536231885 0.35962783171521034 0.10099637681159421 0.06634304207119741 0.30344202898550726 0.06593851132686084 0.3038949275362319 0.3592233009708738 0.30344202898550726 0.35962783171521034
0 0.4375 0.24312297734627833 0.3115942028985507 0.24312297734627833 0.3111413043478261 0.06634304207119741 0.4375 0.06593851132686084 0.4379528985507246 0.24271844660194175 0.4375 0.24312297734627833
0 0.6920289855072463 0.24312297734627833 0.44565217391304346 0.24312297734627833 0.44519927536231885 0.06634304207119741 0.6920289855072463 0.06593851132686084 0.6924818840579711 0.24271844660194175 0.6920289855072463 0.24312297734627833
0 0.3813405797101449 0.35962783171521034 0.3496376811594203 0.35962783171521034 0.3491847826086957 0.3422330097087379 0.31068840579710144 0.34182847896440127 0.31023550724637683 0.24919093851132687 0.3813405797101449 0.2487864077669903 0.38179347826086957 0.3592233009708738 0.3813405797101449 0.35962783171521034
0 0.5715579710144928 0.35962783171521034 0.3867753623188406 0.35962783171521034 0.38632246376811596 0.24919093851132687 0.5715579710144928 0.2487864077669903 0.5720108695652174 0.3592233009708738 0.5715579710144928 0.35962783171521034
0 0.6847826086956522 0.35315533980582525 0.5842391304347826 0.35315533980582525 0.583786231884058 0.2588996763754045 0.6847826086956522 0.25849514563106796 0.6852355072463768 0.35275080906148865 0.6847826086956522 0.35315533980582525
0 0.25815217391304346 0.7156148867313916 0.09692028985507246 0.7156148867313916 0.09646739130434782 0.42071197411003236 0.25815217391304346 0.4203074433656958 0.2586050724637681 0.5865695792880259 0.2595108695652174 0.587378640776699 0.2595108695652174 0.7144012944983819 0.25815217391304346 0.7156148867313916
0 0.4375 0.6387540453074434 0.266304347826087 0.6387540453074434 0.2658514492753623 0.5938511326860841 0.3079710144927536 0.5934466019417476 0.30842391304347827 0.587378640776699 0.25905797101449274 0.5869741100323624 0.2586050724637681 0.42071197411003236 0.4375 0.4203074433656958 0.4379528985507246 0.6383495145631068 0.4375 0.6387540453074434
0 0.6938405797101449 0.7156148867313916 0.44565217391304346 0.7156148867313916 0.44519927536231885 0.6035598705501618 0.4384057971014493 0.6031553398058253 0.4379528985507246 0.42071197411003236 0.6938405797101449 0.4203074433656958 0.6942934782608695 0.7152103559870551 0.6938405797101449 0.7156148867313916
0 0.3596014492753623 0.7156148867313916 0.3088768115942029 0.7156148867313916 0.30842391304347827 0.6998381877022654 0.266304347826087 0.6994336569579288 0.2658514492753623 0.6448220064724919 0.3596014492753623 0.6444174757281553 0.360054347826087 0.7152103559870551 0.3596014492753623 0.7156148867313916
0 0.4375 0.7156148867313916 0.3677536231884058 0.7156148867313916 0.36730072463768115 0.6448220064724919 0.4375 0.6444174757281553 0.4379528985507246 0.7152103559870551 0.4375 0.7156148867313916
0 0.338768115942029 0.8450647249190939 0.1585144927536232 0.8450647249190939 0.15806159420289856 0.7346278317152104 0.338768115942029 0.7342233009708737 0.3392210144927536 0.8446601941747572 0.338768115942029 0.8450647249190939