0 0.9516380655226209 0.38681592039800994 0.7831513260530422 0.38681592039800994 0.782371294851794 0.11691542288557213 0.9516380655226209 0.11567164179104478 0.9524180967238689 0.3855721393034826 0.9516380655226209 0.38681592039800994
0 0.21060842433697347 0.42412935323383083 0.0358814352574103 0.42412935323383083 0.035101404056162244 0.12437810945273632 0.18252730109204368 0.12313432835820895 0.18330733229329174 0.26616915422885573 0.21060842433697347 0.26741293532338306 0.21138845553822153 0.4228855721393035 0.21060842433697347 0.42412935323383083
0 0.3291731669266771 0.42412935323383083 0.21528861154446177 0.42412935323383083 0.21450858034321374 0.263681592039801 0.187207488299532 0.26243781094527363 0.18642745709828393 0.12437810945273632 0.3291731669266771 0.12313432835820895 0.3299531981279251 0.4228855721393035 0.3291731669266771 0.42412935323383083
0 0.7737909516380655 0.38681592039800994 0.656786271450858 0.38681592039800994 0.65600624024961 0.12437810945273632 0.7737909516380655 0.12313432835820895 0.7745709828393136 0.3855721393034826 0.7737909516380655 0.38681592039800994
0 0.6177847113884556 0.5509950248756219 0.33073322932917315 0.5509950248756219 0.3299531981279251 0.43034825870646765 0.3338533541341654 0.4291044776119403 0.3346333853354134 0.21393034825870647 0.6489859594383776 0.2126865671641791 0.6497659906396256 0.5248756218905473 0.6193447737909517 0.5261194029850746 0.6185647425897036 0.5497512437810945 0.6177847113884556 0.5509950248756219
0 0.9516380655226209 0.7947761194029851 0.7831513260530422 0.7947761194029851 0.782371294851794 0.39552238805970147 0.9516380655226209 0.39427860696517414 0.9524180967238689 0.7935323383084577 0.9516380655226209 0.7947761194029851
0 0.7691107644305772 0.5509950248756219 0.656786271450858 0.5509950248756219 0.65600624024961 0.5 0.6599063962558502 0.4987562189054726 0.6606864274570983 0.39800995024875624 0.7691107644305772 0.39676616915422885 0.7698907956318253 0.5497512437810945 0.7691107644305772 0.5509950248756219
0 0.1029641185647426 0.5485074626865671 0.0358814352574103 0.5485074626865671 0.035101404056162244 0.43034825870646765 0.1029641185647426 0.4291044776119403 0.10374414976599064 0.5472636815920398 0.1029641185647426 0.5485074626865671
0 0.3291731669266771 0.667910447761194 0.18876755070202808 0.667910447761194 0.18798751950078002 0.5497512437810945 0.10764430577223089 0.5485074626865671 0.10686427457098284 0.43034825870646765 0.3291731669266771 0.4291044776119403 0.3299531981279251 0.4975124378109453 0.32683307332293293 0.5 0.32683307332293293 0.599502487562189 0.3299531981279251 0.6019900497512438 0.3299531981279251 0.6666666666666666 0.3291731669266771 0.667910447761194
0 0.18252730109204368 0.8868159203980099 0.0358814352574103 0.8868159203980099 0.035101404056162244 0.5572139303482587 0.18252730109204368 0.5559701492537313 0.18330733229329174 0.8855721393034826 0.18252730109204368 0.8868159203980099
0 0.6489859594383776 0.8868159203980099 0.5226209048361935 0.8868159203980099 0.5218408736349454 0.6890547263681592 0.5179407176287052 0.6878109452736318 0.517160686427457 0.8855721393034826 0.33073322932917315 0.8868159203980099 0.3299531981279251 0.5572139303482587 0.5522620904836193 0.5559701492537313 0.5538221528861155 0.5609452736318408 0.6177847113884556 0.5609452736318408 0.6185647425897036 0.5771144278606966 0.6489859594383776 0.5783582089552238 0.6497659906396256 0.8855721393034826 0.6489859594383776 0.8868159203980099
0 0.7737909516380655 0.8868159203980099 0.656786271450858 0.8868159203980099 0.65600624024961 0.5621890547263682 0.7737909516380655 0.5609452736318408 0.7745709828393136 0.8855721393034826 0.7737909516380655 0.8868159203980099
0 0.2542901716068643 0.7873134328358209 0.18876755070202808 0.7873134328358209 0.18798751950078002 0.6741293532338308 0.2542901716068643 0.6728855721393034 0.2550702028081123 0.7860696517412935 0.2542901716068643 0.7873134328358209
0 0.32605304212168484 0.7873134328358209 0.2589703588143526 0.7873134328358209 0.2581903276131045 0.6741293532338308 0.32605304212168484 0.6728855721393034 0.32683307332293293 0.7860696517412935 0.32605304212168484 0.7873134328358209