0 0.4192825112107623 0.2152777777777778 0.21674140508221226 0.2152777777777778 0.2163677130044843 0.18494152046783627 0.025411061285500747 0.18457602339181287 0.025037369207772796 0.019005847953216373 0.21599402092675635 0.01864035087719298 0.21674140508221226 0.02010233918128655 0.28325859491778776 0.02010233918128655 0.28400597907324365 0.019371345029239765 0.351270553064275 0.019371345029239765 0.35201793721973096 0.01864035087719298 0.4192825112107623 0.01864035087719298 0.4196562032884903 0.2149122807017544 0.4192825112107623 0.2152777777777778
0 0.7899850523168909 0.38121345029239767 0.4850523168908819 0.38121345029239767 0.48467862481315394 0.019005847953216373 0.7585949177877429 0.019371345029239765 0.7589686098654709 0.06140350877192982 0.7597159940209267 0.062134502923976605 0.7597159940209267 0.10380116959064327 0.7604633781763827 0.10453216374269006 0.7604633781763827 0.14692982456140352 0.6763826606875935 0.1472953216374269 0.6760089686098655 0.22002923976608188 0.6767563527653214 0.22076023391812866 0.6771300448430493 0.22185672514619884 0.6782511210762332 0.2222222222222222 0.6786248131539612 0.2233187134502924 0.679745889387145 0.2236842105263158 0.680119581464873 0.22478070175438597 0.6812406576980568 0.22514619883040934 0.6816143497757847 0.22624269005847952 0.6827354260089686 0.22660818713450293 0.6831091180866966 0.2277046783625731 0.6864723467862481 0.23026315789473684 0.6868460388639761 0.23135964912280702 0.6879671150971599 0.23172514619883042 0.6883408071748879 0.2328216374269006 0.6894618834080718 0.23318713450292397 0.6898355754857997 0.23428362573099415 0.6909566517189836 0.23464912280701755 0.6913303437967115 0.23574561403508773 0.6924514200298953 0.2361111111111111 0.6928251121076233 0.23720760233918128 0.6939461883408071 0.23757309941520469 0.6943198804185351 0.23866959064327486 0.695440956651719 0.23903508771929824 0.695814648729447 0.24013157894736842 0.6969357249626308 0.24049707602339182 0.6973094170403588 0.241593567251462 0.7006726457399103 0.24415204678362573 0.7010463378176383 0.2452485380116959 0.7021674140508222 0.24561403508771928 0.70254110612855 0.24671052631578946 0.703662182361734 0.24707602339181287 0.7040358744394619 0.24817251461988304 0.7051569506726457 0.24853801169590642 0.7055306427503737 0.2496345029239766 0.7066517189835575 0.25 0.7070254110612855 0.25109649122807015 0.7081464872944694 0.25146198830409355 0.7085201793721974 0.25255847953216376 0.7100149476831091 0.2532894736842105 0.7899850523168909 0.2532894736842105 0.7903587443946188 0.38084795321637427 0.7899850523168909 0.38121345029239767
0 0.8789237668161435 0.22185672514619884 0.7952167414050823 0.22185672514619884 0.7948430493273543 0.1476608187134503 0.7653213751868461 0.1472953216374269 0.7649476831091181 0.019736842105263157 0.8789237668161435 0.019371345029239765 0.8792974588938715 0.22149122807017543 0.8789237668161435 0.22185672514619884
0 0.7884902840059791 0.24817251461988304 0.7122571001494769 0.24817251461988304 0.7115097159940209 0.24671052631578946 0.7081464872944694 0.24415204678362573 0.7077727952167414 0.24305555555555555 0.7066517189835575 0.24269005847953215 0.7062780269058296 0.241593567251462 0.7051569506726457 0.2412280701754386 0.7047832585949177 0.24013157894736842 0.703662182361734 0.23976608187134502 0.703288490284006 0.23866959064327486 0.7021674140508222 0.23830409356725146 0.7017937219730942 0.23720760233918128 0.7006726457399103 0.23684210526315788 0.7002989536621823 0.23574561403508773 0.6991778774289985 0.23538011695906433 0.6988041853512705 0.23428362573099415 0.6939461883408071 0.23026315789473684 0.6935724962630793 0.22916666666666666 0.6924514200298953 0.22880116959064328 0.6920777279521674 0.2277046783625731 0.6909566517189836 0.2273391812865497 0.6905829596412556 0.22624269005847952 0.6894618834080718 0.22587719298245615 0.6890881913303438 0.22478070175438597 0.6879671150971599 0.22441520467836257 0.6875934230194319 0.2233187134502924 0.6864723467862481 0.22295321637426901 0.6860986547085202 0.22185672514619884 0.6849775784753364 0.22149122807017543 0.6846038863976084 0.22039473684210525 0.6812406576980568 0.21783625730994152 0.6812406576980568 0.1527777777777778 0.7884902840059791 0.1524122807017544 0.7888639760837071 0.24780701754385964 0.7884902840059791 0.24817251461988304
0 0.2249626307922272 0.38048245614035087 0.025411061285500747 0.38048245614035087 0.025037369207772796 0.18494152046783627 0.21599402092675635 0.18457602339181287 0.2163677130044843 0.21929824561403508 0.2249626307922272 0.21966374269005848 0.22533632286995517 0.38011695906432746 0.2249626307922272 0.38048245614035087
0 0.296711509715994 0.29714912280701755 0.23168908819133036 0.29714912280701755 0.23131539611360238 0.22002923976608188 0.296711509715994 0.21966374269005848 0.297085201793722 0.29678362573099415 0.296711509715994 0.29714912280701755
0 0.42227204783258593 0.38048245614035087 0.2257100149476831 0.38048245614035087 0.22533632286995517 0.2997076023391813 0.29895366218236175 0.2993421052631579 0.29932735426008966 0.22002923976608188 0.4192825112107623 0.21966374269005848 0.4196562032884903 0.25146198830409355 0.4204035874439462 0.25219298245614036 0.4204035874439462 0.28362573099415206 0.42115097159940207 0.2843567251461988 0.42115097159940207 0.3157894736842105 0.421898355754858 0.3165204678362573 0.421898355754858 0.3793859649122807 0.4226457399103139 0.38011695906432746 0.42227204783258593 0.38048245614035087
0 0.8789237668161435 0.38048245614035087 0.7952167414050823 0.38048245614035087 0.7948430493273543 0.22807017543859648 0.8789237668161435 0.2277046783625731 0.8792974588938715 0.38011695906432746 0.8789237668161435 0.38048245614035087
0 0.42227204783258593 0.4894005847953216 0.21524663677130046 0.4894005847953216 0.2148729446935725 0.38742690058479534 0.42227204783258593 0.38706140350877194 0.4226457399103139 0.48903508771929827 0.42227204783258593 0.4894005847953216
0 0.570254110612855 0.5683479532163743 0.45366218236173395 0.5683479532163743 0.453288490284006 0.42616959064327486 0.570254110612855 0.42580409356725146 0.570627802690583 0.5679824561403509 0.570254110612855 0.5683479532163743
0 0.8490284005979073 0.7832602339181286 0.5829596412556054 0.7832602339181286 0.5825859491778774 0.6812865497076024 0.5818385650224215 0.6805555555555556 0.5818385650224215 0.6761695906432749 0.45440956651718983 0.6758040935672515 0.45403587443946186 0.5789473684210527 0.453288490284006 0.5782163742690059 0.45440956651718983 0.5771198830409356 0.4551569506726457 0.5778508771929824 0.577727952167414 0.5778508771929824 0.578101644245142 0.4269005847953216 0.577354260089686 0.42616959064327486 0.8490284005979073 0.42580409356725146 0.8494020926756353 0.7828947368421053 0.8490284005979073 0.7832602339181286
0 0.5818385650224215 0.6542397660818714 0.5818385650224215 0.6191520467836257 0.5799701046337817 0.6187865497076024 0.5795964125560538 0.6213450292397661 0.5803437967115097 0.6220760233918129 0.5803437967115097 0.6432748538011696 0.5810911808669657 0.6440058479532164 0.5810911808669657 0.6542397660818714 0.5818385650224215 0.6542397660818714
0 0.5822122571001495 0.7832602339181286 0.45366218236173395 0.7832602339181286 0.453288490284006 0.6812865497076024 0.5822122571001495 0.680921052631579 0.5825859491778774 0.7828947368421053 0.5822122571001495 0.7832602339181286
0 0.8557548579970105 0.8994883040935673 0.648729446935725 0.8994883040935673 0.648355754857997 0.8004385964912281 0.8557548579970105 0.8000730994152047 0.8561285500747384 0.8991228070175439 0.8557548579970105 0.8994883040935673