0 0.09357652656621729 0.18683274021352314 0.02696272799365583 0.18683274021352314 0.02656621728786677 0.014234875444839857 0.09357652656621729 0.013641755634638196 0.09397303727200634 0.18623962040332148 0.09357652656621729 0.18683274021352314
0 0.22759714512291832 0.4395017793594306 0.02696272799365583 0.4395017793594306 0.02656621728786677 0.2111506524317912 0.22759714512291832 0.21055753262158955 0.22799365582870737 0.4389086595492289 0.22759714512291832 0.4395017793594306
0 0.30927835051546393 0.4513641755634638 0.2315622521808089 0.4513641755634638 0.23116574147501984 0.2111506524317912 0.30927835051546393 0.21055753262158955 0.309674861221253 0.45077105575326215 0.30927835051546393 0.4513641755634638
0 0.6360031720856463 0.43238434163701067 0.5432196669310071 0.43238434163701067 0.542823156225218 0.2147093712930012 0.7295796986518636 0.21411625148279953 0.7299762093576526 0.2977461447212337 0.7026169706582077 0.29833926453143533 0.7022204599524187 0.38908659549228947 0.6367961934972244 0.3896797153024911 0.6363996827914353 0.431791221826809 0.6360031720856463 0.43238434163701067
0 0.9008723235527359 0.3896797153024911 0.7073750991276765 0.3896797153024911 0.7069785884218874 0.3084223013048636 0.7335448057097541 0.30782918149466193 0.7339413164155432 0.2147093712930012 0.9008723235527359 0.21411625148279953 0.901268834258525 0.38908659549228947 0.9008723235527359 0.3896797153024911
0 0.38620142743854086 0.32680901542111507 0.3164155432196669 0.32680901542111507 0.31601903251387786 0.2158956109134045 0.38620142743854086 0.21530249110320285 0.3865979381443299 0.3262158956109134 0.38620142743854086 0.32680901542111507
0 0.3877874702616971 0.45492289442467376 0.3132434575733545 0.45492289442467376 0.3128469468675654 0.33807829181494664 0.3877874702616971 0.337485172004745 0.38818398096748613 0.4543297746144721 0.3877874702616971 0.45492289442467376
0 0.7406819984139572 0.4988137603795967 0.5432196669310071 0.4988137603795967 0.542823156225218 0.4400948991696323 0.640761300555115 0.4395017793594306 0.6411578112609041 0.3973902728351127 0.789056304520222 0.39679715302491103 0.7894528152260111 0.49347568208778175 0.7414750198255353 0.4940688018979834 0.7410785091197463 0.498220640569395 0.7406819984139572 0.4988137603795967
0 0.8501189532117367 0.4940688018979834 0.7946074544012688 0.4940688018979834 0.7942109436954797 0.40213523131672596 0.8501189532117367 0.4015421115065243 0.8505154639175257 0.49347568208778175 0.8501189532117367 0.4940688018979834
0 0.9008723235527359 0.4940688018979834 0.8556701030927835 0.4940688018979834 0.8552735923869944 0.40213523131672596 0.9008723235527359 0.4015421115065243 0.901268834258525 0.49347568208778175 0.9008723235527359 0.4940688018979834
0 0.22759714512291832 0.8463819691577699 0.02696272799365583 0.8463819691577699 0.02656621728786677 0.4400948991696323 0.22759714512291832 0.4395017793594306 0.22799365582870737 0.46026097271648875 0.23076923076923078 0.4608540925266904 0.23116574147501984 0.5931198102016607 0.22839016653449642 0.5937129300118624 0.22799365582870737 0.8457888493475683 0.22759714512291832 0.8463819691577699
0 0.3877874702616971 0.6731909845788849 0.23473433782712133 0.6731909845788849 0.23433782712133228 0.594306049822064 0.2315622521808089 0.5937129300118624 0.23116574147501984 0.46144721233689207 0.30927835051546393 0.4608540925266904 0.309674861221253 0.5848161328588375 0.3877874702616971 0.5854092526690391 0.38818398096748613 0.6725978647686833 0.3877874702616971 0.6731909845788849
0 0.3877874702616971 0.5794780545670225 0.3132434575733545 0.5794780545670225 0.3128469468675654 0.46144721233689207 0.3877874702616971 0.4608540925266904 0.38818398096748613 0.5788849347568209 0.3877874702616971 0.5794780545670225
0 0.7406819984139572 0.8499406880189798 0.5432196669310071 0.8499406880189798 0.542823156225218 0.49940688018979834 0.7406819984139572 0.4988137603795967 0.7410785091197463 0.8493475682087782 0.7406819984139572 0.8499406880189798
0 0.9008723235527359 0.6755634638196916 0.746233148295004 0.6755634638196916 0.7458366375892149 0.501779359430605 0.9008723235527359 0.5011862396204033 0.901268834258525 0.67497034400949 0.9008723235527359 0.6755634638196916