0 0.9189686924493554 0.719047619047619 0.8637200736648251 0.719047619047619 0.8627992633517495 0.5371428571428571 0.858195211786372 0.5361904761904762 0.8572744014732965 0.5580952380952381 0.6629834254143646 0.559047619047619 0.6620626151012892 0.47619047619047616 0.7311233885819521 0.47523809523809524 0.7320441988950276 0.19428571428571428 0.8029465930018416 0.19333333333333333 0.8038674033149171 0.18666666666666668 0.8637200736648251 0.18571428571428572 0.8646408839779005 0.19238095238095237 0.9189686924493554 0.19333333333333333 0.919889502762431 0.4685714285714286 0.858195211786372 0.4695238095238095 0.8572744014732965 0.4742857142857143 0.9189686924493554 0.47523809523809524 0.919889502762431 0.7180952380952381 0.9189686924493554 0.719047619047619
0 0.4419889502762431 0.4542857142857143 0.055248618784530384 0.4542857142857143 0.05432780847145488 0.1980952380952381 0.32228360957642727 0.19714285714285715 0.32320441988950277 0.18857142857142858 0.3830570902394107 0.18761904761904763 0.3839779005524862 0.1980952380952381 0.4419889502762431 0.19904761904761906 0.4429097605893186 0.4533333333333333 0.4419889502762431 0.4542857142857143
0 0.7255985267034991 0.4695238095238095 0.5340699815837937 0.4695238095238095 0.5331491712707183 0.19428571428571428 0.7255985267034991 0.19333333333333333 0.7265193370165746 0.4685714285714286 0.7255985267034991 0.4695238095238095
0 0.4419889502762431 0.7266666666666667 0.3001841620626151 0.7266666666666667 0.2992633517495396 0.6323809523809524 0.289134438305709 0.6314285714285715 0.2882136279926335 0.6761904761904762 0.055248618784530384 0.6771428571428572 0.05432780847145488 0.4723809523809524 0.09392265193370165 0.4714285714285714 0.09484346224677716 0.4552380952380952 0.4419889502762431 0.4542857142857143 0.4429097605893186 0.7257142857142858 0.4419889502762431 0.7266666666666667
0 0.6556169429097606 0.559047619047619 0.576427255985267 0.559047619047619 0.5755064456721916 0.5428571428571428 0.5340699815837937 0.5419047619047619 0.5331491712707183 0.47619047619047616 0.6556169429097606 0.47523809523809524 0.6565377532228361 0.5580952380952381 0.6556169429097606 0.559047619047619
0 0.7808471454880295 0.8638095238095238 0.5340699815837937 0.8638095238095238 0.5331491712707183 0.5676190476190476 0.7403314917127072 0.5666666666666667 0.7412523020257827 0.7466666666666667 0.7808471454880295 0.7476190476190476 0.7817679558011049 0.8628571428571429 0.7808471454880295 0.8638095238095238
0 0.856353591160221 0.7266666666666667 0.7495395948434622 0.7266666666666667 0.7486187845303868 0.5676190476190476 0.856353591160221 0.5666666666666667 0.8572744014732965 0.7257142857142858 0.856353591160221 0.7266666666666667
0 0.16206261510128914 0.8733333333333333 0.055248618784530384 0.8733333333333333 0.05432780847145488 0.6857142857142857 0.16206261510128914 0.6847619047619048 0.16298342541436464 0.8723809523809524 0.16206261510128914 0.8733333333333333
0 0.29097605893186 0.7647619047619048 0.1712707182320442 0.7647619047619048 0.1703499079189687 0.6857142857142857 0.29097605893186 0.6847619047619048 0.2918968692449355 0.7638095238095238 0.29097605893186 0.7647619047619048
0 0.4419889502762431 0.8733333333333333 0.3001841620626151 0.8733333333333333 0.2992633517495396 0.7276190476190476 0.3775322283609576 0.7266666666666667 0.3784530386740331 0.7352380952380952 0.4419889502762431 0.7361904761904762 0.4429097605893186 0.8723809523809524 0.4419889502762431 0.8733333333333333
0 0.9134438305709024 0.8561904761904762 0.7955801104972375 0.8561904761904762 0.7946593001841621 0.7390476190476191 0.8029465930018416 0.7380952380952381 0.8047882136279927 0.7342857142857143 0.856353591160221 0.7342857142857143 0.858195211786372 0.7361904761904762 0.9134438305709024 0.7361904761904762 0.914364640883978 0.8552380952380952 0.9134438305709024 0.8561904761904762
0 0.29097605893186 0.8733333333333333 0.1712707182320442 0.8733333333333333 0.1703499079189687 0.7733333333333333 0.29097605893186 0.7723809523809524 0.2918968692449355 0.8723809523809524 0.29097605893186 0.8733333333333333