0 0.15162454873646208 0.18874172185430463 0.05896510228640193 0.18874172185430463 0.05836341756919374 0.08609271523178808 0.15162454873646208 0.08498896247240618 0.15222623345367028 0.18763796909492272 0.15162454873646208 0.18874172185430463
0 0.2563176895306859 0.18874172185430463 0.1648616125150421 0.18874172185430463 0.16425992779783394 0.13245033112582782 0.15643802647412755 0.13134657836644592 0.15583634175691938 0.08609271523178808 0.2563176895306859 0.08498896247240618 0.25691937424789413 0.18763796909492272 0.2563176895306859 0.18874172185430463
0 0.1022864019253911 0.38962472406181015 0.05896510228640193 0.38962472406181015 0.05836341756919374 0.1986754966887417 0.15162454873646208 0.19757174392935983 0.15222623345367028 0.32671081677704195 0.10348977135980746 0.32781456953642385 0.10288808664259928 0.38852097130242824 0.1022864019253911 0.38962472406181015
0 0.2563176895306859 0.38962472406181015 0.15643802647412755 0.38962472406181015 0.15583634175691938 0.2141280353200883 0.16365824308062576 0.2130242825607064 0.16425992779783394 0.1986754966887417 0.2563176895306859 0.19757174392935983 0.25691937424789413 0.38852097130242824 0.2563176895306859 0.38962472406181015
0 0.22623345367027678 0.6015452538631346 0.10830324909747292 0.6015452538631346 0.10770156438026474 0.33774834437086093 0.15162454873646208 0.336644591611479 0.15222623345367028 0.4083885209713024 0.22623345367027678 0.4094922737306843 0.22683513838748495 0.6004415011037527 0.22623345367027678 0.6015452538631346
0 0.1022864019253911 0.48233995584988965 0.05896510228640193 0.48233995584988965 0.05836341756919374 0.3973509933774834 0.1022864019253911 0.39624724061810157 0.10288808664259928 0.48123620309050774 0.1022864019253911 0.48233995584988965
0 0.34416365824308065 0.6015452538631346 0.23104693140794225 0.6015452538631346 0.23044524669073405 0.4105960264900662 0.34416365824308065 0.4094922737306843 0.3447653429602888 0.6004415011037527 0.34416365824308065 0.6015452538631346
0 0.45246690734055356 0.6236203090507726 0.3561973525872443 0.6236203090507726 0.3555956678700361 0.4105960264900662 0.45246690734055356 0.4094922737306843 0.45306859205776173 0.6225165562913907 0.45246690734055356 0.6236203090507726
0 0.7015643802647413 0.8686534216335541 0.4645006016847172 0.8686534216335541 0.463898916967509 0.4105960264900662 0.7015643802647413 0.4094922737306843 0.7021660649819494 0.8675496688741722 0.7015643802647413 0.8686534216335541
0 0.1022864019253911 0.5905077262693157 0.05896510228640193 0.5905077262693157 0.05836341756919374 0.4900662251655629 0.1022864019253911 0.488962472406181 0.10288808664259928 0.5894039735099338 0.1022864019253911 0.5905077262693157
0 0.15042117930204574 0.6810154525386314 0.09987966305655836 0.6810154525386314 0.09927797833935018 0.6114790286975718 0.15042117930204574 0.6103752759381899 0.1510228640192539 0.6799116997792495 0.15042117930204574 0.6810154525386314
0 0.34416365824308065 0.8686534216335541 0.1624548736462094 0.8686534216335541 0.1618531889290012 0.6114790286975718 0.34416365824308065 0.6103752759381899 0.3447653429602888 0.8675496688741722 0.34416365824308065 0.8686534216335541
0 0.45246690734055356 0.7781456953642384 0.3561973525872443 0.7781456953642384 0.3555956678700361 0.6335540838852097 0.45246690734055356 0.6324503311258278 0.45306859205776173 0.7770419426048565 0.45246690734055356 0.7781456953642384