0 0.9115646258503401 0.14740820734341253 0.8707482993197279 0.14740820734341253 0.8696145124716553 0.10367170626349892 0.9115646258503401 0.10313174946004319 0.9126984126984127 0.1468682505399568 0.9115646258503401 0.14740820734341253
0 0.5759637188208617 0.4908207343412527 0.13378684807256236 0.4908207343412527 0.1326530612244898 0.16414686825053995 0.5759637188208617 0.16360691144708422 0.5770975056689343 0.19438444924406048 0.5895691609977324 0.1949244060475162 0.590702947845805 0.16414686825053995 0.9115646258503401 0.16360691144708422 0.9126984126984127 0.296976241900648 0.5941043083900227 0.2975161987041037 0.5918367346938775 0.2985961123110151 0.5782312925170068 0.2985961123110151 0.5770975056689343 0.490280777537797 0.5759637188208617 0.4908207343412527
0 0.9115646258503401 0.4908207343412527 0.5918367346938775 0.4908207343412527 0.590702947845805 0.2991360691144708 0.5941043083900227 0.2975161987041037 0.9115646258503401 0.2975161987041037 0.9126984126984127 0.490280777537797 0.9115646258503401 0.4908207343412527
0 0.6984126984126984 0.677645788336933 0.5079365079365079 0.677645788336933 0.5068027210884354 0.5680345572354212 0.3673469387755102 0.5674946004319654 0.36621315192743764 0.49352051835853133 0.13378684807256236 0.4929805615550756 0.1326530612244898 0.49136069114470843 0.4965986394557823 0.4908207343412527 0.4977324263038549 0.49676025917926564 0.6984126984126984 0.4973002159827214 0.699546485260771 0.6771058315334774 0.6984126984126984 0.677645788336933
0 0.9115646258503401 0.5653347732181425 0.7142857142857143 0.5653347732181425 0.7131519274376418 0.4978401727861771 0.9115646258503401 0.4973002159827214 0.9126984126984127 0.5647948164146869 0.9115646258503401 0.5653347732181425
0 0.3492063492063492 0.5674946004319654 0.13378684807256236 0.5674946004319654 0.1326530612244898 0.49892008639308855 0.3492063492063492 0.49838012958963285 0.35034013605442177 0.5669546436285097 0.3492063492063492 0.5674946004319654
0 0.9115646258503401 0.6906047516198704 0.7142857142857143 0.6906047516198704 0.7131519274376418 0.572354211663067 0.9115646258503401 0.5718142548596112 0.9126984126984127 0.6900647948164147 0.9115646258503401 0.6906047516198704
0 0.49206349206349204 0.8104751619870411 0.13378684807256236 0.8104751619870411 0.1326530612244898 0.5745140388768899 0.49206349206349204 0.5739740820734341 0.4931972789115646 0.8099352051835853 0.49206349206349204 0.8104751619870411
0 0.6984126984126984 0.7586393088552916 0.5079365079365079 0.7586393088552916 0.5068027210884354 0.6857451403887689 0.6984126984126984 0.6852051835853131 0.699546485260771 0.7580993520518359 0.6984126984126984 0.7586393088552916
0 0.9115646258503401 0.8072354211663066 0.7142857142857143 0.8072354211663066 0.7131519274376418 0.6987041036717062 0.9115646258503401 0.6981641468682506 0.9126984126984127 0.806695464362851 0.9115646258503401 0.8072354211663066
0 0.9297052154195011 0.9789416846652268 0.7256235827664399 0.9789416846652268 0.7244897959183674 0.826133909287257 0.7222222222222222 0.8250539956803455 0.9297052154195011 0.8245140388768899 0.9308390022675737 0.978401727861771 0.9297052154195011 0.9789416846652268