0 0.2630691399662732 0.28394495412844034 0.1239460370994941 0.28394495412844034 0.12352445193929174 0.11559633027522936 0.260539629005059 0.11513761467889909 0.26096121416526136 0.12660550458715597 0.2630691399662732 0.12706422018348623 0.26349072512647553 0.2834862385321101 0.2630691399662732 0.28394495412844034
0 0.2976391231028668 0.28394495412844034 0.2639123102866779 0.28394495412844034 0.26349072512647553 0.12752293577981652 0.26897133220910624 0.12706422018348623 0.2693929173693086 0.11559633027522936 0.40219224283305227 0.11513761467889909 0.4026138279932546 0.27889908256880735 0.327150084317032 0.2793577981651376 0.32672849915682967 0.27706422018348625 0.3220910623946037 0.27660550458715594 0.32166947723440137 0.26238532110091745 0.2984822934232715 0.26192660550458713 0.29806070826306913 0.2834862385321101 0.2976391231028668 0.28394495412844034
0 0.6854974704890388 0.31697247706422016 0.6825463743676222 0.3128440366972477 0.6817032040472175 0.3110091743119266 0.6800168634064081 0.30825688073394497 0.6800168634064081 0.30642201834862387 0.6783305227655987 0.30458715596330277 0.677487352445194 0.30275229357798167 0.6749578414839797 0.29908256880733947 0.674114671163575 0.29724770642201837 0.6724283305227656 0.2944954128440367 0.6724283305227656 0.2926605504587156 0.6707419898819561 0.2908256880733945 0.6698988195615514 0.2889908256880734 0.6673693086003373 0.2853211009174312 0.6665261382799326 0.2834862385321101 0.6652613827993255 0.2811926605504587 0.5910623946037099 0.2811926605504587 0.5906408094435076 0.12110091743119267 0.7259696458684655 0.12064220183486239 0.7263912310286678 0.2908256880733945 0.7242833052276559 0.2922018348623853 0.7209106239460371 0.29495412844036695 0.7192242833052277 0.29495412844036695 0.7175379426644182 0.29678899082568805 0.7158516020236088 0.2977064220183486 0.7133220910623946 0.2995412844036697 0.7116357504215851 0.30045871559633025 0.7099494097807757 0.30137614678899083 0.7074198988195616 0.30321100917431193 0.7057335581787522 0.30412844036697245 0.7032040472175379 0.30596330275229355 0.7015177065767285 0.30596330275229355 0.6998313659359191 0.30779816513761465 0.6973018549747049 0.30963302752293576 0.6956155143338955 0.31055045871559633 0.6930860033726813 0.31238532110091743 0.6913996627318718 0.31330275229357796 0.6888701517706577 0.31513761467889906 0.6871838111298483 0.31605504587155964 0.6854974704890388 0.31697247706422016
0 0.7622259696458684 0.2811926605504587 0.7352445193929174 0.2811926605504587 0.734822934232715 0.12110091743119267 0.8693086003372681 0.12064220183486239 0.8697301854974705 0.2761467889908257 0.7934232715008431 0.27660550458715594 0.7925801011804384 0.27477064220183484 0.7875210792580101 0.27477064220183484 0.7870994940978078 0.25963302752293577 0.7630691399662732 0.2591743119266055 0.7626475548060708 0.28073394495412846 0.7622259696458684 0.2811926605504587
0 0.8693086003372681 0.3426605504587156 0.7883642495784149 0.3426605504587156 0.7866779089376054 0.33990825688073395 0.7807757166947723 0.33440366972477065 0.7740303541315345 0.32798165137614677 0.7727655986509275 0.3275229357798165 0.7723440134907251 0.32614678899082566 0.7681281618887015 0.32247706422018346 0.7668634064080945 0.3220183486238532 0.7664418212478921 0.32064220183486236 0.760539629005059 0.31513761467889906 0.7529510961214165 0.30779816513761465 0.7516863406408094 0.3073394495412844 0.7512647554806071 0.30596330275229355 0.7453625632377741 0.30045871559633025 0.7386172006745363 0.2940366972477064 0.734822934232715 0.2908256880733945 0.734822934232715 0.2871559633027523 0.7622259696458684 0.286697247706422 0.7626475548060708 0.3146788990825688 0.7866779089376054 0.31513761467889906 0.7870994940978078 0.2944954128440367 0.7925801011804384 0.2940366972477064 0.7930016863406408 0.28623853211009176 0.8693086003372681 0.28577981651376144 0.8697301854974705 0.3422018348623853 0.8693086003372681 0.3426605504587156
0 0.40219224283305227 0.34541284403669725 0.3305227655986509 0.34541284403669725 0.33010118043844855 0.3431192660550459 0.32925801011804384 0.3422018348623853 0.32841483979763914 0.3403669724770642 0.32757166947723443 0.3385321100917431 0.32757166947723443 0.3357798165137615 0.32672849915682967 0.3348623853211009 0.32588532883642496 0.3330275229357798 0.32504215851602025 0.3311926605504587 0.32504215851602025 0.3284403669724771 0.3241989881956155 0.3275229357798165 0.3233558178752108 0.3256880733944954 0.3233558178752108 0.3238532110091743 0.3225126475548061 0.3229357798165138 0.3225126475548061 0.3211009174311927 0.32166947723440137 0.3201834862385321 0.3208263069139966 0.318348623853211 0.32166947723440137 0.3174311926605505 0.32166947723440137 0.29724770642201837 0.3263069139966273 0.29678899082568805 0.32672849915682967 0.2889908256880734 0.40219224283305227 0.2885321100917431 0.4026138279932546 0.344954128440367 0.40219224283305227 0.34541284403669725
0 0.6804384485666105 0.4243119266055046 0.5860033726812817 0.4243119266055046 0.5855817875210793 0.2908256880733945 0.6644182124789207 0.2903669724770642 0.6665261382799326 0.29357798165137616 0.6673693086003373 0.29541284403669726 0.6690556492411467 0.2981651376146789 0.6698988195615514 0.3 0.6707419898819561 0.3018348623853211 0.6724283305227656 0.30458715596330277 0.6732715008431703 0.30642201834862387 0.6749578414839797 0.3091743119266055 0.6758010118043845 0.3110091743119266 0.677487352445194 0.3137614678899083 0.6783305227655987 0.3155963302752294 0.6800168634064081 0.318348623853211 0.6808600337268128 0.3201834862385321 0.6808600337268128 0.42385321100917434 0.6804384485666105 0.4243119266055046
0 0.25126475548060706 0.4224770642201835 0.12731871838111297 0.4224770642201835 0.12689713322091062 0.29357798165137616 0.2403035413153457 0.29311926605504585 0.2415682967959528 0.29541284403669726 0.24325463743676223 0.2981651376146789 0.24325463743676223 0.3 0.24494097807757167 0.3018348623853211 0.24578414839797638 0.3036697247706422 0.24747048903878582 0.30642201834862387 0.24831365935919056 0.30825688073394497 0.24915682967959527 0.3100917431192661 0.2508431703204047 0.3128440366972477 0.2508431703204047 0.3146788990825688 0.2525295109612142 0.3165137614678899 0.2533726812816189 0.318348623853211 0.25505902192242835 0.3211009174311927 0.25590219224283306 0.3229357798165138 0.25590219224283306 0.3275229357798165 0.2521079258010118 0.32798165137614677 0.25168634064080947 0.42201834862385323 0.25126475548060706 0.4224770642201835
0 0.40219224283305227 0.4261467889908257 0.260539629005059 0.4261467889908257 0.26011804384485665 0.3238532110091743 0.25927487352445194 0.3229357798165138 0.25843170320404724 0.3211009174311927 0.25843170320404724 0.3192660550458716 0.25674536256323777 0.3174311926605505 0.25590219224283306 0.3155963302752294 0.25505902192242835 0.3137614678899083 0.2533726812816189 0.3110091743119266 0.2525295109612142 0.3091743119266055 0.25168634064080947 0.3073394495412844 0.2508431703204047 0.3055045871559633 0.24915682967959527 0.30275229357798167 0.24831365935919056 0.30091743119266057 0.24747048903878582 0.29908256880733947 0.24578414839797638 0.2963302752293578 0.24578414839797638 0.2944954128440367 0.24494097807757167 0.29357798165137616 0.2976391231028668 0.29311926605504585 0.29806070826306913 0.3174311926605505 0.31703204047217537 0.31788990825688074 0.3174536256323777 0.3201834862385321 0.3182967959527825 0.3211009174311927 0.3191399662731872 0.3229357798165138 0.3191399662731872 0.3247706422018349 0.3199831365935919 0.3256880733944954 0.3199831365935919 0.3275229357798165 0.3208263069139966 0.3284403669724771 0.32166947723440137 0.3302752293577982 0.32166947723440137 0.3321100917431193 0.3225126475548061 0.3330275229357798 0.3225126475548061 0.3348623853211009 0.3233558178752108 0.3357798165137615 0.3241989881956155 0.3376146788990826 0.3241989881956155 0.3394495412844037 0.32504215851602025 0.3403669724770642 0.32504215851602025 0.3422018348623853 0.32588532883642496 0.3431192660550459 0.32588532883642496 0.344954128440367 0.32672849915682967 0.3458715596330275 0.32757166947723443 0.3477064220183486 0.32757166947723443 0.3504587155963303 0.32841483979763914 0.3513761467889908 0.32925801011804384 0.3532110091743119 0.3296795952782462 0.35458715596330276 0.40219224283305227 0.35458715596330276 0.4026138279932546 0.42568807339449544 0.40219224283305227 0.4261467889908257
0 0.8735244519392917 0.4243119266055046 0.7344013490725126 0.4243119266055046 0.7339797639123102 0.41743119266055045 0.7251264755480608 0.4169724770642202 0.7247048903878583 0.42385321100917434 0.6863406408094435 0.4243119266055046 0.6859190556492412 0.3238532110091743 0.688026981450253 0.32155963302752294 0.6897133220910624 0.32064220183486236 0.6913996627318718 0.31972477064220184 0.693929173693086 0.31788990825688074 0.6956155143338955 0.31788990825688074 0.6973018549747049 0.31605504587155964 0.6989881956155143 0.31513761467889906 0.7015177065767285 0.31330275229357796 0.7032040472175379 0.31238532110091743 0.7048903878583473 0.31146788990825686 0.7074198988195616 0.30963302752293576 0.709106239460371 0.30871559633027523 0.7116357504215851 0.30688073394495413 0.7133220910623946 0.30596330275229355 0.7158516020236088 0.30412844036697245 0.7175379426644182 0.30321100917431193 0.7200674536256324 0.30137614678899083 0.7217537942664418 0.30045871559633025 0.7242833052276559 0.29862385321100915 0.7259696458684655 0.2977064220183486 0.7335581787521079 0.2977064220183486 0.7352445193929174 0.30045871559633025 0.7419898819561551 0.30688073394495413 0.7440978077571669 0.30825688073394497 0.7445193929173693 0.30963302752293576 0.7478920741989882 0.31238532110091743 0.7491568296795953 0.3128440366972477 0.7504215851602024 0.31513761467889906 0.7571669477234402 0.32155963302752294 0.7630691399662732 0.32706422018348624 0.7643338954468802 0.3275229357798165 0.7647554806070826 0.32889908256880734 0.7689713322091062 0.33256880733944955 0.7702360876897133 0.3330275229357798 0.7706576728499157 0.33440366972477065 0.7765598650927488 0.33990825688073395 0.7841483979763912 0.34724770642201835 0.7900505902192243 0.35275229357798166 0.8735244519392917 0.35275229357798166 0.8739460370994941 0.42385321100917434 0.8735244519392917 0.4243119266055046
0 0.3768971332209106 0.5032110091743119 0.2596964586846543 0.5032110091743119 0.25927487352445194 0.43761467889908257 0.3768971332209106 0.4371559633027523 0.37731871838111297 0.5027522935779817 0.3768971332209106 0.5032110091743119
0 0.5067453625632378 0.7178899082568807 0.4308600337268128 0.7178899082568807 0.43043844856661045 0.6128440366972477 0.5067453625632378 0.6123853211009175 0.5071669477234402 0.7174311926605504 0.5067453625632378 0.7178899082568807
0 0.602866779089376 0.658256880733945 0.5168634064080945 0.658256880733945 0.5164418212478921 0.6128440366972477 0.602866779089376 0.6123853211009175 0.6032883642495784 0.6577981651376147 0.602866779089376 0.658256880733945
0 0.6854974704890388 0.6995412844036697 0.6087689713322091 0.6995412844036697 0.6083473861720068 0.6128440366972477 0.6854974704890388 0.6123853211009175 0.6859190556492412 0.6990825688073394 0.6854974704890388 0.6995412844036697
0 0.8001686340640809 0.7463302752293578 0.6922428330522765 0.7463302752293578 0.6918212478920742 0.6128440366972477 0.8001686340640809 0.6123853211009175 0.8005902192242833 0.7458715596330275 0.8001686340640809 0.7463302752293578
0 0.6854974704890388 0.9178899082568808 0.5168634064080945 0.9178899082568808 0.5164418212478921 0.6642201834862386 0.602866779089376 0.6637614678899083 0.6032883642495784 0.7761467889908257 0.6045531197301856 0.7775229357798165 0.6058178752107926 0.7779816513761468 0.606239460370995 0.7793577981651376 0.6129848229342327 0.7857798165137615 0.6214165261382799 0.7940366972477064 0.6247892074198989 0.7967889908256881 0.6854974704890388 0.7967889908256881 0.6859190556492412 0.9174311926605505 0.6854974704890388 0.9178899082568808
0 0.6854974704890388 0.7912844036697247 0.627318718381113 0.7912844036697247 0.6256323777403036 0.7885321100917431 0.6243676222596964 0.7880733944954128 0.6239460370994941 0.786697247706422 0.6172006745362564 0.7802752293577981 0.6096121416526138 0.7729357798165137 0.6083473861720068 0.7724770642201835 0.6083473861720068 0.7064220183486238 0.6854974704890388 0.7059633027522936 0.6859190556492412 0.7908256880733945 0.6854974704890388 0.7912844036697247
0 0.8001686340640809 0.8380733944954128 0.6922428330522765 0.8380733944954128 0.6918212478920742 0.810091743119266 0.7158516020236088 0.8096330275229358 0.7162731871838112 0.7889908256880734 0.7200674536256324 0.7885321100917431 0.7204890387858347 0.7688073394495413 0.7166947723440135 0.768348623853211 0.7162731871838112 0.7522935779816514 0.8001686340640809 0.751834862385321 0.8005902192242833 0.8376146788990826 0.8001686340640809 0.8380733944954128
0 0.9148397976391232 0.8371559633027523 0.8111298482293423 0.8371559633027523 0.81070826306914 0.7522935779816514 0.9148397976391232 0.751834862385321 0.9152613827993255 0.8366972477064221 0.9148397976391232 0.8371559633027523
0 0.8001686340640809 0.9178899082568808 0.7740303541315345 0.9178899082568808 0.7736087689713322 0.8761467889908257 0.7344013490725126 0.8756880733944954 0.7335581787521079 0.8747706422018349 0.730185497470489 0.8747706422018349 0.7293423271500843 0.8738532110091743 0.7276559865092749 0.8729357798165137 0.7259696458684655 0.8729357798165137 0.7251264755480608 0.8720183486238532 0.7217537942664418 0.8720183486238532 0.7209106239460371 0.8711009174311927 0.7192242833052277 0.8701834862385321 0.7175379426644182 0.8701834862385321 0.7166947723440135 0.8692660550458715 0.7141652613827993 0.8692660550458715 0.7133220910623946 0.868348623853211 0.7116357504215851 0.868348623853211 0.7107925801011804 0.8674311926605505 0.709106239460371 0.8674311926605505 0.7082630691399663 0.8665137614678899 0.7057335581787522 0.8665137614678899 0.7048903878583473 0.8655963302752293 0.7032040472175379 0.8655963302752293 0.7023608768971332 0.8646788990825688 0.7006745362563238 0.8646788990825688 0.6998313659359191 0.8637614678899083 0.6973018549747049 0.8637614678899083 0.6964586846543002 0.8628440366972477 0.6947723440134908 0.8628440366972477 0.693929173693086 0.8619266055045871 0.6922428330522765 0.8619266055045871 0.6918212478920742 0.8440366972477065 0.8001686340640809 0.8435779816513761 0.8005902192242833 0.9174311926605505 0.8001686340640809 0.9178899082568808
0 0.769814502529511 0.9178899082568808 0.6922428330522765 0.9178899082568808 0.6918212478920742 0.8660550458715597 0.6956155143338955 0.8665137614678899 0.6964586846543002 0.8674311926605505 0.6981450252951096 0.8674311926605505 0.6989881956155143 0.868348623853211 0.7006745362563238 0.868348623853211 0.7015177065767285 0.8692660550458715 0.7040472175379426 0.8692660550458715 0.7048903878583473 0.8701834862385321 0.7065767284991569 0.8711009174311927 0.7082630691399663 0.8711009174311927 0.709106239460371 0.8720183486238532 0.7124789207419899 0.8720183486238532 0.7133220910623946 0.8729357798165137 0.715008431703204 0.8738532110091743 0.7166947723440135 0.8738532110091743 0.7175379426644182 0.8747706422018349 0.7209106239460371 0.8747706422018349 0.7217537942664418 0.8756880733944954 0.7234401349072512 0.8756880733944954 0.7242833052276559 0.8766055045871559 0.7259696458684655 0.8775229357798165 0.7284991568296796 0.8775229357798165 0.7293423271500843 0.8784403669724771 0.7310286677908938 0.8784403669724771 0.7318718381112985 0.8793577981651376 0.769814502529511 0.8793577981651376 0.7702360876897133 0.9174311926605505 0.769814502529511 0.9178899082568808