0 0.9 0.532421875 0.6491666666666667 0.532421875 0.64875 0.41015625 0.5216666666666666 0.409765625 0.52125 0.28359375 0.9 0.283203125 0.9004166666666666 0.53203125 0.9 0.532421875
0 0.24083333333333334 0.480078125 0.08166666666666667 0.480078125 0.08125 0.2859375 0.24083333333333334 0.285546875 0.24125 0.4796875 0.24083333333333334 0.480078125
0 0.4575 0.480078125 0.24583333333333332 0.480078125 0.24541666666666667 0.2859375 0.4575 0.285546875 0.4579166666666667 0.4796875 0.4575 0.480078125
0 0.6108333333333333 0.569140625 0.5216666666666666 0.569140625 0.52125 0.41015625 0.6483333333333333 0.409765625 0.64875 0.53125 0.6166666666666667 0.531640625 0.61625 0.5359375 0.6116666666666667 0.536328125 0.61125 0.56875 0.6108333333333333 0.569140625
0 0.17583333333333334 0.620703125 0.08166666666666667 0.620703125 0.08125 0.4859375 0.17583333333333334 0.485546875 0.17625 0.6203125 0.17583333333333334 0.620703125
0 0.4575 0.713671875 0.18083333333333335 0.713671875 0.18041666666666667 0.4859375 0.4575 0.485546875 0.4579166666666667 0.71328125 0.4575 0.713671875
0 0.715 0.679296875 0.6166666666666667 0.679296875 0.61625 0.53203125 0.6483333333333333 0.531640625 0.6491666666666667 0.532421875 0.715 0.532421875 0.7154166666666667 0.67890625 0.715 0.679296875
0 0.9 0.716796875 0.7208333333333333 0.716796875 0.7204166666666667 0.53828125 0.9 0.537890625 0.9004166666666666 0.71640625 0.9 0.716796875
0 0.6108333333333333 0.630078125 0.5216666666666666 0.630078125 0.52125 0.575 0.6108333333333333 0.574609375 0.61125 0.6296875 0.6108333333333333 0.630078125
0 0.17583333333333334 0.710546875 0.0825 0.710546875 0.08208333333333333 0.625 0.17583333333333334 0.624609375 0.17625 0.71015625 0.17583333333333334 0.710546875
0 0.6108333333333333 0.716796875 0.5216666666666666 0.716796875 0.52125 0.63359375 0.6108333333333333 0.633203125 0.61125 0.71640625 0.6108333333333333 0.716796875
0 0.715 0.716796875 0.6166666666666667 0.716796875 0.61625 0.6828125 0.715 0.682421875 0.7154166666666667 0.71640625 0.715 0.716796875
0 0.595 0.883984375 0.5141666666666667 0.883984375 0.51375 0.73046875 0.595 0.730078125 0.5954166666666667 0.88359375 0.595 0.883984375