0 0.3975409836065574 0.28322259136212624 0.0778688524590164 0.28322259136212624 0.07581967213114754 0.18438538205980065 0.3975409836065574 0.18355481727574752 0.39959016393442626 0.2823920265780731 0.3975409836065574 0.28322259136212624
0 0.930327868852459 0.3961794019933555 0.4139344262295082 0.3961794019933555 0.41188524590163933 0.18438538205980065 0.930327868852459 0.18355481727574752 0.9323770491803278 0.3953488372093023 0.930327868852459 0.3961794019933555
0 0.3975409836065574 0.40282392026578073 0.0778688524590164 0.40282392026578073 0.07581967213114754 0.2840531561461794 0.3975409836065574 0.28322259136212624 0.39959016393442626 0.4019933554817276 0.3975409836065574 0.40282392026578073
0 0.5491803278688525 0.6071428571428571 0.4139344262295082 0.6071428571428571 0.41188524590163933 0.4983388704318937 0.3975409836065574 0.49750830564784054 0.39549180327868855 0.521594684385382 0.2459016393442623 0.5224252491694352 0.24385245901639344 0.4069767441860465 0.4098360655737705 0.4061461794019934 0.41188524590163933 0.39700996677740863 0.5491803278688525 0.3961794019933555 0.5512295081967213 0.606312292358804 0.5491803278688525 0.6071428571428571
0 0.7418032786885246 0.5224252491694352 0.5655737704918032 0.5224252491694352 0.5635245901639344 0.4019933554817276 0.7418032786885246 0.4011627906976744 0.7438524590163934 0.521594684385382 0.7418032786885246 0.5224252491694352
0 0.9221311475409836 0.4908637873754153 0.7663934426229508 0.4908637873754153 0.764344262295082 0.4019933554817276 0.9221311475409836 0.4011627906976744 0.9241803278688525 0.4900332225913621 0.9221311475409836 0.4908637873754153
0 0.22950819672131148 0.46096345514950166 0.0778688524590164 0.46096345514950166 0.07581967213114754 0.4069767441860465 0.22950819672131148 0.4061461794019934 0.23155737704918034 0.4601328903654485 0.22950819672131148 0.46096345514950166
0 0.22950819672131148 0.5224252491694352 0.0778688524590164 0.5224252491694352 0.07581967213114754 0.46677740863787376 0.22950819672131148 0.4659468438538206 0.23155737704918034 0.521594684385382 0.22950819672131148 0.5224252491694352
0 0.930327868852459 0.6885382059800664 0.5655737704918032 0.6885382059800664 0.5635245901639344 0.5282392026578073 0.7540983606557377 0.5274086378737541 0.7561475409836066 0.4983388704318937 0.930327868852459 0.49750830564784054 0.9323770491803278 0.6877076411960132 0.930327868852459 0.6885382059800664
0 0.39344262295081966 0.6885382059800664 0.0778688524590164 0.6885382059800664 0.07581967213114754 0.526578073089701 0.39344262295081966 0.5257475083056479 0.39549180327868855 0.6877076411960132 0.39344262295081966 0.6885382059800664
0 0.5491803278688525 0.6602990033222591 0.4139344262295082 0.6602990033222591 0.41188524590163933 0.6129568106312292 0.5491803278688525 0.6121262458471761 0.5512295081967213 0.659468438538206 0.5491803278688525 0.6602990033222591
0 0.9385245901639344 0.9775747508305648 0.7786885245901639 0.9775747508305648 0.7766393442622951 0.8222591362126246 0.9385245901639344 0.8214285714285714 0.9405737704918032 0.9767441860465116 0.9385245901639344 0.9775747508305648