0 0.4708994708994709 0.5125838926174496 0.16049382716049382 0.5125838926174496 0.15961199294532627 0.43288590604026844 0.021164021164021163 0.4320469798657718 0.020282186948853614 0.14597315436241612 0.4708994708994709 0.14513422818791946 0.47178130511463845 0.511744966442953 0.4708994708994709 0.5125838926174496
0 0.6578483245149912 0.4236577181208054 0.5308641975308642 0.4236577181208054 0.5299823633156967 0.1476510067114094 0.7707231040564374 0.14681208053691275 0.7716049382716049 0.37583892617449666 0.6596119929453262 0.3766778523489933 0.6587301587301587 0.4228187919463087 0.6578483245149912 0.4236577181208054
0 0.9788359788359788 0.4236577181208054 0.8641975308641975 0.4236577181208054 0.86331569664903 0.3775167785234899 0.781305114638448 0.3766778523489933 0.7804232804232805 0.1476510067114094 0.9788359788359788 0.14681208053691275 0.9797178130511464 0.4228187919463087 0.9788359788359788 0.4236577181208054
0 0.8624338624338624 0.589765100671141 0.5308641975308642 0.589765100671141 0.5299823633156967 0.43288590604026844 0.6684303350970018 0.4320469798657718 0.6693121693121693 0.3859060402684564 0.8518518518518519 0.3850671140939597 0.8527336860670194 0.4312080536912752 0.8624338624338624 0.4320469798657718 0.86331569664903 0.5889261744966443 0.8624338624338624 0.589765100671141
0 0.14814814814814814 0.5914429530201343 0.021164021164021163 0.5914429530201343 0.020282186948853614 0.43288590604026844 0.15873015873015872 0.4320469798657718 0.15961199294532627 0.5067114093959731 0.10052910052910052 0.5075503355704698 0.09964726631393298 0.5151006711409396 0.14814814814814814 0.5159395973154363 0.1490299823633157 0.5906040268456376 0.14814814814814814 0.5914429530201343
0 0.9788359788359788 0.589765100671141 0.8641975308641975 0.589765100671141 0.86331569664903 0.43288590604026844 0.9788359788359788 0.4320469798657718 0.9797178130511464 0.5889261744966443 0.9788359788359788 0.589765100671141
0 0.26455026455026454 0.7491610738255033 0.16049382716049382 0.7491610738255033 0.15961199294532627 0.6828859060402684 0.10405643738977072 0.6820469798657718 0.10317460317460317 0.6006711409395973 0.15873015873015872 0.5998322147651006 0.15961199294532627 0.5134228187919463 0.26455026455026454 0.5125838926174496 0.2654320987654321 0.7483221476510067 0.26455026455026454 0.7491610738255033
0 0.4708994708994709 0.7491610738255033 0.2751322751322751 0.7491610738255033 0.2742504409171076 0.5234899328859061 0.3262786596119929 0.5226510067114094 0.3271604938271605 0.5134228187919463 0.4708994708994709 0.5125838926174496 0.47178130511463845 0.7483221476510067 0.4708994708994709 0.7491610738255033
0 0.14814814814814814 0.7491610738255033 0.021164021164021163 0.7491610738255033 0.020282186948853614 0.6006711409395973 0.09347442680776014 0.5998322147651006 0.09435626102292768 0.6895973154362416 0.14814814814814814 0.6904362416107382 0.1490299823633157 0.7483221476510067 0.14814814814814814 0.7491610738255033
0 0.8095238095238095 0.7508389261744967 0.5291005291005291 0.7508389261744967 0.5282186948853616 0.6006711409395973 0.8095238095238095 0.5998322147651006 0.810405643738977 0.75 0.8095238095238095 0.7508389261744967
0 0.9788359788359788 0.7424496644295302 0.8201058201058201 0.7424496644295302 0.8192239858906526 0.6006711409395973 0.9788359788359788 0.5998322147651006 0.9797178130511464 0.7416107382550335 0.9788359788359788 0.7424496644295302
0 0.14814814814814814 0.9253355704697986 0.012345679012345678 0.9253355704697986 0.01146384479717813 0.7684563758389261 0.14814814814814814 0.7676174496644296 0.1490299823633157 0.924496644295302 0.14814814814814814 0.9253355704697986