0 0.8967611336032388 0.3735207100591716 0.7641700404858299 0.3735207100591716 0.763663967611336 0.20857988165680474 0.687246963562753 0.20784023668639054 0.6867408906882592 0.13165680473372782 0.8967611336032388 0.1309171597633136 0.8972672064777328 0.3727810650887574 0.8967611336032388 0.3735207100591716
0 0.23279352226720648 0.4297337278106509 0.12044534412955465 0.4297337278106509 0.11993927125506072 0.13757396449704143 0.23785425101214575 0.13683431952662722 0.23836032388663966 0.3875739644970414 0.23380566801619435 0.38831360946745563 0.2332995951417004 0.4289940828402367 0.23279352226720648 0.4297337278106509
0 0.2874493927125506 0.503698224852071 0.24595141700404857 0.503698224852071 0.24544534412955465 0.13757396449704143 0.5020242914979757 0.13683431952662722 0.5025303643724697 0.4334319526627219 0.28846153846153844 0.4341715976331361 0.28795546558704455 0.5029585798816568 0.2874493927125506 0.503698224852071
0 0.548582995951417 0.4341715976331361 0.5091093117408907 0.4341715976331361 0.5086032388663968 0.13757396449704143 0.6700404858299596 0.13683431952662722 0.6705465587044535 0.3890532544378698 0.5495951417004049 0.38979289940828404 0.5490890688259109 0.4334319526627219 0.548582995951417 0.4341715976331361
0 0.7540485829959515 0.3735207100591716 0.687246963562753 0.3735207100591716 0.6867408906882592 0.22041420118343194 0.7540485829959515 0.21967455621301776 0.7545546558704453 0.3727810650887574 0.7540485829959515 0.3735207100591716
0 0.8967611336032388 0.7744082840236687 0.687246963562753 0.7744082840236687 0.6867408906882592 0.3831360946745562 0.8967611336032388 0.382396449704142 0.8972672064777328 0.7736686390532544 0.8967611336032388 0.7744082840236687
0 0.6062753036437247 0.4948224852071006 0.5566801619433198 0.4948224852071006 0.5561740890688259 0.3979289940828402 0.6062753036437247 0.39718934911242604 0.6067813765182186 0.4940828402366864 0.6062753036437247 0.4948224852071006
0 0.6700404858299596 0.4948224852071006 0.6143724696356275 0.4948224852071006 0.6138663967611336 0.3979289940828402 0.6700404858299596 0.39718934911242604 0.6705465587044535 0.4940828402366864 0.6700404858299596 0.4948224852071006
0 0.451417004048583 0.7655325443786982 0.28846153846153844 0.7655325443786982 0.28795546558704455 0.4349112426035503 0.35526315789473684 0.4341715976331361 0.3557692307692308 0.4408284023668639 0.3815789473684211 0.4415680473372781 0.38208502024291496 0.4822485207100592 0.4230769230769231 0.48298816568047337 0.423582995951417 0.4423076923076923 0.45040485829959515 0.4415680473372781 0.4509109311740891 0.4822485207100592 0.45546558704453444 0.48298816568047337 0.4559716599190283 0.5532544378698225 0.4524291497975709 0.5539940828402367 0.4519230769230769 0.764792899408284 0.451417004048583 0.7655325443786982
0 0.45546558704453444 0.48298816568047337 0.451417004048583 0.48298816568047337 0.4509109311740891 0.4423076923076923 0.4240890688259109 0.4415680473372781 0.423582995951417 0.4822485207100592 0.3825910931174089 0.48298816568047337 0.38208502024291496 0.4423076923076923 0.3562753036437247 0.4415680473372781 0.3557692307692308 0.4349112426035503 0.45546558704453444 0.4341715976331361 0.4559716599190283 0.4822485207100592 0.45546558704453444 0.48298816568047337
0 0.5020242914979757 0.4400887573964497 0.4564777327935223 0.4400887573964497 0.4559716599190283 0.4349112426035503 0.5020242914979757 0.4341715976331361 0.5025303643724697 0.4393491124260355 0.5020242914979757 0.4400887573964497
0 0.19331983805668015 0.639792899408284 0.12044534412955465 0.639792899408284 0.11993927125506072 0.4393491124260355 0.2236842105263158 0.4386094674556213 0.2241902834008097 0.5029585798816568 0.19433198380566802 0.503698224852071 0.1938259109311741 0.6390532544378699 0.19331983805668015 0.639792899408284
0 0.548582995951417 0.6945266272189349 0.458502024291498 0.6945266272189349 0.45799595141700405 0.5547337278106509 0.4559716599190283 0.5532544378698225 0.4559716599190283 0.4408284023668639 0.548582995951417 0.4400887573964497 0.5490890688259109 0.6937869822485208 0.548582995951417 0.6945266272189349
0 0.6700404858299596 0.7655325443786982 0.5566801619433198 0.7655325443786982 0.5561740890688259 0.5059171597633136 0.6700404858299596 0.5051775147928994 0.6705465587044535 0.764792899408284 0.6700404858299596 0.7655325443786982
0 0.2783400809716599 0.639792899408284 0.20040485829959515 0.639792899408284 0.19989878542510123 0.5133136094674556 0.2783400809716599 0.5125739644970414 0.27884615384615385 0.6390532544378699 0.2783400809716599 0.639792899408284
0 0.2813765182186235 0.7655325443786982 0.12044534412955465 0.7655325443786982 0.11993927125506072 0.6494082840236687 0.2813765182186235 0.6486686390532544 0.2818825910931174 0.764792899408284 0.2813765182186235 0.7655325443786982
0 0.548582995951417 0.7655325443786982 0.458502024291498 0.7655325443786982 0.45799595141700405 0.7041420118343196 0.548582995951417 0.7034023668639053 0.5490890688259109 0.764792899408284 0.548582995951417 0.7655325443786982