0 0.23309466984884647 0.49618805590851334 0.06762132060461416 0.49618805590851334 0.06722354813046937 0.06607369758576874 0.23309466984884647 0.06543837357052097 0.23349244232299124 0.49555273189326554 0.23309466984884647 0.49618805590851334
0 0.477326968973747 0.49618805590851334 0.2394590294351631 0.49618805590851334 0.2390612569610183 0.06607369758576874 0.477326968973747 0.06543837357052097 0.4777247414478918 0.49555273189326554 0.477326968973747 0.49618805590851334
0 0.720763723150358 0.5101651842439644 0.5592680986475735 0.5101651842439644 0.5588703261734288 0.15374841168996187 0.720763723150358 0.1531130876747141 0.7211614956245028 0.5095298602287166 0.720763723150358 0.5101651842439644
0 0.7215592680986476 0.19504447268106734 0.7211614956245028 0.15374841168996187 0.7219570405727923 0.15374841168996187 0.7219570405727923 0.19440914866581957 0.7215592680986476 0.19504447268106734
0 0.960222752585521 0.49872935196950446 0.7287191726332538 0.49872935196950446 0.728321400159109 0.15374841168996187 0.7517899761336515 0.1531130876747141 0.7521877486077964 0.19695044472681067 0.960222752585521 0.19758576874205844 0.9606205250596659 0.49809402795425667 0.960222752585521 0.49872935196950446
0 0.8528241845664281 0.19504447268106734 0.7597454256165473 0.19504447268106734 0.7593476531424026 0.15374841168996187 0.8528241845664281 0.1531130876747141 0.8532219570405728 0.19440914866581957 0.8528241845664281 0.19504447268106734
0 0.960222752585521 0.19504447268106734 0.8552108194112967 0.19504447268106734 0.854813046937152 0.15374841168996187 0.960222752585521 0.1531130876747141 0.9606205250596659 0.19440914866581957 0.960222752585521 0.19504447268106734
0 0.2840095465393795 0.8316391359593392 0.1368337311058075 0.8316391359593392 0.1364359586316627 0.6429479034307497 0.07080350039777247 0.6423125794155019 0.07040572792362769 0.5057179161372299 0.35719968178202066 0.5050825921219823 0.35759745425616546 0.6416772554002541 0.33651551312649164 0.6423125794155019 0.33611774065234684 0.6467598475222364 0.284805091487669 0.6473951715374842 0.2844073190135243 0.8310038119440915 0.2840095465393795 0.8316391359593392
0 0.4741447891805887 0.6423125794155019 0.3635640413683373 0.6423125794155019 0.3631662688941925 0.5057179161372299 0.4741447891805887 0.5050825921219823 0.4745425616547335 0.6416772554002541 0.4741447891805887 0.6423125794155019
0 0.8870326173428799 0.8316391359593392 0.6459824980111376 0.8316391359593392 0.6455847255369929 0.6429479034307497 0.5592680986475735 0.6423125794155019 0.5588703261734288 0.5108005082592122 0.960222752585521 0.5101651842439644 0.9606205250596659 0.6416772554002541 0.8878281622911695 0.6423125794155019 0.8874303898170247 0.8310038119440915 0.8870326173428799 0.8316391359593392
0 0.39856801909307876 0.8316391359593392 0.2903739061256961 0.8316391359593392 0.28997613365155134 0.6569250317662008 0.39856801909307876 0.656289707750953 0.39896579156722356 0.8310038119440915 0.39856801909307876 0.8316391359593392