0 0.9063260340632603 0.6080786026200873 0.7384428223844283 0.6080786026200873 0.7378345498783455 0.13537117903930132 0.940389294403893 0.13427947598253276 0.9409975669099757 0.4017467248908297 0.8807785888077859 0.4028384279475983 0.8801703163017032 0.45633187772925765 0.8813868613138686 0.4585152838427948 0.8838199513381995 0.4650655021834061 0.8862530413625304 0.47161572052401746 0.8886861313868614 0.4781659388646288 0.8911192214111923 0.4847161572052402 0.8923357664233577 0.4890829694323144 0.8947688564476886 0.49563318777292575 0.8972019464720195 0.5021834061135371 0.8996350364963503 0.5087336244541485 0.9020681265206812 0.5152838427947598 0.9045012165450121 0.5218340611353712 0.906934306569343 0.5283842794759825 0.906934306569343 0.6069868995633187 0.9063260340632603 0.6080786026200873
0 0.16180048661800486 0.5163755458515283 0.04257907542579075 0.5163755458515283 0.041970802919708027 0.2794759825327511 0.16180048661800486 0.27838427947598254 0.1624087591240876 0.5152838427947598 0.16180048661800486 0.5163755458515283
0 0.2542579075425791 0.5403930131004366 0.16909975669099755 0.5403930131004366 0.16849148418491483 0.2794759825327511 0.2542579075425791 0.27838427947598254 0.2548661800486618 0.5393013100436681 0.2542579075425791 0.5403930131004366
0 0.5705596107055961 0.5207423580786026 0.40389294403892945 0.5207423580786026 0.402676399026764 0.5163755458515283 0.26277372262773724 0.5163755458515283 0.2621654501216545 0.2794759825327511 0.5705596107055961 0.27838427947598254 0.5711678832116789 0.519650655021834 0.5705596107055961 0.5207423580786026
0 0.7299270072992701 0.5185589519650655 0.5778588807785888 0.5185589519650655 0.5772506082725061 0.2794759825327511 0.7299270072992701 0.27838427947598254 0.7305352798053528 0.517467248908297 0.7299270072992701 0.5185589519650655
0 0.940389294403893 0.5207423580786026 0.9099756690997567 0.5207423580786026 0.9057177615571776 0.5109170305676856 0.9045012165450121 0.5065502183406113 0.9020681265206812 0.5 0.898418491484185 0.4912663755458515 0.8972019464720195 0.4868995633187773 0.8947688564476886 0.48034934497816595 0.8923357664233577 0.4737991266375546 0.8911192214111923 0.46943231441048033 0.8874695863746959 0.4606986899563319 0.8862530413625304 0.45633187772925765 0.885036496350365 0.4519650655021834 0.885036496350365 0.4126637554585153 0.940389294403893 0.4115720524017467 0.9409975669099757 0.519650655021834 0.940389294403893 0.5207423580786026
0 0.4635036496350365 0.712882096069869 0.40389294403892945 0.712882096069869 0.4032846715328467 0.5218340611353712 0.5705596107055961 0.5207423580786026 0.5711678832116789 0.5262008733624454 0.7299270072992701 0.527292576419214 0.7305352798053528 0.6069868995633187 0.46472019464720193 0.6080786026200873 0.46411192214111924 0.7117903930131004 0.4635036496350365 0.712882096069869
0 0.16180048661800486 0.9290393013100436 0.04257907542579075 0.9290393013100436 0.041970802919708027 0.5262008733624454 0.16180048661800486 0.5251091703056768 0.1624087591240876 0.9279475982532751 0.16180048661800486 0.9290393013100436
0 0.39659367396593675 0.8482532751091703 0.26277372262773724 0.8482532751091703 0.2621654501216545 0.5283842794759825 0.39659367396593675 0.527292576419214 0.39720194647201945 0.8471615720524017 0.39659367396593675 0.8482532751091703
0 0.940389294403893 0.6080786026200873 0.9124087591240876 0.6080786026200873 0.9118004866180048 0.5305676855895196 0.940389294403893 0.5294759825327511 0.9409975669099757 0.6069868995633187 0.940389294403893 0.6080786026200873
0 0.2542579075425791 0.8482532751091703 0.16909975669099755 0.8482532751091703 0.16849148418491483 0.5524017467248908 0.2542579075425791 0.5513100436681223 0.2548661800486618 0.8471615720524017 0.2542579075425791 0.8482532751091703
0 0.5109489051094891 0.712882096069869 0.4708029197080292 0.712882096069869 0.4701946472019465 0.6200873362445415 0.5109489051094891 0.618995633187773 0.5115571776155717 0.7117903930131004 0.5109489051094891 0.712882096069869
0 0.5985401459854015 0.8482532751091703 0.5340632603406326 0.8482532751091703 0.5334549878345499 0.7532751091703057 0.5298053527980535 0.7467248908296943 0.5273722627737226 0.740174672489083 0.5249391727493917 0.7336244541484717 0.5225060827250608 0.7270742358078602 0.5212895377128953 0.722707423580786 0.5164233576642335 0.7117903930131004 0.5164233576642335 0.6200873362445415 0.5985401459854015 0.618995633187773 0.5991484184914841 0.8471615720524017 0.5985401459854015 0.8482532751091703
0 0.7299270072992701 0.8482532751091703 0.6058394160583942 0.8482532751091703 0.6052311435523114 0.6200873362445415 0.7299270072992701 0.618995633187773 0.7305352798053528 0.8471615720524017 0.7299270072992701 0.8482532751091703
0 0.8540145985401459 0.8482532751091703 0.7384428223844283 0.8482532751091703 0.7378345498783455 0.6200873362445415 0.8540145985401459 0.618995633187773 0.8546228710462287 0.8471615720524017 0.8540145985401459 0.8482532751091703
0 0.940389294403893 0.8482532751091703 0.8600973236009732 0.8482532751091703 0.8594890510948905 0.6200873362445415 0.940389294403893 0.618995633187773 0.9409975669099757 0.8471615720524017 0.940389294403893 0.8482532751091703
0 0.45012165450121655 0.8482532751091703 0.40389294403892945 0.8482532751091703 0.4032846715328467 0.722707423580786 0.45012165450121655 0.7216157205240175 0.45072992700729925 0.8471615720524017 0.45012165450121655 0.8482532751091703
0 0.5279805352798054 0.8482532751091703 0.4562043795620438 0.8482532751091703 0.4555961070559611 0.722707423580786 0.5145985401459854 0.7216157205240175 0.5188564476885644 0.7314410480349345 0.5212895377128953 0.7379912663755459 0.5237226277372263 0.7445414847161572 0.5261557177615572 0.7510917030567685 0.5273722627737226 0.7554585152838428 0.5285888077858881 0.759825327510917 0.5285888077858881 0.8471615720524017 0.5279805352798054 0.8482532751091703