0 0.3044654939106901 0.21108343711083438 0.06630581867388363 0.21108343711083438 0.06562922868741543 0.049813200498132 0.3044654939106901 0.04919053549190536 0.3051420838971583 0.21046077210460773 0.3044654939106901 0.21108343711083438
0 0.40054127198917455 0.12141967621419676 0.3112313937753721 0.12141967621419676 0.31055480378890393 0.049813200498132 0.40054127198917455 0.04919053549190536 0.40121786197564274 0.12079701120797011 0.40054127198917455 0.12141967621419676
0 0.4925575101488498 0.14383561643835616 0.40866035182679294 0.14383561643835616 0.40798376184032475 0.049813200498132 0.4925575101488498 0.04919053549190536 0.493234100135318 0.1432129514321295 0.4925575101488498 0.14383561643835616
0 0.8051420838971584 0.14757160647571607 0.6116373477672531 0.14757160647571607 0.6109607577807848 0.049813200498132 0.8051420838971584 0.04919053549190536 0.8058186738836265 0.14694894146948942 0.8051420838971584 0.14757160647571607
0 0.6021650879566982 0.14383561643835616 0.5020297699594046 0.14383561643835616 0.5013531799729364 0.053549190535491904 0.6021650879566982 0.05292652552926526 0.6028416779431665 0.1432129514321295 0.6021650879566982 0.14383561643835616
0 0.38024357239512857 0.37048567870485677 0.3112313937753721 0.37048567870485677 0.31055480378890393 0.12826899128268993 0.40054127198917455 0.12764632627646327 0.40121786197564274 0.1519302615193026 0.496617050067659 0.15255292652552926 0.4972936400541272 0.2191780821917808 0.4912043301759134 0.21980074719800746 0.49052774018944517 0.29265255292652553 0.38159675236806495 0.2932752179327522 0.38092016238159676 0.3698630136986301 0.38024357239512857 0.37048567870485677
0 0.7401894451962111 0.37048567870485677 0.4979702300405954 0.37048567870485677 0.4972936400541272 0.15317559153175592 0.8051420838971584 0.15255292652552926 0.8058186738836265 0.3125778331257783 0.7848443843031123 0.3318804483188045 0.7774018944519621 0.33748443337484435 0.7767253044654939 0.3393524283935243 0.7631935047361299 0.350560398505604 0.7598105548037889 0.35242839352428396 0.7577807848443843 0.35554171855541716 0.7401894451962111 0.37048567870485677
0 0.30987821380243574 0.37048567870485677 0.06630581867388363 0.37048567870485677 0.06562922868741543 0.21668742216687423 0.30987821380243574 0.21606475716064757 0.31055480378890393 0.3698630136986301 0.30987821380243574 0.37048567870485677
0 0.489851150202977 0.37048567870485677 0.38836265223274696 0.37048567870485677 0.3876860622462788 0.3001245330012453 0.489851150202977 0.29950186799501866 0.49052774018944517 0.3698630136986301 0.489851150202977 0.37048567870485677
0 0.6400541271989174 0.6668742216687422 0.3193504736129905 0.6668742216687422 0.32476319350473615 0.6606475716064757 0.33355886332882273 0.6537982565379825 0.3423545331529093 0.6444582814445828 0.35250338294993233 0.6363636363636364 0.36129905277401897 0.6270236612702366 0.37009472259810555 0.6201743462017435 0.38024357239512857 0.6095890410958904 0.38903924221921515 0.6027397260273972 0.39783491204330174 0.5933997509339975 0.40798376184032475 0.5853051058530511 0.4100135317997294 0.5821917808219178 0.503382949932341 0.4975093399750934 0.6400541271989174 0.4975093399750934 0.6407307171853857 0.6662515566625156 0.6400541271989174 0.6668742216687422
0 0.32070365358592695 0.9221668742216688 0.3152909336941813 0.9221668742216688 0.31461434370771313 0.6749688667496887 0.6400541271989174 0.674346201743462 0.6407307171853857 0.8953922789539228 0.6332882273342354 0.8960149439601495 0.631935047361299 0.8972602739726028 0.618403247631935 0.8972602739726028 0.6170500676589986 0.8985056039850561 0.5967523680649527 0.8985056039850561 0.5953991880920162 0.8997509339975094 0.5818673883626523 0.8997509339975094 0.5805142083897158 0.9009962640099627 0.5669824086603519 0.9009962640099627 0.5656292286874154 0.902241594022416 0.5520974289580515 0.902241594022416 0.550744248985115 0.9034869240348692 0.5372124492557511 0.9034869240348692 0.5358592692828146 0.9047322540473225 0.5223274695534507 0.9047322540473225 0.5209742895805142 0.9059775840597758 0.5074424898511503 0.9059775840597758 0.5060893098782138 0.9072229140722291 0.4925575101488498 0.9072229140722291 0.4912043301759134 0.9084682440846824 0.4790257104194858 0.9084682440846824 0.4776725304465494 0.9097135740971357 0.46414073071718537 0.9097135740971357 0.462787550744249 0.910958904109589 0.4479025710419486 0.910958904109589 0.4465493910690122 0.9122042341220423 0.4330175913396482 0.9122042341220423 0.4316644113667118 0.9134495641344956 0.41948579161028415 0.9134495641344956 0.4181326116373478 0.9146948941469489 0.39648173207036536 0.9146948941469489 0.395128552097429 0.9159402241594022 0.38159675236806495 0.9159402241594022 0.38024357239512857 0.9171855541718555 0.36671177266576455 0.9171855541718555 0.36535859269282817 0.9184308841843088 0.35182679296346414 0.9184308841843088 0.35047361299052776 0.9196762141967622 0.33694181326116374 0.9196762141967622 0.33558863328822736 0.9209215442092155 0.32205683355886333 0.9209215442092155 0.32070365358592695 0.9221668742216688