0 0.3166011490777139 0.42151411462788707 0.3162987602056244 0.42065868263473055 0.28273359540368914 0.42065868263473055 0.28243120653159964 0.4202309666381523 0.18475960084668885 0.4202309666381523 0.18460840641064408 0.2215568862275449 0.3740550347747203 0.22134302822925578 0.374206229210765 0.36911890504704875 0.3734502570305413 0.3693327630453379 0.37314786815845175 0.36976047904191617 0.37254309041427275 0.36976047904191617 0.37224070154218325 0.3706159110350727 0.37163592379800425 0.371043627031651 0.3710311460538252 0.371043627031651 0.3704263683096462 0.3723267750213858 0.3698215905654672 0.3723267750213858 0.3695192016933777 0.37318220701454236 0.36906561838524343 0.37339606501283146 0.36891442394919866 0.3740376390076989 0.36830964620501966 0.3740376390076989 0.36800725733293016 0.37446535500427713 0.3675536740247959 0.3746792130025663 0.3674024795887511 0.3753207869974337 0.3667977018445721 0.3753207869974337 0.3664953129724826 0.37574850299401197 0.3658905352283036 0.37574850299401197 0.3655881463562141 0.37660393498716854 0.36498336861203506 0.3770316509837468 0.36437859086785607 0.3770316509837468 0.36377381312367707 0.3783147989734816 0.363169035379498 0.3783147989734816 0.3628666465074085 0.37917023096663816 0.36241306319927424 0.3793840889649273 0.3622618687632295 0.3800256629597947 0.3616570910190505 0.3800256629597947 0.36135470214696097 0.380453378956373 0.36090111883882675 0.3806672369546621 0.360749924402782 0.3813088109495295 0.360145146658603 0.3813088109495295 0.3598427577865135 0.38173652694610777 0.3592379800423344 0.38173652694610777 0.35863320229815543 0.3830196749358426 0.35772603568188693 0.3830196749358426 0.35727245237375266 0.3840889649272883 0.3571212579377079 0.3847305389221557 0.3565164801935289 0.3847305389221557 0.3562140913214394 0.38515825491873396 0.3557605080133051 0.3853721129170231 0.35560931357726033 0.38601368691189053 0.35500453583308134 0.38601368691189053 0.35470214696099184 0.3864414029084688 0.35424856365285756 0.3866552609067579 0.35409736921681284 0.3872968349016253 0.3534925914726338 0.3872968349016253 0.35303900816449957 0.3879384088964927 0.3528878137284548 0.38857998289136014 0.3522830359842758 0.38857998289136014 0.3519806471121863 0.38943541488451666 0.35107348049591774 0.38943541488451666 0.35061989718778347 0.3900769888793841 0.35046870275173875 0.3907185628742515 0.3498639250075597 0.3907185628742515 0.3495615361354702 0.39114627887082976 0.349107952827336 0.3913601368691189 0.3489567583912912 0.39200171086398633 0.3483519806471122 0.39200171086398633 0.3480495917750227 0.3924294268605646 0.34759600846688843 0.39264328485885375 0.34744481403084365 0.3932848588537211 0.34684003628666465 0.3932848588537211 0.34623525854248566 0.39456800684345594 0.3456304807983066 0.39456800684345594 0.3453280919262171 0.39542343883661246 0.3444209253099486 0.39542343883661246 0.34396734200181434 0.3960650128314799 0.34381614756576956 0.3967065868263473 0.34321136982159056 0.3967065868263473 0.34290898094950106 0.39713430282292556 0.3424553976413668 0.3973481608212147 0.34230420320532207 0.39798973481608213 0.341699425461143 0.39798973481608213 0.3413970365890535 0.39884516680923865 0.3407922588448745 0.39927288280581696 0.3401874811006955 0.39927288280581696 0.33958270335651647 0.40055603079555174 0.33897792561233747 0.40055603079555174 0.338675536740248 0.4014114627887083 0.3377683701239794 0.4014114627887083 0.3373147868158452 0.4020530367835757 0.3371635923798004 0.4026946107784431 0.33655881463562143 0.4026946107784431 0.3362564257635319 0.40355004277159967 0.3356516480193529 0.40397775876817793 0.3350468702751739 0.40397775876817793 0.3347444814030844 0.40483319076133445 0.33413970365890533 0.40526090675791276 0.33353492591472633 0.40526090675791276 0.33293014817054734 0.40654405474764754 0.3323253704263683 0.40654405474764754 0.3320229815542788 0.4073994867408041 0.33156939824614456 0.4076133447390932 0.3314182038100998 0.40825491873396064 0.3308134260659208 0.40825491873396064 0.3305110371938313 0.4086826347305389 0.32990625944965224 0.4086826347305389 0.32960387057756274 0.40953806672369547 0.32899909283338374 0.40996578272027373 0.3283943150892047 0.40996578272027373 0.3277895373450257 0.41124893071000856 0.3268823707287572 0.41124893071000856 0.3264287874206229 0.41231822070145424 0.32627759298457815 0.41295979469632166 0.32567281524039915 0.41295979469632166 0.32537042636830965 0.4133875106928999 0.3249168430601754 0.4136013686911891 0.32476564862413065 0.41424294268605644 0.3241608708799516 0.41424294268605644 0.3238584820078621 0.41467065868263475 0.3232537042636831 0.41467065868263475 0.3229513153915936 0.41552609067579127 0.32234653764741455 0.41595380667236953 0.32174175990323556 0.41595380667236953 0.32113698215905656 0.41723695466210436 0.320229815542788 0.41723695466210436 0.3197762322346538 0.41830624465355004 0.319625037798609 0.41894781864841746 0.31902026005443 0.41894781864841746 0.3187178711823405 0.4193755346449957 0.31826428787420624 0.4195893926432849 0.31811309343816146 0.4202309666381523 0.31750831569398247 0.4202309666381523 0.31720592682189297 0.42065868263473055 0.3167523435137587 0.42087254063301965 0.3166011490777139 0.42151411462788707
0 0.6280616873299063 0.52972626176219 0.5358330813426065 0.52972626176219 0.5356818869065618 0.4739093242087254 0.4166918657393408 0.4736954662104363 0.41654067130329603 0.42429426860564584 0.32234653764741455 0.42408041060735674 0.32234653764741455 0.4236526946107784 0.3229513153915936 0.4236526946107784 0.3232537042636831 0.4227972626176219 0.3238584820078621 0.4227972626176219 0.3241608708799516 0.42194183062446533 0.32476564862413065 0.42151411462788707 0.32537042636830965 0.42151411462788707 0.32597520411248865 0.4202309666381523 0.3265799818566677 0.4202309666381523 0.3268823707287572 0.4193755346449957 0.3274871484729362 0.41894781864841746 0.3280919262171152 0.41894781864841746 0.3283943150892047 0.4180923866552609 0.32899909283338374 0.4180923866552609 0.32930148170547324 0.41723695466210436 0.32990625944965224 0.4168092386655261 0.3305110371938313 0.4168092386655261 0.3308134260659208 0.41595380667236953 0.3314182038100998 0.41552609067579127 0.3320229815542788 0.41552609067579127 0.33262775929845784 0.41424294268605644 0.33323253704263683 0.41424294268605644 0.33353492591472633 0.4133875106928999 0.33413970365890533 0.4133875106928999 0.3344420925309949 0.41295979469632166 0.3348956758391291 0.4127459366980325 0.3350468702751739 0.4121043627031651 0.3356516480193529 0.4121043627031651 0.3359540368914424 0.41124893071000856 0.33655881463562143 0.4108212147134303 0.3371635923798004 0.4108212147134303 0.3377683701239794 0.40953806672369547 0.338675536740248 0.40953806672369547 0.33897792561233747 0.4086826347305389 0.33958270335651647 0.4086826347305389 0.34003628666465074 0.40804106073567153 0.3401874811006955 0.4073994867408041 0.3407922588448745 0.4073994867408041 0.341094647716964 0.40654405474764754 0.341699425461143 0.4061163387510693 0.34230420320532207 0.4061163387510693 0.34260659207741156 0.40526090675791276 0.34321136982159056 0.40483319076133445 0.34381614756576956 0.40483319076133445 0.3444209253099486 0.40355004277159967 0.3453280919262171 0.40355004277159967 0.3456304807983066 0.4026946107784431 0.34623525854248566 0.4026946107784431 0.34684003628666465 0.4014114627887083 0.34744481403084365 0.4014114627887083 0.34774720290293315 0.40055603079555174 0.3483519806471122 0.4001283147989735 0.3489567583912912 0.4001283147989735 0.3492591472633807 0.39927288280581696 0.3498639250075597 0.39884516680923865 0.35046870275173875 0.39884516680923865 0.35077109162382825 0.39798973481608213 0.35137586936800724 0.39798973481608213 0.35167825824009674 0.39713430282292556 0.3522830359842758 0.3967065868263473 0.3528878137284548 0.3967065868263473 0.3534925914726338 0.39542343883661246 0.35409736921681284 0.39542343883661246 0.35439975808890234 0.39456800684345594 0.35500453583308134 0.3941402908468777 0.35560931357726033 0.3941402908468777 0.3559117024493499 0.3932848588537211 0.3565164801935289 0.3932848588537211 0.3568188690656184 0.3924294268605646 0.3574236468097974 0.39200171086398633 0.35802842455397643 0.39200171086398633 0.35833081342606593 0.39114627887082976 0.3589355911702449 0.3907185628742515 0.3595403689144239 0.3907185628742515 0.360145146658603 0.38943541488451666 0.360749924402782 0.38943541488451666 0.3610523132748715 0.38857998289136014 0.36150589658300575 0.388366124893071 0.3616570910190505 0.38772455089820357 0.3622618687632295 0.38772455089820357 0.362564257635319 0.3872968349016253 0.363169035379498 0.3872968349016253 0.3634714242515875 0.3864414029084688 0.36407620199576657 0.38601368691189053 0.36468097973994557 0.38601368691189053 0.36528575748412456 0.3847305389221557 0.3661929241003931 0.3847305389221557 0.3666465074085274 0.38366124893071 0.3667977018445721 0.3830196749358426 0.3674024795887511 0.3830196749358426 0.36770486846084066 0.38259195893926434 0.36830964620501966 0.38259195893926434 0.36861203507710916 0.38173652694610777 0.36921681282128815 0.3813088109495295 0.3698215905654672 0.3813088109495295 0.3701239794375567 0.380453378956373 0.3707287571817357 0.3800256629597947 0.3713335349259147 0.3800256629597947 0.371787118234049 0.378956372968349 0.37193831267009375 0.3783147989734816 0.37284547928636225 0.3783147989734816 0.37314786815845175 0.3778870829769033 0.3737526459026308 0.3778870829769033 0.3743574236468098 0.37660393498716854 0.3749622013909888 0.37660393498716854 0.37526459026307835 0.37574850299401197 0.37586936800725734 0.3753207869974337 0.37647414575143634 0.3753207869974337 0.37677653462352584 0.37446535500427713 0.3773813123677049 0.3740376390076989 0.3779860901118839 0.3740376390076989 0.37843967342001816 0.3729683490162532 0.37843967342001816 0.2215568862275449 0.6280616873299063 0.22134302822925578 0.628212881765951 0.5192472198460223 0.5799818566676747 0.5194610778443114 0.5798306622316298 0.5278015397775877 0.6280616873299063 0.5280153977758768 0.628212881765951 0.5295124037639007 0.6280616873299063 0.52972626176219
0 0.723314182038101 0.42750213857998287 0.6328999092833384 0.42750213857998287 0.6327487148472937 0.2215568862275449 0.8010281221651043 0.22134302822925578 0.801179316601149 0.42600513259195893 0.7980042334442092 0.4262189905902481 0.7977018445721198 0.42664670658682635 0.7236165709101905 0.42664670658682635 0.723314182038101 0.42750213857998287
0 0.4163894768672513 0.6469204448246364 0.32234653764741455 0.6469204448246364 0.32219534321136983 0.42429426860564584 0.4163894768672513 0.42408041060735674 0.41654067130329603 0.6467065868263473 0.4163894768672513 0.6469204448246364
0 0.24886604172966434 0.5134730538922155 0.18475960084668885 0.5134730538922155 0.18460840641064408 0.4268605645851155 0.24886604172966434 0.42664670658682635 0.2490172361657091 0.5132591958939264 0.24886604172966434 0.5134730538922155
0 0.31781070456607197 0.5134730538922155 0.25340187481100696 0.5134730538922155 0.2532506803749622 0.4268605645851155 0.25370426368309645 0.42664670658682635 0.25400665255518595 0.42750213857998287 0.31781070456607197 0.42750213857998287 0.31796189900211674 0.5132591958939264 0.31781070456607197 0.5134730538922155
0 0.7236165709101905 0.42750213857998287 0.7234653764741458 0.4268605645851155 0.7237677653462352 0.4268605645851155 0.7236165709101905 0.42750213857998287
0 0.7977018445721198 0.5951668092386655 0.7236165709101905 0.5951668092386655 0.7234653764741458 0.43627031650983744 0.7973994557000302 0.43605645851154834 0.7977018445721198 0.4356287425149701 0.7978530390081645 0.5949529512403764 0.7977018445721198 0.5951668092386655
0 0.7172664045963109 0.5558169375534645 0.6480193528878138 0.5558169375534645 0.6478681584517689 0.5008554319931565 0.6344118536437859 0.5006415739948674 0.6342606592077411 0.43969204448246363 0.7172664045963109 0.4394781864841745 0.7174175990323556 0.5556030795551754 0.7172664045963109 0.5558169375534645
0 0.5830057453885698 0.7589820359281437 0.4209253099485939 0.7589820359281437 0.4207741155125491 0.5795551753635586 0.4166918657393408 0.5793413173652695 0.41654067130329603 0.4739093242087254 0.5355306924705171 0.4736954662104363 0.5356818869065618 0.5295124037639007 0.6280616873299063 0.52972626176219 0.628212881765951 0.7177074422583405 0.6120350771091624 0.7179213002566296 0.6115814938010281 0.7189905902480753 0.6114302993649834 0.7196321642429427 0.6106743271847596 0.72027373823781 0.6105231327487148 0.7209153122326775 0.6099183550045358 0.7213430282292558 0.6094647716964016 0.7215568862275449 0.6090111883882673 0.7226261762189906 0.608557605080133 0.7228400342172797 0.6082552162080436 0.7236954662104362 0.6081040217719987 0.7243370402053037 0.607348049591775 0.7249786142001711 0.6071968551557303 0.7256201881950385 0.6065920774115513 0.7260479041916168 0.606138494103417 0.7262617621899059 0.6056849107952827 0.7273310521813516 0.6052313274871485 0.7275449101796407 0.6049289386150589 0.7284003421727973 0.6047777441790142 0.7290419161676647 0.6040217719987905 0.7296834901625321 0.6038705775627456 0.7303250641573995 0.6032657998185667 0.7307527801539777 0.6028122165104324 0.7309666381522669 0.6023586332022982 0.7320359281437125 0.6019050498941639 0.7322497861420018 0.6016026610220744 0.7331052181351583 0.6014514665860297 0.7337467921300257 0.6006954944058058 0.7343883661248931 0.6005442999697611 0.7350299401197605 0.5999395222255821 0.7354576561163387 0.5994859389174478 0.7356715141146278 0.5990323556093136 0.7367408041060736 0.5985787723011793 0.7369546621043627 0.5982763834290898 0.7378100940975193 0.598125188993045 0.7384516680923866 0.597520411248866 0.7384516680923866 0.5972180223767766 0.7388793840889649 0.5967644390686423 0.739093242087254 0.5966132446325976 0.7397348160821214 0.5958572724523737 0.7403763900769889 0.595706078016329 0.7410179640718563 0.5949501058361052 0.7416595380667237 0.5947989114000605 0.7423011120615911 0.5943453280919262 0.7425149700598802 0.5938917447837919 0.7435842600513259 0.5934381614756576 0.743798118049615 0.5932869670396129 0.7444396920444825 0.5925309948593892 0.7450812660393499 0.5923798004233444 0.7457228400342173 0.5916238282431207 0.7463644140290847 0.5914726338070759 0.7470059880239521 0.5910190504989417 0.7472198460222412 0.5905654671908074 0.748289136013687 0.5901118838826731 0.7485029940119761 0.5896583005745388 0.7495722840034217 0.5892047172664046 0.7497861420017109 0.5890535228303598 0.7504277159965783 0.5882975506501361 0.7510692899914457 0.5881463562140913 0.751710863986313 0.5873903840338676 0.7523524379811805 0.5872391895978228 0.7529940119760479 0.5867856062896886 0.7532078699743371 0.5863320229815543 0.7542771599657827 0.58587843967342 0.7544910179640718 0.5857272452373753 0.7551325919589392 0.5849712730571515 0.7557741659538066 0.5848200786211067 0.7564157399486741 0.584064106440883 0.7570573139435415 0.5839129120048382 0.7576988879384089 0.5834593286967039 0.757912745936698 0.5830057453885698 0.7589820359281437
0 0.31781070456607197 0.7196321642429427 0.18475960084668885 0.7196321642429427 0.18460840641064408 0.5196749358426005 0.31781070456607197 0.5194610778443114 0.31796189900211674 0.7194183062446535 0.31781070456607197 0.7196321642429427
0 0.8010281221651043 0.7179213002566296 0.6325975204112488 0.7179213002566296 0.6324463259752041 0.6124893071000855 0.6341094647716964 0.6122754491017964 0.6342606592077411 0.564585115483319 0.7172664045963109 0.5643712574850299 0.7174175990323556 0.6039349871685201 0.8010281221651043 0.6041488451668092 0.801179316601149 0.7177074422583405 0.8010281221651043 0.7179213002566296
0 0.4163894768672513 0.7196321642429427 0.32234653764741455 0.7196321642429427 0.32219534321136983 0.6531223267750214 0.4163894768672513 0.6529084687767323 0.41654067130329603 0.7194183062446535 0.4163894768672513 0.7196321642429427