0 0.701067615658363 0.36327503974562797 0.6099644128113879 0.36327503974562797 0.609608540925267 0.151033386327504 0.701067615658363 0.15023847376788554 0.701423487544484 0.3624801271860095 0.701067615658363 0.36327503974562797
0 0.8555160142348754 0.6875993640699523 0.6099644128113879 0.6875993640699523 0.609608540925267 0.37360890302066774 0.7053380782918149 0.3728139904610493 0.7056939501779359 0.151033386327504 0.8555160142348754 0.15023847376788554 0.8558718861209964 0.6868044515103339 0.8555160142348754 0.6875993640699523
0 0.9523131672597864 0.36327503974562797 0.8597864768683274 0.36327503974562797 0.8594306049822064 0.151033386327504 0.9523131672597864 0.15023847376788554 0.9526690391459075 0.3624801271860095 0.9523131672597864 0.36327503974562797
0 0.18647686832740212 0.36804451510333863 0.08540925266903915 0.36804451510333863 0.08505338078291814 0.3640699523052464 0.07330960854092526 0.36327503974562797 0.07295373665480427 0.15262321144674085 0.18505338078291814 0.1518282988871224 0.18540925266903915 0.17011128775834658 0.18683274021352314 0.17170111287758347 0.18683274021352314 0.3672496025437202 0.18647686832740212 0.36804451510333863
0 0.24412811387900357 0.37599364069952307 0.19074733096085408 0.37599364069952307 0.1903914590747331 0.17170111287758347 0.19288256227758008 0.17090620031796502 0.19323843416370107 0.15262321144674085 0.23487544483985764 0.1518282988871224 0.23523131672597863 0.22257551669316375 0.29750889679715303 0.2233704292527822 0.297864768683274 0.3656597774244833 0.24483985765124555 0.36645468998410174 0.24448398576512456 0.3751987281399046 0.24412811387900357 0.37599364069952307
0 0.29750889679715303 0.2138314785373609 0.2391459074733096 0.2138314785373609 0.23879003558718861 0.15262321144674085 0.29537366548042704 0.1518282988871224 0.29572953736654806 0.17011128775834658 0.29750889679715303 0.17090620031796502 0.297864768683274 0.21303656597774245 0.29750889679715303 0.2138314785373609
0 0.40640569395017795 0.36486486486486486 0.301067615658363 0.36486486486486486 0.30071174377224197 0.17170111287758347 0.303202846975089 0.17090620031796502 0.30355871886120994 0.15262321144674085 0.41565836298932385 0.1518282988871224 0.41601423487544487 0.3624801271860095 0.40711743772241993 0.36327503974562797 0.40640569395017795 0.36486486486486486
0 0.9523131672597864 0.6875993640699523 0.8597864768683274 0.6875993640699523 0.8594306049822064 0.37360890302066774 0.9523131672597864 0.3728139904610493 0.9526690391459075 0.6868044515103339 0.9523131672597864 0.6875993640699523
0 0.3188612099644128 0.6891891891891891 0.17224199288256228 0.6891891891891891 0.1718861209964413 0.6693163751987281 0.16441281138790034 0.6685214626391097 0.16405693950177935 0.6883942766295708 0.07330960854092526 0.6891891891891891 0.07295373665480427 0.3815580286168522 0.08469750889679716 0.38076311605723373 0.08540925266903915 0.37758346581875996 0.1900355871886121 0.37758346581875996 0.19074733096085408 0.37599364069952307 0.3202846975088968 0.37599364069952307 0.3206405693950178 0.6661367249602543 0.3192170818505338 0.6677265500794912 0.3192170818505338 0.6883942766295708 0.3188612099644128 0.6891891891891891
0 0.41565836298932385 0.5063593004769475 0.32526690391459073 0.5063593004769475 0.32491103202846977 0.3767885532591415 0.40640569395017795 0.37599364069952307 0.4067615658362989 0.3799682034976153 0.41565836298932385 0.38076311605723373 0.41601423487544487 0.505564387917329 0.41565836298932385 0.5063593004769475
0 0.3686832740213523 0.6891891891891891 0.33807829181494664 0.6891891891891891 0.3377224199288256 0.6804451510333863 0.32669039145907475 0.6796502384737679 0.32633451957295373 0.6677265500794912 0.32491103202846977 0.6661367249602543 0.32491103202846977 0.5945945945945946 0.34306049822064055 0.5937996820349761 0.34341637010676157 0.5882352941176471 0.32526690391459073 0.5874403815580286 0.32491103202846977 0.5151033386327504 0.41138790035587186 0.514308426073132 0.4117437722419929 0.6772655007949125 0.3693950177935943 0.678060413354531 0.36903914590747333 0.6883942766295708 0.3686832740213523 0.6891891891891891