0 0.6948005698005698 0.3924188440221694 0.6217948717948718 0.3924188440221694 0.6217058404558404 0.16844813935075217 0.6940883190883191 0.16834916864608077 0.6942663817663818 0.1679532858273951 0.6943554131054132 0.24267616785431512 0.6945334757834758 0.24287410926365796 0.6945334757834758 0.3174980205859066 0.6947115384615384 0.3176959619952494 0.6947115384615384 0.3921219319081552 0.6948896011396012 0.392319873317498 0.6948005698005698 0.3924188440221694
0 0.7863247863247863 0.49792161520190026 0.7012108262108262 0.49792161520190026 0.7011217948717948 0.3903404592240697 0.7009437321937322 0.39014251781472686 0.7009437321937322 0.2824623911322249 0.7007656695156695 0.282264449722882 0.7007656695156695 0.1749802058590657 0.7005876068376068 0.1747822644497229 0.7863247863247863 0.17468329374505145 0.7864138176638177 0.2953285827395091 0.8648504273504274 0.29542755344418054 0.8649394586894587 0.33709422011084716 0.8287037037037037 0.33719319081551863 0.8286146723646723 0.3915281076801267 0.7865028490028491 0.3916270783847981 0.7864138176638177 0.4978226444972288 0.7863247863247863 0.49792161520190026
0 0.8648504273504274 0.2926563737133808 0.7888176638176638 0.2926563737133808 0.7887286324786325 0.1747822644497229 0.8648504273504274 0.17468329374505145 0.8649394586894587 0.2925574030087094 0.8648504273504274 0.2926563737133808
0 0.5918803418803419 0.4983174980205859 0.5158475783475783 0.4983174980205859 0.5157585470085471 0.392319873317498 0.5129985754985755 0.3922209026128266 0.5129095441595442 0.4982185273159145 0.42735042735042733 0.4983174980205859 0.4274394586894587 0.45328582739509105 0.46777065527065526 0.45318685669041964 0.46785968660968663 0.40221694378463974 0.46545584045584043 0.4021179730799683 0.4653668091168091 0.4511084718923199 0.42752849002849 0.4512074425969913 0.42761752136752135 0.35510688836104515 0.4658119658119658 0.35500791765637374 0.46590099715099714 0.3525336500395883 0.4277065527065527 0.35243467933491684 0.42779558404558404 0.26385589865399844 0.42797364672364674 0.26365795724465557 0.42797364672364674 0.1755740300870942 0.5135327635327636 0.1754750593824228 0.5136217948717948 0.24960411718131434 0.5557336182336182 0.24970308788598575 0.5558226495726496 0.3917260490894695 0.540954415954416 0.3918250197941409 0.5408653846153846 0.39429928741092635 0.5918803418803419 0.3943982581155978 0.5919693732193733 0.4982185273159145 0.5918803418803419 0.4983174980205859
0 0.5918803418803419 0.24693190815518606 0.5158475783475783 0.24693190815518606 0.5157585470085471 0.1755740300870942 0.5918803418803419 0.1754750593824228 0.5919693732193733 0.24683293745051466 0.5918803418803419 0.24693190815518606
0 0.21794871794871795 0.4987133808392716 0.15206552706552706 0.4987133808392716 0.15197649572649571 0.45427553444180524 0.19123931623931623 0.45417656373713383 0.19132834757834757 0.4024148851939826 0.1891025641025641 0.40231591448931114 0.18901353276353278 0.4513064133016627 0.15206552706552706 0.4514053840063341 0.15197649572649571 0.35570071258907365 0.18945868945868946 0.3556017418844022 0.1895477207977208 0.35292953285827394 0.15206552706552706 0.35283056215360253 0.15197649572649571 0.17577197149643706 0.3158831908831909 0.17567300079176565 0.3159722222222222 0.2517814726840855 0.23504273504273504 0.2518804433887569 0.2349537037037037 0.25395882818685667 0.27902421652421655 0.25405779889152813 0.27911324786324787 0.388756927949327 0.2783119658119658 0.38964766429136977 0.2780448717948718 0.3897466349960412 0.2778668091168091 0.39014251781472686 0.2771545584045584 0.391132224861441 0.27706552706552706 0.3914291369754553 0.27679843304843305 0.3915281076801267 0.2760861823361823 0.39251781472684083 0.2759081196581197 0.3929136975455265 0.2758190883190883 0.3932106096595408 0.27501780626780625 0.3939034045922407 0.2748397435897436 0.39429928741092635 0.2745726495726496 0.39479414093428344 0.2739494301994302 0.39528899445764054 0.27377136752136755 0.39568487727632623 0.27332621082621084 0.39637767220902614 0.27270299145299143 0.39687252573238324 0.27270299145299143 0.3972684085510689 0.2720797720797721 0.3979612034837688 0.27163461538461536 0.39825811559778307 0.2714565527065527 0.3986539984164687 0.270744301994302 0.3996437054631829 0.2706552706552707 0.3999406175771972 0.27038817663817666 0.4000395882818686 0.26967592592592593 0.4010292953285827 0.26949786324786323 0.4014251781472684 0.2694088319088319 0.40172209026128264 0.26860754985754987 0.4024148851939826 0.26842948717948717 0.40281076801266824 0.26816239316239315 0.40330562153602534 0.2675391737891738 0.40380047505938244 0.2673611111111111 0.40419635787806807 0.2669159544159544 0.40488915281076804 0.26647079772079774 0.40518606492478226 0.26629273504273504 0.40558194774346795 0.2656695156695157 0.4064726840855107 0.265224358974359 0.40676959619952496 0.265224358974359 0.4071654790182106 0.21812678062678062 0.407264449722882 0.2180377492877493 0.49861441013460017 0.21794871794871795 0.4987133808392716
0 0.5918803418803419 0.29582343626286617 0.5575142450142451 0.29582343626286617 0.5574252136752137 0.24980205859065716 0.5918803418803419 0.24970308788598575 0.5919693732193733 0.29572446555819476 0.5918803418803419 0.29582343626286617
0 0.3158831908831909 0.29542755344418054 0.28187321937321935 0.29542755344418054 0.28178418803418803 0.25415676959619954 0.3158831908831909 0.25405779889152813 0.3159722222222222 0.2953285827395091 0.3158831908831909 0.29542755344418054
0 0.3158831908831909 0.33739113222486145 0.28187321937321935 0.33739113222486145 0.28178418803418803 0.2975059382422803 0.3158831908831909 0.29740696753760887 0.3159722222222222 0.33729216152019004 0.3158831908831909 0.33739113222486145
0 0.5918803418803419 0.3405581947743468 0.5575142450142451 0.3405581947743468 0.5574252136752137 0.299089469517023 0.5918803418803419 0.29899049881235157 0.5919693732193733 0.3404592240696754 0.5918803418803419 0.3405581947743468
0 0.8648504273504274 0.3916270783847981 0.8308404558404558 0.3916270783847981 0.8307514245014245 0.3394695170229612 0.8648504273504274 0.3393705463182898 0.8649394586894587 0.3915281076801267 0.8648504273504274 0.3916270783847981
0 0.3158831908831909 0.38885589865399844 0.28187321937321935 0.38885589865399844 0.28178418803418803 0.34026128266033256 0.3158831908831909 0.3401623119556611 0.3159722222222222 0.388756927949327 0.3158831908831909 0.38885589865399844
0 0.5918803418803419 0.3918250197941409 0.5575142450142451 0.3918250197941409 0.5574252136752137 0.3430324623911322 0.5918803418803419 0.3429334916864608 0.5919693732193733 0.3917260490894695 0.5918803418803419 0.3918250197941409
0 0.3158831908831909 0.4987133808392716 0.26798433048433046 0.4987133808392716 0.26789529914529914 0.4071654790182106 0.26825142450142453 0.4069675376088678 0.2691417378917379 0.40577988915281077 0.2692307692307692 0.40548297703879654 0.26949786324786323 0.4053840063341251 0.27021011396011396 0.40439429928741094 0.27038817663817666 0.40399841646872525 0.270477207977208 0.403701504354711 0.27127849002849 0.40300870942201106 0.2714565527065527 0.4026128266033254 0.2719017094017094 0.4019200316706255 0.2723468660968661 0.40162311955661123 0.2725249287749288 0.4012272367379256 0.27314814814814814 0.4003365003958828 0.27341524216524216 0.4002375296912114 0.27359330484330485 0.3998416468725257 0.2743945868945869 0.39875296912114017 0.2746616809116809 0.3986539984164687 0.2746616809116809 0.39825811559778307 0.2755519943019943 0.3972684085510689 0.2755519943019943 0.39687252573238324 0.27662037037037035 0.39588281868566905 0.27679843304843305 0.39548693586698336 0.27688746438746437 0.39519002375296913 0.2776887464387464 0.3944972288202692 0.2778668091168091 0.39410134600158353 0.2781339031339031 0.39360649247822643 0.27875712250712253 0.39311163895486934 0.2789351851851852 0.3927157561361837 0.2793803418803419 0.3920229612034838 0.2798254985754986 0.3917260490894695 0.2799145299145299 0.3914291369754553 0.3158831908831909 0.3914291369754553 0.3159722222222222 0.49861441013460017 0.3158831908831909 0.4987133808392716
0 0.8648504273504274 0.49792161520190026 0.7893518518518519 0.49792161520190026 0.7892628205128205 0.39528899445764054 0.8648504273504274 0.39519002375296913 0.8649394586894587 0.4978226444972288 0.8648504273504274 0.49792161520190026
0 0.26513532763532766 0.4987133808392716 0.22026353276353278 0.4987133808392716 0.22017450142450143 0.4101346001583531 0.26513532763532766 0.4100356294536817 0.265224358974359 0.49861441013460017 0.26513532763532766 0.4987133808392716