0 0.17003367003367004 0.49907407407407406 0.03872053872053872 0.49907407407407406 0.03787878787878788 0.16111111111111112 0.17003367003367004 0.16018518518518518 0.17087542087542087 0.4981481481481482 0.17003367003367004 0.49907407407407406
0 0.3838383838383838 0.49907407407407406 0.18518518518518517 0.49907407407407406 0.18434343434343434 0.17037037037037037 0.3838383838383838 0.16944444444444445 0.3846801346801347 0.4981481481481482 0.3838383838383838 0.49907407407407406
0 0.7222222222222222 0.5046296296296297 0.4713804713804714 0.5046296296296297 0.47053872053872053 0.5 0.4494949494949495 0.49907407407407406 0.44865319865319864 0.45 0.39057239057239057 0.44907407407407407 0.3897306397306397 0.17037037037037037 0.7222222222222222 0.16944444444444445 0.7230639730639731 0.5037037037037037 0.7222222222222222 0.5046296296296297
0 0.968013468013468 0.49722222222222223 0.7306397306397306 0.49722222222222223 0.7297979797979798 0.17037037037037037 0.968013468013468 0.16944444444444445 0.9688552188552189 0.4962962962962963 0.968013468013468 0.49722222222222223
0 0.7946127946127947 0.7342592592592593 0.6784511784511784 0.7342592592592593 0.6776094276094277 0.65 0.6717171717171717 0.649074074074074 0.6708754208754208 0.5055555555555555 0.7222222222222222 0.5046296296296297 0.7239057239057239 0.5027777777777778 0.7946127946127947 0.5027777777777778 0.7954545454545454 0.7333333333333333 0.7946127946127947 0.7342592592592593
0 0.34175084175084175 0.6601851851851852 0.18518518518518517 0.6601851851851852 0.18434343434343434 0.5055555555555555 0.34175084175084175 0.5046296296296297 0.3425925925925926 0.6592592592592592 0.34175084175084175 0.6601851851851852
0 0.46464646464646464 0.6601851851851852 0.3484848484848485 0.6601851851851852 0.34764309764309764 0.5055555555555555 0.46464646464646464 0.5046296296296297 0.4654882154882155 0.6592592592592592 0.46464646464646464 0.6601851851851852
0 0.6717171717171717 0.8379629629629629 0.3484848484848485 0.8379629629629629 0.34764309764309764 0.6666666666666666 0.4696969696969697 0.6657407407407407 0.47053872053872053 0.5055555555555555 0.67003367003367 0.5046296296296297 0.6708754208754208 0.6481481481481481 0.6725589225589226 0.65 0.6725589225589226 0.837037037037037 0.6717171717171717 0.8379629629629629
0 0.8838383838383839 0.6027777777777777 0.803030303030303 0.6027777777777777 0.8021885521885522 0.5055555555555555 0.8838383838383839 0.5046296296296297 0.8846801346801347 0.6018518518518519 0.8838383838383839 0.6027777777777777
0 0.968013468013468 0.6027777777777777 0.8922558922558923 0.6027777777777777 0.8914141414141414 0.5055555555555555 0.968013468013468 0.5046296296296297 0.9688552188552189 0.6018518518518519 0.968013468013468 0.6027777777777777
0 0.968013468013468 0.8379629629629629 0.803030303030303 0.8379629629629629 0.8021885521885522 0.6111111111111112 0.968013468013468 0.6101851851851852 0.9688552188552189 0.837037037037037 0.968013468013468 0.8379629629629629
0 0.34175084175084175 0.8379629629629629 0.18518518518518517 0.8379629629629629 0.18434343434343434 0.6666666666666666 0.34175084175084175 0.6657407407407407 0.3425925925925926 0.837037037037037 0.34175084175084175 0.8379629629629629
0 0.7946127946127947 0.8379629629629629 0.6784511784511784 0.8379629629629629 0.6776094276094277 0.7425925925925926 0.7946127946127947 0.7416666666666667 0.7954545454545454 0.837037037037037 0.7946127946127947 0.8379629629629629