0 0.934156378600823 0.4618138424821002 0.6995884773662552 0.4618138424821002 0.698559670781893 0.38663484486873506 0.5473251028806584 0.3854415274463007 0.5462962962962963 0.1718377088305489 0.934156378600823 0.17064439140811455 0.9351851851851852 0.4606205250596659 0.934156378600823 0.4618138424821002
0 0.2736625514403292 0.39498806682577564 0.053497942386831275 0.39498806682577564 0.05246913580246913 0.1766109785202864 0.2736625514403292 0.17541766109785203 0.27469135802469136 0.3937947494033413 0.2736625514403292 0.39498806682577564
0 0.4403292181069959 0.4665871121718377 0.28189300411522633 0.4665871121718377 0.2808641975308642 0.1766109785202864 0.4403292181069959 0.17541766109785203 0.44135802469135804 0.46539379474940334 0.4403292181069959 0.4665871121718377
0 0.691358024691358 0.6002386634844868 0.5473251028806584 0.6002386634844868 0.5462962962962963 0.38663484486873506 0.691358024691358 0.3854415274463007 0.6923868312757202 0.5990453460620525 0.691358024691358 0.6002386634844868
0 0.19547325102880658 0.5167064439140812 0.053497942386831275 0.5167064439140812 0.05246913580246913 0.40572792362768495 0.19547325102880658 0.4045346062052506 0.19650205761316872 0.5155131264916468 0.19547325102880658 0.5167064439140812
0 0.4403292181069959 0.6002386634844868 0.2037037037037037 0.6002386634844868 0.20267489711934156 0.40572792362768495 0.2736625514403292 0.4045346062052506 0.27469135802469136 0.47255369928400953 0.4403292181069959 0.4737470167064439 0.44135802469135804 0.5990453460620525 0.4403292181069959 0.6002386634844868
0 0.7716049382716049 0.7147971360381862 0.5473251028806584 0.7147971360381862 0.5462962962962963 0.6085918854415274 0.6975308641975309 0.6073985680190931 0.698559670781893 0.4630071599045346 0.934156378600823 0.4618138424821002 0.9351851851851852 0.5990453460620525 0.7736625514403292 0.6002386634844868 0.772633744855967 0.7136038186157518 0.7716049382716049 0.7147971360381862
0 0.19547325102880658 0.6861575178997613 0.053497942386831275 0.6861575178997613 0.05246913580246913 0.5250596658711217 0.19547325102880658 0.5238663484486874 0.19650205761316872 0.684964200477327 0.19547325102880658 0.6861575178997613
0 0.4403292181069959 0.8579952267303103 0.2037037037037037 0.8579952267303103 0.20267489711934156 0.6085918854415274 0.4403292181069959 0.6073985680190931 0.44135802469135804 0.8568019093078759 0.4403292181069959 0.8579952267303103
0 0.934156378600823 0.8579952267303103 0.779835390946502 0.8579952267303103 0.7788065843621399 0.6085918854415274 0.934156378600823 0.6073985680190931 0.9351851851851852 0.8568019093078759 0.934156378600823 0.8579952267303103
0 0.1934156378600823 0.8579952267303103 0.053497942386831275 0.8579952267303103 0.05246913580246913 0.7016706443914081 0.1934156378600823 0.7004773269689738 0.19444444444444445 0.8568019093078759 0.1934156378600823 0.8579952267303103
0 0.6275720164609053 0.8579952267303103 0.5473251028806584 0.8579952267303103 0.5462962962962963 0.7231503579952268 0.6275720164609053 0.7219570405727923 0.6286008230452675 0.8568019093078759 0.6275720164609053 0.8579952267303103
0 0.7716049382716049 0.8579952267303103 0.6337448559670782 0.8579952267303103 0.6327160493827161 0.7231503579952268 0.7716049382716049 0.7219570405727923 0.772633744855967 0.8568019093078759 0.7716049382716049 0.8579952267303103
0 0.9403292181069959 0.931980906921241 0.8786008230452675 0.931980906921241 0.8775720164609053 0.8687350835322196 0.9403292181069959 0.8675417661097852 0.941358024691358 0.9307875894988067 0.9403292181069959 0.931980906921241