0 0.34116541353383456 0.3731060606060606 0.11889097744360902 0.3731060606060606 0.11865601503759399 0.1812770562770563 0.34116541353383456 0.1810064935064935 0.3414003759398496 0.37283549783549785 0.34116541353383456 0.3731060606060606
0 0.7406015037593985 0.5278679653679653 0.3468045112781955 0.5278679653679653 0.34656954887218044 0.27813852813852813 0.7406015037593985 0.2778679653679654 0.7408364661654135 0.5275974025974026 0.7406015037593985 0.5278679653679653
0 0.8721804511278195 0.5278679653679653 0.7410714285714286 0.5278679653679653 0.7408364661654135 0.27813852813852813 0.8721804511278195 0.2778679653679654 0.8724154135338346 0.5275974025974026 0.8721804511278195 0.5278679653679653
0 0.21522556390977443 0.6101190476190477 0.16165413533834586 0.6101190476190477 0.16141917293233082 0.6082251082251082 0.12453007518796992 0.6079545454545454 0.12429511278195489 0.4875541125541126 0.1649436090225564 0.48728354978354976 0.16517857142857142 0.4805194805194805 0.12265037593984962 0.48024891774891776 0.12241541353383459 0.37932900432900435 0.21522556390977443 0.37905844155844154 0.21546052631578946 0.6098484848484849 0.21522556390977443 0.6101190476190477
0 0.34116541353383456 0.6187770562770563 0.22086466165413535 0.6187770562770563 0.22062969924812031 0.37932900432900435 0.34116541353383456 0.37905844155844154 0.3414003759398496 0.6185064935064936 0.34116541353383456 0.6187770562770563
0 0.5051691729323309 0.7221320346320347 0.32095864661654133 0.7221320346320347 0.3207236842105263 0.625 0.34633458646616544 0.6247294372294372 0.34656954887218044 0.5335497835497836 0.5051691729323309 0.5332792207792207 0.5054041353383458 0.7218614718614719 0.5051691729323309 0.7221320346320347
0 0.5944548872180451 0.621482683982684 0.5103383458646616 0.621482683982684 0.5101033834586466 0.5335497835497836 0.5944548872180451 0.5332792207792207 0.5946898496240601 0.6212121212121212 0.5944548872180451 0.621482683982684
0 0.712875939849624 0.7221320346320347 0.6000939849624061 0.7221320346320347 0.599859022556391 0.5335497835497836 0.6804511278195489 0.5332792207792207 0.6806860902255639 0.6498917748917749 0.712875939849624 0.6501623376623377 0.7131109022556391 0.7218614718614719 0.712875939849624 0.7221320346320347
0 0.8721804511278195 0.7221320346320347 0.7180451127819549 0.7221320346320347 0.7178101503759399 0.6444805194805194 0.6856203007518797 0.6442099567099567 0.6853853383458647 0.5335497835497836 0.8721804511278195 0.5332792207792207 0.8724154135338346 0.7218614718614719 0.8721804511278195 0.7221320346320347
0 0.212406015037594 0.7188852813852814 0.12171052631578948 0.7188852813852814 0.12147556390977443 0.6185064935064936 0.1611842105263158 0.6182359307359307 0.16141917293233082 0.6152597402597403 0.212406015037594 0.6149891774891775 0.21264097744360902 0.7186147186147186 0.212406015037594 0.7188852813852814
0 0.31343984962406013 0.7221320346320347 0.22086466165413535 0.7221320346320347 0.22062969924812031 0.625 0.31343984962406013 0.6247294372294372 0.3136748120300752 0.7218614718614719 0.31343984962406013 0.7221320346320347
0 0.5944548872180451 0.7221320346320347 0.5103383458646616 0.7221320346320347 0.5101033834586466 0.6277056277056277 0.5944548872180451 0.627435064935065 0.5946898496240601 0.7218614718614719 0.5944548872180451 0.7221320346320347
0 0.8721804511278195 0.8541666666666666 0.6968984962406015 0.8541666666666666 0.6966635338345865 0.7424242424242424 0.8721804511278195 0.7421536796536796 0.8724154135338346 0.8538961038961039 0.8721804511278195 0.8541666666666666