0 0.7657512116316639 0.1453900709219858 0.5961227786752827 0.1453900709219858 0.5953150242326333 0.05531914893617021 0.7657512116316639 0.05460992907801419 0.7665589660743134 0.14468085106382977 0.7657512116316639 0.1453900709219858
0 0.7641357027463651 0.3524822695035461 0.6042003231017771 0.3524822695035461 0.6033925686591276 0.3475177304964539 0.45718901453957994 0.3468085106382979 0.45638126009693053 0.16170212765957448 0.7641357027463651 0.16099290780141845 0.7649434571890146 0.3517730496453901 0.7641357027463651 0.3524822695035461
0 0.16639741518578352 0.3950354609929078 0.07431340872374798 0.3950354609929078 0.07350565428109855 0.16453900709219857 0.21163166397415187 0.16382978723404254 0.21243941841680128 0.35319148936170214 0.1962843295638126 0.36737588652482267 0.19547657512116318 0.36950354609929076 0.19143780290791598 0.37163120567375885 0.19063004846526657 0.37375886524822693 0.18659127625201938 0.375886524822695 0.18578352180936994 0.3780141843971631 0.18174474959612277 0.3801418439716312 0.16639741518578352 0.3950354609929078
0 0.38126009693053314 0.349645390070922 0.2197092084006462 0.349645390070922 0.21890145395799676 0.16453900709219857 0.38126009693053314 0.16382978723404254 0.38206785137318255 0.34893617021276596 0.38126009693053314 0.349645390070922
0 0.5961227786752827 0.6049645390070922 0.45718901453957994 0.6049645390070922 0.45638126009693053 0.35319148936170214 0.5961227786752827 0.3524822695035461 0.5969305331179321 0.6042553191489362 0.5961227786752827 0.6049645390070922
0 0.7641357027463651 0.5326241134751774 0.6042003231017771 0.5326241134751774 0.6033925686591276 0.35319148936170214 0.7641357027463651 0.3524822695035461 0.7649434571890146 0.44680851063829785 0.6736672051696284 0.4475177304964539 0.672859450726979 0.4524822695035461 0.7641357027463651 0.4531914893617021 0.7649434571890146 0.5319148936170213 0.7641357027463651 0.5326241134751774
0 0.38126009693053314 0.6049645390070922 0.18739903069466882 0.6049645390070922 0.18659127625201938 0.5290780141843971 0.2197092084006462 0.5283687943262412 0.22051696284329564 0.4553191489361702 0.2172859450726979 0.4524822695035461 0.21405492730210016 0.4482269503546099 0.21082390953150243 0.44397163120567373 0.20759289176090467 0.4397163120567376 0.20597738287560582 0.4368794326241135 0.20274636510500807 0.4326241134751773 0.19789983844911146 0.4269503546099291 0.1962843295638126 0.42411347517730497 0.19305331179321486 0.4198581560283688 0.19143780290791598 0.41702127659574467 0.18820678513731826 0.4127659574468085 0.18336025848142165 0.40709219858156026 0.1801292407108239 0.40283687943262414 0.17851373182552505 0.4 0.17689822294022617 0.3971631205673759 0.18820678513731826 0.38581560283687943 0.1890145395799677 0.38368794326241135 0.19305331179321486 0.38156028368794326 0.1938610662358643 0.37943262411347517 0.19789983844911146 0.3773049645390071 0.2197092084006462 0.3567375886524823 0.38126009693053314 0.3567375886524823 0.38206785137318255 0.4524822695035461 0.27463651050080773 0.4531914893617021 0.2738287560581583 0.45673758865248226 0.38126009693053314 0.4574468085106383 0.38206785137318255 0.6042553191489362 0.38126009693053314 0.6049645390070922
0 0.21324717285945072 0.5226950354609929 0.07431340872374798 0.5226950354609929 0.07350565428109855 0.4014184397163121 0.16962843295638125 0.40070921985815605 0.1752827140549273 0.40709219858156026 0.17851373182552505 0.41134751773049644 0.1801292407108239 0.41418439716312055 0.18336025848142165 0.41843971631205673 0.18820678513731826 0.42411347517730497 0.19143780290791598 0.42836879432624114 0.19305331179321486 0.43120567375886526 0.1962843295638126 0.43546099290780144 0.19789983844911146 0.43829787234042555 0.20274636510500807 0.44397163120567373 0.20597738287560582 0.4482269503546099 0.20759289176090467 0.451063829787234 0.21082390953150243 0.4553191489361702 0.21405492730210016 0.4595744680851064 0.21405492730210016 0.5219858156028369 0.21324717285945072 0.5226950354609929
0 0.1777059773828756 0.6049645390070922 0.07431340872374798 0.6049645390070922 0.07350565428109855 0.5290780141843971 0.1777059773828756 0.5283687943262412 0.17851373182552505 0.6042553191489362 0.1777059773828756 0.6049645390070922
0 0.6720516962843296 0.6049645390070922 0.6042003231017771 0.6049645390070922 0.6033925686591276 0.5390070921985816 0.6720516962843296 0.5382978723404256 0.672859450726979 0.6042553191489362 0.6720516962843296 0.6049645390070922
0 0.7641357027463651 0.6049645390070922 0.6801292407108239 0.6049645390070922 0.6793214862681745 0.5390070921985816 0.7641357027463651 0.5382978723404256 0.7649434571890146 0.6042553191489362 0.7641357027463651 0.6049645390070922
0 0.7673667205169629 0.8134751773049645 0.6801292407108239 0.8134751773049645 0.6793214862681745 0.6879432624113475 0.7673667205169629 0.6872340425531915 0.7681744749596123 0.8127659574468085 0.7673667205169629 0.8134751773049645