0 0.6714100905562742 0.8825887743413516 0.6009055627425615 0.8825887743413516 0.5999353169469599 0.8808705612829324 0.5996119016817594 0.8791523482245132 0.5986416558861578 0.8785796105383734 0.5976714100905562 0.8757159221076747 0.5967011642949547 0.8751431844215349 0.5963777490297542 0.8734249713631157 0.5954075032341527 0.872852233676976 0.5950840879689522 0.8711340206185567 0.5941138421733506 0.870561282932417 0.591849935316947 0.8654066437571593 0.5908796895213454 0.8648339060710195 0.5905562742561449 0.8631156930126003 0.5895860284605433 0.8625429553264605 0.5873221216041398 0.8573883161512027 0.5863518758085382 0.856815578465063 0.5860284605433377 0.8550973654066437 0.5850582147477361 0.854524627720504 0.5847347994825356 0.8528064146620847 0.583764553686934 0.852233676975945 0.5827943078913325 0.8493699885452463 0.5818240620957309 0.8487972508591065 0.5815006468305304 0.8470790378006873 0.5805304010349288 0.8465063001145475 0.5802069857697283 0.8447880870561283 0.5792367399741267 0.8442153493699885 0.5782664941785253 0.8413516609392898 0.5772962483829237 0.8407789232531501 0.5769728331177232 0.8390607101947308 0.5760025873221216 0.8384879725085911 0.5756791720569211 0.8367697594501718 0.5747089262613195 0.8361970217640321 0.5734152652005174 0.8327605956471936 0.5734152652005174 0.54524627720504 0.6313065976714101 0.5446735395189003 0.6316300129366106 0.5360824742268041 0.5168175937904269 0.5355097365406644 0.5164941785252264 0.10309278350515463 0.5323415265200517 0.10252004581901489 0.5329883570504528 0.1002290950744559 0.5358990944372575 0.09621993127147767 0.536222509702458 0.09450171821305842 0.5371927554980596 0.09392898052691867 0.53751617076326 0.09221076746849943 0.5384864165588615 0.09163802978235967 0.5388098318240621 0.08991981672394044 0.5417205692108668 0.0859106529209622 0.5420439844760673 0.08419243986254296 0.5430142302716688 0.0836197021764032 0.5433376455368694 0.08190148911798396 0.546248382923674 0.07789232531500573 0.5465717981888745 0.07617411225658649 0.547542043984476 0.07560137457044673 0.5478654592496766 0.07388316151202749 0.5507761966364813 0.06987399770904926 0.5510996119016818 0.06815578465063 0.5520698576972833 0.06758304696449026 0.5523932729624839 0.06586483390607102 0.5553040103492884 0.061855670103092786 0.555627425614489 0.06013745704467354 0.5565976714100905 0.05956471935853379 0.556921086675291 0.05784650630011455 0.5578913324708926 0.0572737686139748 0.5582147477360931 0.05555555555555555 0.5601552393272963 0.05326460481099656 0.6727037516170763 0.05326460481099656 0.6752910737386805 0.05784650630011455 0.676261319534282 0.058419243986254296 0.6765847347994826 0.06013745704467354 0.6775549805950841 0.06071019473081329 0.6798188874514877 0.06586483390607102 0.6807891332470892 0.06643757159221077 0.6811125485122898 0.06815578465063 0.6820827943078913 0.06872852233676977 0.684346701164295 0.07388316151202749 0.6853169469598965 0.07445589919816724 0.685640362225097 0.07617411225658649 0.6866106080206986 0.07674684994272624 0.6888745148771022 0.08190148911798396 0.6898447606727037 0.08247422680412371 0.6901681759379042 0.08419243986254296 0.6911384217335058 0.08476517754868271 0.6946959896507116 0.09221076746849943 0.6956662354463131 0.09278350515463918 0.6959896507115135 0.09450171821305842 0.6969598965071151 0.09507445589919816 0.6992238033635187 0.1002290950744559 0.7001940491591203 0.10080183276059565 0.7008408796895214 0.10309278350515463 0.7008408796895214 0.45017182130584193 0.6824062095730918 0.4507445589919817 0.6820827943078913 0.5899198167239404 0.7005174644243208 0.5904925544100802 0.7008408796895214 0.8235967926689576 0.7056921086675291 0.8241695303550973 0.7056921086675291 0.8253150057273768 0.7047218628719275 0.8258877434135166 0.703751617076326 0.8287514318442154 0.7027813712807245 0.8293241695303551 0.702457956015524 0.8310423825887744 0.7014877102199224 0.8316151202749141 0.7011642949547219 0.8333333333333334 0.7001940491591203 0.8339060710194731 0.6992238033635187 0.8367697594501718 0.6982535575679172 0.8373424971363116 0.6979301423027167 0.8390607101947308 0.6888745148771022 0.8539518900343642 0.6804657179818887 0.8676975945017182 0.6788486416558862 0.8694158075601375 0.6785252263906857 0.8711340206185567 0.6775549805950841 0.8717067583046965 0.6772315653298836 0.8734249713631157 0.676261319534282 0.8739977090492554 0.6759379042690815 0.8757159221076747 0.6743208279430789 0.8774341351660939 0.6739974126778784 0.8791523482245132 0.6730271668822768 0.8797250859106529 0.6727037516170763 0.8814432989690721 0.6714100905562742 0.8825887743413516
0 0.3719275549805951 0.42668957617411224 0.19857697283311773 0.42668957617411224 0.1982535575679172 0.10309278350515463 0.34023285899094435 0.10252004581901489 0.3405562742561449 0.3024054982817869 0.34346701164294957 0.3064146620847652 0.3447606727037516 0.3064146620847652 0.34540750323415265 0.3087056128293242 0.34670116429495473 0.3087056128293242 0.34799482535575677 0.31099656357388317 0.3499353169469599 0.31328751431844215 0.351228978007762 0.31443298969072164 0.35316946959896506 0.3167239404352806 0.35446313065976714 0.3167239404352806 0.35575679172056923 0.3190148911798396 0.35834411384217335 0.32245131729667814 0.35963777490297544 0.32245131729667814 0.36093143596377747 0.3247422680412371 0.36222509702457956 0.3247422680412371 0.3628719275549806 0.3270332187857961 0.3641655886157827 0.3270332187857961 0.3654592496765847 0.3293241695303551 0.3667529107373868 0.3293241695303551 0.36739974126778785 0.3316151202749141 0.36869340232858994 0.33276059564719357 0.370633893919793 0.33505154639175255 0.3719275549805951 0.33505154639175255 0.3722509702457956 0.4261168384879725 0.3719275549805951 0.42668957617411224
0 0.5116429495472187 0.3774341351660939 0.43014230271668824 0.3774341351660939 0.4298188874514877 0.32989690721649484 0.37645536869340235 0.3293241695303551 0.37516170763260026 0.3270332187857961 0.3738680465717982 0.3270332187857961 0.37257438551099614 0.3247422680412371 0.370633893919793 0.32245131729667814 0.3693402328589909 0.32245131729667814 0.36739974126778785 0.3190148911798396 0.36610608020698576 0.3190148911798396 0.3654592496765847 0.3167239404352806 0.3641655886157827 0.3167239404352806 0.3628719275549806 0.31443298969072164 0.3615782664941785 0.31443298969072164 0.35963777490297544 0.31099656357388317 0.35834411384217335 0.31099656357388317 0.3576972833117723 0.3087056128293242 0.3564036222509702 0.3087056128293242 0.3551099611901682 0.3064146620847652 0.3538163001293661 0.3064146620847652 0.351875808538163 0.30297823596792667 0.3499353169469599 0.3006872852233677 0.3486416558861578 0.3006872852233677 0.3473479948253558 0.2983963344788087 0.3460543337645537 0.2972508591065292 0.3450840879689521 0.29667812142038946 0.3450840879689521 0.10309278350515463 0.5116429495472187 0.10252004581901489 0.5119663648124192 0.3768613974799542 0.5116429495472187 0.3774341351660939
0 0.1869340232858991 0.36368843069873996 0.03234152652005175 0.36368843069873996 0.03201811125485123 0.21993127147766323 0.1869340232858991 0.21935853379152348 0.1872574385510996 0.3631156930126002 0.1869340232858991 0.36368843069873996
0 0.8777490297542044 0.4507445589919817 0.7063389391979301 0.4507445589919817 0.7060155239327296 0.22451317296678122 0.8777490297542044 0.22394043528064148 0.878072445019405 0.45017182130584193 0.8777490297542044 0.4507445589919817
0 0.45989650711513586 0.6706758304696449 0.3777490297542044 0.6706758304696449 0.37742561448900386 0.33791523482245134 0.4243208279430789 0.3373424971363116 0.4246442432082794 0.38602520045819017 0.5116429495472187 0.3865979381443299 0.5119663648124192 0.434135166093929 0.5161707632600259 0.43470790378006874 0.5164941785252264 0.5349369988545246 0.46054333764553684 0.5355097365406644 0.4602199223803364 0.6701030927835051 0.45989650711513586 0.6706758304696449
0 0.1869340232858991 0.8367697594501718 0.03234152652005175 0.8367697594501718 0.03201811125485123 0.3734249713631157 0.1869340232858991 0.37285223367697595 0.1872574385510996 0.8361970217640321 0.1869340232858991 0.8367697594501718
0 0.24773609314359638 0.5492554410080184 0.19857697283311773 0.5492554410080184 0.1982535575679172 0.436426116838488 0.24773609314359638 0.43585337915234823 0.2480595084087969 0.5486827033218786 0.24773609314359638 0.5492554410080184
0 0.3719275549805951 0.5492554410080184 0.2535575679172057 0.5492554410080184 0.25323415265200516 0.436426116838488 0.3719275549805951 0.43585337915234823 0.3722509702457956 0.5486827033218786 0.3719275549805951 0.5492554410080184
0 0.7115135834411385 0.5824742268041238 0.6869340232858991 0.5824742268041238 0.6866106080206986 0.45933562428407787 0.741267787839586 0.4587628865979381 0.7415912031047865 0.5292096219931272 0.7402975420439845 0.5303550973654066 0.7380336351875808 0.5355097365406644 0.7370633893919794 0.5360824742268041 0.7367399741267788 0.5378006872852233 0.7357697283311773 0.5383734249713631 0.7335058214747736 0.5435280641466208 0.732535575679172 0.5441008018327605 0.7322121604139715 0.5458190148911798 0.73124191461837 0.5463917525773195 0.7276843467011643 0.5538373424971363 0.7267141009055628 0.5544100801832761 0.723156532988357 0.5618556701030928 0.7221862871927555 0.5624284077892325 0.7218628719275549 0.5641466208476518 0.7208926261319534 0.5647193585337915 0.7186287192755498 0.5698739977090492 0.7176584734799483 0.570446735395189 0.7173350582147477 0.5721649484536082 0.7163648124191462 0.572737686139748 0.7141009055627425 0.5778923253150057 0.713130659767141 0.5784650630011455 0.7128072445019404 0.5801832760595648 0.711836998706339 0.5807560137457045 0.7115135834411385 0.5824742268041238
0 0.8777490297542044 0.6706758304696449 0.7063389391979301 0.6706758304696449 0.7060155239327296 0.5910652920962199 0.7147477360931436 0.5904925544100802 0.7153945666235446 0.5882016036655212 0.7163648124191462 0.5876288659793815 0.7166882276843467 0.5859106529209622 0.7176584734799483 0.5853379152348225 0.7179818887451488 0.5836197021764032 0.7195989650711514 0.581901489117984 0.7199223803363519 0.5801832760595648 0.7208926261319534 0.579610538373425 0.7212160413971539 0.5778923253150057 0.7221862871927555 0.5773195876288659 0.722509702457956 0.5756013745704467 0.7241267787839586 0.5738831615120275 0.7244501940491591 0.5721649484536082 0.7254204398447607 0.5715922107674685 0.7257438551099612 0.5698739977090492 0.7267141009055628 0.5693012600229095 0.7270375161707633 0.5675830469644902 0.7286545924967659 0.565864833906071 0.7289780077619664 0.5641466208476518 0.7299482535575679 0.563573883161512 0.7302716688227684 0.5618556701030928 0.73124191461837 0.561282932416953 0.7315653298835705 0.5595647193585338 0.732535575679172 0.5589919816723941 0.7328589909443726 0.5572737686139748 0.7344760672703752 0.5555555555555556 0.7347994825355757 0.5538373424971363 0.7357697283311773 0.5532646048109966 0.7360931435963778 0.5515463917525774 0.7370633893919794 0.5509736540664376 0.7373868046571799 0.5492554410080184 0.7390038809831824 0.5475372279495991 0.7393272962483829 0.5458190148911798 0.7402975420439845 0.54524627720504 0.740620957309185 0.5435280641466208 0.7415912031047865 0.5429553264604811 0.7419146183699871 0.5412371134020618 0.7435316946959897 0.5395189003436426 0.7438551099611902 0.5378006872852233 0.7448253557567918 0.5372279495990836 0.7451487710219923 0.5355097365406644 0.7461190168175937 0.5349369988545246 0.7467658473479948 0.5326460481099656 0.7467658473479948 0.45933562428407787 0.8777490297542044 0.4587628865979381 0.878072445019405 0.6701030927835051 0.8777490297542044 0.6706758304696449
0 0.5730918499353169 0.8333333333333334 0.46571798188874514 0.8333333333333334 0.4653945666235446 0.54524627720504 0.5730918499353169 0.5446735395189003 0.5734152652005174 0.8327605956471936 0.5730918499353169 0.8333333333333334
0 0.37128072445019406 0.8333333333333334 0.19857697283311773 0.8333333333333334 0.1982535575679172 0.5578465063001146 0.37128072445019406 0.5572737686139748 0.3716041397153946 0.8327605956471936 0.37128072445019406 0.8333333333333334
0 0.45989650711513586 0.8333333333333334 0.3777490297542044 0.8333333333333334 0.37742561448900386 0.6792668957617412 0.45989650711513586 0.6786941580756014 0.4602199223803364 0.8327605956471936 0.45989650711513586 0.8333333333333334
0 0.7904269081500647 0.8253150057273768 0.7063389391979301 0.8253150057273768 0.7060155239327296 0.6804123711340206 0.7904269081500647 0.6798396334478809 0.7907503234152652 0.8247422680412371 0.7904269081500647 0.8253150057273768
0 0.8777490297542044 0.8333333333333334 0.796248382923674 0.8333333333333334 0.7959249676584734 0.6804123711340206 0.8777490297542044 0.6798396334478809 0.878072445019405 0.8327605956471936 0.8777490297542044 0.8333333333333334