0 0.47303543913713403 0.28237951807228917 0.37442218798151 0.28237951807228917 0.37403697996918334 0.07078313253012049 0.50231124807396 0.07003012048192771 0.5026964560862865 0.2575301204819277 0.47380585516178736 0.2582831325301205 0.4734206471494607 0.2816265060240964 0.47303543913713403 0.28237951807228917
0 0.598613251155624 0.29292168674698793 0.5092449922958397 0.29292168674698793 0.5088597842835131 0.07078313253012049 0.598613251155624 0.07003012048192771 0.5989984591679507 0.2921686746987952 0.598613251155624 0.29292168674698793
0 0.6802773497688752 0.33207831325301207 0.6479198767334361 0.33207831325301207 0.6475346687211094 0.07228915662650602 0.7773497688751926 0.07153614457831325 0.7777349768875192 0.25150602409638556 0.7665639445300462 0.2522590361445783 0.7661787365177196 0.2560240963855422 0.74884437596302 0.2567771084337349 0.7484591679506933 0.2876506024096386 0.6810477657935285 0.2884036144578313 0.6806625577812019 0.3313253012048193 0.6802773497688752 0.33207831325301207
0 0.8243451463790447 0.4239457831325301 0.7842835130970724 0.4239457831325301 0.7838983050847458 0.07228915662650602 0.8751926040061633 0.07153614457831325 0.8755778120184899 0.3313253012048193 0.825115562403698 0.33207831325301207 0.8247303543913713 0.42319277108433734 0.8243451463790447 0.4239457831325301
0 0.1856702619414484 0.28237951807228917 0.08705701078582434 0.28237951807228917 0.08667180277349769 0.0783132530120482 0.2103235747303544 0.07756024096385543 0.21070878274268104 0.2575301204819277 0.1864406779661017 0.2582831325301205 0.18605546995377503 0.2816265060240964 0.1856702619414484 0.28237951807228917
0 0.3120184899845917 0.1980421686746988 0.2588597842835131 0.1980421686746988 0.2584745762711864 0.1897590361445783 0.21802773497688752 0.18900602409638553 0.21764252696456085 0.0783132530120482 0.3120184899845917 0.07756024096385543 0.31240369799691836 0.19728915662650603 0.3120184899845917 0.1980421686746988
0 0.300462249614792 0.45406626506024095 0.21802773497688752 0.45406626506024095 0.21764252696456085 0.21084337349397592 0.3120184899845917 0.21009036144578314 0.31240369799691836 0.4427710843373494 0.3012326656394453 0.4435240963855422 0.3008474576271186 0.45331325301204817 0.300462249614792 0.45406626506024095
0 0.5485362095531587 0.5956325301204819 0.5269645608628659 0.5956325301204819 0.5265793528505393 0.5421686746987951 0.522342064714946 0.5414156626506024 0.5219568567026194 0.5948795180722891 0.5100154083204931 0.5956325301204819 0.5096302003081664 0.3493975903614458 0.5088597842835131 0.34789156626506024 0.5088597842835131 0.2936746987951807 0.598613251155624 0.29292168674698793 0.5989984591679507 0.552710843373494 0.5493066255778121 0.5534638554216867 0.5489214175654854 0.5948795180722891 0.5485362095531587 0.5956325301204819
0 0.7773497688751926 0.3516566265060241 0.6856702619414484 0.3516566265060241 0.6852850539291218 0.2936746987951807 0.7773497688751926 0.29292168674698793 0.7777349768875192 0.3509036144578313 0.7773497688751926 0.3516566265060241
0 0.2103235747303544 0.4450301204819277 0.08705701078582434 0.4450301204819277 0.08667180277349769 0.29518072289156627 0.2103235747303544 0.2944277108433735 0.21070878274268104 0.4442771084337349 0.2103235747303544 0.4450301204819277
0 0.43836671802773497 0.45406626506024095 0.37442218798151 0.45406626506024095 0.37403697996918334 0.29518072289156627 0.50231124807396 0.2944277108433735 0.5026964560862865 0.34789156626506024 0.5092449922958397 0.348644578313253 0.5096302003081664 0.4457831325301205 0.4391371340523883 0.44653614457831325 0.43875192604006163 0.45331325301204817 0.43836671802773497 0.45406626506024095
0 0.711864406779661 0.4510542168674699 0.6479198767334361 0.4510542168674699 0.6475346687211094 0.3373493975903614 0.6802773497688752 0.3365963855421687 0.6806625577812019 0.35843373493975905 0.7773497688751926 0.35918674698795183 0.7777349768875192 0.4442771084337349 0.7126348228043143 0.4450301204819277 0.7122496147919877 0.4503012048192771 0.711864406779661 0.4510542168674699
0 0.8751926040061633 0.4450301204819277 0.8281972265023112 0.4450301204819277 0.8278120184899846 0.3373493975903614 0.8751926040061633 0.3365963855421687 0.8755778120184899 0.4442771084337349 0.8751926040061633 0.4450301204819277
0 0.8212634822804314 0.4450301204819277 0.7842835130970724 0.4450301204819277 0.7838983050847458 0.4307228915662651 0.8212634822804314 0.4299698795180723 0.8216486902927581 0.4442771084337349 0.8212634822804314 0.4450301204819277
0 0.6040061633281972 0.8305722891566265 0.4453004622496148 0.8305722891566265 0.4449152542372881 0.45933734939759036 0.5046224961479199 0.4585843373493976 0.5050077041602465 0.44728915662650603 0.5092449922958397 0.44653614457831325 0.5096302003081664 0.5948795180722891 0.5215716486902927 0.5956325301204819 0.5219568567026194 0.6219879518072289 0.5508474576271186 0.6227409638554217 0.5512326656394453 0.7168674698795181 0.5554699537750385 0.7176204819277109 0.5558551617873652 0.6792168674698795 0.6040061633281972 0.6784638554216867 0.6043913713405239 0.8298192771084337 0.6040061633281972 0.8305722891566265
0 0.8782742681047766 0.6167168674698795 0.8305084745762712 0.6167168674698795 0.8301232665639445 0.5948795180722891 0.7958397534668721 0.5941265060240963 0.7954545454545454 0.6159638554216867 0.7203389830508474 0.6167168674698795 0.7199537750385208 0.4608433734939759 0.8782742681047766 0.46009036144578314 0.8786594761171033 0.6159638554216867 0.8782742681047766 0.6167168674698795
0 0.22727272727272727 0.5865963855421686 0.1617873651771957 0.5865963855421686 0.16140215716486903 0.4743975903614458 0.22727272727272727 0.473644578313253 0.22765793528505393 0.5858433734939759 0.22727272727272727 0.5865963855421686
0 0.28197226502311246 0.5865963855421686 0.23189522342064714 0.5865963855421686 0.2315100154083205 0.4743975903614458 0.3120184899845917 0.473644578313253 0.31240369799691836 0.5798192771084337 0.2827426810477658 0.5805722891566265 0.2823574730354391 0.5858433734939759 0.28197226502311246 0.5865963855421686
0 0.6040061633281972 0.670933734939759 0.5577812018489985 0.670933734939759 0.5573959938366718 0.5662650602409639 0.5932203389830508 0.5655120481927711 0.5936055469953775 0.5692771084337349 0.6040061633281972 0.5700301204819277 0.6043913713405239 0.6701807228915663 0.6040061633281972 0.670933734939759
0 0.31741140215716485 0.8396084337349398 0.2041602465331279 0.8396084337349398 0.20377503852080123 0.7680722891566265 0.19953775038520802 0.7673192771084337 0.19915254237288135 0.8343373493975904 0.1617873651771957 0.8350903614457831 0.16140215716486903 0.7078313253012049 0.20030816640986132 0.7070783132530121 0.200693374422188 0.713855421686747 0.2033898305084746 0.7146084337349398 0.20377503852080123 0.7078313253012049 0.2280431432973806 0.7070783132530121 0.2295839753466872 0.704066265060241 0.23266563944530047 0.6995481927710844 0.2349768875192604 0.6965361445783133 0.23882896764252695 0.6905120481927711 0.24075500770416025 0.6882530120481928 0.24075500770416025 0.6475903614457831 0.2650231124807396 0.6468373493975904 0.26540832049306623 0.5963855421686747 0.31741140215716485 0.5956325301204819 0.3177966101694915 0.838855421686747 0.31741140215716485 0.8396084337349398
0 0.22650231124807396 0.6995481927710844 0.15870570107858242 0.6995481927710844 0.15832049306625579 0.6039156626506024 0.23651771956856701 0.6031626506024096 0.23690292758089368 0.6837349397590361 0.2357473035439137 0.6859939759036144 0.23459167950693374 0.6867469879518072 0.23420647149460708 0.6890060240963856 0.23266563944530047 0.6905120481927711 0.2315100154083205 0.6912650602409639 0.23112480739599384 0.6935240963855421 0.2280431432973806 0.6980421686746988 0.22650231124807396 0.6995481927710844
0 0.8782742681047766 0.829066265060241 0.7203389830508474 0.829066265060241 0.7199537750385208 0.6219879518072289 0.8782742681047766 0.6212349397590361 0.8786594761171033 0.8283132530120482 0.8782742681047766 0.829066265060241