0 0.919496855345912 0.36146682188591384 0.7918238993710692 0.36146682188591384 0.7915094339622641 0.1629802095459837 0.919496855345912 0.16239813736903377 0.9198113207547169 0.3608847497089639 0.919496855345912 0.36146682188591384
0 0.15345911949685534 0.7712456344586729 0.06352201257861635 0.7712456344586729 0.06320754716981132 0.16414435389988358 0.15283018867924528 0.16356228172293363 0.1531446540880503 0.4842840512223516 0.15377358490566037 0.48544819557625146 0.15377358490566037 0.770663562281723 0.15345911949685534 0.7712456344586729
0 0.2842767295597484 0.4860302677532014 0.1641509433962264 0.4860302677532014 0.16383647798742138 0.17112922002328287 0.2842767295597484 0.17054714784633296 0.28459119496855345 0.48544819557625146 0.2842767295597484 0.4860302677532014
0 0.41509433962264153 0.4860302677532014 0.2949685534591195 0.4860302677532014 0.29465408805031446 0.17112922002328287 0.41509433962264153 0.17054714784633296 0.41540880503144656 0.48544819557625146 0.41509433962264153 0.4860302677532014
0 0.48553459119496856 0.2951105937136205 0.42138364779874216 0.2951105937136205 0.4210691823899371 0.17112922002328287 0.48553459119496856 0.17054714784633296 0.4858490566037736 0.29452852153667053 0.48553459119496856 0.2951105937136205
0 0.49056603773584906 0.4871944121071013 0.4861635220125786 0.4871944121071013 0.4858490566037736 0.4062863795110594 0.49056603773584906 0.40570430733410945 0.4908805031446541 0.17112922002328287 0.6584905660377358 0.17054714784633296 0.6588050314465409 0.2630966239813737 0.6672955974842767 0.2636786961583236 0.6676100628930818 0.42724097788125726 0.6345911949685534 0.4278230500582072 0.6342767295597485 0.48544819557625146 0.4911949685534591 0.4860302677532014 0.49056603773584906 0.4871944121071013
0 0.779874213836478 0.4871944121071013 0.7050314465408805 0.4871944121071013 0.7044025157232704 0.4860302677532014 0.6679245283018868 0.4860302677532014 0.6676100628930818 0.26426076833527357 0.7786163522012579 0.2636786961583236 0.7789308176100629 0.33760186263096625 0.779559748427673 0.33876600698486614 0.779559748427673 0.48544819557625146 0.780188679245283 0.48661233993015135 0.779874213836478 0.4871944121071013
0 0.48553459119496856 0.39639115250291035 0.42138364779874216 0.39639115250291035 0.4210691823899371 0.3050058207217695 0.48553459119496856 0.3044237485448196 0.4858490566037736 0.3958090803259604 0.48553459119496856 0.39639115250291035
0 0.919496855345912 0.770081490104773 0.7930817610062894 0.770081490104773 0.7927672955974843 0.42956926658905703 0.7921383647798742 0.42840512223515714 0.7921383647798742 0.3713620488940629 0.919496855345912 0.37077997671711294 0.9198113207547169 0.7694994179278231 0.919496855345912 0.770081490104773
0 0.48553459119496856 0.6478463329452853 0.4207547169811321 0.6478463329452853 0.4210691823899371 0.4959254947613504 0.4216981132075472 0.4947613504074505 0.4216981132075472 0.4062863795110594 0.48553459119496856 0.40570430733410945 0.4858490566037736 0.6472642607683353 0.48553459119496856 0.6478463329452853
0 0.6339622641509434 0.7630966239813737 0.4911949685534591 0.7630966239813737 0.4908805031446541 0.48661233993015135 0.6339622641509434 0.4860302677532014 0.6342767295597485 0.7625145518044237 0.6339622641509434 0.7630966239813737
0 0.2830188679245283 0.7630966239813737 0.1641509433962264 0.7630966239813737 0.16383647798742138 0.4959254947613504 0.2459119496855346 0.49534342258440045 0.24622641509433962 0.5413271245634459 0.24716981132075472 0.5430733410942957 0.24842767295597484 0.5442374854481956 0.25031446540880503 0.5465657741559954 0.2522012578616352 0.5488940628637952 0.25345911949685535 0.5500582072176949 0.25534591194968553 0.5523864959254947 0.2572327044025157 0.5547147846332945 0.25849056603773585 0.5558789289871944 0.259748427672956 0.5558789289871944 0.26037735849056604 0.5582072176949942 0.2622641509433962 0.5605355064027939 0.26352201257861635 0.5616996507566938 0.26540880503144654 0.5640279394644936 0.26666666666666666 0.5651920838183935 0.26855345911949685 0.5675203725261933 0.269811320754717 0.5686845168800931 0.27169811320754716 0.5710128055878929 0.2729559748427673 0.5721769499417928 0.2748427672955975 0.5745052386495926 0.2761006289308176 0.5756693830034925 0.2779874213836478 0.5779976717112922 0.279874213836478 0.580325960419092 0.28176100628930817 0.5826542491268918 0.2833333333333333 0.5844004656577415 0.2833333333333333 0.7625145518044237 0.2830188679245283 0.7630966239813737
0 0.41320754716981134 0.7630966239813737 0.2943396226415094 0.7630966239813737 0.2940251572327044 0.5820721769499418 0.2880503144654088 0.5814901047729919 0.28742138364779873 0.580325960419092 0.28553459119496855 0.5779976717112922 0.28364779874213836 0.5756693830034925 0.28238993710691823 0.5745052386495926 0.28050314465408804 0.5721769499417928 0.27861635220125786 0.569848661233993 0.27735849056603773 0.5686845168800931 0.27547169811320754 0.5663562281722934 0.27358490566037735 0.5640279394644936 0.2723270440251572 0.5628637951105937 0.27044025157232704 0.5605355064027939 0.26855345911949685 0.5582072176949942 0.26666666666666666 0.5558789289871944 0.26540880503144654 0.5547147846332945 0.26352201257861635 0.5523864959254947 0.26163522012578616 0.5500582072176949 0.26037735849056604 0.5488940628637952 0.25849056603773585 0.5465657741559954 0.25660377358490566 0.5442374854481956 0.25534591194968553 0.5430733410942957 0.25345911949685535 0.540745052386496 0.25157232704402516 0.5384167636786962 0.25 0.5366705471478463 0.25 0.4959254947613504 0.4207547169811321 0.49534342258440045 0.4210691823899371 0.6461001164144354 0.42012578616352203 0.6478463329452853 0.4138364779874214 0.6478463329452853 0.41352201257861637 0.7625145518044237 0.41320754716981134 0.7630966239813737
0 0.7031446540880503 0.6164144353899884 0.6408805031446541 0.6164144353899884 0.6405660377358491 0.5459837019790454 0.6383647798742138 0.5454016298020955 0.6380503144654088 0.4959254947613504 0.6672955974842767 0.49534342258440045 0.6679245283018868 0.49650756693830034 0.7044025157232704 0.49650756693830034 0.7047169811320755 0.5552968568102444 0.7034591194968554 0.5564610011641443 0.7034591194968554 0.6158323632130385 0.7031446540880503 0.6164144353899884
0 0.7773584905660378 0.619906868451688 0.710691823899371 0.619906868451688 0.710377358490566 0.4970896391152503 0.7773584905660378 0.49650756693830034 0.7776729559748428 0.619324796274738 0.7773584905660378 0.619906868451688
0 0.7805031446540881 0.7630966239813737 0.710691823899371 0.7630966239813737 0.710377358490566 0.7171129220023282 0.7056603773584905 0.7165308498253784 0.7053459119496855 0.7625145518044237 0.6396226415094339 0.7630966239813737 0.639308176100629 0.6286379511059371 0.7050314465408805 0.6280558789289872 0.7053459119496855 0.6484284051222352 0.710062893081761 0.6490104772991852 0.710377358490566 0.6286379511059371 0.7805031446540881 0.6280558789289872 0.7808176100628931 0.7625145518044237 0.7805031446540881 0.7630966239813737
0 0.48553459119496856 0.7630966239813737 0.4207547169811321 0.7630966239813737 0.42044025157232706 0.6577415599534342 0.48553459119496856 0.6571594877764843 0.4858490566037736 0.7625145518044237 0.48553459119496856 0.7630966239813737