0 0.3362204724409449 0.4603448275862069 0.2125984251968504 0.4603448275862069 0.21220472440944882 0.33793103448275863 0.2283464566929134 0.3375862068965517 0.22874015748031495 0.29517241379310344 0.2125984251968504 0.29482758620689653 0.21220472440944882 0.30551724137931036 0.09133858267716535 0.30586206896551726 0.09094488188976378 0.14482758620689656 0.3362204724409449 0.14448275862068966 0.33661417322834647 0.46 0.3362204724409449 0.4603448275862069
0 0.4818897637795276 0.2872413793103448 0.3417322834645669 0.2872413793103448 0.3413385826771654 0.14482758620689656 0.4566929133858268 0.14448275862068966 0.4570866141732283 0.2317241379310345 0.4818897637795276 0.23206896551724138 0.4822834645669291 0.2868965517241379 0.4818897637795276 0.2872413793103448
0 0.5976377952755906 0.2872413793103448 0.4874015748031496 0.2872413793103448 0.487007874015748 0.22827586206896552 0.46141732283464565 0.22793103448275862 0.4610236220472441 0.14482758620689656 0.5976377952755906 0.14448275862068966 0.5980314960629921 0.2868965517241379 0.5976377952755906 0.2872413793103448
0 0.7401574803149606 0.2196551724137931 0.6023622047244095 0.2196551724137931 0.6019685039370078 0.14482758620689656 0.7401574803149606 0.14448275862068966 0.7405511811023622 0.2193103448275862 0.7401574803149606 0.2196551724137931
0 0.8653543307086614 0.2796551724137931 0.7448818897637796 0.2796551724137931 0.7444881889763779 0.22344827586206897 0.8196850393700787 0.22310344827586207 0.8200787401574803 0.14482758620689656 0.8653543307086614 0.14448275862068966 0.8657480314960629 0.2793103448275862 0.8653543307086614 0.2796551724137931
0 0.8094488188976378 0.21482758620689654 0.747244094488189 0.21482758620689654 0.7468503937007874 0.1482758620689655 0.8094488188976378 0.14793103448275863 0.8098425196850394 0.21448275862068966 0.8094488188976378 0.21482758620689654
0 0.7401574803149606 0.3589655172413793 0.6433070866141732 0.3589655172413793 0.6429133858267716 0.33655172413793105 0.6023622047244095 0.33620689655172414 0.6019685039370078 0.22344827586206897 0.7401574803149606 0.22310344827586207 0.7405511811023622 0.3586206896551724 0.7401574803149606 0.3589655172413793
0 0.421259842519685 0.4603448275862069 0.3417322834645669 0.4603448275862069 0.3413385826771654 0.3931034482758621 0.33700787401574805 0.39275862068965517 0.33661417322834647 0.3158620689655172 0.3409448818897638 0.31551724137931036 0.3413385826771654 0.2910344827586207 0.5976377952755906 0.2906896551724138 0.5980314960629921 0.33586206896551724 0.48976377952755906 0.33620689655172414 0.4893700787401575 0.39241379310344826 0.3952755905511811 0.39275862068965517 0.3948818897637795 0.39586206896551723 0.421259842519685 0.39620689655172414 0.4216535433070866 0.46 0.421259842519685 0.4603448275862069
0 0.21181102362204723 0.4603448275862069 0.09133858267716535 0.4603448275862069 0.09094488188976378 0.3103448275862069 0.21181102362204723 0.31 0.21220472440944882 0.46 0.21181102362204723 0.4603448275862069
0 0.6385826771653543 0.4603448275862069 0.4937007874015748 0.4603448275862069 0.4933070866141732 0.3406896551724138 0.6385826771653543 0.3403448275862069 0.6389763779527559 0.46 0.6385826771653543 0.4603448275862069
0 0.7401574803149606 0.39275862068965517 0.6433070866141732 0.39275862068965517 0.6429133858267716 0.3627586206896552 0.7401574803149606 0.3624137931034483 0.7405511811023622 0.39241379310344826 0.7401574803149606 0.39275862068965517
0 0.4889763779527559 0.4603448275862069 0.4259842519685039 0.4603448275862069 0.42559055118110234 0.39655172413793105 0.4889763779527559 0.39620689655172414 0.4893700787401575 0.46 0.4889763779527559 0.4603448275862069
0 0.7401574803149606 0.4603448275862069 0.6433070866141732 0.4603448275862069 0.6429133858267716 0.39655172413793105 0.7401574803149606 0.39620689655172414 0.7405511811023622 0.46 0.7401574803149606 0.4603448275862069
0 0.925984251968504 0.75 0.6834645669291338 0.75 0.6830708661417323 0.6641379310344827 0.925984251968504 0.6637931034482759 0.9263779527559055 0.7496551724137931 0.925984251968504 0.75
0 0.925984251968504 0.9693103448275862 0.6834645669291338 0.9693103448275862 0.6830708661417323 0.7551724137931034 0.925984251968504 0.7548275862068966 0.9263779527559055 0.9689655172413794 0.925984251968504 0.9693103448275862