0 0.260424286759327 0.2425799086757991 0.07388441843452817 0.2425799086757991 0.07351865398683248 0.08447488584474885 0.260424286759327 0.0839041095890411 0.2607900512070227 0.2420091324200913 0.260424286759327 0.2425799086757991
0 0.3672275054864667 0.3932648401826484 0.2765179224579371 0.3932648401826484 0.2761521580102414 0.091324200913242 0.4425749817117776 0.09075342465753425 0.4429407461594733 0.3470319634703196 0.36795903438185806 0.3476027397260274 0.3675932699341624 0.3926940639269406 0.3672275054864667 0.3932648401826484
0 0.6547183613752743 0.5462328767123288 0.6510607168983175 0.5462328767123288 0.6503291880029262 0.5450913242009132 0.4476956839795172 0.5450913242009132 0.4473299195318215 0.091324200913242 0.6495976591075348 0.09075342465753425 0.6499634235552304 0.4429223744292237 0.6547183613752743 0.4434931506849315 0.65508412582297 0.545662100456621 0.6547183613752743 0.5462328767123288
0 0.7995610826627652 0.4377853881278539 0.6547183613752743 0.4377853881278539 0.6543525969275786 0.20205479452054795 0.7995610826627652 0.2014840182648402 0.7999268471104609 0.4372146118721461 0.7995610826627652 0.4377853881278539
0 0.9495245062179956 0.4377853881278539 0.8046817849305048 0.4377853881278539 0.804316020482809 0.20205479452054795 0.9495245062179956 0.2014840182648402 0.9498902706656913 0.4372146118721461 0.9495245062179956 0.4377853881278539
0 0.25603511338697876 0.8784246575342466 0.06364301389904901 0.8784246575342466 0.06327724945135332 0.2682648401826484 0.25603511338697876 0.2676940639269406 0.25640087783467447 0.8778538812785388 0.25603511338697876 0.8784246575342466
0 0.4425749817117776 0.4377853881278539 0.373811265544989 0.4377853881278539 0.37344550109729335 0.3538812785388128 0.4425749817117776 0.353310502283105 0.4429407461594733 0.4372146118721461 0.4425749817117776 0.4377853881278539
0 0.3496708119970739 0.5462328767123288 0.2765179224579371 0.5462328767123288 0.2761521580102414 0.4041095890410959 0.3672275054864667 0.4035388127853881 0.3675932699341624 0.4828767123287671 0.366861741038771 0.4840182648401826 0.36613021214337965 0.4863013698630137 0.3653986832479883 0.4885844748858447 0.3653986832479883 0.4908675799086758 0.36466715435259694 0.4920091324200913 0.36393562545720554 0.4942922374429224 0.36393562545720554 0.4965753424657534 0.36247256766642283 0.4988584474885845 0.36247256766642283 0.5011415525114156 0.3617410387710315 0.502283105022831 0.36100950987564007 0.5045662100456622 0.36100950987564007 0.5068493150684932 0.35954645208485736 0.5091324200913242 0.35954645208485736 0.5114155251141552 0.358814923189466 0.5125570776255708 0.3580833942940746 0.5148401826484018 0.35735186539868324 0.5171232876712328 0.35735186539868324 0.5205479452054794 0.35588880760790054 0.5228310502283106 0.35588880760790054 0.5251141552511416 0.3544257498171178 0.5273972602739726 0.3544257498171178 0.5308219178082192 0.35296269202633507 0.5331050228310502 0.35296269202633507 0.5353881278538812 0.3514996342355523 0.5376712328767124 0.3514996342355523 0.541095890410959 0.35003657644476954 0.54337899543379 0.35003657644476954 0.545662100456621 0.3496708119970739 0.5462328767123288
0 0.4425749817117776 0.648972602739726 0.3533284564740307 0.648972602739726 0.35296269202633507 0.5525114155251142 0.3544257498171178 0.5502283105022832 0.3544257498171178 0.547945205479452 0.35588880760790054 0.545662100456621 0.35588880760790054 0.5422374429223744 0.35735186539868324 0.5399543378995434 0.35735186539868324 0.5376712328767124 0.3580833942940746 0.5365296803652968 0.3580833942940746 0.5342465753424658 0.358814923189466 0.5331050228310502 0.35954645208485736 0.5308219178082192 0.3602779809802487 0.5285388127853882 0.36100950987564007 0.526255707762557 0.36100950987564007 0.523972602739726 0.3617410387710315 0.5228310502283106 0.36247256766642283 0.5205479452054794 0.3632040965618142 0.5182648401826484 0.36393562545720554 0.5159817351598174 0.36393562545720554 0.5136986301369864 0.36466715435259694 0.5125570776255708 0.3653986832479883 0.5102739726027398 0.36613021214337965 0.5079908675799086 0.36613021214337965 0.5045662100456622 0.3675932699341624 0.502283105022831 0.3675932699341624 0.5 0.3690563277249451 0.4977168949771689 0.3690563277249451 0.4942922374429224 0.3705193855157279 0.4920091324200913 0.3705193855157279 0.4897260273972603 0.3719824433065106 0.4874429223744292 0.3719824433065106 0.4840182648401826 0.37344550109729335 0.4817351598173516 0.37344550109729335 0.4440639269406393 0.4425749817117776 0.4434931506849315 0.4429407461594733 0.6484018264840182 0.4425749817117776 0.648972602739726
0 0.75932699341624 0.7631278538812786 0.6554498902706657 0.7631278538812786 0.65508412582297 0.4440639269406393 0.8653986832479883 0.4434931506849315 0.865764447695684 0.541095890410959 0.797366495976591 0.5416666666666666 0.7929773226042429 0.5496575342465754 0.7918800292611559 0.5502283105022832 0.7915142648134601 0.5519406392694064 0.790416971470373 0.5525114155251142 0.7900512070226774 0.5542237442922374 0.7889539136795903 0.5547945205479452 0.7849305047549379 0.5622146118721462 0.7838332114118508 0.5627853881278538 0.783467446964155 0.5644977168949772 0.782370153621068 0.565068493150685 0.7820043891733723 0.5667808219178082 0.7809070958302853 0.567351598173516 0.7768836869056328 0.5747716894977168 0.7757863935625458 0.5753424657534246 0.77542062911485 0.577054794520548 0.7743233357717629 0.5776255707762558 0.7739575713240673 0.579337899543379 0.7728602779809802 0.5799086757990868 0.7688368690563278 0.5873287671232876 0.7677395757132407 0.5878995433789954 0.7673738112655449 0.5896118721461188 0.766276517922458 0.5901826484018264 0.7659107534747622 0.5918949771689498 0.7648134601316752 0.5924657534246576 0.7607900512070227 0.5998858447488584 0.7596927578639356 0.6004566210045662 0.7596927578639356 0.7625570776255708 0.75932699341624 0.7631278538812786
0 0.9495245062179956 0.5416666666666666 0.8705193855157278 0.5416666666666666 0.8701536210680322 0.4440639269406393 0.9495245062179956 0.4434931506849315 0.9498902706656913 0.541095890410959 0.9495245062179956 0.5416666666666666
0 0.6503291880029262 0.853310502283105 0.4476956839795172 0.853310502283105 0.4473299195318215 0.545662100456621 0.6503291880029262 0.5450913242009132 0.6506949524506218 0.8527397260273972 0.6503291880029262 0.853310502283105
0 0.9495245062179956 0.7631278538812786 0.7644476956839795 0.7631278538812786 0.7640819312362839 0.6038812785388128 0.7995610826627652 0.5485159817351598 0.9495245062179956 0.5485159817351598 0.9498902706656913 0.7625570776255708 0.9495245062179956 0.7631278538812786
0 0.34893928310168254 0.648972602739726 0.2765179224579371 0.648972602739726 0.2761521580102414 0.5570776255707762 0.34893928310168254 0.5565068493150684 0.3493050475493782 0.6484018264840182 0.34893928310168254 0.648972602739726
0 0.4425749817117776 0.853310502283105 0.2765179224579371 0.853310502283105 0.2761521580102414 0.656392694063927 0.4425749817117776 0.6558219178082192 0.4429407461594733 0.8527397260273972 0.4425749817117776 0.853310502283105