0 0.34285714285714286 0.39948892674616693 0.08403361344537816 0.39948892674616693 0.08319327731092437 0.19761499148211242 0.34285714285714286 0.196763202725724 0.34369747899159664 0.3986371379897785 0.34285714285714286 0.39948892674616693
0 0.9142857142857143 0.48807495741056217 0.3546218487394958 0.48807495741056217 0.35378151260504204 0.19761499148211242 0.9142857142857143 0.196763202725724 0.915126050420168 0.48722316865417375 0.9142857142857143 0.48807495741056217
0 0.34285714285714286 0.5187393526405452 0.08403361344537816 0.5187393526405452 0.08319327731092437 0.4088586030664395 0.34285714285714286 0.4080068143100511 0.34369747899159664 0.5178875638841567 0.34285714285714286 0.5187393526405452
0 0.6067226890756302 0.6635434412265758 0.3546218487394958 0.6635434412265758 0.35378151260504204 0.4889267461669506 0.7344537815126051 0.48807495741056217 0.7352941176470589 0.6609880749574105 0.6084033613445378 0.661839863713799 0.6067226890756302 0.6635434412265758
0 0.9142857142857143 0.7402044293015332 0.7428571428571429 0.7402044293015332 0.7420168067226891 0.4957410562180579 0.9142857142857143 0.4948892674616695 0.915126050420168 0.7393526405451448 0.9142857142857143 0.7402044293015332
0 0.34285714285714286 0.7180579216354344 0.226890756302521 0.7180579216354344 0.22605042016806723 0.6541737649063032 0.09243697478991597 0.6533219761499148 0.09159663865546218 0.5281090289608177 0.34285714285714286 0.5272572402044293 0.34369747899159664 0.717206132879046 0.34285714285714286 0.7180579216354344
0 0.4689075630252101 0.8407155025553663 0.3546218487394958 0.8407155025553663 0.35378151260504204 0.6643952299829642 0.6067226890756302 0.6635434412265758 0.6084033613445378 0.661839863713799 0.7344537815126051 0.661839863713799 0.7352941176470589 0.8160136286201022 0.5042016806722689 0.8168654173764907 0.5033613445378151 0.8006814310051107 0.47058823529411764 0.7998296422487223 0.46974789915966386 0.8398637137989778 0.4689075630252101 0.8407155025553663
0 0.21512605042016808 0.7640545144804088 0.08571428571428572 0.7640545144804088 0.08487394957983194 0.6643952299829642 0.21512605042016808 0.6635434412265758 0.21596638655462186 0.7632027257240205 0.21512605042016808 0.7640545144804088
0 0.3411764705882353 0.8407155025553663 0.23361344537815126 0.8407155025553663 0.23277310924369748 0.7257240204429302 0.3411764705882353 0.7248722316865417 0.3420168067226891 0.8398637137989778 0.3411764705882353 0.8407155025553663
0 0.9142857142857143 0.9497444633730835 0.6873949579831933 0.9497444633730835 0.6865546218487395 0.8245315161839863 0.7411764705882353 0.823679727427598 0.7420168067226891 0.747870528109029 0.9142857142857143 0.7470187393526405 0.915126050420168 0.948892674616695 0.9142857142857143 0.9497444633730835
0 0.6789915966386555 0.9497444633730835 0.5159663865546219 0.9497444633730835 0.515126050420168 0.8245315161839863 0.626890756302521 0.823679727427598 0.6277310924369748 0.8500851788756388 0.6789915966386555 0.8509369676320273 0.6798319327731093 0.948892674616695 0.6789915966386555 0.9497444633730835