0 0.7002212389380531 0.5248344370860927 0.6017699115044248 0.5248344370860927 0.6014933628318584 0.3200883002207506 0.7002212389380531 0.3195364238410596 0.7004977876106194 0.5242825607064018 0.7002212389380531 0.5248344370860927
0 0.7488938053097345 0.5248344370860927 0.7029867256637168 0.5248344370860927 0.7027101769911505 0.3200883002207506 0.9518805309734514 0.3195364238410596 0.9521570796460177 0.5231788079470199 0.7494469026548672 0.5237306843267108 0.7488938053097345 0.5248344370860927
0 0.2682522123893805 0.5237306843267108 0.16261061946902655 0.5237306843267108 0.16233407079646017 0.3565121412803532 0.16426991150442477 0.35596026490066224 0.16454646017699115 0.32560706401766004 0.2682522123893805 0.3250551876379691 0.2685287610619469 0.5231788079470199 0.2682522123893805 0.5237306843267108
0 0.4032079646017699 0.6352097130242825 0.3053097345132743 0.6352097130242825 0.305033185840708 0.5242825607064018 0.2721238938053097 0.5237306843267108 0.2718473451327434 0.32560706401766004 0.41095132743362833 0.3250551876379691 0.4112278761061947 0.5231788079470199 0.3467920353982301 0.5237306843267108 0.34651548672566373 0.5298013245033113 0.4032079646017699 0.5303532008830022 0.40348451327433627 0.6346578366445916 0.4032079646017699 0.6352097130242825
0 0.5077433628318584 0.4630242825607064 0.41426991150442477 0.4630242825607064 0.4139933628318584 0.32560706401766004 0.5077433628318584 0.3250551876379691 0.5080199115044248 0.4624724061810154 0.5077433628318584 0.4630242825607064
0 0.1543141592920354 0.5789183222958058 0.05530973451327434 0.5789183222958058 0.05503318584070797 0.3565121412803532 0.1543141592920354 0.35596026490066224 0.15459070796460178 0.5783664459161147 0.1543141592920354 0.5789183222958058
0 0.5077433628318584 0.5910596026490066 0.4303097345132743 0.5910596026490066 0.430033185840708 0.5242825607064018 0.41426991150442477 0.5237306843267108 0.4139933628318584 0.47019867549668876 0.46073008849557523 0.4696467991169978 0.4610066371681416 0.4977924944812362 0.4629424778761062 0.49834437086092714 0.4632190265486726 0.47019867549668876 0.5077433628318584 0.4696467991169978 0.5080199115044248 0.5905077262693157 0.5077433628318584 0.5910596026490066
0 0.8434734513274337 0.7334437086092715 0.7494469026548672 0.7334437086092715 0.7491703539823009 0.6666666666666666 0.7400442477876106 0.6484547461368654 0.7386615044247787 0.6467991169977925 0.7273230088495575 0.6230684326710817 0.6952433628318584 0.6230684326710817 0.6949668141592921 0.5298013245033113 0.7466814159292036 0.5292494481236203 0.7469579646017699 0.5618101545253863 0.7488938053097345 0.5623620309050773 0.7491703539823009 0.5242825607064018 0.8434734513274337 0.5237306843267108 0.84375 0.7328918322295805 0.8434734513274337 0.7334437086092715
0 0.9518805309734514 0.7334437086092715 0.8462389380530974 0.7334437086092715 0.8459623893805309 0.6997792494481236 0.8440265486725663 0.6992273730684326 0.84375 0.5242825607064018 0.9518805309734514 0.5237306843267108 0.9521570796460177 0.7328918322295805 0.9518805309734514 0.7334437086092715
0 0.6924778761061947 0.7334437086092715 0.6017699115044248 0.7334437086092715 0.6014933628318584 0.5298013245033113 0.6924778761061947 0.5292494481236203 0.692754424778761 0.7328918322295805 0.6924778761061947 0.7334437086092715
0 0.3014380530973451 0.727924944812362 0.16482300884955753 0.727924944812362 0.16454646017699115 0.5309050772626932 0.3014380530973451 0.5303532008830022 0.3017146017699115 0.7273730684326711 0.3014380530973451 0.727924944812362
0 0.46957964601769914 0.7213024282560706 0.4098451327433628 0.7213024282560706 0.40956858407079644 0.6357615894039735 0.40707964601769914 0.6352097130242825 0.40680309734513276 0.5761589403973509 0.4258849557522124 0.57560706401766 0.42616150442477874 0.5971302428256071 0.46957964601769914 0.597682119205298 0.46985619469026546 0.7207505518763797 0.46957964601769914 0.7213024282560706
0 0.1543141592920354 0.8758278145695364 0.05530973451327434 0.8758278145695364 0.05503318584070797 0.5971302428256071 0.1543141592920354 0.5965783664459161 0.15459070796460178 0.8752759381898455 0.1543141592920354 0.8758278145695364
0 0.5077433628318584 0.727924944812362 0.476216814159292 0.727924944812362 0.4759402654867257 0.5982339955849889 0.5077433628318584 0.597682119205298 0.5080199115044248 0.7273730684326711 0.5077433628318584 0.727924944812362
0 0.7466814159292036 0.7334437086092715 0.6952433628318584 0.7334437086092715 0.6949668141592921 0.6280353200883002 0.7262168141592921 0.6274834437086093 0.7289823008849557 0.6341059602649006 0.7353429203539823 0.6456953642384106 0.7394911504424779 0.6550772626931567 0.7458517699115044 0.6666666666666666 0.7469579646017699 0.6699779249448123 0.7469579646017699 0.7328918322295805 0.7466814159292036 0.7334437086092715
0 0.4032079646017699 0.727924944812362 0.3053097345132743 0.727924944812362 0.305033185840708 0.6423841059602649 0.4032079646017699 0.641832229580574 0.40348451327433627 0.7273730684326711 0.4032079646017699 0.727924944812362