0 0.14856429463171036 0.21339173967459324 0.05493133583021224 0.21339173967459324 0.054307116104868915 0.1113892365456821 0.14856429463171036 0.11076345431789737 0.1491885143570537 0.2127659574468085 0.14856429463171036 0.21339173967459324
0 0.3383270911360799 0.3260325406758448 0.15730337078651685 0.3260325406758448 0.15667915106117353 0.1113892365456821 0.3383270911360799 0.11076345431789737 0.3389513108614232 0.32540675844806005 0.3383270911360799 0.3260325406758448
0 0.5518102372034956 0.3260325406758448 0.3470661672908864 0.3260325406758448 0.3464419475655431 0.1113892365456821 0.550561797752809 0.11076345431789737 0.5511860174781523 0.2490613266583229 0.552434456928839 0.2503128911138924 0.552434456928839 0.32540675844806005 0.5518102372034956 0.3260325406758448
0 0.5518102372034956 0.24968710888610762 0.5511860174781523 0.1113892365456821 0.552434456928839 0.1113892365456821 0.552434456928839 0.2490613266583229 0.5518102372034956 0.24968710888610762
0 0.8913857677902621 0.2672090112640801 0.5605493133583022 0.2672090112640801 0.5599250936329588 0.1113892365456821 0.717852684144819 0.11076345431789737 0.7184769038701623 0.16145181476846057 0.7253433208489388 0.1620775969962453 0.7259675405742821 0.1113892365456821 0.8913857677902621 0.11076345431789737 0.8920099875156055 0.2665832290362954 0.8913857677902621 0.2672090112640801
0 0.14856429463171036 0.29224030037546933 0.05493133583021224 0.29224030037546933 0.054307116104868915 0.22528160200250313 0.14856429463171036 0.2246558197747184 0.1491885143570537 0.29161451814768463 0.14856429463171036 0.29224030037546933
0 0.704119850187266 0.44868585732165206 0.5605493133583022 0.44868585732165206 0.5599250936329588 0.32665832290362956 0.5530586766541823 0.3260325406758448 0.552434456928839 0.2753441802252816 0.787765293383271 0.27471839799749687 0.7883895131086143 0.36295369211514394 0.7053682896379525 0.36357947434292864 0.7047440699126092 0.44806007509386736 0.704119850187266 0.44868585732165206
0 0.8913857677902621 0.36357947434292864 0.7965043695380774 0.36357947434292864 0.795880149812734 0.2753441802252816 0.8913857677902621 0.27471839799749687 0.8920099875156055 0.36295369211514394 0.8913857677902621 0.36357947434292864
0 0.14856429463171036 0.43617021276595747 0.05493133583021224 0.43617021276595747 0.054307116104868915 0.30287859824780977 0.14856429463171036 0.302252816020025 0.1491885143570537 0.4355444305381727 0.14856429463171036 0.43617021276595747
0 0.5518102372034956 0.5413016270337923 0.264669163545568 0.5413016270337923 0.2640449438202247 0.32665832290362956 0.3383270911360799 0.3260325406758448 0.3389513108614232 0.33291614518147683 0.5518102372034956 0.3335419274092616 0.552434456928839 0.5406758448060075 0.5518102372034956 0.5413016270337923
0 0.25593008739076156 0.4374217772215269 0.15730337078651685 0.4374217772215269 0.15667915106117353 0.3341677096370463 0.25593008739076156 0.3335419274092616 0.2565543071161049 0.43679599499374216 0.25593008739076156 0.4374217772215269
0 0.8913857677902621 0.5413016270337923 0.7128589263420724 0.5413016270337923 0.712234706616729 0.3717146433041302 0.8913857677902621 0.3710888610763454 0.8920099875156055 0.5406758448060075 0.8913857677902621 0.5413016270337923
0 0.25593008739076156 0.5413016270337923 0.05493133583021224 0.5413016270337923 0.054307116104868915 0.44430538172715894 0.25593008739076156 0.44367959949937424 0.2565543071161049 0.5406758448060075 0.25593008739076156 0.5413016270337923
0 0.6292134831460674 0.5413016270337923 0.5605493133583022 0.5413016270337923 0.5599250936329588 0.4568210262828536 0.6292134831460674 0.45619524405506884 0.6298377028714107 0.5406758448060075 0.6292134831460674 0.5413016270337923
0 0.704119850187266 0.5413016270337923 0.6379525593008739 0.5413016270337923 0.6373283395755306 0.4568210262828536 0.704119850187266 0.45619524405506884 0.7047440699126092 0.5406758448060075 0.704119850187266 0.5413016270337923
0 0.5343320848938826 0.9292866082603254 0.43820224719101125 0.9292866082603254 0.43757802746566793 0.8035043804755945 0.49563046192259674 0.8028785982478097 0.49625468164794007 0.7972465581977471 0.43820224719101125 0.7966207759699625 0.43757802746566793 0.6645807259073843 0.5343320848938826 0.6639549436795995 0.5349563046192259 0.9286608260325406 0.5343320848938826 0.9292866082603254
0 0.714107365792759 0.7352941176470589 0.5430711610486891 0.7352941176470589 0.5424469413233458 0.6645807259073843 0.714107365792759 0.6639549436795995 0.7147315855181023 0.7346683354192741 0.714107365792759 0.7352941176470589
0 0.7815230961298377 0.9292866082603254 0.5430711610486891 0.9292866082603254 0.5424469413233458 0.7421777221526908 0.7815230961298377 0.7415519399249061 0.782147315855181 0.9286608260325406 0.7815230961298377 0.9292866082603254