0 0.31237322515212984 0.49827981651376146 0.268762677484787 0.49827981651376146 0.26774847870182555 0.49713302752293576 0.14300202839756593 0.49713302752293576 0.14249492900608518 0.2775229357798165 0.31237322515212984 0.2769495412844037 0.31288032454361053 0.21100917431192662 0.4726166328600406 0.21043577981651376 0.4731237322515213 0.3038990825688073 0.3133874239350913 0.3044724770642202 0.31288032454361053 0.49770642201834864 0.31237322515212984 0.49827981651376146
0 0.7971602434077079 0.4088302752293578 0.7221095334685599 0.4088302752293578 0.7216024340770791 0.2809633027522936 0.7271805273833671 0.28038990825688076 0.7276876267748479 0.21330275229357798 0.7971602434077079 0.21272935779816513 0.7976673427991886 0.40825688073394495 0.7971602434077079 0.4088302752293578
0 0.8843813387423936 0.3044724770642202 0.8062880324543611 0.3044724770642202 0.8057809330628803 0.21559633027522937 0.8843813387423936 0.21502293577981652 0.8848884381338742 0.3038990825688073 0.8843813387423936 0.3044724770642202
0 0.716024340770791 0.4684633027522936 0.5628803245436106 0.4684633027522936 0.5623732251521298 0.2809633027522936 0.716024340770791 0.28038990825688076 0.7165314401622718 0.46788990825688076 0.716024340770791 0.4684633027522936
0 0.4726166328600406 0.49827981651376146 0.3133874239350913 0.49827981651376146 0.31288032454361053 0.30504587155963303 0.4726166328600406 0.3044724770642202 0.4731237322515213 0.49770642201834864 0.4726166328600406 0.49827981651376146
0 0.8864097363083164 0.4088302752293578 0.8032454361054767 0.4088302752293578 0.802738336713996 0.3119266055045872 0.8864097363083164 0.3113532110091743 0.8869168356997972 0.40825688073394495 0.8864097363083164 0.4088302752293578
0 0.7586206896551724 0.635894495412844 0.757606490872211 0.6336009174311926 0.7484787018255578 0.6244266055045872 0.7469574036511156 0.6238532110091743 0.7464503042596349 0.6221330275229358 0.7383367139959433 0.614105504587156 0.736815415821501 0.6135321100917431 0.7342799188640974 0.6095183486238532 0.7271805273833671 0.6026376146788991 0.7256592292089249 0.6020642201834863 0.7231237322515213 0.5980504587155964 0.7216024340770791 0.5974770642201835 0.7216024340770791 0.4151376146788991 0.795131845841785 0.41456422018348627 0.7956389452332657 0.5057339449541285 0.8853955375253549 0.5063073394495413 0.8859026369168357 0.5963302752293578 0.7931034482758621 0.5969036697247706 0.7920892494929006 0.5980504587155964 0.7905679513184585 0.5986238532110092 0.7870182555780934 0.6037844036697247 0.7844827586206896 0.6055045871559633 0.781947261663286 0.6095183486238532 0.7794117647058824 0.6112385321100917 0.7758620689655172 0.6163990825688074 0.7743407707910751 0.6169724770642202 0.77079107505071 0.6221330275229358 0.7692697768762677 0.6227064220183486 0.7657200811359026 0.6278669724770642 0.763184584178499 0.6295871559633027 0.7606490872210954 0.6336009174311926 0.7591277890466531 0.6341743119266054 0.7586206896551724 0.635894495412844
0 0.8701825557809331 0.4994266055045872 0.8012170385395537 0.4994266055045872 0.800709939148073 0.4151376146788991 0.8701825557809331 0.41456422018348627 0.8706896551724138 0.4988532110091743 0.8701825557809331 0.4994266055045872
0 0.716024340770791 0.5946100917431193 0.5628803245436106 0.5946100917431193 0.5623732251521298 0.5298165137614679 0.5750507099391481 0.529243119266055 0.5755578093306288 0.47477064220183485 0.716024340770791 0.474197247706422 0.7165314401622718 0.5940366972477065 0.716024340770791 0.5946100917431193
0 0.33772819472616633 0.760894495412844 0.268762677484787 0.760894495412844 0.2682555780933063 0.4988532110091743 0.37829614604462475 0.49827981651376146 0.3788032454361055 0.5034403669724771 0.4726166328600406 0.5040137614678899 0.4731237322515213 0.5928899082568807 0.33874239350912777 0.5934633027522935 0.3382352941176471 0.7603211009174312 0.33772819472616633 0.760894495412844
0 0.25557809330628806 0.8193807339449541 0.14300202839756593 0.8193807339449541 0.14249492900608518 0.5034403669724771 0.1845841784989858 0.5028669724770642 0.18509127789046653 0.5814220183486238 0.2616632860040568 0.5819954128440367 0.26217038539553755 0.7603211009174312 0.2565922920892495 0.760894495412844 0.25608519269776875 0.8188073394495413 0.25557809330628806 0.8193807339449541
0 0.2616632860040568 0.5762614678899083 0.1896551724137931 0.5762614678899083 0.18914807302231237 0.5034403669724771 0.2616632860040568 0.5028669724770642 0.26217038539553755 0.5756880733944955 0.2616632860040568 0.5762614678899083
0 0.4726166328600406 0.760894495412844 0.3448275862068966 0.760894495412844 0.3443204868154158 0.5997706422018348 0.4726166328600406 0.599197247706422 0.4731237322515213 0.7603211009174312 0.4726166328600406 0.760894495412844
0 0.7545638945233266 0.7620412844036697 0.5628803245436106 0.7620412844036697 0.5623732251521298 0.6009174311926605 0.7170385395537525 0.6003440366972477 0.7231237322515213 0.6072247706422018 0.7352941176470589 0.6198394495412844 0.736815415821501 0.6204128440366973 0.7373225152129818 0.6221330275229358 0.7484787018255578 0.6336009174311926 0.7530425963488844 0.6376146788990825 0.7550709939148073 0.6410550458715596 0.7550709939148073 0.7614678899082569 0.7545638945233266 0.7620412844036697
0 0.8853955375253549 0.7620412844036697 0.7606490872210954 0.7620412844036697 0.7601419878296146 0.643348623853211 0.7794117647058824 0.6215596330275229 0.7829614604462475 0.6163990825688074 0.7844827586206896 0.6158256880733946 0.7890466531440162 0.6095183486238532 0.7905679513184585 0.6089449541284404 0.7941176470588235 0.6037844036697247 0.7961460446247465 0.6026376146788991 0.8853955375253549 0.6026376146788991 0.8859026369168357 0.7614678899082569 0.8853955375253549 0.7620412844036697