0 0.24185068349106204 0.3110091743119266 0.0683491062039958 0.3110091743119266 0.06782334384858044 0.11192660550458716 0.15457413249211358 0.11100917431192661 0.15562565720294427 0.10917431192660551 0.24185068349106204 0.10917431192660551 0.24237644584647738 0.3100917431192661 0.24185068349106204 0.3110091743119266
0 0.4437434279705573 0.39724770642201834 0.2576235541535226 0.39724770642201834 0.25709779179810727 0.11009174311926606 0.4437434279705573 0.10917431192660551 0.4442691903259727 0.3963302752293578 0.4437434279705573 0.39724770642201834
0 0.7707676130389064 0.6064220183486239 0.4490010515247108 0.6064220183486239 0.44847528916929547 0.11009174311926606 0.7634069400630915 0.10917431192660551 0.7639327024185069 0.3669724770642202 0.7707676130389064 0.3678899082568807 0.7712933753943217 0.6055045871559633 0.7707676130389064 0.6064220183486239
0 0.9116719242902208 0.4522935779816514 0.7718191377497371 0.4522935779816514 0.7712933753943217 0.3688073394495413 0.7644584647739222 0.3678899082568807 0.7639327024185069 0.11009174311926606 0.9116719242902208 0.10917431192660551 0.9121976866456362 0.45137614678899085 0.9116719242902208 0.4522935779816514
0 0.24185068349106204 0.9073394495412844 0.05152471083070452 0.9073394495412844 0.05099894847528917 0.3394495412844037 0.24185068349106204 0.3385321100917431 0.24237644584647738 0.44587155963302755 0.17034700315457413 0.44678899082568807 0.16982124079915878 0.5688073394495413 0.24185068349106204 0.5697247706422018 0.24237644584647738 0.9064220183486239 0.24185068349106204 0.9073394495412844
0 0.4437434279705573 0.5642201834862385 0.2576235541535226 0.5642201834862385 0.25709779179810727 0.4036697247706422 0.4437434279705573 0.40275229357798165 0.4442691903259727 0.563302752293578 0.4437434279705573 0.5642201834862385
0 0.9116719242902208 0.591743119266055 0.7760252365930599 0.591743119266055 0.7754994742376445 0.46055045871559636 0.9116719242902208 0.4596330275229358 0.9121976866456362 0.5908256880733945 0.9116719242902208 0.591743119266055
0 0.3512092534174553 0.6926605504587156 0.2576235541535226 0.6926605504587156 0.25709779179810727 0.5706422018348624 0.3470031545741325 0.5697247706422018 0.34752891692954785 0.634862385321101 0.3512092534174553 0.6357798165137615 0.35173501577287064 0.691743119266055 0.3512092534174553 0.6926605504587156
0 0.4437434279705573 0.8743119266055046 0.35541535226077814 0.8743119266055046 0.3548895899053628 0.5706422018348624 0.4437434279705573 0.5697247706422018 0.4442691903259727 0.8733944954128441 0.4437434279705573 0.8743119266055046
0 0.9116719242902208 0.8743119266055046 0.8086225026288117 0.8743119266055046 0.8080967402733964 0.7192660550458716 0.7760252365930599 0.718348623853211 0.7754994742376445 0.6 0.9116719242902208 0.5990825688073395 0.9121976866456362 0.8733944954128441 0.9116719242902208 0.8743119266055046
0 0.8033648790746583 0.8743119266055046 0.6982124079915878 0.8743119266055046 0.6976866456361724 0.6073394495412844 0.7707676130389064 0.6064220183486239 0.7712933753943217 0.7247706422018348 0.8033648790746583 0.7256880733944954 0.8038906414300736 0.8733944954128441 0.8033648790746583 0.8743119266055046
0 0.5247108307045215 0.8743119266055046 0.4490010515247108 0.8743119266055046 0.44847528916929547 0.618348623853211 0.5247108307045215 0.6174311926605505 0.5252365930599369 0.8733944954128441 0.5247108307045215 0.8743119266055046
0 0.6908517350157729 0.8743119266055046 0.5310199789695058 0.8743119266055046 0.5304942166140905 0.618348623853211 0.6908517350157729 0.6174311926605505 0.6913774973711883 0.8733944954128441 0.6908517350157729 0.8743119266055046
0 0.3512092534174553 0.8743119266055046 0.2576235541535226 0.8743119266055046 0.25709779179810727 0.7009174311926606 0.3512092534174553 0.7 0.35173501577287064 0.8733944954128441 0.3512092534174553 0.8743119266055046