0 0.3037825059101655 0.41402714932126694 0.037825059101654845 0.41402714932126694 0.03723404255319149 0.1568627450980392 0.3037825059101655 0.15610859728506787 0.30437352245862886 0.4132730015082956 0.3037825059101655 0.41402714932126694
0 0.44208037825059104 0.2647058823529412 0.408983451536643 0.2647058823529412 0.4083924349881797 0.2609351432880845 0.36879432624113473 0.26018099547511314 0.3682033096926714 0.15987933634992457 0.44208037825059104 0.15912518853695323 0.4426713947990544 0.26395173453996984 0.44208037825059104 0.2647058823529412
0 0.49763593380614657 0.26621417797888386 0.44799054373522457 0.26621417797888386 0.44739952718676124 0.15987933634992457 0.49763593380614657 0.15912518853695323 0.49822695035460995 0.2654600301659125 0.49763593380614657 0.26621417797888386
0 0.6371158392434988 0.41402714932126694 0.557919621749409 0.41402714932126694 0.5573286052009456 0.37858220211161386 0.5035460992907801 0.3778280542986425 0.5029550827423168 0.15987933634992457 0.6371158392434988 0.15912518853695323 0.6377068557919622 0.4132730015082956 0.6371158392434988 0.41402714932126694
0 0.4432624113475177 0.3778280542986425 0.36879432624113473 0.3778280542986425 0.3682033096926714 0.27149321266968324 0.4432624113475177 0.2707390648567119 0.4438534278959811 0.3770739064856712 0.4432624113475177 0.3778280542986425
0 0.49763593380614657 0.3778280542986425 0.44799054373522457 0.3778280542986425 0.44739952718676124 0.27149321266968324 0.49763593380614657 0.2707390648567119 0.49822695035460995 0.3770739064856712 0.49763593380614657 0.3778280542986425
0 0.6371158392434988 0.5211161387631976 0.36879432624113473 0.5211161387631976 0.3682033096926714 0.38461538461538464 0.5520094562647754 0.3838612368024133 0.5526004728132388 0.4193061840120664 0.6371158392434988 0.4200603318250377 0.6377068557919622 0.5203619909502263 0.6371158392434988 0.5211161387631976
0 0.3037825059101655 0.6266968325791855 0.1702127659574468 0.6266968325791855 0.16962174940898345 0.5686274509803921 0.17375886524822695 0.5678733031674208 0.1743498817966903 0.41478129713423834 0.3037825059101655 0.41402714932126694 0.30437352245862886 0.5188536953242836 0.2281323877068558 0.5196078431372549 0.22754137115839243 0.5233785822021116 0.3037825059101655 0.524132730015083 0.30437352245862886 0.6259426847662142 0.3037825059101655 0.6266968325791855
0 0.1690307328605201 0.5165912518853696 0.037825059101654845 0.5165912518853696 0.03723404255319149 0.4193061840120664 0.1690307328605201 0.41855203619909503 0.16962174940898345 0.5158371040723982 0.1690307328605201 0.5165912518853696
0 0.1690307328605201 0.7081447963800905 0.037825059101654845 0.7081447963800905 0.03723404255319149 0.5233785822021116 0.1690307328605201 0.5226244343891403 0.16962174940898345 0.7073906485671192 0.1690307328605201 0.7081447963800905
0 0.49763593380614657 0.7126696832579186 0.36879432624113473 0.7126696832579186 0.3682033096926714 0.5610859728506787 0.3817966903073286 0.5603318250377074 0.382387706855792 0.5279034690799397 0.44680851063829785 0.5271493212669683 0.44739952718676124 0.5595776772247361 0.4491725768321513 0.5603318250377074 0.44976359338061467 0.5279034690799397 0.49763593380614657 0.5271493212669683 0.49822695035460995 0.7119155354449472 0.49763593380614657 0.7126696832579186
0 0.6371158392434988 0.7126696832579186 0.5023640661938534 0.7126696832579186 0.50177304964539 0.5279034690799397 0.5650118203309693 0.5271493212669683 0.5656028368794326 0.5610859728506787 0.5673758865248227 0.5618401206636501 0.567966903073286 0.5279034690799397 0.6371158392434988 0.5271493212669683 0.6377068557919622 0.7119155354449472 0.6371158392434988 0.7126696832579186
0 0.2375886524822695 0.7081447963800905 0.17494089834515367 0.7081447963800905 0.1743498817966903 0.6334841628959276 0.2375886524822695 0.6327300150829562 0.23817966903073287 0.7073906485671192 0.2375886524822695 0.7081447963800905
0 0.3037825059101655 0.7081447963800905 0.24349881796690306 0.7081447963800905 0.2429078014184397 0.6334841628959276 0.3037825059101655 0.6327300150829562 0.30437352245862886 0.7073906485671192 0.3037825059101655 0.7081447963800905
0 0.29432624113475175 0.9313725490196079 0.17966903073286053 0.9313725490196079 0.17907801418439717 0.8310708898944194 0.29432624113475175 0.830316742081448 0.29491725768321514 0.9306184012066365 0.29432624113475175 0.9313725490196079