0 0.2749279538904899 0.32168409466153 0.02881844380403458 0.32168409466153 0.02867435158501441 0.03742432581177765 0.2749279538904899 0.037149146945514584 0.2750720461095101 0.3214089157952669 0.2749279538904899 0.32168409466153
0 0.3420749279538905 0.32168409466153 0.2792507204610951 0.32168409466153 0.27910662824207494 0.03742432581177765 0.3420749279538905 0.037149146945514584 0.34221902017291067 0.3214089157952669 0.3420749279538905 0.32168409466153
0 0.49769452449567725 0.32993946064942214 0.3463976945244957 0.32993946064942214 0.3462536023054755 0.03742432581177765 0.49769452449567725 0.037149146945514584 0.4978386167146974 0.32966428178315904 0.49769452449567725 0.32993946064942214
0 0.7423631123919309 0.4361585030269675 0.34697406340057635 0.4361585030269675 0.3468299711815562 0.3302146395156852 0.49769452449567725 0.32993946064942214 0.4978386167146974 0.03742432581177765 0.7423631123919309 0.037149146945514584 0.742507204610951 0.43588332416070447 0.7423631123919309 0.4361585030269675
0 0.19740634005763688 0.45321959273527795 0.1037463976945245 0.45321959273527795 0.10360230547550432 0.3302146395156852 0.19740634005763688 0.32993946064942214 0.19755043227665706 0.45294441386901485 0.19740634005763688 0.45321959273527795
0 0.2544668587896254 0.45321959273527795 0.2020172910662824 0.45321959273527795 0.20187319884726224 0.3302146395156852 0.2544668587896254 0.32993946064942214 0.25461095100864556 0.45294441386901485 0.2544668587896254 0.45321959273527795
0 0.3420749279538905 0.7614199229499174 0.2590778097982709 0.7614199229499174 0.2589337175792507 0.3302146395156852 0.346685878962536 0.32993946064942214 0.3468299711815562 0.43588332416070447 0.34236311239193085 0.4361585030269675 0.34221902017291067 0.7611447440836544 0.3420749279538905 0.7614199229499174
0 0.4250720461095101 0.7614199229499174 0.3463976945244957 0.7614199229499174 0.3462536023054755 0.44468904788112273 0.4250720461095101 0.4444138690148597 0.4252161383285303 0.7611447440836544 0.4250720461095101 0.7614199229499174
0 0.5884726224783862 0.7614199229499174 0.42939481268011526 0.7614199229499174 0.4292507204610951 0.44468904788112273 0.5884726224783862 0.4444138690148597 0.5886167146974063 0.7611447440836544 0.5884726224783862 0.7614199229499174
0 0.690778097982709 0.6051183269124931 0.5930835734870317 0.6051183269124931 0.5929394812680115 0.44468904788112273 0.690778097982709 0.4444138690148597 0.6909221902017291 0.6048431480462301 0.690778097982709 0.6051183269124931
0 0.8244956772334294 0.7614199229499174 0.6951008645533141 0.7614199229499174 0.694956772334294 0.44468904788112273 0.8244956772334294 0.4444138690148597 0.8246397694524495 0.7611447440836544 0.8244956772334294 0.7614199229499174
0 0.2544668587896254 0.7614199229499174 0.1037463976945245 0.7614199229499174 0.10360230547550432 0.46119977985690697 0.2544668587896254 0.4609246009906439 0.25461095100864556 0.7611447440836544 0.2544668587896254 0.7614199229499174
0 0.690778097982709 0.7614199229499174 0.5930835734870317 0.7614199229499174 0.5929394812680115 0.6130985140341222 0.690778097982709 0.6128233351678591 0.6909221902017291 0.7611447440836544 0.690778097982709 0.7614199229499174