0 0.289426523297491 0.2504159733777038 0.0967741935483871 0.2504159733777038 0.09632616487455196 0.04991680532445923 0.289426523297491 0.04908485856905158 0.28987455197132617 0.24958402662229617 0.289426523297491 0.2504159733777038
0 0.9327956989247311 0.4301164725457571 0.7553763440860215 0.4301164725457571 0.7549283154121864 0.13976705490848584 0.7531362007168458 0.13810316139767054 0.7553763440860215 0.13560732113144758 0.7562724014336918 0.13727121464226288 0.9327956989247311 0.13727121464226288 0.9332437275985663 0.4292845257903494 0.9327956989247311 0.4301164725457571
0 0.44175627240143367 0.4168053244592346 0.300179211469534 0.4168053244592346 0.29973118279569894 0.14143094841930118 0.4874551971326165 0.1405990016638935 0.4879032258064516 0.35108153078202997 0.48566308243727596 0.35357737104825293 0.48118279569892475 0.36023294509151416 0.47580645161290325 0.3685524126455907 0.4722222222222222 0.3735440931780366 0.46774193548387094 0.38019966722129783 0.4632616487455197 0.38685524126455906 0.4596774193548387 0.391846921797005 0.45698924731182794 0.3951747088186356 0.4507168458781362 0.4051580698835274 0.44713261648745517 0.4101497504159734 0.4444444444444444 0.413477537437604 0.44175627240143367 0.4168053244592346
0 0.7517921146953405 0.4750415973377704 0.5385304659498208 0.4750415973377704 0.5380824372759857 0.4242928452579035 0.44623655913978494 0.42346089850249585 0.44713261648745517 0.42013311148086524 0.4484767025089606 0.4193011647254576 0.4489247311827957 0.4168053244592346 0.45340501792114696 0.4101497504159734 0.4560931899641577 0.4068219633943428 0.4596774193548387 0.4018302828618968 0.46102150537634407 0.40099833610648916 0.4614695340501792 0.3985024958402662 0.4659498207885305 0.391846921797005 0.46863799283154123 0.38851913477537436 0.4722222222222222 0.38352745424292845 0.4735663082437276 0.3826955074875208 0.47401433691756273 0.38019966722129783 0.4767025089605735 0.3768718801996672 0.48118279569892475 0.370216306156406 0.48476702508960573 0.3652246256239601 0.489247311827957 0.35856905158069885 0.4914874551971326 0.3560732113144759 0.4914874551971326 0.14143094841930118 0.7517921146953405 0.1405990016638935 0.7522401433691757 0.47420965058236275 0.7517921146953405 0.4750415973377704
0 0.28763440860215056 0.7412645590682196 0.08960573476702509 0.7412645590682196 0.08915770609318996 0.26788685524126454 0.28763440860215056 0.2670549084858569 0.28808243727598565 0.740432612312812 0.28763440860215056 0.7412645590682196
0 0.5376344086021505 0.7262895174708819 0.4444444444444444 0.7262895174708819 0.44399641577060933 0.4242928452579035 0.5376344086021505 0.42346089850249585 0.5380824372759857 0.7254575707154742 0.5376344086021505 0.7262895174708819
0 0.36917562724014336 0.5415973377703827 0.300179211469534 0.5415973377703827 0.29973118279569894 0.4259567387687188 0.36917562724014336 0.42512479201331116 0.3696236559139785 0.540765391014975 0.36917562724014336 0.5415973377703827
0 0.4390681003584229 0.5415973377703827 0.3736559139784946 0.5415973377703827 0.3732078853046595 0.4259567387687188 0.4390681003584229 0.42512479201331116 0.43951612903225806 0.540765391014975 0.4390681003584229 0.5415973377703827
0 0.8351254480286738 0.5881863560732113 0.764336917562724 0.5881863560732113 0.7638888888888888 0.49584026622296173 0.7706093189964157 0.4950083194675541 0.7710573476702509 0.43926788685524126 0.8405017921146953 0.4384359400998336 0.8409498207885304 0.5041597337770383 0.8400537634408602 0.5058236272878536 0.8400537634408602 0.5091514143094842 0.8360215053763441 0.5099833610648918 0.8355734767025089 0.5873544093178037 0.8351254480286738 0.5881863560732113
0 0.9238351254480287 0.6480865224625624 0.8458781362007168 0.6480865224625624 0.8454301075268817 0.43926788685524126 0.9238351254480287 0.4384359400998336 0.9242831541218638 0.6472545757071547 0.9238351254480287 0.6480865224625624
0 0.7096774193548387 0.8627287853577371 0.5421146953405018 0.8627287853577371 0.5416666666666666 0.6206322795341098 0.5385304659498208 0.6198003327787022 0.5380824372759857 0.47587354409317806 0.7517921146953405 0.4750415973377704 0.7522401433691757 0.49584026622296173 0.7043010752688172 0.4966722129783694 0.703853046594982 0.5058236272878536 0.7517921146953405 0.5066555740432612 0.7522401433691757 0.8086522462562395 0.7329749103942652 0.8094841930116472 0.7307347670250897 0.8136439267886856 0.7289426523297491 0.8186356073211315 0.728494623655914 0.8211314475873545 0.7271505376344086 0.8219633943427621 0.7235663082437276 0.8302828618968386 0.7217741935483871 0.8352745424292846 0.7155017921146953 0.848585690515807 0.7137096774193549 0.8535773710482529 0.7096774193548387 0.8627287853577371
0 0.4390681003584229 0.8094841930116472 0.300179211469534 0.8094841930116472 0.29973118279569894 0.5507487520798668 0.4390681003584229 0.5499168053244592 0.43951612903225806 0.8086522462562395 0.4390681003584229 0.8094841930116472
0 0.9292114695340502 0.8094841930116472 0.7562724014336918 0.8094841930116472 0.7558243727598566 0.670549084858569 0.7589605734767025 0.6697171381031614 0.7594086021505376 0.6056572379367721 0.839605734767025 0.6048252911813644 0.8400537634408602 0.6589018302828619 0.9238351254480287 0.6597337770382695 0.9242831541218638 0.6722129783693843 0.9251792114695341 0.6738768718801996 0.9251792114695341 0.697171381031614 0.9260752688172043 0.6988352745424293 0.9260752688172043 0.7221297836938436 0.9269713261648745 0.7237936772046589 0.9269713261648745 0.7470881863560732 0.9278673835125448 0.7487520798668885 0.9278673835125448 0.7720465890183028 0.928763440860215 0.7737104825291181 0.928763440860215 0.7953410981697171 0.9296594982078853 0.7970049916805324 0.9296594982078853 0.8086522462562395 0.9292114695340502 0.8094841930116472
0 0.5376344086021505 0.8094841930116472 0.4444444444444444 0.8094841930116472 0.44399641577060933 0.7354409317803661 0.5376344086021505 0.7346089850249584 0.5380824372759857 0.8086522462562395 0.5376344086021505 0.8094841930116472