0 0.3862876254180602 0.4362980769230769 0.3110367892976589 0.4362980769230769 0.3102006688963211 0.37259615384615385 0.30434782608695654 0.3713942307692308 0.30351170568561875 0.43509615384615385 0.2040133779264214 0.4362980769230769 0.20317725752508362 0.23798076923076922 0.20150501672240803 0.23557692307692307 0.20150501672240803 0.10576923076923077 0.3862876254180602 0.1045673076923077 0.387123745819398 0.43509615384615385 0.3862876254180602 0.4362980769230769
0 0.5334448160535117 0.4362980769230769 0.47157190635451507 0.4362980769230769 0.4707357859531773 0.37259615384615385 0.46488294314381273 0.3713942307692308 0.46404682274247494 0.43509615384615385 0.39297658862876256 0.4362980769230769 0.39214046822742477 0.10576923076923077 0.5334448160535117 0.1045673076923077 0.5342809364548495 0.43509615384615385 0.5334448160535117 0.4362980769230769
0 0.7625418060200669 0.44350961538461536 0.540133779264214 0.44350961538461536 0.5392976588628763 0.10576923076923077 0.7625418060200669 0.1045673076923077 0.7633779264214047 0.4423076923076923 0.7625418060200669 0.44350961538461536
0 0.3093645484949833 0.4362980769230769 0.30434782608695654 0.4362980769230769 0.30351170568561875 0.37259615384615385 0.3093645484949833 0.3713942307692308 0.3102006688963211 0.43509615384615385 0.3093645484949833 0.4362980769230769
0 0.4698996655518395 0.4362980769230769 0.46488294314381273 0.4362980769230769 0.46404682274247494 0.37259615384615385 0.4698996655518395 0.3713942307692308 0.4707357859531773 0.43509615384615385 0.4698996655518395 0.4362980769230769
0 0.1956521739130435 0.8617788461538461 0.0802675585284281 0.8617788461538461 0.0794314381270903 0.8509615384615384 0.07775919732441472 0.8485576923076923 0.07775919732441472 0.8173076923076923 0.07608695652173914 0.8149038461538461 0.07608695652173914 0.7956730769230769 0.07441471571906355 0.7932692307692307 0.07441471571906355 0.7620192307692307 0.07274247491638795 0.7596153846153846 0.07274247491638795 0.7259615384615384 0.07107023411371237 0.7235576923076923 0.07107023411371237 0.7043269230769231 0.06939799331103678 0.7019230769230769 0.06939799331103678 0.6706730769230769 0.0677257525083612 0.6682692307692307 0.0677257525083612 0.6370192307692307 0.06605351170568562 0.6346153846153846 0.06605351170568562 0.625 0.07859531772575251 0.6237980769230769 0.0802675585284281 0.6213942307692307 0.08528428093645485 0.6213942307692307 0.08612040133779264 0.6129807692307693 0.07357859531772576 0.6117788461538461 0.07190635451505016 0.6141826923076923 0.06521739130434782 0.6141826923076923 0.06438127090301003 0.5817307692307693 0.06270903010033445 0.5793269230769231 0.06270903010033445 0.5600961538461539 0.061036789297658864 0.5576923076923077 0.061036789297658864 0.5288461538461539 0.05936454849498328 0.5264423076923077 0.05936454849498328 0.5168269230769231 0.07190635451505016 0.515625 0.07357859531772576 0.5132211538461539 0.07859531772575251 0.5132211538461539 0.0794314381270903 0.4831730769230769 0.07775919732441472 0.4807692307692308 0.07775919732441472 0.46153846153846156 0.09531772575250837 0.46033653846153844 0.09698996655518395 0.4579326923076923 0.10869565217391304 0.4579326923076923 0.11036789297658862 0.45552884615384615 0.12709030100334448 0.45552884615384615 0.12876254180602006 0.453125 0.14046822742474915 0.453125 0.14214046822742474 0.45072115384615385 0.1588628762541806 0.45072115384615385 0.1605351170568562 0.4483173076923077 0.17725752508361203 0.4483173076923077 0.17892976588628762 0.44591346153846156 0.19063545150501673 0.44591346153846156 0.19230769230769232 0.44350961538461536 0.4013377926421405 0.44350961538461536 0.40217391304347827 0.5576923076923077 0.15217391304347827 0.5588942307692307 0.15133779264214048 0.7163461538461539 0.1956521739130435 0.7175480769230769 0.19648829431438128 0.8605769230769231 0.1956521739130435 0.8617788461538461
0 0.7625418060200669 0.8569711538461539 0.580267558528428 0.8569711538461539 0.5794314381270903 0.5600961538461539 0.40301003344481606 0.5588942307692307 0.40217391304347827 0.44471153846153844 0.7625418060200669 0.44350961538461536 0.7633779264214047 0.8557692307692307 0.7625418060200669 0.8569711538461539
0 0.5785953177257525 0.8569711538461539 0.40301003344481606 0.8569711538461539 0.40217391304347827 0.5697115384615384 0.43812709030100333 0.5685096153846154 0.4389632107023411 0.5600961538461539 0.5785953177257525 0.5588942307692307 0.5794314381270903 0.8557692307692307 0.5785953177257525 0.8569711538461539
0 0.2157190635451505 0.7079326923076923 0.1605351170568562 0.7079326923076923 0.1596989966555184 0.5697115384615384 0.2157190635451505 0.5685096153846154 0.2165551839464883 0.7067307692307693 0.2157190635451505 0.7079326923076923
0 0.39297658862876256 0.8569711538461539 0.2993311036789298 0.8569711538461539 0.298494983277592 0.7091346153846154 0.225752508361204 0.7079326923076923 0.2249163879598662 0.5697115384615384 0.39297658862876256 0.5685096153846154 0.39381270903010035 0.8557692307692307 0.39297658862876256 0.8569711538461539
0 0.29264214046822745 0.8569711538461539 0.205685618729097 0.8569711538461539 0.2048494983277592 0.7235576923076923 0.29264214046822745 0.7223557692307693 0.29347826086956524 0.8557692307692307 0.29264214046822745 0.8569711538461539