0 0.21018418201516792 0.31137048192771083 0.04225352112676056 0.31137048192771083 0.04171180931744312 0.1272590361445783 0.21018418201516792 0.12688253012048192 0.21072589382448537 0.31099397590361444 0.21018418201516792 0.31137048192771083
0 0.38244853737811485 0.31137048192771083 0.218851570964247 0.31137048192771083 0.21830985915492956 0.1272590361445783 0.38244853737811485 0.12688253012048192 0.3829902491874323 0.31099397590361444 0.38244853737811485 0.31137048192771083
0 0.6923076923076923 0.3723644578313253 0.437703141928494 0.3723644578313253 0.4371614301191766 0.3170180722891566 0.39111592632719394 0.31664156626506024 0.3905742145178765 0.1272590361445783 0.6923076923076923 0.12688253012048192 0.6928494041170098 0.37198795180722893 0.6923076923076923 0.3723644578313253
0 0.962080173347779 0.2707078313253012 0.7009750812567714 0.2707078313253012 0.7004333694474539 0.1272590361445783 0.962080173347779 0.12688253012048192 0.9626218851570965 0.2703313253012048 0.962080173347779 0.2707078313253012
0 0.8136511375947996 0.32191265060240964 0.7009750812567714 0.32191265060240964 0.7004333694474539 0.276355421686747 0.8136511375947996 0.2759789156626506 0.814192849404117 0.32153614457831325 0.8136511375947996 0.32191265060240964
0 0.9566630552546046 0.4190512048192771 0.8223185265438786 0.4190512048192771 0.8217768147345612 0.31626506024096385 0.8450704225352113 0.31588855421686746 0.8456121343445288 0.3102409638554217 0.8223185265438786 0.3098644578313253 0.8217768147345612 0.276355421686747 0.9566630552546046 0.2759789156626506 0.957204767063922 0.30948795180722893 0.8959913326110509 0.3098644578313253 0.8954496208017335 0.31551204819277107 0.9566630552546046 0.31588855421686746 0.957204767063922 0.4186746987951807 0.9566630552546046 0.4190512048192771
0 0.14301191765980498 0.3723644578313253 0.04225352112676056 0.3723644578313253 0.04171180931744312 0.3170180722891566 0.14301191765980498 0.31664156626506024 0.14355362946912242 0.37198795180722893 0.14301191765980498 0.3723644578313253
0 0.43661971830985913 0.45971385542168675 0.28169014084507044 0.45971385542168675 0.281148429035753 0.37801204819277107 0.3196099674972914 0.3776355421686747 0.32015167930660887 0.3727409638554217 0.15059588299024917 0.3723644578313253 0.15005417118093176 0.3170180722891566 0.43661971830985913 0.31664156626506024 0.4371614301191766 0.45933734939759036 0.43661971830985913 0.45971385542168675
0 0.8104008667388949 0.41603915662650603 0.7074756229685807 0.41603915662650603 0.7069339111592633 0.3313253012048193 0.8104008667388949 0.3309487951807229 0.8109425785482124 0.41566265060240964 0.8104008667388949 0.41603915662650603
0 0.6912242686890574 0.5523343373493976 0.4442036836403034 0.5523343373493976 0.44366197183098594 0.37801204819277107 0.48212351029252437 0.3776355421686747 0.4826652221018418 0.3727409638554217 0.6923076923076923 0.3723644578313253 0.6928494041170098 0.4879518072289157 0.6917659804983749 0.48870481927710846 0.6917659804983749 0.5519578313253012 0.6912242686890574 0.5523343373493976
0 0.23510292524377033 0.5259789156626506 0.04225352112676056 0.5259789156626506 0.04171180931744312 0.37801204819277107 0.27410617551462624 0.3776355421686747 0.2746478873239437 0.45933734939759036 0.2361863488624052 0.45971385542168675 0.23564463705308775 0.5256024096385542 0.23510292524377033 0.5259789156626506
0 0.962080173347779 0.5274849397590361 0.7009750812567714 0.5274849397590361 0.7004333694474539 0.4246987951807229 0.962080173347779 0.4243222891566265 0.9626218851570965 0.5271084337349398 0.962080173347779 0.5274849397590361
0 0.31852654387865653 0.5259789156626506 0.2437703141928494 0.5259789156626506 0.24322860238353197 0.46460843373493976 0.31852654387865653 0.4642319277108434 0.319068255687974 0.5256024096385542 0.31852654387865653 0.5259789156626506
0 0.43661971830985913 0.5259789156626506 0.3261105092091008 0.5259789156626506 0.32556879739978334 0.46460843373493976 0.43661971830985913 0.4642319277108434 0.4371614301191766 0.5256024096385542 0.43661971830985913 0.5259789156626506
0 0.6923076923076923 0.5523343373493976 0.6917659804983749 0.48870481927710846 0.6928494041170098 0.48870481927710846 0.6928494041170098 0.5519578313253012 0.6923076923076923 0.5523343373493976
0 0.40411700975081255 0.9672439759036144 0.05850487540628386 0.9672439759036144 0.05796316359696641 0.6890060240963856 0.40411700975081255 0.6886295180722891 0.40465872156013 0.9668674698795181 0.40411700975081255 0.9672439759036144
0 0.8645720476706392 0.9619728915662651 0.42145178764897073 0.9619728915662651 0.4209100758396533 0.6950301204819277 0.8645720476706392 0.6946536144578314 0.8651137594799566 0.9615963855421686 0.8645720476706392 0.9619728915662651