0 0.9541899441340782 0.3101933216168717 0.8078212290502793 0.3101933216168717 0.8072625698324022 0.08084358523725835 0.9541899441340782 0.07996485061511424 0.9547486033519553 0.3093145869947276 0.9541899441340782 0.3101933216168717
0 0.19329608938547485 0.38224956063268895 0.09497206703910614 0.38224956063268895 0.09441340782122905 0.2671353251318102 0.09553072625698324 0.26537785588752194 0.09553072625698324 0.15114235500878734 0.23798882681564246 0.15026362038664323 0.23854748603351955 0.36379613356766255 0.2011173184357542 0.36467486818980666 0.2005586592178771 0.3427065026362039 0.19441340782122904 0.34182776801405973 0.19385474860335195 0.38137082601054484 0.19329608938547485 0.38224956063268895
0 0.3877094972067039 0.38224956063268895 0.2860335195530726 0.38224956063268895 0.28547486033519553 0.3427065026362039 0.28156424581005585 0.34182776801405973 0.2810055865921788 0.36379613356766255 0.2435754189944134 0.36467486818980666 0.2430167597765363 0.15114235500878734 0.3877094972067039 0.15026362038664323 0.388268156424581 0.38137082601054484 0.3877094972067039 0.38224956063268895
0 0.49385474860335193 0.44200351493848855 0.39329608938547483 0.44200351493848855 0.39273743016759777 0.15114235500878734 0.6223463687150838 0.15026362038664323 0.6229050279329609 0.43936731107205623 0.4949720670391061 0.44024604569420034 0.49385474860335193 0.44200351493848855
0 0.7195530726256983 0.44024604569420034 0.6290502793296089 0.44024604569420034 0.6284916201117319 0.23198594024604569 0.7273743016759776 0.23110720562390158 0.7279329608938547 0.3339191564147627 0.7206703910614525 0.3347978910369069 0.7201117318435755 0.43936731107205623 0.7195530726256983 0.44024604569420034
0 0.794413407821229 0.44024604569420034 0.7251396648044692 0.44024604569420034 0.7245810055865922 0.3427065026362039 0.7318435754189944 0.34182776801405973 0.7324022346368715 0.23198594024604569 0.794413407821229 0.23110720562390158 0.7949720670391062 0.43936731107205623 0.794413407821229 0.44024604569420034
0 0.9664804469273743 0.695079086115993 0.8078212290502793 0.695079086115993 0.8072625698324022 0.3268892794376098 0.9664804469273743 0.3260105448154657 0.9670391061452513 0.6942003514938488 0.9664804469273743 0.695079086115993
0 0.49273743016759775 0.6265377855887522 0.3418994413407821 0.6265377855887522 0.34134078212290503 0.5026362038664324 0.3664804469273743 0.5017574692442882 0.36703910614525137 0.4938488576449912 0.2011173184357542 0.4929701230228471 0.2005586592178771 0.37258347978910367 0.28044692737430166 0.37170474516695956 0.2810055865921788 0.3884007029876977 0.39217877094972065 0.38927943760984185 0.39273743016759777 0.44112478031634444 0.49385474860335193 0.44200351493848855 0.49441340782122906 0.562390158172232 0.49329608938547487 0.5641476274165202 0.49329608938547487 0.6256590509666081 0.49273743016759775 0.6265377855887522
0 0.19329608938547485 0.5070298769771528 0.09497206703910614 0.5070298769771528 0.09441340782122905 0.39015817223198596 0.19329608938547485 0.38927943760984185 0.19385474860335195 0.5061511423550088 0.19329608938547485 0.5070298769771528
0 0.6972067039106146 0.7513181019332161 0.4983240223463687 0.7513181019332161 0.4977653631284916 0.5641476274165202 0.4949720670391061 0.5632688927943761 0.49441340782122906 0.4903339191564148 0.4994413407821229 0.48945518453427067 0.5 0.44815465729349735 0.6972067039106146 0.44727592267135324 0.6977653631284916 0.7504393673110721 0.6972067039106146 0.7513181019332161
0 0.794413407821229 0.7513181019332161 0.7039106145251397 0.7513181019332161 0.7033519553072626 0.5061511423550088 0.7162011173184357 0.5052724077328646 0.7167597765363128 0.44815465729349735 0.794413407821229 0.44727592267135324 0.7949720670391062 0.7504393673110721 0.794413407821229 0.7513181019332161
0 0.36089385474860336 0.7513181019332161 0.19329608938547485 0.7513181019332161 0.19273743016759776 0.5413005272407733 0.2 0.5404217926186292 0.2005586592178771 0.5026362038664324 0.33631284916201115 0.5017574692442882 0.3368715083798883 0.632688927943761 0.36089385474860336 0.6335676625659051 0.3614525139664804 0.7504393673110721 0.36089385474860336 0.7513181019332161
0 0.18659217877094972 0.624780316344464 0.09497206703910614 0.624780316344464 0.09441340782122905 0.5149384885764499 0.18659217877094972 0.5140597539543058 0.1871508379888268 0.6239015817223199 0.18659217877094972 0.624780316344464
0 0.18659217877094972 0.7513181019332161 0.09497206703910614 0.7513181019332161 0.09441340782122905 0.632688927943761 0.18659217877094972 0.6318101933216169 0.1871508379888268 0.7504393673110721 0.18659217877094972 0.7513181019332161
0 0.4324022346368715 0.7513181019332161 0.3664804469273743 0.7513181019332161 0.3659217877094972 0.6344463971880492 0.4324022346368715 0.6335676625659051 0.4329608938547486 0.7504393673110721 0.4324022346368715 0.7513181019332161
0 0.49273743016759775 0.7513181019332161 0.43798882681564244 0.7513181019332161 0.4374301675977654 0.6344463971880492 0.49273743016759775 0.6335676625659051 0.49329608938547487 0.7504393673110721 0.49273743016759775 0.7513181019332161