0 0.5365853658536586 0.5825335892514395 0.5358680057388809 0.5547024952015355 0.34576757532281205 0.553742802303263 0.3450502152080344 0.5489443378119002 0.296987087517934 0.5479846449136276 0.2962697274031564 0.4836852207293666 0.2926829268292683 0.48272552783109407 0.2919655667144907 0.12859884836852206 0.5365853658536586 0.1276391554702495 0.5373027259684362 0.581573896353167 0.5365853658536586 0.5825335892514395
0 0.7144906743185079 0.45393474088291746 0.5423242467718795 0.45393474088291746 0.5416068866571019 0.2092130518234165 0.7144906743185079 0.20825335892514396 0.7152080344332855 0.45297504798464494 0.7144906743185079 0.45393474088291746
0 0.8895265423242468 0.45393474088291746 0.7202295552367288 0.45393474088291746 0.7195121951219512 0.2092130518234165 0.8895265423242468 0.20825335892514396 0.8902439024390244 0.45297504798464494 0.8895265423242468 0.45393474088291746
0 0.28694404591104733 0.4904030710172745 0.08895265423242468 0.4904030710172745 0.08823529411764706 0.21305182341650672 0.28694404591104733 0.21209213051823417 0.28766140602582496 0.4894433781190019 0.28694404591104733 0.4904030710172745
0 0.6585365853658537 0.6880998080614203 0.539454806312769 0.6880998080614203 0.5387374461979914 0.5834932821497121 0.5373027259684362 0.581573896353167 0.5373027259684362 0.46065259117082535 0.7819225251076041 0.4596928982725528 0.7826398852223816 0.5547024952015355 0.7044476327116213 0.555662188099808 0.6592539454806313 0.6161228406909789 0.6592539454806313 0.6871401151631478 0.6585365853658537 0.6880998080614203
0 0.8895265423242468 0.555662188099808 0.787661406025825 0.555662188099808 0.7869440459110474 0.46065259117082535 0.8895265423242468 0.4596928982725528 0.8902439024390244 0.5547024952015355 0.8895265423242468 0.555662188099808
0 0.18794835007173602 0.7207293666026872 0.09612625538020086 0.7207293666026872 0.09540889526542325 0.4971209213051823 0.18794835007173602 0.4961612284069098 0.18866571018651362 0.7197696737044146 0.18794835007173602 0.7207293666026872
0 0.28694404591104733 0.572936660268714 0.19368723098995697 0.572936660268714 0.19296987087517933 0.4971209213051823 0.28694404591104733 0.4961612284069098 0.28766140602582496 0.5719769673704415 0.28694404591104733 0.572936660268714
0 0.533715925394548 0.8992322456813819 0.2926829268292683 0.8992322456813819 0.2919655667144907 0.5604606525911708 0.43615494978479197 0.5595009596928983 0.4368723098995696 0.5547024952015355 0.5351506456241033 0.553742802303263 0.5358680057388809 0.581573896353167 0.5344332855093257 0.5834932821497121 0.5344332855093257 0.8982725527831094 0.533715925394548 0.8992322456813819
0 0.8895265423242468 0.8071017274472169 0.6642754662840746 0.8071017274472169 0.663558106169297 0.6180422264875239 0.6664275466284074 0.6161228406909789 0.667144906743185 0.6132437619961613 0.669296987087518 0.6122840690978887 0.6700143472022956 0.6094049904030711 0.6721664275466284 0.6084452975047985 0.672883787661406 0.6055662188099808 0.6750358680057389 0.6046065259117083 0.6757532281205165 0.6017274472168906 0.6779053084648493 0.6007677543186181 0.6786226685796269 0.5978886756238004 0.6807747489239598 0.5969289827255279 0.6814921090387375 0.5940499040307101 0.6836441893830703 0.5930902111324377 0.6843615494978479 0.5902111324376199 0.6865136298421808 0.5892514395393474 0.6872309899569584 0.5863723608445297 0.6893830703012912 0.5854126679462572 0.6901004304160688 0.5825335892514395 0.6922525107604017 0.581573896353167 0.6929698708751794 0.5786948176583493 0.6951219512195121 0.5777351247600768 0.6958393113342898 0.5748560460652591 0.6979913916786227 0.5738963531669866 0.6987087517934003 0.5710172744721689 0.7073170731707317 0.5614203454894434 0.8895265423242468 0.5614203454894434 0.8902439024390244 0.8061420345489443 0.8895265423242468 0.8071017274472169
0 0.28694404591104733 0.7149712092130518 0.19368723098995697 0.7149712092130518 0.19296987087517933 0.5777351247600768 0.28694404591104733 0.5767754318618042 0.28766140602582496 0.7140115163147792 0.28694404591104733 0.7149712092130518
0 0.6585365853658537 0.8071017274472169 0.539454806312769 0.8071017274472169 0.5387374461979914 0.6948176583493282 0.6585365853658537 0.6938579654510557 0.6592539454806313 0.8061420345489443 0.6585365853658537 0.8071017274472169
0 0.28694404591104733 0.8992322456813819 0.08895265423242468 0.8992322456813819 0.08823529411764706 0.727447216890595 0.18794835007173602 0.7264875239923224 0.18866571018651362 0.7715930902111324 0.19225251076040173 0.772552783109405 0.19296987087517933 0.727447216890595 0.28694404591104733 0.7264875239923224 0.28766140602582496 0.8982725527831094 0.28694404591104733 0.8992322456813819