0 0.2813918305597579 0.4536723163841808 0.07413010590015129 0.4536723163841808 0.07337367624810892 0.04971751412429379 0.2753403933434191 0.04915254237288136 0.2760968229954614 0.3073446327683616 0.3161875945537065 0.307909604519774 0.31694402420574885 0.34350282485875705 0.28290468986384265 0.3440677966101695 0.2821482602118003 0.45310734463276836 0.2813918305597579 0.4536723163841808
0 0.4735249621785174 0.19491525423728814 0.29046898638426627 0.19491525423728814 0.2897125567322239 0.04971751412429379 0.4735249621785174 0.04915254237288136 0.4742813918305598 0.1943502824858757 0.4735249621785174 0.19491525423728814
0 0.6671709531013615 0.19491525423728814 0.48714069591527986 0.19491525423728814 0.4863842662632375 0.04971751412429379 0.6671709531013615 0.04915254237288136 0.6679273827534039 0.1943502824858757 0.6671709531013615 0.19491525423728814
0 0.3978819969742814 0.4536723163841808 0.29046898638426627 0.4536723163841808 0.2897125567322239 0.40790960451977404 0.28290468986384265 0.4073446327683616 0.2821482602118003 0.3446327683615819 0.3161875945537065 0.3440677966101695 0.31694402420574885 0.30847457627118646 0.29046898638426627 0.307909604519774 0.2897125567322239 0.20564971751412428 0.5264750378214826 0.20508474576271185 0.527231467473525 0.3593220338983051 0.5204236006051437 0.35988700564971754 0.5196671709531013 0.4192090395480226 0.39939485627836613 0.41977401129943503 0.39863842662632376 0.45310734463276836 0.3978819969742814 0.4536723163841808
0 0.6671709531013615 0.507909604519774 0.5279878971255674 0.507909604519774 0.527231467473525 0.20564971751412428 0.6671709531013615 0.20508474576271185 0.6679273827534039 0.5073446327683616 0.6671709531013615 0.507909604519774
0 0.518910741301059 0.6480225988700565 0.40998487140695916 0.6480225988700565 0.4092284417549168 0.42824858757062145 0.518910741301059 0.42768361581920905 0.5196671709531013 0.6474576271186441 0.518910741301059 0.6480225988700565
0 0.1649016641452345 0.6480225988700565 0.07413010590015129 0.6480225988700565 0.07337367624810892 0.4610169491525424 0.1649016641452345 0.4604519774011299 0.16565809379727686 0.6474576271186441 0.1649016641452345 0.6480225988700565
0 0.2934947049924357 0.6480225988700565 0.17397881996974282 0.6480225988700565 0.17322239031770045 0.4610169491525424 0.2934947049924357 0.4604519774011299 0.29425113464447805 0.6474576271186441 0.2934947049924357 0.6480225988700565
0 0.3978819969742814 0.6480225988700565 0.30257186081694404 0.6480225988700565 0.30181543116490167 0.4610169491525424 0.3978819969742814 0.4604519774011299 0.39863842662632376 0.6474576271186441 0.3978819969742814 0.6480225988700565
0 0.6671709531013615 0.6480225988700565 0.5279878971255674 0.6480225988700565 0.527231467473525 0.5186440677966102 0.6671709531013615 0.5180790960451978 0.6679273827534039 0.6474576271186441 0.6671709531013615 0.6480225988700565
0 0.9092284417549168 0.9259887005649717 0.5597579425113465 0.9259887005649717 0.5590015128593041 0.6610169491525424 0.6838124054462935 0.6604519774011299 0.6845688350983359 0.5909604519774011 0.9092284417549168 0.5903954802259888 0.9099848714069592 0.9254237288135593 0.9092284417549168 0.9259887005649717