0 0.38791423001949316 0.3488505747126437 0.050682261208576995 0.3488505747126437 0.049707602339181284 0.1528735632183908 0.38791423001949316 0.15229885057471265 0.3888888888888889 0.3482758620689655 0.38791423001949316 0.3488505747126437
0 0.6120857699805068 0.45689655172413796 0.4015594541910331 0.45689655172413796 0.40058479532163743 0.1528735632183908 0.9142300194931774 0.15229885057471265 0.9152046783625731 0.4494252873563218 0.6140350877192983 0.45 0.6130604288499025 0.45632183908045976 0.6120857699805068 0.45689655172413796
0 0.20077972709551656 0.45 0.050682261208576995 0.45 0.049707602339181284 0.3563218390804598 0.20077972709551656 0.35574712643678164 0.20175438596491227 0.4494252873563218 0.20077972709551656 0.45
0 0.3255360623781676 0.45689655172413796 0.23586744639376217 0.45689655172413796 0.23489278752436646 0.45057471264367815 0.2124756335282651 0.45 0.21150097465886938 0.3563218390804598 0.38791423001949316 0.35574712643678164 0.3888888888888889 0.4494252873563218 0.32748538011695905 0.45 0.32651072124756336 0.45632183908045976 0.3255360623781676 0.45689655172413796
0 0.2222222222222222 0.524712643678161 0.050682261208576995 0.524712643678161 0.049707602339181284 0.4574712643678161 0.22417153996101363 0.45689655172413796 0.22319688109161792 0.5241379310344828 0.2222222222222222 0.524712643678161
0 0.36062378167641324 0.6741379310344827 0.23391812865497075 0.6741379310344827 0.23294346978557504 0.5310344827586206 0.23489278752436646 0.5298850574712644 0.23489278752436646 0.4574712643678161 0.6120857699805068 0.45689655172413796 0.6130604288499025 0.5563218390804597 0.5087719298245614 0.5568965517241379 0.5077972709551657 0.5505747126436782 0.36257309941520466 0.55 0.361598440545809 0.6735632183908046 0.36062378167641324 0.6741379310344827
0 0.9142300194931774 0.753448275862069 0.6257309941520468 0.753448275862069 0.6247563352826511 0.4574712643678161 0.9142300194931774 0.45689655172413796 0.9152046783625731 0.7528735632183908 0.9142300194931774 0.753448275862069
0 0.2222222222222222 0.6419540229885058 0.050682261208576995 0.6419540229885058 0.049707602339181284 0.5310344827586206 0.2222222222222222 0.5304597701149425 0.22319688109161792 0.6413793103448275 0.2222222222222222 0.6419540229885058
0 0.6120857699805068 0.753448275862069 0.3742690058479532 0.753448275862069 0.3732943469785575 0.5574712643678161 0.6120857699805068 0.5568965517241379 0.6130604288499025 0.7528735632183908 0.6120857699805068 0.753448275862069
0 0.21637426900584794 0.753448275862069 0.056530214424951264 0.753448275862069 0.05555555555555555 0.6517241379310345 0.21637426900584794 0.6511494252873563 0.21734892787524365 0.7528735632183908 0.21637426900584794 0.753448275862069
0 0.36062378167641324 0.753448275862069 0.23391812865497075 0.753448275862069 0.23294346978557504 0.6804597701149425 0.36062378167641324 0.6798850574712644 0.361598440545809 0.7528735632183908 0.36062378167641324 0.753448275862069
0 0.22807017543859648 0.9557471264367816 0.04678362573099415 0.9557471264367816 0.04580896686159844 0.835632183908046 0.22807017543859648 0.8350574712643678 0.2290448343079922 0.9551724137931035 0.22807017543859648 0.9557471264367816