0 0.09460654288240496 0.2669902912621359 0.036251105216622455 0.2669902912621359 0.03580901856763926 0.06657420249653259 0.09460654288240496 0.06588072122052704 0.09504862953138815 0.26629680998613037 0.09460654288240496 0.2669902912621359
0 0.9628647214854111 0.3391123439667129 0.78868258178603 0.3391123439667129 0.7882404951370469 0.07212205270457697 0.9628647214854111 0.07142857142857142 0.9633068081343943 0.33841886269070737 0.9628647214854111 0.3391123439667129
0 0.4765694076038904 0.48890429958391124 0.2979664014146773 0.48890429958391124 0.2975243147656941 0.07350901525658807 0.4765694076038904 0.07281553398058252 0.47701149425287354 0.4882108183079057 0.4765694076038904 0.48890429958391124
0 0.8293545534924845 0.8467406380027739 0.7046861184792219 0.8467406380027739 0.7042440318302388 0.7253814147018031 0.7462422634836428 0.7246879334257975 0.746684350132626 0.4909847434119279 0.7833775419982316 0.49029126213592233 0.7838196286472149 0.7253814147018031 0.7877984084880637 0.7260748959778086 0.7882404951370469 0.34812760055478503 0.8293545534924845 0.3474341192787795 0.8297966401414677 0.8460471567267683 0.8293545534924845 0.8467406380027739
0 0.8956675508399646 0.45700416088765605 0.8346595932802829 0.45700416088765605 0.8342175066312998 0.34812760055478503 0.8956675508399646 0.3474341192787795 0.8961096374889478 0.4563106796116505 0.8956675508399646 0.45700416088765605
0 0.9628647214854111 0.45700416088765605 0.900972590627763 0.45700416088765605 0.9005305039787799 0.34812760055478503 0.9628647214854111 0.3474341192787795 0.9633068081343943 0.4563106796116505 0.9628647214854111 0.45700416088765605
0 0.9628647214854111 0.5721220527045769 0.8346595932802829 0.5721220527045769 0.8342175066312998 0.4646324549237171 0.9628647214854111 0.46393897364771153 0.9633068081343943 0.5714285714285714 0.9628647214854111 0.5721220527045769
0 0.20601237842617154 0.8398058252427184 0.11494252873563218 0.8398058252427184 0.11450044208664899 0.4895977808599168 0.2484526967285588 0.48890429958391124 0.248894783377542 0.7447988904299584 0.20689655172413793 0.7454923717059639 0.20645446507515472 0.8391123439667129 0.20601237842617154 0.8398058252427184
0 0.4765694076038904 0.8398058252427184 0.39080459770114945 0.8398058252427184 0.39036251105216624 0.7156726768377254 0.3625110521662246 0.7149791955617198 0.3620689655172414 0.6740638002773925 0.38992042440318303 0.673370319001387 0.39036251105216624 0.6671289875173371 0.35809018567639256 0.6664355062413315 0.35764809902740935 0.7212205270457698 0.38461538461538464 0.7219140083217753 0.3850574712643678 0.7434119278779473 0.2546419098143236 0.7441054091539528 0.2541998231653404 0.4895977808599168 0.4765694076038904 0.48890429958391124 0.47701149425287354 0.8391123439667129 0.4765694076038904 0.8398058252427184
0 0.7418213969938108 0.717753120665742 0.6109637488947833 0.717753120665742 0.6105216622458002 0.4909847434119279 0.7418213969938108 0.49029126213592233 0.742263483642794 0.7170596393897365 0.7418213969938108 0.717753120665742
0 0.9628647214854111 0.8467406380027739 0.8346595932802829 0.8467406380027739 0.8342175066312998 0.5783633841886269 0.9381078691423519 0.5776699029126213 0.9385499557913352 0.6130374479889042 0.9628647214854111 0.6137309292649098 0.9633068081343943 0.8460471567267683 0.9628647214854111 0.8467406380027739
0 0.6993810786914235 0.8467406380027739 0.6109637488947833 0.8467406380027739 0.6105216622458002 0.7253814147018031 0.6401414677276747 0.7246879334257975 0.6405835543766578 0.7184466019417476 0.6666666666666666 0.717753120665742 0.6671087533156499 0.723994452149792 0.6993810786914235 0.7246879334257975 0.6998231653404067 0.8460471567267683 0.6993810786914235 0.8467406380027739
0 0.3616268788682582 0.8398058252427184 0.29619805481874445 0.8398058252427184 0.2957559681697613 0.7461858529819695 0.2546419098143236 0.7454923717059639 0.2546419098143236 0.7441054091539528 0.38461538461538464 0.7441054091539528 0.3850574712643678 0.8238557558945908 0.3625110521662246 0.8245492371705964 0.3620689655172414 0.8391123439667129 0.3616268788682582 0.8398058252427184
0 0.29089301503094606 0.8398058252427184 0.21131741821396993 0.8398058252427184 0.21087533156498675 0.753120665742025 0.29089301503094606 0.7524271844660194 0.29133510167992926 0.8391123439667129 0.29089301503094606 0.8398058252427184