0 0.3344322344322344 0.364013671875 0.15824175824175823 0.364013671875 0.15805860805860805 0.18701171875 0.3344322344322344 0.186767578125 0.3346153846153846 0.36376953125 0.3344322344322344 0.364013671875
0 0.37765567765567765 0.486083984375 0.34065934065934067 0.486083984375 0.3404761904761905 0.18701171875 0.3758241758241758 0.186767578125 0.376007326007326 0.24169921875 0.37637362637362637 0.2421875 0.37637362637362637 0.28955078125 0.4249084249084249 0.289794921875 0.4250915750915751 0.46142578125 0.3963369963369963 0.461669921875 0.3954212454212454 0.462890625 0.3945054945054945 0.464599609375 0.39285714285714285 0.46630859375 0.3923076923076923 0.467529296875 0.3902930402930403 0.4697265625 0.38974358974358975 0.470947265625 0.38772893772893774 0.47314453125 0.38754578754578756 0.473876953125 0.3868131868131868 0.473876953125 0.3851648351648352 0.47607421875 0.38461538461538464 0.477294921875 0.3826007326007326 0.4794921875 0.382051282051282 0.480712890625 0.38003663003663 0.48291015625 0.37948717948717947 0.484130859375 0.37765567765567765 0.486083984375
0 0.4249084249084249 0.281494140625 0.38278388278388276 0.281494140625 0.3826007326007326 0.2421875 0.3761904761904762 0.241943359375 0.376007326007326 0.18701171875 0.4249084249084249 0.186767578125 0.4250915750915751 0.28125 0.4249084249084249 0.281494140625
0 0.5377289377289377 0.281494140625 0.43113553113553116 0.281494140625 0.430952380952381 0.18701171875 0.5377289377289377 0.186767578125 0.5379120879120879 0.28125 0.5377289377289377 0.281494140625
0 0.7549450549450549 0.407958984375 0.5787545787545788 0.407958984375 0.5785714285714286 0.1875 0.7549450549450549 0.187255859375 0.7551282051282051 0.40771484375 0.7549450549450549 0.407958984375
0 0.8461538461538461 0.407958984375 0.7553113553113553 0.407958984375 0.7551282051282051 0.1875 0.845054945054945 0.187255859375 0.8452380952380952 0.34326171875 0.8461538461538461 0.343505859375 0.8463369963369963 0.40771484375 0.8461538461538461 0.407958984375
0 0.9593406593406594 0.343505859375 0.8454212454212454 0.343505859375 0.8452380952380952 0.1875 0.9593406593406594 0.187255859375 0.9595238095238096 0.34326171875 0.9593406593406594 0.343505859375
0 0.5377289377289377 0.471435546875 0.43113553113553116 0.471435546875 0.430952380952381 0.2900390625 0.5377289377289377 0.289794921875 0.5379120879120879 0.47119140625 0.5377289377289377 0.471435546875
0 0.9593406593406594 0.551513671875 0.8523809523809524 0.551513671875 0.8521978021978022 0.34375 0.9593406593406594 0.343505859375 0.9595238095238096 0.55126953125 0.9593406593406594 0.551513671875
0 0.3344322344322344 0.551025390625 0.15824175824175823 0.551025390625 0.15805860805860805 0.3720703125 0.3344322344322344 0.371826171875 0.3346153846153846 0.55078125 0.3344322344322344 0.551025390625
0 0.7373626373626374 0.551513671875 0.5787545787545788 0.551513671875 0.5785714285714286 0.41552734375 0.7373626373626374 0.415283203125 0.7375457875457876 0.55126953125 0.7373626373626374 0.551513671875
0 0.7879120879120879 0.551513671875 0.7432234432234432 0.551513671875 0.7430402930402931 0.41552734375 0.7879120879120879 0.415283203125 0.7880952380952381 0.55126953125 0.7879120879120879 0.551513671875
0 0.8461538461538461 0.551513671875 0.7937728937728937 0.551513671875 0.7935897435897435 0.41552734375 0.8461538461538461 0.415283203125 0.8463369963369963 0.55126953125 0.8461538461538461 0.551513671875
0 0.4249084249084249 0.551025390625 0.3824175824175824 0.551025390625 0.3822344322344322 0.49169921875 0.3836996336996337 0.490234375 0.38424908424908427 0.489013671875 0.3862637362637363 0.48681640625 0.3868131868131868 0.485595703125 0.38882783882783883 0.4833984375 0.3893772893772894 0.482177734375 0.3913919413919414 0.47998046875 0.39194139194139194 0.478759765625 0.39395604395604394 0.4765625 0.3941391941391941 0.475830078125 0.39615384615384613 0.4736328125 0.3967032967032967 0.472412109375 0.39871794871794874 0.47021484375 0.3992673992673993 0.468994140625 0.4249084249084249 0.468994140625 0.4250915750915751 0.55078125 0.4249084249084249 0.551025390625
0 0.5377289377289377 0.551025390625 0.43113553113553116 0.551025390625 0.430952380952381 0.4794921875 0.5377289377289377 0.479248046875 0.5379120879120879 0.55078125 0.5377289377289377 0.551025390625
0 0.3761904761904762 0.551025390625 0.34065934065934067 0.551025390625 0.3404761904761905 0.49267578125 0.3761904761904762 0.492431640625 0.37637362637362637 0.55078125 0.3761904761904762 0.551025390625
0 0.5377289377289377 0.718994140625 0.48717948717948717 0.718994140625 0.486996336996337 0.55908203125 0.5377289377289377 0.558837890625 0.5379120879120879 0.71875 0.5377289377289377 0.718994140625