0 0.3236994219653179 0.547244094488189 0.1676300578034682 0.547244094488189 0.16666666666666666 0.2677165354330709 0.5992292870905588 0.2669291338582677 0.6001926782273603 0.3937007874015748 0.4277456647398844 0.39448818897637794 0.42678227360308285 0.5448818897637795 0.325626204238921 0.5456692913385827 0.3236994219653179 0.547244094488189
0 0.815028901734104 0.547244094488189 0.6069364161849711 0.547244094488189 0.6059730250481695 0.2677165354330709 0.815028901734104 0.2669291338582677 0.8159922928709056 0.5464566929133858 0.815028901734104 0.547244094488189
0 0.5992292870905588 0.547244094488189 0.43545279383429675 0.547244094488189 0.4344894026974952 0.3968503937007874 0.4277456647398844 0.3960629921259842 0.4277456647398844 0.39448818897637794 0.5992292870905588 0.39448818897637794 0.6001926782273603 0.5464566929133858 0.5992292870905588 0.547244094488189
0 0.4161849710982659 0.7299212598425197 0.325626204238921 0.7299212598425197 0.3246628131021195 0.5464566929133858 0.4161849710982659 0.5456692913385827 0.41714836223506746 0.5543307086614173 0.6666666666666666 0.5551181102362205 0.6676300578034682 0.6409448818897637 0.6011560693641619 0.6417322834645669 0.6001926782273603 0.6740157480314961 0.4258188824662813 0.6748031496062992 0.42485549132947975 0.6425196850393701 0.41811175337186895 0.6417322834645669 0.41714836223506746 0.7291338582677165 0.4161849710982659 0.7299212598425197
0 0.3159922928709056 0.6165354330708661 0.1676300578034682 0.6165354330708661 0.16666666666666666 0.5559055118110237 0.3159922928709056 0.5551181102362205 0.31695568400770713 0.6157480314960629 0.3159922928709056 0.6165354330708661
0 0.815028901734104 0.6417322834645669 0.674373795761079 0.6417322834645669 0.6734104046242775 0.5559055118110237 0.815028901734104 0.5551181102362205 0.8159922928709056 0.6409448818897637 0.815028901734104 0.6417322834645669
0 0.3159922928709056 0.731496062992126 0.1676300578034682 0.731496062992126 0.16666666666666666 0.6220472440944882 0.3159922928709056 0.621259842519685 0.31695568400770713 0.7307086614173228 0.3159922928709056 0.731496062992126
0 0.815028901734104 0.8228346456692913 0.6088631984585742 0.8228346456692913 0.6078998073217726 0.6488188976377953 0.815028901734104 0.6480314960629922 0.8159922928709056 0.8220472440944881 0.815028901734104 0.8228346456692913
0 0.5992292870905588 0.8228346456692913 0.4258188824662813 0.8228346456692913 0.42485549132947975 0.6818897637795276 0.5992292870905588 0.6811023622047244 0.6001926782273603 0.8220472440944881 0.5992292870905588 0.8228346456692913
0 0.4161849710982659 0.8228346456692913 0.325626204238921 0.8228346456692913 0.3246628131021195 0.7370078740157481 0.4161849710982659 0.7362204724409449 0.41714836223506746 0.8220472440944881 0.4161849710982659 0.8228346456692913
0 0.31213872832369943 0.8228346456692913 0.1676300578034682 0.8228346456692913 0.16666666666666666 0.7401574803149606 0.31213872832369943 0.7393700787401575 0.313102119460501 0.8220472440944881 0.31213872832369943 0.8228346456692913
0 0.2909441233140655 0.9330708661417323 0.1599229287090559 0.9330708661417323 0.15895953757225434 0.8409448818897638 0.2909441233140655 0.8401574803149606 0.29190751445086704 0.9322834645669291 0.2909441233140655 0.9330708661417323