0 0.6961451247165533 0.08563218390804597 0.6122448979591837 0.08563218390804597 0.6116780045351474 0.016091954022988506 0.6961451247165533 0.015517241379310345 0.6967120181405896 0.08505747126436781 0.6961451247165533 0.08563218390804597
0 0.7494331065759637 0.08563218390804597 0.7018140589569161 0.08563218390804597 0.7012471655328798 0.016091954022988506 0.7494331065759637 0.015517241379310345 0.75 0.08505747126436781 0.7494331065759637 0.08563218390804597
0 0.9682539682539683 0.08563218390804597 0.7573696145124716 0.08563218390804597 0.7568027210884354 0.016091954022988506 0.9682539682539683 0.015517241379310345 0.9688208616780045 0.08505747126436781 0.9682539682539683 0.08563218390804597
0 0.9682539682539683 0.36149425287356324 0.6405895691609977 0.36149425287356324 0.6400226757369615 0.09310344827586207 0.9682539682539683 0.0925287356321839 0.9688208616780045 0.36091954022988504 0.9682539682539683 0.36149425287356324
0 0.08390022675736962 0.17873563218390803 0.060090702947845805 0.17873563218390803 0.05952380952380952 0.09655172413793103 0.08390022675736962 0.09597701149425288 0.0844671201814059 0.1781609195402299 0.08390022675736962 0.17873563218390803
0 0.4217687074829932 0.3063218390804598 0.060090702947845805 0.3063218390804598 0.05952380952380952 0.1850574712643678 0.08956916099773243 0.18448275862068966 0.09013605442176871 0.1793103448275862 0.08503401360544217 0.17873563218390803 0.0844671201814059 0.09655172413793103 0.4217687074829932 0.09597701149425288 0.4223356009070295 0.3057471264367816 0.4217687074829932 0.3063218390804598
0 0.28458049886621317 0.524712643678161 0.07142857142857142 0.524712643678161 0.07086167800453515 0.3735632183908046 0.060090702947845805 0.37298850574712644 0.05952380952380952 0.3137931034482759 0.28458049886621317 0.3132183908045977 0.28514739229024944 0.5241379310344828 0.28458049886621317 0.524712643678161
0 0.4217687074829932 0.524712643678161 0.29138321995464855 0.524712643678161 0.29081632653061223 0.3137931034482759 0.4217687074829932 0.3132183908045977 0.4223356009070295 0.5241379310344828 0.4217687074829932 0.524712643678161
0 0.8310657596371882 0.524712643678161 0.6190476190476191 0.524712643678161 0.6184807256235828 0.3689655172413793 0.8310657596371882 0.3683908045977011 0.8316326530612245 0.5241379310344828 0.8310657596371882 0.524712643678161
0 0.9682539682539683 0.524712643678161 0.8390022675736961 0.524712643678161 0.8384353741496599 0.3689655172413793 0.9682539682539683 0.3683908045977011 0.9688208616780045 0.5241379310344828 0.9682539682539683 0.524712643678161
0 0.4399092970521542 0.8327586206896552 0.36167800453514737 0.8327586206896552 0.3611111111111111 0.6 0.4399092970521542 0.5994252873563218 0.44047619047619047 0.832183908045977 0.4399092970521542 0.8327586206896552
0 0.6655328798185941 0.7672413793103449 0.4467120181405896 0.7672413793103449 0.44614512471655327 0.6 0.6655328798185941 0.5994252873563218 0.6660997732426304 0.7666666666666667 0.6655328798185941 0.7672413793103449
0 0.5555555555555556 0.9637931034482758 0.4467120181405896 0.9637931034482758 0.44614512471655327 0.774712643678161 0.5555555555555556 0.7741379310344828 0.5561224489795918 0.9632183908045977 0.5555555555555556 0.9637931034482758
0 0.6065759637188208 0.9637931034482758 0.5634920634920635 0.9637931034482758 0.5629251700680272 0.774712643678161 0.6655328798185941 0.7741379310344828 0.6660997732426304 0.7885057471264367 0.6802721088435374 0.789080459770115 0.6808390022675737 0.8344827586206897 0.6882086167800453 0.8350574712643678 0.6887755102040817 0.8873563218390804 0.6077097505668935 0.8879310344827587 0.6071428571428571 0.9632183908045977 0.6065759637188208 0.9637931034482758
0 0.8061224489795918 0.889080459770115 0.6984126984126984 0.889080459770115 0.6978458049886621 0.8103448275862069 0.8061224489795918 0.8097701149425287 0.8066893424036281 0.8885057471264368 0.8061224489795918 0.889080459770115
0 0.4399092970521542 0.9637931034482758 0.3492063492063492 0.9637931034482758 0.3486394557823129 0.8551724137931035 0.4399092970521542 0.8545977011494252 0.44047619047619047 0.9632183908045977 0.4399092970521542 0.9637931034482758
0 0.6882086167800453 0.9637931034482758 0.6133786848072562 0.9637931034482758 0.61281179138322 0.8942528735632184 0.6882086167800453 0.8936781609195402 0.6887755102040817 0.9632183908045977 0.6882086167800453 0.9637931034482758