0 0.6030245746691871 0.2103399433427762 0.44612476370510395 0.2103399433427762 0.44517958412098296 0.049575070821529746 0.6030245746691871 0.04886685552407932 0.6039697542533081 0.2096317280453258 0.6030245746691871 0.2103399433427762
0 0.6918714555765595 0.16359773371104816 0.610586011342155 0.16359773371104816 0.6096408317580341 0.049575070821529746 0.6918714555765595 0.04886685552407932 0.6928166351606805 0.16288951841359772 0.6918714555765595 0.16359773371104816
0 0.8941398865784499 0.2103399433427762 0.610586011342155 0.2103399433427762 0.6096408317580341 0.16855524079320114 0.6975425330812854 0.1678470254957507 0.6984877126654064 0.049575070821529746 0.8941398865784499 0.04886685552407932 0.8950850661625709 0.2096317280453258 0.8941398865784499 0.2103399433427762
0 0.20415879017013233 0.4780453257790368 0.052930056710775046 0.4780453257790368 0.05198487712665406 0.13031161473087818 0.43100189035916825 0.12960339943342777 0.43194706994328924 0.29603399433427763 0.2060491493383743 0.29674220963172804 0.2051039697542533 0.4773371104815864 0.20415879017013233 0.4780453257790368
0 0.5727788279773157 0.3590651558073654 0.44612476370510395 0.3590651558073654 0.44517958412098296 0.29745042492917845 0.43289224952741023 0.29674220963172804 0.43194706994328924 0.22096317280453256 0.6862003780718336 0.22025495750708216 0.6871455576559546 0.29036827195467424 0.5425330812854442 0.29107648725212465 0.5415879017013232 0.29603399433427763 0.5727788279773157 0.29674220963172804 0.5737240075614367 0.358356940509915 0.5727788279773157 0.3590651558073654
0 0.8941398865784499 0.39305949008498586 0.6994328922495274 0.39305949008498586 0.6984877126654064 0.22096317280453256 0.8941398865784499 0.22025495750708216 0.8950850661625709 0.3923512747875354 0.8941398865784499 0.39305949008498586
0 0.6862003780718336 0.39305949008498586 0.5822306238185255 0.39305949008498586 0.5812854442344045 0.29745042492917845 0.6862003780718336 0.29674220963172804 0.6871455576559546 0.3923512747875354 0.6862003780718336 0.39305949008498586
0 0.3648393194706994 0.4780453257790368 0.21361058601134217 0.4780453257790368 0.21266540642722118 0.3555240793201133 0.2665406427221172 0.3548158640226629 0.2674858223062382 0.3045325779036827 0.43100189035916825 0.3038243626062323 0.43194706994328924 0.34560906515580736 0.3667296786389414 0.34631728045325777 0.3657844990548204 0.4773371104815864 0.3648393194706994 0.4780453257790368
0 0.43100189035916825 0.4780453257790368 0.3761814744801512 0.4780453257790368 0.3752362948960302 0.35410764872521244 0.43100189035916825 0.35339943342776203 0.43194706994328924 0.4773371104815864 0.43100189035916825 0.4780453257790368
0 0.5727788279773157 0.39305949008498586 0.44612476370510395 0.39305949008498586 0.44517958412098296 0.3668555240793201 0.5727788279773157 0.3661473087818697 0.5737240075614367 0.3923512747875354 0.5727788279773157 0.39305949008498586
0 0.42911153119092627 0.6550991501416431 0.054820415879017016 0.6550991501416431 0.05387523629489603 0.5283286118980169 0.42911153119092627 0.5276203966005666 0.43005671077504726 0.6543909348441926 0.42911153119092627 0.6550991501416431
0 0.8922495274102079 0.6862606232294618 0.444234404536862 0.6862606232294618 0.44328922495274103 0.5283286118980169 0.8922495274102079 0.5276203966005666 0.8931947069943289 0.6855524079320113 0.8922495274102079 0.6862606232294618
0 0.21172022684310018 0.7684135977337111 0.054820415879017016 0.7684135977337111 0.05387523629489603 0.6657223796033994 0.21172022684310018 0.6650141643059491 0.21266540642722118 0.7677053824362606 0.21172022684310018 0.7684135977337111
0 0.42911153119092627 0.7684135977337111 0.22495274102079396 0.7684135977337111 0.22400756143667297 0.6657223796033994 0.42911153119092627 0.6650141643059491 0.43005671077504726 0.7677053824362606 0.42911153119092627 0.7684135977337111
0 0.8922495274102079 0.8689801699716714 0.5916824196597353 0.8689801699716714 0.5907372400756143 0.7691218130311614 0.444234404536862 0.7684135977337111 0.44328922495274103 0.6968838526912181 0.8922495274102079 0.6961756373937678 0.8931947069943289 0.8682719546742209 0.8922495274102079 0.8689801699716714
0 0.19848771266540643 0.8760623229461756 0.054820415879017016 0.8760623229461756 0.05387523629489603 0.7804532577903682 0.19848771266540643 0.7797450424929179 0.1994328922495274 0.8753541076487252 0.19848771266540643 0.8760623229461756
0 0.3572778827977316 0.9525495750708215 0.21361058601134217 0.9525495750708215 0.21266540642722118 0.8271954674220963 0.2646502835538752 0.8264872521246459 0.2655954631379962 0.7804532577903682 0.42911153119092627 0.7797450424929179 0.43005671077504726 0.8201133144475921 0.3591682419659735 0.8208215297450425 0.35822306238185253 0.9518413597733711 0.3572778827977316 0.9525495750708215
0 0.5708884688090737 0.9525495750708215 0.45179584120982985 0.9525495750708215 0.45085066162570886 0.8696883852691218 0.44612476370510395 0.8689801699716714 0.44517958412098296 0.7804532577903682 0.5708884688090737 0.7797450424929179 0.5718336483931947 0.9518413597733711 0.5708884688090737 0.9525495750708215
0 0.42911153119092627 0.9525495750708215 0.3705103969754253 0.9525495750708215 0.3695652173913043 0.830028328611898 0.42911153119092627 0.8293201133144475 0.43005671077504726 0.9518413597733711 0.42911153119092627 0.9525495750708215
0 0.19848771266540643 0.9525495750708215 0.054820415879017016 0.9525495750708215 0.05387523629489603 0.8852691218130312 0.19848771266540643 0.8845609065155807 0.1994328922495274 0.9518413597733711 0.19848771266540643 0.9525495750708215
0 0.8922495274102079 0.9610481586402266 0.5916824196597353 0.9610481586402266 0.5907372400756143 0.8852691218130312 0.8922495274102079 0.8845609065155807 0.8931947069943289 0.9603399433427762 0.8922495274102079 0.9610481586402266