0 0.23171987641606592 0.40392561983471076 0.042224510813594233 0.40392561983471076 0.04170957775489186 0.10330578512396695 0.23171987641606592 0.10227272727272728 0.23223480947476827 0.40289256198347106 0.23171987641606592 0.40392561983471076
0 0.6570545829042225 0.4659090909090909 0.5169927909371782 0.4659090909090909 0.5164778578784758 0.10537190082644628 0.7126673532440783 0.10433884297520661 0.7131822863027807 0.4628099173553719 0.6580844490216272 0.46384297520661155 0.6570545829042225 0.4659090909090909
0 0.9711637487126673 0.8481404958677686 0.8568486096807415 0.8481404958677686 0.8563336766220392 0.38016528925619836 0.9711637487126673 0.37913223140495866 0.9716786817713697 0.8471074380165289 0.9711637487126673 0.8481404958677686
0 0.4788877445932029 0.7407024793388429 0.3913491246138002 0.7407024793388429 0.39083419155509785 0.3987603305785124 0.4788877445932029 0.3977272727272727 0.47940267765190525 0.7396694214876033 0.4788877445932029 0.7407024793388429
0 0.09886714727085479 0.5361570247933884 0.042224510813594233 0.5361570247933884 0.04170957775489186 0.41115702479338845 0.09886714727085479 0.41012396694214875 0.09938208032955716 0.5351239669421488 0.09886714727085479 0.5361570247933884
0 0.1184346035015448 0.8460743801652892 0.042224510813594233 0.8460743801652892 0.04170957775489186 0.6611570247933884 0.09886714727085479 0.6601239669421488 0.09938208032955716 0.6880165289256198 0.101956745623069 0.6890495867768595 0.10247167868177137 0.41115702479338845 0.1400617919670443 0.41012396694214875 0.14057672502574664 0.5929752066115702 0.1431513903192585 0.59400826446281 0.14366632337796087 0.41115702479338845 0.23171987641606592 0.41012396694214875 0.23223480947476827 0.7768595041322314 0.11946446961894953 0.7778925619834711 0.11894953656024716 0.8450413223140496 0.1184346035015448 0.8460743801652892
0 0.30895983522142123 0.6167355371900827 0.23583934088568487 0.6167355371900827 0.2353244078269825 0.4628099173553719 0.30895983522142123 0.4617768595041322 0.3094747682801236 0.6157024793388429 0.30895983522142123 0.6167355371900827
0 0.3820803295571576 0.6167355371900827 0.31307929969104015 0.6167355371900827 0.3125643666323378 0.4628099173553719 0.3820803295571576 0.4617768595041322 0.38259526261585997 0.6157024793388429 0.3820803295571576 0.6167355371900827
0 0.7126673532440783 0.6683884297520661 0.6189495365602472 0.6683884297520661 0.6184346035015448 0.6177685950413223 0.6601441812564367 0.6167355371900827 0.660659114315139 0.5640495867768595 0.6189495365602472 0.5630165289256198 0.6184346035015448 0.4731404958677686 0.6570545829042225 0.47210743801652894 0.6575695159629248 0.46487603305785125 0.7126673532440783 0.46384297520661155 0.7131822863027807 0.6673553719008265 0.7126673532440783 0.6683884297520661
0 0.8486096807415036 0.6105371900826446 0.7167868177136972 0.6105371900826446 0.7162718846549948 0.4690082644628099 0.8486096807415036 0.46797520661157027 0.849124613800206 0.609504132231405 0.8486096807415036 0.6105371900826446
0 0.576725025746653 0.6291322314049587 0.5169927909371782 0.6291322314049587 0.5164778578784758 0.4731404958677686 0.6148300720906282 0.47210743801652894 0.6153450051493305 0.609504132231405 0.5777548918640577 0.6105371900826446 0.5772399588053553 0.628099173553719 0.576725025746653 0.6291322314049587
0 0.09886714727085479 0.6539256198347108 0.042224510813594233 0.6539256198347108 0.04170957775489186 0.5433884297520661 0.09886714727085479 0.5423553719008265 0.09938208032955716 0.5681818181818182 0.07415036045314109 0.5692148760330579 0.07363542739443872 0.5764462809917356 0.09886714727085479 0.5774793388429752 0.09938208032955716 0.6528925619834711 0.09886714727085479 0.6539256198347108
0 0.6570545829042225 0.6105371900826446 0.6189495365602472 0.6105371900826446 0.6189495365602472 0.6084710743801653 0.635427394438723 0.6084710743801653 0.6359423274974253 0.5702479338842975 0.6570545829042225 0.5692148760330579 0.6575695159629248 0.609504132231405 0.6570545829042225 0.6105371900826446
0 0.5993820803295572 0.8378099173553719 0.5169927909371782 0.8378099173553719 0.5164778578784758 0.6363636363636364 0.576725025746653 0.6353305785123967 0.5772399588053553 0.6735537190082644 0.5798146240988672 0.6745867768595041 0.5803295571575695 0.6177685950413223 0.6148300720906282 0.6167355371900827 0.6153450051493305 0.6673553719008265 0.6004119464469619 0.6683884297520661 0.5998970133882595 0.8367768595041323 0.5993820803295572 0.8378099173553719
0 0.831101956745623 0.6683884297520661 0.7167868177136972 0.6683884297520661 0.7162718846549948 0.6177685950413223 0.831101956745623 0.6167355371900827 0.8316168898043255 0.6673553719008265 0.831101956745623 0.6683884297520661
0 0.8486096807415036 0.7778925619834711 0.8187435633367662 0.7778925619834711 0.8182286302780638 0.7355371900826446 0.8341915550978373 0.734504132231405 0.8347064881565397 0.6177685950413223 0.8486096807415036 0.6167355371900827 0.849124613800206 0.7768595041322314 0.8486096807415036 0.7778925619834711
0 0.3820803295571576 0.6787190082644629 0.23583934088568487 0.6787190082644629 0.2353244078269825 0.6239669421487604 0.3820803295571576 0.6229338842975206 0.38259526261585997 0.6776859504132231 0.3820803295571576 0.6787190082644629
0 0.6457260556127703 0.7324380165289256 0.6035015447991761 0.7324380165289256 0.6029866117404737 0.6756198347107438 0.6457260556127703 0.6745867768595041 0.6462409886714727 0.731404958677686 0.6457260556127703 0.7324380165289256
0 0.7126673532440783 0.7778925619834711 0.6498455200823893 0.7778925619834711 0.649330587023687 0.6756198347107438 0.7126673532440783 0.6745867768595041 0.7131822863027807 0.7768595041322314 0.7126673532440783 0.7778925619834711
0 0.768280123583934 0.7778925619834711 0.7167868177136972 0.7778925619834711 0.7162718846549948 0.6756198347107438 0.831101956745623 0.6745867768595041 0.8316168898043255 0.7252066115702479 0.7693099897013388 0.7262396694214877 0.7687950566426365 0.7768595041322314 0.768280123583934 0.7778925619834711
0 0.2708547888774459 0.7283057851239669 0.23583934088568487 0.7283057851239669 0.2353244078269825 0.6859504132231405 0.2708547888774459 0.6849173553719008 0.2713697219361483 0.7272727272727273 0.2708547888774459 0.7283057851239669
0 0.309989701338826 0.7778925619834711 0.23583934088568487 0.7778925619834711 0.2353244078269825 0.7355371900826446 0.27394438722966014 0.734504132231405 0.2744593202883625 0.6859504132231405 0.309989701338826 0.6849173553719008 0.31050463439752835 0.7768595041322314 0.309989701338826 0.7778925619834711
0 0.3820803295571576 0.7778925619834711 0.3141091658084449 0.7778925619834711 0.3135942327497425 0.6859504132231405 0.3820803295571576 0.6849173553719008 0.38259526261585997 0.7768595041322314 0.3820803295571576 0.7778925619834711
0 0.8146240988671473 0.7778925619834711 0.7857878475798146 0.7778925619834711 0.7852729145211123 0.7355371900826446 0.8146240988671473 0.734504132231405 0.8151390319258497 0.7768595041322314 0.8146240988671473 0.7778925619834711
0 0.6457260556127703 0.7778925619834711 0.6107106076210093 0.7778925619834711 0.6101956745623069 0.7396694214876033 0.6457260556127703 0.7386363636363636 0.6462409886714727 0.7768595041322314 0.6457260556127703 0.7778925619834711