0 0.2883156297420334 0.35191956124314444 0.08952959028831563 0.35191956124314444 0.09028831562974203 0.07312614259597806 0.2883156297420334 0.07221206581352833 0.2890743550834598 0.3510054844606947 0.2883156297420334 0.35191956124314444
0 0.5538694992412747 0.4085923217550274 0.08649468892261002 0.4085923217550274 0.08573596358118361 0.3510054844606947 0.08801213960546282 0.350091407678245 0.08952959028831563 0.35191956124314444 0.2883156297420334 0.35191956124314444 0.2890743550834598 0.07312614259597806 0.5766312594840668 0.07221206581352833 0.5773899848254932 0.40585009140767825 0.5553869499241275 0.40676416819012795 0.5538694992412747 0.4085923217550274
0 0.8239757207890743 0.44881170018281535 0.7450682852807283 0.44881170018281535 0.7443095599393019 0.41681901279707495 0.7458270106221547 0.4149908592321755 0.7458270106221547 0.34186471663619744 0.8239757207890743 0.34095063985374774 0.8247344461305007 0.44789762340036565 0.8239757207890743 0.44881170018281535
0 0.9332321699544764 0.4744058500914077 0.8330804248861912 0.4744058500914077 0.8323216995447648 0.34186471663619744 0.9332321699544764 0.34095063985374774 0.9339908952959028 0.473491773308958 0.9332321699544764 0.4744058500914077
0 0.291350531107739 0.6170018281535649 0.08649468892261002 0.6170018281535649 0.08573596358118361 0.40950639853747717 0.291350531107739 0.4085923217550274 0.2921092564491654 0.6160877513711152 0.291350531107739 0.6170018281535649
0 0.3915022761760243 0.7778793418647166 0.2943854324734446 0.7778793418647166 0.2936267071320182 0.6179159049360147 0.2921092564491654 0.6160877513711152 0.2921092564491654 0.40950639853747717 0.5538694992412747 0.4085923217550274 0.5546282245827011 0.4149908592321755 0.5531107738998483 0.41681901279707495 0.5531107738998483 0.6069469835466179 0.5546282245827011 0.6087751371115173 0.5022761760242792 0.6096892138939671 0.5015174506828528 0.6489945155393053 0.3930197268588771 0.649908592321755 0.3922610015174507 0.7769652650822669 0.3915022761760243 0.7778793418647166
0 0.547040971168437 0.5246800731261426 0.547040971168437 0.41681901279707495 0.48254931714719274 0.41590493601462525 0.48179059180576633 0.5246800731261426 0.5462822458270106 0.5255941499085923 0.547040971168437 0.5246800731261426
0 0.5462822458270106 0.5255941499085923 0.48254931714719274 0.5255941499085923 0.48179059180576633 0.41681901279707495 0.5462822458270106 0.41590493601462525 0.547040971168437 0.5246800731261426 0.5462822458270106 0.5255941499085923
0 0.7359635811836115 0.6078610603290676 0.5538694992412747 0.6078610603290676 0.5531107738998483 0.41681901279707495 0.7359635811836115 0.41590493601462525 0.7367223065250379 0.6069469835466179 0.7359635811836115 0.6078610603290676
0 0.9332321699544764 0.6078610603290676 0.7450682852807283 0.6078610603290676 0.7443095599393019 0.48080438756855576 0.8694992412746586 0.47989031078610606 0.8710166919575114 0.48171846435100546 0.9332321699544764 0.48171846435100546 0.9339908952959028 0.6069469835466179 0.9332321699544764 0.6078610603290676
0 0.5766312594840668 0.8747714808043876 0.4006069802731411 0.8747714808043876 0.3998482549317147 0.6563071297989032 0.5053110773899848 0.6553930530164533 0.5060698027314112 0.6160877513711152 0.5766312594840668 0.6151736745886655 0.5773899848254932 0.8738574040219378 0.5766312594840668 0.8747714808043876
0 0.7359635811836115 0.8747714808043876 0.5857359635811836 0.8747714808043876 0.5849772382397572 0.6179159049360147 0.7359635811836115 0.6170018281535649 0.7367223065250379 0.8738574040219378 0.7359635811836115 0.8747714808043876
0 0.9332321699544764 0.9442413162705667 0.7465857359635811 0.9442413162705667 0.7458270106221547 0.8756855575868373 0.7443095599393019 0.8738574040219378 0.7443095599393019 0.6179159049360147 0.9332321699544764 0.6170018281535649 0.9339908952959028 0.943327239488117 0.9332321699544764 0.9442413162705667
0 0.15174506828528073 0.7029250457038391 0.09408194233687406 0.7029250457038391 0.09332321699544764 0.6288848263254113 0.15174506828528073 0.6279707495429616 0.15250379362670713 0.7020109689213894 0.15174506828528073 0.7029250457038391
0 0.2867981790591806 0.7047531992687386 0.1638846737481032 0.7047531992687386 0.1631259484066768 0.6288848263254113 0.2867981790591806 0.6279707495429616 0.287556904400607 0.7038391224862889 0.2867981790591806 0.7047531992687386
0 0.2867981790591806 0.93327239488117 0.08801213960546282 0.93327239488117 0.08725341426403642 0.7148080438756855 0.2867981790591806 0.7138939670932358 0.287556904400607 0.9323583180987203 0.2867981790591806 0.93327239488117
0 0.3915022761760243 0.8747714808043876 0.2959028831562974 0.8747714808043876 0.295144157814871 0.7842778793418648 0.3915022761760243 0.783363802559415 0.3922610015174507 0.8738574040219378 0.3915022761760243 0.8747714808043876