0 0.23884758364312267 0.3560606060606061 0.1412639405204461 0.3560606060606061 0.1407992565055762 0.2202797202797203 0.23884758364312267 0.2196969696969697 0.23931226765799257 0.3554778554778555 0.23884758364312267 0.3560606060606061
0 0.32899628252788105 0.412004662004662 0.2379182156133829 0.412004662004662 0.237453531598513 0.36363636363636365 0.24535315985130113 0.36305361305361306 0.245817843866171 0.2202797202797203 0.32899628252788105 0.2196969696969697 0.3294609665427509 0.4114219114219114 0.32899628252788105 0.412004662004662
0 0.8475836431226765 0.5332167832167832 0.570631970260223 0.5332167832167832 0.5701672862453532 0.4557109557109557 0.5710966542750929 0.45454545454545453 0.5710966542750929 0.3776223776223776 0.5720260223048327 0.3764568764568765 0.5720260223048327 0.2202797202797203 0.8475836431226765 0.2196969696969697 0.8480483271375465 0.3344988344988345 0.7946096654275093 0.3350815850815851 0.7941449814126395 0.4219114219114219 0.8475836431226765 0.4224941724941725 0.8480483271375465 0.5326340326340326 0.8475836431226765 0.5332167832167832
0 0.13382899628252787 0.3525641025641026 0.13289962825278812 0.3513986013986014 0.032527881040892194 0.3513986013986014 0.032063197026022304 0.22261072261072262 0.13382899628252787 0.22202797202797203 0.13429368029739777 0.351981351981352 0.13382899628252787 0.3525641025641026
0 0.4600371747211896 0.4865967365967366 0.3382899628252788 0.4865967365967366 0.3378252788104089 0.3181818181818182 0.4600371747211896 0.3175990675990676 0.4605018587360595 0.486013986013986 0.4600371747211896 0.4865967365967366
0 0.8475836431226765 0.4143356643356643 0.8011152416356877 0.4143356643356643 0.8006505576208178 0.34265734265734266 0.8475836431226765 0.34207459207459207 0.8480483271375465 0.41375291375291373 0.8475836431226765 0.4143356643356643
0 0.16635687732342008 0.5343822843822844 0.03066914498141264 0.5343822843822844 0.03020446096654275 0.36363636363636365 0.15985130111524162 0.36305361305361306 0.16031598513011153 0.44871794871794873 0.1612453531598513 0.44988344988344986 0.1612453531598513 0.4557109557109557 0.16635687732342008 0.4562937062937063 0.16682156133828996 0.5337995337995338 0.16635687732342008 0.5343822843822844
0 0.32899628252788105 0.7383449883449883 0.17286245353159851 0.7383449883449883 0.17239776951672864 0.534965034965035 0.16728624535315986 0.5343822843822844 0.16682156133828996 0.4568764568764569 0.16171003717472118 0.4562937062937063 0.1612453531598513 0.44988344988344986 0.16449814126394052 0.4493006993006993 0.1649628252788104 0.36363636363636365 0.23048327137546468 0.36305361305361306 0.23094795539033458 0.4160839160839161 0.20353159851301114 0.4166666666666667 0.20306691449814127 0.44871794871794873 0.2053903345724907 0.4493006993006993 0.2058550185873606 0.42074592074592077 0.32899628252788105 0.4201631701631702 0.3294609665427509 0.7377622377622378 0.32899628252788105 0.7383449883449883
0 0.16449814126394052 0.7383449883449883 0.03066914498141264 0.7383449883449883 0.03020446096654275 0.5442890442890443 0.16449814126394052 0.5437062937062938 0.1649628252788104 0.7377622377622378 0.16449814126394052 0.7383449883449883
0 0.8475836431226765 0.7371794871794872 0.5687732342007435 0.7371794871794872 0.5692379182156134 0.5442890442890443 0.8475836431226765 0.5437062937062938 0.8480483271375465 0.7365967365967366 0.8475836431226765 0.7371794871794872
0 0.46654275092936803 0.9446386946386947 0.35223048327137546 0.9446386946386947 0.3517657992565056 0.8706293706293706 0.46654275092936803 0.87004662004662 0.4670074349442379 0.9440559440559441 0.46654275092936803 0.9446386946386947