0 0.49722222222222223 0.363905325443787 0.20416666666666666 0.363905325443787 0.20347222222222222 0.1727810650887574 0.49722222222222223 0.17218934911242603 0.4979166666666667 0.3633136094674556 0.49722222222222223 0.363905325443787
0 0.8013888888888889 0.363905325443787 0.5055555555555555 0.363905325443787 0.5048611111111111 0.1727810650887574 0.8013888888888889 0.17218934911242603 0.8020833333333334 0.3633136094674556 0.8013888888888889 0.363905325443787
0 0.19305555555555556 0.36745562130177517 0.19236111111111112 0.36449704142011835 0.2013888888888889 0.363905325443787 0.2013888888888889 0.3650887573964497 0.1986111111111111 0.3650887573964497 0.19722222222222222 0.36627218934911243 0.19444444444444445 0.36627218934911243 0.19305555555555556 0.36745562130177517
0 0.41944444444444445 0.5355029585798816 0.3236111111111111 0.5355029585798816 0.3229166666666667 0.48520710059171596 0.3159722222222222 0.47928994082840237 0.3138888888888889 0.47633136094674555 0.3034722222222222 0.4686390532544379 0.3013888888888889 0.46568047337278107 0.29097222222222224 0.45798816568047335 0.28888888888888886 0.4550295857988166 0.27847222222222223 0.44733727810650886 0.2763888888888889 0.4443786982248521 0.26944444444444443 0.4396449704142012 0.19305555555555556 0.4396449704142012 0.19236111111111112 0.37041420118343193 0.41944444444444445 0.3698224852071006 0.4201388888888889 0.5349112426035503 0.41944444444444445 0.5355029585798816
0 0.7569444444444444 0.5650887573964497 0.42916666666666664 0.5650887573964497 0.4284722222222222 0.37041420118343193 0.8013888888888889 0.3698224852071006 0.8020833333333334 0.5609467455621302 0.7583333333333333 0.5615384615384615 0.7576388888888889 0.5644970414201184 0.7569444444444444 0.5650887573964497
0 0.31527777777777777 0.5579881656804734 0.19305555555555556 0.5579881656804734 0.19236111111111112 0.4461538461538462 0.26666666666666666 0.4455621301775148 0.275 0.45384615384615384 0.2798611111111111 0.45680473372781066 0.2875 0.46449704142011833 0.2923611111111111 0.46745562130177515 0.3 0.4751479289940828 0.30486111111111114 0.47810650887573963 0.3125 0.48579881656804735 0.3159722222222222 0.48757396449704143 0.3159722222222222 0.557396449704142 0.31527777777777777 0.5579881656804734
0 0.41944444444444445 0.6337278106508876 0.3236111111111111 0.6337278106508876 0.3229166666666667 0.5420118343195266 0.41944444444444445 0.5414201183431953 0.4201388888888889 0.6331360946745562 0.41944444444444445 0.6337278106508876
0 0.31527777777777777 0.6337278106508876 0.19305555555555556 0.6337278106508876 0.19236111111111112 0.5644970414201184 0.31527777777777777 0.563905325443787 0.3159722222222222 0.6331360946745562 0.31527777777777777 0.6337278106508876
0 0.5236111111111111 0.8100591715976332 0.42916666666666664 0.8100591715976332 0.4284722222222222 0.565680473372781 0.5263888888888889 0.5650887573964497 0.5270833333333333 0.7017751479289941 0.5027777777777778 0.7023668639053254 0.5020833333333333 0.7076923076923077 0.5236111111111111 0.7082840236686391 0.5243055555555556 0.8094674556213017 0.5236111111111111 0.8100591715976332
0 0.8013888888888889 0.8100591715976332 0.5319444444444444 0.8100591715976332 0.53125 0.7029585798816568 0.5277777777777778 0.7023668639053254 0.5270833333333333 0.565680473372781 0.7569444444444444 0.5650887573964497 0.7576388888888889 0.5680473372781065 0.8013888888888889 0.5686390532544379 0.8020833333333334 0.8094674556213017 0.8013888888888889 0.8100591715976332
0 0.41944444444444445 0.8100591715976332 0.19305555555555556 0.8100591715976332 0.19236111111111112 0.6402366863905326 0.41944444444444445 0.6396449704142012 0.4201388888888889 0.8094674556213017 0.41944444444444445 0.8100591715976332
0 0.2902777777777778 0.942603550295858 0.2 0.942603550295858 0.19930555555555557 0.8284023668639053 0.2902777777777778 0.827810650887574 0.29097222222222224 0.9420118343195266 0.2902777777777778 0.942603550295858