0 0.3621621621621622 0.7172256097560976 0.2996138996138996 0.7172256097560976 0.29922779922779924 0.7134146341463414 0.29034749034749036 0.7126524390243902 0.28996138996139 0.5030487804878049 0.2857142857142857 0.5022865853658537 0.2853281853281853 0.711890243902439 0.23552123552123552 0.7126524390243902 0.23513513513513515 0.5884146341463414 0.18996138996138995 0.5876524390243902 0.18957528957528957 0.39939024390243905 0.19382239382239383 0.3986280487804878 0.1942084942084942 0.23170731707317074 0.19498069498069498 0.2301829268292683 0.19498069498069498 0.0625 0.3621621621621622 0.06173780487804878 0.36254826254826256 0.7164634146341463 0.3621621621621622 0.7172256097560976
0 0.14594594594594595 0.21722560975609756 0.040926640926640924 0.21722560975609756 0.04054054054054054 0.06554878048780488 0.14594594594594595 0.06478658536585366 0.14633204633204633 0.21646341463414634 0.14594594594594595 0.21722560975609756
0 0.6471042471042471 0.40015243902439024 0.4200772200772201 0.40015243902439024 0.4196911196911197 0.06707317073170732 0.6471042471042471 0.0663109756097561 0.6474903474903475 0.39939024390243905 0.6471042471042471 0.40015243902439024
0 0.6895752895752896 0.4032012195121951 0.6884169884169884 0.4024390243902439 0.6880308880308881 0.40015243902439024 0.6478764478764478 0.40015243902439024 0.6474903474903475 0.06707317073170732 0.7683397683397684 0.0663109756097561 0.7687258687258687 0.2850609756097561 0.7652509652509653 0.2919207317073171 0.7621621621621621 0.2964939024390244 0.759073359073359 0.3010670731707317 0.7559845559845559 0.30564024390243905 0.7536679536679537 0.3086890243902439 0.7498069498069498 0.31478658536585363 0.7474903474903475 0.3178353658536585 0.7436293436293436 0.3239329268292683 0.7405405405405405 0.3285060975609756 0.7366795366795367 0.33460365853658536 0.7343629343629343 0.33765243902439024 0.7312741312741313 0.34222560975609756 0.728957528957529 0.34527439024390244 0.7250965250965251 0.3513719512195122 0.722007722007722 0.3559451219512195 0.7189189189189189 0.36051829268292684 0.715057915057915 0.3666158536585366 0.711969111969112 0.3711890243902439 0.7096525096525097 0.3742378048780488 0.7065637065637066 0.3788109756097561 0.7027027027027027 0.38490853658536583 0.7003861003861004 0.3879573170731707 0.6965250965250965 0.3940548780487805 0.6942084942084942 0.39710365853658536 0.6911196911196911 0.4016768292682927 0.6895752895752896 0.4032012195121951
0 0.8656370656370657 0.3513719512195122 0.8474903474903475 0.3155487804878049 0.8432432432432433 0.30564024390243905 0.8420849420849421 0.3048780487804878 0.8393822393822394 0.29801829268292684 0.8382239382239383 0.2972560975609756 0.8301158301158301 0.27972560975609756 0.7745173745173746 0.27972560975609756 0.7741312741312741 0.0899390243902439 0.7806949806949807 0.08917682926829268 0.7810810810810811 0.06707317073170732 0.7976833976833977 0.0663109756097561 0.7980694980694981 0.07621951219512195 0.8216216216216217 0.07698170731707317 0.822007722007722 0.06707317073170732 0.8378378378378378 0.0663109756097561 0.8382239382239383 0.21036585365853658 0.9281853281853282 0.2111280487804878 0.9285714285714286 0.30640243902439024 0.888030888030888 0.3071646341463415 0.8656370656370657 0.3513719512195122
0 0.9382239382239382 0.20198170731707318 0.8424710424710424 0.20198170731707318 0.8420849420849421 0.06707317073170732 0.9459459459459459 0.0663109756097561 0.9463320463320464 0.08536585365853659 0.938996138996139 0.0861280487804878 0.9386100386100386 0.20121951219512196 0.9382239382239382 0.20198170731707318
0 0.08494208494208494 0.3666158536585366 0.040926640926640924 0.3666158536585366 0.04054054054054054 0.2225609756097561 0.04864864864864865 0.22179878048780488 0.04903474903474903 0.23323170731707318 0.08108108108108109 0.2339939024390244 0.08146718146718147 0.2225609756097561 0.08494208494208494 0.22179878048780488 0.08532818532818533 0.36585365853658536 0.08494208494208494 0.3666158536585366
0 0.14594594594594595 0.7126524390243902 0.09420849420849421 0.7126524390243902 0.09382239382239382 0.5823170731707317 0.04864864864864865 0.5815548780487805 0.04826254826254826 0.37347560975609756 0.08725868725868725 0.37271341463414637 0.08764478764478764 0.2225609756097561 0.14594594594594595 0.22179878048780488 0.14633204633204633 0.711890243902439 0.14594594594594595 0.7126524390243902
0 0.8818532818532818 0.5053353658536586 0.8115830115830116 0.5053353658536586 0.8108108108108109 0.5038109756097561 0.7397683397683398 0.5038109756097561 0.7393822393822393 0.5 0.7258687258687259 0.4733231707317073 0.7239382239382239 0.47103658536585363 0.722007722007722 0.4657012195121951 0.7208494208494208 0.4649390243902439 0.7189189189189189 0.45960365853658536 0.7034749034749035 0.43064024390243905 0.7015444015444016 0.42835365853658536 0.7003861003861004 0.4245426829268293 0.6976833976833977 0.42073170731707316 0.6972972972972973 0.4184451219512195 0.6891891891891891 0.40396341463414637 0.6903474903474903 0.4016768292682927 0.6934362934362934 0.39710365853658536 0.6957528957528958 0.3940548780487805 0.6996138996138996 0.3879573170731707 0.7019305019305019 0.38490853658536583 0.7057915057915058 0.3788109756097561 0.7088803088803088 0.3742378048780488 0.7111969111969112 0.3711890243902439 0.7142857142857143 0.3666158536585366 0.7181467181467182 0.36051829268292684 0.7212355212355213 0.3559451219512195 0.7243243243243244 0.3513719512195122 0.7281853281853282 0.34527439024390244 0.7305019305019305 0.34222560975609756 0.7335907335907336 0.33765243902439024 0.7359073359073359 0.33460365853658536 0.7397683397683398 0.3285060975609756 0.7428571428571429 0.3239329268292683 0.7467181467181467 0.3178353658536585 0.749034749034749 0.31478658536585363 0.752895752895753 0.3086890243902439 0.7552123552123552 0.30564024390243905 0.7583011583011583 0.3010670731707317 0.7613899613899614 0.2964939024390244 0.7644787644787645 0.2919207317073171 0.7683397683397684 0.2858231707317073 0.7691119691119691 0.2888719512195122 0.8262548262548263 0.2888719512195122 0.8637065637065637 0.3628048780487805 0.864092664092664 0.36509146341463417 0.8667953667953668 0.36890243902439024 0.8679536679536679 0.37271341463414637 0.8706563706563707 0.37652439024390244 0.871042471042471 0.3788109756097561 0.8737451737451738 0.3826219512195122 0.8749034749034749 0.3864329268292683 0.8776061776061777 0.3902439024390244 0.8787644787644787 0.3940548780487805 0.8814671814671815 0.3978658536585366 0.8822393822393823 0.4009146341463415 0.8822393822393823 0.5045731707317073 0.8818532818532818 0.5053353658536586
0 0.9459459459459459 0.5053353658536586 0.8888030888030888 0.5053353658536586 0.8884169884169885 0.39634146341463417 0.8683397683397683 0.3567073170731707 0.8787644787644787 0.33460365853658536 0.8799227799227799 0.33384146341463417 0.8826254826254826 0.32698170731707316 0.8837837837837837 0.32621951219512196 0.8857142857142857 0.3208841463414634 0.8868725868725869 0.3201219512195122 0.8895752895752895 0.3132621951219512 0.9158301158301159 0.3132621951219512 0.9166023166023166 0.31478658536585363 0.9459459459459459 0.31478658536585363 0.9463320463320464 0.5045731707317073 0.9459459459459459 0.5053353658536586
0 0.5675675675675675 0.7217987804878049 0.4200772200772201 0.7217987804878049 0.4196911196911197 0.40853658536585363 0.5675675675675675 0.40777439024390244 0.567953667953668 0.7210365853658537 0.5675675675675675 0.7217987804878049
0 0.6833976833976834 0.7217987804878049 0.572972972972973 0.7217987804878049 0.5725868725868726 0.40853658536585363 0.6833976833976834 0.40777439024390244 0.6837837837837838 0.7210365853658537 0.6833976833976834 0.7217987804878049
0 0.7351351351351352 0.5571646341463414 0.7266409266409266 0.5571646341463414 0.7262548262548263 0.5472560975609756 0.7027027027027027 0.5464939024390244 0.7023166023166023 0.5564024390243902 0.6888030888030888 0.5571646341463414 0.6884169884169884 0.41615853658536583 0.6957528957528958 0.4291158536585366 0.6992277992277992 0.4344512195121951 0.6996138996138996 0.4367378048780488 0.7023166023166023 0.4405487804878049 0.7027027027027027 0.4428353658536585 0.7196911196911197 0.47484756097560976 0.7355212355212355 0.5045731707317073 0.7355212355212355 0.5564024390243902 0.7351351351351352 0.5571646341463414
0 0.8633204633204633 0.7217987804878049 0.7413127413127413 0.7217987804878049 0.740926640926641 0.6524390243902439 0.7401544401544402 0.6509146341463414 0.7401544401544402 0.5137195121951219 0.8463320463320463 0.5129573170731707 0.8471042471042471 0.5144817073170732 0.8818532818532818 0.5144817073170732 0.8822393822393823 0.7103658536585366 0.864092664092664 0.7111280487804879 0.8637065637065637 0.7210365853658537 0.8633204633204633 0.7217987804878049
0 0.9459459459459459 0.7111280487804879 0.8888030888030888 0.7111280487804879 0.8884169884169885 0.5152439024390244 0.9459459459459459 0.5144817073170732 0.9463320463320464 0.7103658536585366 0.9459459459459459 0.7111280487804879
0 0.7359073359073359 0.7217987804878049 0.6888030888030888 0.7217987804878049 0.6884169884169884 0.5670731707317073 0.7351351351351352 0.5663109756097561 0.7355212355212355 0.6417682926829268 0.7362934362934362 0.6432926829268293 0.7362934362934362 0.7210365853658537 0.7359073359073359 0.7217987804878049