0 0.3011204481792717 0.18179460580912862 0.26330532212885155 0.18179460580912862 0.2631886087768441 0.09802904564315353 0.3011204481792717 0.09776970954356846 0.30123716153127916 0.18153526970954356 0.3011204481792717 0.18179460580912862
0 0.3531746031746032 0.19942946058091288 0.30275443510737626 0.19942946058091288 0.3026377217553688 0.09802904564315353 0.35644257703081234 0.09776970954356846 0.3565592903828198 0.17686721991701246 0.35340802987861814 0.17712655601659752 0.35329131652661067 0.1991701244813278 0.3531746031746032 0.19942946058091288
0 0.4049953314659197 0.23936721991701246 0.3585434173669468 0.23936721991701246 0.3584267040149393 0.129149377593361 0.4049953314659197 0.12889004149377592 0.4051120448179272 0.2391078838174274 0.4049953314659197 0.23936721991701246
0 0.2861811391223156 0.2404045643153527 0.26330532212885155 0.2404045643153527 0.2631886087768441 0.18516597510373445 0.2861811391223156 0.1849066390041494 0.28629785247432304 0.24014522821576764 0.2861811391223156 0.2404045643153527
0 0.3566760037348273 0.3275414937759336 0.3330999066293184 0.3275414937759336 0.3329831932773109 0.2546680497925311 0.33169934640522875 0.25440871369294604 0.3315826330532213 0.27385892116182575 0.3025210084033613 0.2741182572614108 0.30240429505135386 0.24066390041493776 0.28781512605042014 0.2404045643153527 0.2876984126984127 0.18516597510373445 0.3011204481792717 0.1849066390041494 0.30123716153127916 0.20228215767634855 0.35830999066293184 0.2025414937759336 0.3584267040149393 0.2391078838174274 0.3569094304388422 0.23936721991701246 0.35679271708683474 0.32728215767634855 0.3566760037348273 0.3275414937759336
0 0.4049953314659197 0.3275414937759336 0.35830999066293184 0.3275414937759336 0.3581932773109244 0.24273858921161826 0.4049953314659197 0.2424792531120332 0.4051120448179272 0.32728215767634855 0.4049953314659197 0.3275414937759336
0 0.3011204481792717 0.3275414937759336 0.26330532212885155 0.3275414937759336 0.2631886087768441 0.24325726141078838 0.3011204481792717 0.24299792531120332 0.30123716153127916 0.32728215767634855 0.3011204481792717 0.3275414937759336
0 0.3314659197012138 0.3275414937759336 0.3025210084033613 0.3275414937759336 0.30240429505135386 0.2857883817427386 0.3099906629318394 0.2855290456431535 0.3101073762838469 0.27645228215767637 0.3314659197012138 0.2761929460580913 0.3315826330532213 0.32728215767634855 0.3314659197012138 0.3275414937759336
0 0.25980392156862747 0.5604253112033195 0.20681605975723621 0.5604253112033195 0.20669934640522875 0.40352697095435686 0.25980392156862747 0.4032676348547718 0.25992063492063494 0.5601659751037344 0.25980392156862747 0.5604253112033195
0 0.3006535947712418 0.5059647302904564 0.26447245564892624 0.5059647302904564 0.26435574229691877 0.41234439834024894 0.3006535947712418 0.4120850622406639 0.3007703081232493 0.5057053941908713 0.3006535947712418 0.5059647302904564
0 0.32492997198879553 0.45357883817427386 0.3025210084033613 0.45357883817427386 0.30240429505135386 0.41234439834024894 0.32492997198879553 0.4120850622406639 0.325046685340803 0.4533195020746888 0.32492997198879553 0.45357883817427386
0 0.3562091503267974 0.45357883817427386 0.32703081232493 0.45357883817427386 0.3269140989729225 0.42531120331950206 0.3562091503267974 0.425051867219917 0.35632586367880487 0.4533195020746888 0.3562091503267974 0.45357883817427386
0 0.40522875816993464 0.5230809128630706 0.3580765639589169 0.5230809128630706 0.35795985060690944 0.491701244813278 0.35527544351073764 0.4914419087136929 0.3551587301587302 0.4579875518672199 0.35784313725490197 0.45772821576763484 0.35795985060690944 0.44398340248962653 0.40522875816993464 0.44372406639004147 0.4053454715219421 0.5228215767634855 0.40522875816993464 0.5230809128630706
0 0.3562091503267974 0.641338174273859 0.33239962651727356 0.641338174273859 0.3322829131652661 0.5523858921161826 0.32563025210084034 0.5521265560165975 0.3255135387488329 0.5098547717842323 0.3321661998132586 0.5095954356846473 0.3322829131652661 0.5062240663900415 0.3025210084033613 0.5059647302904564 0.30240429505135386 0.4579875518672199 0.3531746031746032 0.45772821576763484 0.35329131652661067 0.5160788381742739 0.3562091503267974 0.516338174273859 0.35632586367880487 0.6410788381742739 0.3562091503267974 0.641338174273859
0 0.299953314659197 0.641338174273859 0.26447245564892624 0.641338174273859 0.26435574229691877 0.5098547717842323 0.32376283846872084 0.5095954356846473 0.3238795518207283 0.5518672199170125 0.30018674136321194 0.5521265560165975 0.30007002801120447 0.6410788381742739 0.299953314659197 0.641338174273859
0 0.40522875816993464 0.5827282157676349 0.3580765639589169 0.5827282157676349 0.35795985060690944 0.5274896265560166 0.40522875816993464 0.5272302904564315 0.4053454715219421 0.5824688796680498 0.40522875816993464 0.5827282157676349
0 0.3302987861811391 0.641338174273859 0.30205415499533145 0.641338174273859 0.301937441643324 0.5560165975103735 0.3302987861811391 0.5557572614107884 0.3304154995331466 0.6410788381742739 0.3302987861811391 0.641338174273859
0 0.25980392156862747 0.64548755186722 0.23295985060690944 0.64548755186722 0.23284313725490197 0.5663900414937759 0.25980392156862747 0.5661307053941909 0.25992063492063494 0.6452282157676349 0.25980392156862747 0.64548755186722
0 0.40522875816993464 0.641338174273859 0.3821195144724556 0.641338174273859 0.38200280112044815 0.5871369294605809 0.40522875816993464 0.5868775933609959 0.4053454715219421 0.6410788381742739 0.40522875816993464 0.641338174273859
0 0.37978524743230624 0.641338174273859 0.3585434173669468 0.641338174273859 0.3584267040149393 0.5886929460580913 0.37978524743230624 0.5884336099585062 0.3799019607843137 0.6410788381742739 0.37978524743230624 0.641338174273859