0 0.441207075962539 0.3482068390325271 0.18522372528616024 0.3482068390325271 0.1841831425598335 0.34737281067556297 0.08012486992715921 0.34737281067556297 0.07960457856399583 0.20266889074228525 0.441207075962539 0.20225187656380317 0.4417273673257024 0.347789824854045 0.441207075962539 0.3482068390325271
0 0.6212278876170656 0.4182652210175146 0.4869927159209157 0.4182652210175146 0.48647242455775236 0.20600500417014178 0.6212278876170656 0.20558798999165973 0.6217481789802289 0.4178482068390325 0.6212278876170656 0.4182652210175146
0 0.850156087408949 0.3448707256046706 0.6285119667013528 0.3448707256046706 0.6279916753381893 0.20600500417014178 0.850156087408949 0.20558798999165973 0.8506763787721123 0.34445371142618847 0.850156087408949 0.3448707256046706
0 0.18730489073881373 0.6009174311926605 0.08012486992715921 0.6009174311926605 0.07960457856399583 0.347789824854045 0.1841831425598335 0.34737281067556297 0.18574401664932363 0.3486238532110092 0.18574401664932363 0.4053377814845705 0.18678459937565037 0.4061718098415346 0.18678459937565037 0.4628857381150959 0.1878251821019771 0.46371976647206004 0.1878251821019771 0.4920767306088407 0.15920915712799166 0.4924937447873228 0.1586888657648283 0.4962468723936614 0.18730489073881373 0.49666388657214344 0.1878251821019771 0.6005004170141784 0.18730489073881373 0.6009174311926605
0 0.441207075962539 0.4924937447873228 0.18834547346514047 0.4924937447873228 0.1878251821019771 0.46371976647206004 0.18678459937565037 0.4628857381150959 0.18678459937565037 0.4061718098415346 0.18574401664932363 0.4053377814845705 0.18574401664932363 0.3486238532110092 0.441207075962539 0.3482068390325271 0.4417273673257024 0.4920767306088407 0.441207075962539 0.4924937447873228
0 0.850156087408949 0.49416180150125105 0.627471383975026 0.49416180150125105 0.6269510926118627 0.3502919099249375 0.850156087408949 0.34987489574645536 0.8506763787721123 0.493744787322769 0.850156087408949 0.49416180150125105
0 0.6201873048907388 0.49416180150125105 0.4869927159209157 0.49416180150125105 0.48647242455775236 0.42368640533778146 0.6201873048907388 0.4232693911592994 0.6207075962539021 0.493744787322769 0.6201873048907388 0.49416180150125105
0 0.259105098855359 0.744370308590492 0.18938605619146723 0.744370308590492 0.18886576482830386 0.6413678065054211 0.21644120707596254 0.6409507923269391 0.2169614984391259 0.6013344453711427 0.19250780437044746 0.6009174311926605 0.1919875130072841 0.4962468723936614 0.25390218522372526 0.49582985821517933 0.25494276795005205 0.49666388657214344 0.2570239334027055 0.49666388657214344 0.2575442247658689 0.5679733110925771 0.25858480749219565 0.5688073394495413 0.25858480749219565 0.6580483736447039 0.2596253902185224 0.658882402001668 0.2596253902185224 0.6688907422852377 0.25858480749219565 0.6697247706422018 0.25858480749219565 0.69557964970809 0.2596253902185224 0.6964136780650542 0.2596253902185224 0.74395329441201 0.259105098855359 0.744370308590492
0 0.441207075962539 0.6993327773144287 0.34547346514047866 0.6993327773144287 0.34495317377731527 0.4962468723936614 0.441207075962539 0.49582985821517933 0.4417273673257024 0.6989157631359466 0.441207075962539 0.6993327773144287
0 0.34027055150884494 0.5800667222685572 0.26222684703433924 0.5800667222685572 0.26170655567117584 0.4970809007506255 0.34027055150884494 0.49666388657214344 0.34079084287200834 0.5796497080900751 0.34027055150884494 0.5800667222685572
0 0.850156087408949 0.6117597998331943 0.5837669094693028 0.6117597998331943 0.5832466181061394 0.5696413678065054 0.6212278876170656 0.5692243536280234 0.6217481789802289 0.5846538782318599 0.627471383975026 0.5850708924103419 0.6279916753381893 0.49958298582151794 0.850156087408949 0.4991659716430359 0.8506763787721123 0.6113427856547122 0.850156087408949 0.6117597998331943
0 0.6212278876170656 0.5642201834862385 0.4869927159209157 0.5642201834862385 0.48647242455775236 0.5004170141784821 0.6212278876170656 0.5 0.6217481789802289 0.5638031693077564 0.6212278876170656 0.5642201834862385
0 0.5764828303850156 0.5984153461217682 0.5015608740894901 0.5984153461217682 0.5010405827263268 0.5696413678065054 0.5764828303850156 0.5692243536280234 0.577003121748179 0.5979983319432861 0.5764828303850156 0.5984153461217682
0 0.34027055150884494 0.6968306922435363 0.3100936524453694 0.6968306922435363 0.309573361082206 0.6672226855713094 0.26326742976066597 0.6668056713928273 0.2627471383975026 0.5838198498748958 0.34027055150884494 0.5834028356964137 0.34079084287200834 0.6964136780650542 0.34027055150884494 0.6968306922435363
0 0.6233090530697191 0.7852376980817348 0.4869927159209157 0.7852376980817348 0.48647242455775236 0.603836530442035 0.5764828303850156 0.603419516263553 0.577003121748179 0.6163469557964971 0.6233090530697191 0.6167639699749792 0.6238293444328824 0.7848206839032527 0.6233090530697191 0.7852376980817348
0 0.1425598335067638 0.6559633027522935 0.08012486992715921 0.6559633027522935 0.07960457856399583 0.6046705587989991 0.1425598335067638 0.6042535446205171 0.14308012486992716 0.6555462885738115 0.1425598335067638 0.6559633027522935
0 0.2133194588969823 0.6376146788990825 0.14672216441207075 0.6376146788990825 0.1462018730489074 0.6046705587989991 0.2133194588969823 0.6042535446205171 0.21383975026014568 0.6371976647206005 0.2133194588969823 0.6376146788990825
0 0.7585848074921956 0.7852376980817348 0.6305931321540063 0.7852376980817348 0.6300728407908429 0.6171809841534612 0.7585848074921956 0.6167639699749792 0.759105098855359 0.7848206839032527 0.7585848074921956 0.7852376980817348
0 0.850156087408949 0.7852376980817348 0.7658688865764828 0.7852376980817348 0.7653485952133194 0.6180150125104253 0.850156087408949 0.6175979983319433 0.8506763787721123 0.7848206839032527 0.850156087408949 0.7852376980817348
0 0.2133194588969823 0.7827356130108424 0.08012486992715921 0.7827356130108424 0.07960457856399583 0.658882402001668 0.14568158168574402 0.658465387823186 0.1462018730489074 0.6413678065054211 0.1841831425598335 0.6409507923269391 0.18470343392299687 0.7464553794829024 0.2133194588969823 0.7468723936613845 0.21383975026014568 0.7823185988323603 0.2133194588969823 0.7827356130108424
0 0.3059313215400624 0.6959966638865721 0.259105098855359 0.6959966638865721 0.25858480749219565 0.6697247706422018 0.3059313215400624 0.6693077564637198 0.3064516129032258 0.69557964970809 0.3059313215400624 0.6959966638865721
0 0.34027055150884494 0.7827356130108424 0.26534859521331944 0.7827356130108424 0.2648283038501561 0.700583819849875 0.26378772112382937 0.6997497914929107 0.34027055150884494 0.6993327773144287 0.34079084287200834 0.7823185988323603 0.34027055150884494 0.7827356130108424
0 0.441207075962539 0.7785654712260217 0.34547346514047866 0.7785654712260217 0.34495317377731527 0.6997497914929107 0.441207075962539 0.6993327773144287 0.4417273673257024 0.7781484570475397 0.441207075962539 0.7785654712260217
0 0.259105098855359 0.7827356130108424 0.21748178980228927 0.7827356130108424 0.2169614984391259 0.7472894078398665 0.259105098855359 0.7468723936613845 0.2596253902185224 0.7823185988323603 0.259105098855359 0.7827356130108424
0 0.13111342351716962 0.9720600500417014 0.07180020811654526 0.9720600500417014 0.0712799167533819 0.8315262718932444 0.13111342351716962 0.8311092577147623 0.13163371488033299 0.9716430358632193 0.13111342351716962 0.9720600500417014