0 0.3460601137286759 0.2608836907082521 0.1990251827782291 0.2608836907082521 0.19861900893582454 0.14554905782975958 0.3460601137286759 0.145224171539961 0.34646628757108044 0.2605588044184535 0.3460601137286759 0.2608836907082521
0 0.5597075548334687 0.310916179337232 0.5255889520714866 0.310916179337232 0.525182778229082 0.2982456140350877 0.35255889520714867 0.29792072774528916 0.3521527213647441 0.14554905782975958 0.6653127538586515 0.145224171539961 0.665718927701056 0.29759584145549056 0.5605199025182778 0.29792072774528916 0.5601137286758733 0.3105912930474334 0.5597075548334687 0.310916179337232
0 0.3460601137286759 0.3505523066926576 0.1990251827782291 0.3505523066926576 0.19861900893582454 0.26575698505523065 0.3460601137286759 0.2654320987654321 0.34646628757108044 0.350227420402859 0.3460601137286759 0.3505523066926576
0 0.4256701868399675 0.40903183885640026 0.35255889520714867 0.40903183885640026 0.3521527213647441 0.2982456140350877 0.4256701868399675 0.29792072774528916 0.42607636068237204 0.3521767381416504 0.44597887896019495 0.352501624431449 0.4463850528025995 0.3807667316439246 0.4264825345247766 0.3810916179337232 0.42607636068237204 0.40870695256660167 0.4256701868399675 0.40903183885640026
0 0.6653127538586515 0.44671864847303444 0.5255889520714866 0.44671864847303444 0.525182778229082 0.3300844704353476 0.5662063363119415 0.32975958414554907 0.5666125101543461 0.30344379467186483 0.5800162469536961 0.3031189083820663 0.5804224207961007 0.2982456140350877 0.6653127538586515 0.29792072774528916 0.665718927701056 0.44639376218323584 0.6653127538586515 0.44671864847303444
0 0.5190901705930138 0.3810916179337232 0.45329000812347686 0.3810916179337232 0.4528838342810723 0.3476283300844704 0.4337936636880585 0.3473034437946719 0.43338748984565395 0.30344379467186483 0.5190901705930138 0.3031189083820663 0.5194963444354184 0.3807667316439246 0.5190901705930138 0.3810916179337232
0 0.3460601137286759 0.44671864847303444 0.1990251827782291 0.44671864847303444 0.19861900893582454 0.35607537361923325 0.3460601137286759 0.3557504873294347 0.34646628757108044 0.44639376218323584 0.3460601137286759 0.44671864847303444
0 0.5190901705930138 0.44671864847303444 0.4329813160032494 0.44671864847303444 0.43257514216084486 0.3866146848602989 0.5190901705930138 0.38628979857050033 0.5194963444354184 0.44639376218323584 0.5190901705930138 0.44671864847303444
0 0.7164906580016247 0.4987004548408057 0.5970755483346872 0.4987004548408057 0.5966693744922827 0.4522417153996101 0.6718115353371243 0.45191682910981157 0.6722177091795288 0.4015594541910331 0.8009748172217709 0.4012345679012346 0.8013809910641755 0.44639376218323584 0.7173030056864338 0.44671864847303444 0.7168968318440292 0.4983755685510071 0.7164906580016247 0.4987004548408057
0 0.4256701868399675 0.44671864847303444 0.3761169780666125 0.44671864847303444 0.37571080422420794 0.41455490578297594 0.4256701868399675 0.4142300194931774 0.42607636068237204 0.44639376218323584 0.4256701868399675 0.44671864847303444
0 0.8009748172217709 0.5584795321637427 0.7238017871649066 0.5584795321637427 0.723395613322502 0.4522417153996101 0.8009748172217709 0.45191682910981157 0.8013809910641755 0.5581546458739441 0.8009748172217709 0.5584795321637427
0 0.7018683996750609 0.5584795321637427 0.5970755483346872 0.5584795321637427 0.5966693744922827 0.5042235217673814 0.7018683996750609 0.5038986354775828 0.7022745735174655 0.5581546458739441 0.7018683996750609 0.5584795321637427
0 0.7018683996750609 0.6293047433398311 0.5970755483346872 0.6293047433398311 0.5966693744922827 0.5640025990903184 0.7018683996750609 0.5636777128005198 0.7022745735174655 0.6289798570500325 0.7018683996750609 0.6293047433398311
0 0.8009748172217709 0.6293047433398311 0.7091795288383428 0.6293047433398311 0.7087733549959383 0.5640025990903184 0.8009748172217709 0.5636777128005198 0.8013809910641755 0.6289798570500325 0.8009748172217709 0.6293047433398311
0 0.8009748172217709 0.7456140350877193 0.5385865150284321 0.7456140350877193 0.5381803411860276 0.6348278102664068 0.8009748172217709 0.6345029239766082 0.8013809910641755 0.7452891487979207 0.8009748172217709 0.7456140350877193
0 0.8009748172217709 0.8606237816764133 0.5385865150284321 0.8606237816764133 0.5381803411860276 0.751137102014295 0.8009748172217709 0.7508122157244964 0.8013809910641755 0.8602988953866146 0.8009748172217709 0.8606237816764133