0 0.46325878594249204 0.4336734693877551 0.1182108626198083 0.4336734693877551 0.11661341853035144 0.25510204081632654 0.34824281150159747 0.2540816326530612 0.3514376996805112 0.25612244897959185 0.46325878594249204 0.25612244897959185 0.46485623003194887 0.4326530612244898 0.46325878594249204 0.4336734693877551
0 0.6837060702875399 0.42959183673469387 0.5431309904153354 0.42959183673469387 0.5415335463258786 0.2571428571428571 0.7571884984025559 0.25612244897959185 0.7587859424920128 0.40408163265306124 0.6869009584664537 0.4051020408163265 0.6853035143769968 0.42857142857142855 0.6837060702875399 0.42959183673469387
0 0.8817891373801917 0.3295918367346939 0.7699680511182109 0.3295918367346939 0.768370607028754 0.2612244897959184 0.8817891373801917 0.2602040816326531 0.8833865814696485 0.32857142857142857 0.8817891373801917 0.3295918367346939
0 0.853035143769968 0.47244897959183674 0.7635782747603834 0.47244897959183674 0.7619808306709265 0.336734693877551 0.8849840255591054 0.3357142857142857 0.8865814696485623 0.46122448979591835 0.8562300319488818 0.46224489795918366 0.854632587859425 0.4714285714285714 0.853035143769968 0.47244897959183674
0 0.7795527156549521 0.523469387755102 0.5431309904153354 0.523469387755102 0.5415335463258786 0.4346938775510204 0.6869009584664537 0.4336734693877551 0.6884984025559105 0.4142857142857143 0.7571884984025559 0.413265306122449 0.7587859424920128 0.47551020408163264 0.7795527156549521 0.47653061224489796 0.7811501597444089 0.5224489795918368 0.7795527156549521 0.523469387755102
0 0.28115015974440893 0.613265306122449 0.2012779552715655 0.613265306122449 0.1853035143769968 0.6030612244897959 0.1805111821086262 0.6020408163265306 0.1757188498402556 0.5969387755102041 0.15335463258785942 0.5846938775510204 0.1182108626198083 0.5846938775510204 0.11661341853035144 0.4346938775510204 0.28115015974440893 0.4336734693877551 0.2827476038338658 0.6122448979591837 0.28115015974440893 0.613265306122449
0 0.46325878594249204 0.5663265306122449 0.29073482428115016 0.5663265306122449 0.28913738019169327 0.4387755102040816 0.44089456869009586 0.4377551020408163 0.4424920127795527 0.45102040816326533 0.46006389776357826 0.4520408163265306 0.46166134185303515 0.4387755102040816 0.46485623003194887 0.4387755102040816 0.46485623003194887 0.5653061224489796 0.46325878594249204 0.5663265306122449
0 0.8849840255591054 0.523469387755102 0.7859424920127795 0.523469387755102 0.7843450479233227 0.4775510204081633 0.853035143769968 0.47653061224489796 0.854632587859425 0.4816326530612245 0.8849840255591054 0.4826530612244898 0.8865814696485623 0.5224489795918368 0.8849840255591054 0.523469387755102
0 0.7060702875399361 0.6785714285714286 0.5431309904153354 0.6785714285714286 0.5415335463258786 0.5285714285714286 0.7060702875399361 0.5275510204081633 0.707667731629393 0.6775510204081633 0.7060702875399361 0.6785714285714286
0 0.8849840255591054 0.6785714285714286 0.7156549520766773 0.6785714285714286 0.7140575079872205 0.5285714285714286 0.8849840255591054 0.5275510204081633 0.8865814696485623 0.6775510204081633 0.8849840255591054 0.6785714285714286
0 0.46325878594249204 0.676530612244898 0.29073482428115016 0.676530612244898 0.28913738019169327 0.5673469387755102 0.46325878594249204 0.5663265306122449 0.46485623003194887 0.6755102040816326 0.46325878594249204 0.676530612244898
0 0.19488817891373802 0.676530612244898 0.1182108626198083 0.676530612244898 0.11661341853035144 0.5897959183673469 0.1501597444089457 0.5887755102040816 0.15335463258785942 0.5908163265306122 0.16134185303514376 0.5938775510204082 0.16293929712460065 0.5969387755102041 0.17092651757188498 0.6 0.17252396166134185 0.6030612244897959 0.1964856230031949 0.6163265306122448 0.1964856230031949 0.6755102040816326 0.19488817891373802 0.676530612244898
0 0.28115015974440893 0.676530612244898 0.20447284345047922 0.676530612244898 0.20287539936102236 0.6183673469387755 0.28115015974440893 0.6173469387755102 0.2827476038338658 0.6755102040816326 0.28115015974440893 0.676530612244898