0 0.27858568577131454 0.5574596774193549 0.11348731109210151 0.5574596774193549 0.11334473909324208 0.2721774193548387 0.27858568577131454 0.2719758064516129 0.27872825777017396 0.557258064516129 0.27858568577131454 0.5574596774193549
0 0.4354148845166809 0.5574596774193549 0.2911320216709438 0.5574596774193549 0.2909894496720844 0.2778225806451613 0.4354148845166809 0.2776209677419355 0.43555745651554034 0.557258064516129 0.4354148845166809 0.5574596774193549
0 0.5032791559737667 0.37116935483870966 0.44168805246649556 0.37116935483870966 0.44154548046763614 0.2778225806451613 0.5032791559737667 0.2776209677419355 0.5034217279726262 0.3709677419354839 0.5032791559737667 0.37116935483870966
0 0.5086968919304249 0.2784274193548387 0.5085543199315654 0.2778225806451613 0.5088394639292843 0.2778225806451613 0.5086968919304249 0.2784274193548387
0 0.6777872825777017 0.4844758064516129 0.5089820359281437 0.4844758064516129 0.5085543199315654 0.4838709677419355 0.5085543199315654 0.2786290322580645 0.5088394639292843 0.2782258064516129 0.5089820359281437 0.2776209677419355 0.7624750499001997 0.2776209677419355 0.762617621899059 0.44516129032258067 0.7450812660393499 0.44536290322580646 0.7449386940404904 0.4092741935483871 0.7331052181351583 0.4090725806451613 0.7329626461362988 0.44516129032258067 0.6909039064727688 0.44536290322580646 0.6907613344739093 0.4092741935483871 0.6786427145708582 0.4090725806451613 0.6785001425719989 0.4495967741935484 0.7624750499001997 0.44979838709677417 0.762617621899059 0.4838709677419355 0.6780724265754206 0.4840725806451613 0.6777872825777017 0.4844758064516129
0 0.8522954091816367 0.4163306451612903 0.7687482178500142 0.4163306451612903 0.7686056458511549 0.2778225806451613 0.8545765611633875 0.2776209677419355 0.8547191331622469 0.3153225806451613 0.8594240091246079 0.3155241935483871 0.8595665811234674 0.2778225806451613 0.9369831765041345 0.2776209677419355 0.937125748502994 0.3786290322580645 0.8525805531793555 0.37883064516129034 0.8524379811804962 0.4161290322580645 0.8522954091816367 0.4163306451612903
0 0.5032791559737667 0.4844758064516129 0.44168805246649556 0.4844758064516129 0.44154548046763614 0.3782258064516129 0.5032791559737667 0.3780241935483871 0.5034217279726262 0.4842741935483871 0.5032791559737667 0.4844758064516129
0 0.9369831765041345 0.5155241935483871 0.8597091531223268 0.5155241935483871 0.8595665811234674 0.38629032258064516 0.9369831765041345 0.3860887096774194 0.937125748502994 0.5153225806451613 0.9369831765041345 0.5155241935483871
0 0.8522954091816367 0.5502016129032258 0.7687482178500142 0.5502016129032258 0.7686056458511549 0.42338709677419356 0.8522954091816367 0.4231854838709677 0.8524379811804962 0.55 0.8522954091816367 0.5502016129032258
0 0.7624750499001997 0.7901209677419355 0.5392072996863416 0.7901209677419355 0.5390647276874821 0.5802419354838709 0.5380667236954663 0.5800403225806452 0.5379241516966068 0.49193548387096775 0.6777872825777017 0.49173387096774196 0.6779298545765612 0.4842741935483871 0.7624750499001997 0.4840725806451613 0.762617621899059 0.7899193548387097 0.7624750499001997 0.7901209677419355
0 0.5320786997433704 0.6804435483870968 0.44168805246649556 0.6804435483870968 0.44154548046763614 0.49193548387096775 0.5377815796977473 0.49173387096774196 0.5379241516966068 0.5798387096774194 0.5323638437410892 0.5800403225806452 0.5322212717422298 0.680241935483871 0.5320786997433704 0.6804435483870968
0 0.9369831765041345 0.7901209677419355 0.7687482178500142 0.7901209677419355 0.7686056458511549 0.5612903225806452 0.8594240091246079 0.5610887096774193 0.8595665811234674 0.5225806451612903 0.9369831765041345 0.5223790322580645 0.937125748502994 0.7899193548387097 0.9369831765041345 0.7901209677419355
0 0.4354148845166809 0.7901209677419355 0.2911320216709438 0.7901209677419355 0.2909894496720844 0.5641129032258064 0.4354148845166809 0.5639112903225807 0.43555745651554034 0.7899193548387097 0.4354148845166809 0.7901209677419355
0 0.27858568577131454 0.7977822580645161 0.11348731109210151 0.7977822580645161 0.11334473909324208 0.5665322580645161 0.27858568577131454 0.5663306451612903 0.27872825777017396 0.7975806451612903 0.27858568577131454 0.7977822580645161
0 0.5320786997433704 0.7409274193548387 0.44168805246649556 0.7409274193548387 0.44154548046763614 0.6891129032258064 0.5320786997433704 0.6889112903225807 0.5322212717422298 0.7407258064516129 0.5320786997433704 0.7409274193548387