0 0.3027237354085603 0.3505897771952818 0.07003891050583658 0.3505897771952818 0.06964980544747082 0.07470511140235911 0.36264591439688715 0.07404980340760157 0.3630350194552529 0.2817824377457405 0.3603112840466926 0.2850589777195282 0.3587548638132296 0.28636959370904325 0.3556420233463035 0.2903014416775885 0.35330739299610897 0.2929226736566186 0.35019455252918286 0.29685452162516385 0.3486381322957198 0.2981651376146789 0.3463035019455253 0.300786369593709 0.34396887159533074 0.30340760157273916 0.3408560311284047 0.3073394495412844 0.3377431906614786 0.3112712975098296 0.3361867704280156 0.31258191349934467 0.333852140077821 0.31520314547837486 0.33151750972762645 0.317824377457405 0.3284046692607004 0.32175622542595017 0.32684824902723736 0.32306684141546527 0.3256809338521401 0.3237221494102228 0.32529182879377433 0.3256880733944954 0.3237354085603113 0.3269986893840105 0.32217898832684827 0.32830930537352554 0.31906614785992216 0.33224115334207077 0.3175097276264591 0.33355176933158587 0.31634241245136185 0.33420707732634336 0.3159533073929961 0.336173001310616 0.31439688715953307 0.33748361730013104 0.31284046692607004 0.33879423328964614 0.31167315175097277 0.3394495412844037 0.311284046692607 0.3414154652686763 0.309727626459144 0.3427260812581914 0.30739299610894943 0.3453473132372215 0.3050583657587549 0.34796854521625165 0.3027237354085603 0.3505897771952818
0 0.5867704280155642 0.4842726081258191 0.3657587548638132 0.4842726081258191 0.36536964980544745 0.28964613368283093 0.36770428015564205 0.2857142857142857 0.36770428015564205 0.07470511140235911 0.6980544747081712 0.07404980340760157 0.6984435797665369 0.4796854521625164 0.5875486381322957 0.4803407601572739 0.58715953307393 0.4836173001310616 0.5867704280155642 0.4842726081258191
0 0.8926070038910506 0.32306684141546527 0.7042801556420234 0.32306684141546527 0.7038910505836576 0.11926605504587157 0.8926070038910506 0.11861074705111402 0.8929961089494164 0.3224115334207077 0.8926070038910506 0.32306684141546527
0 0.4723735408560311 0.8040629095674967 0.3649805447470817 0.8040629095674967 0.36459143968871593 0.49934469200524245 0.1642023346303502 0.4986893840104849 0.16381322957198444 0.35910878112712974 0.3050583657587549 0.3584534731323722 0.3058365758754864 0.35714285714285715 0.30817120622568095 0.354521625163827 0.309727626459144 0.3532110091743119 0.31284046692607004 0.3492791612057667 0.3151750972762646 0.34665792922673655 0.31828793774319064 0.3427260812581914 0.31984435797665367 0.3414154652686763 0.3229571984435798 0.33748361730013104 0.3245136186770428 0.336173001310616 0.3276264591439689 0.33224115334207077 0.3291828793774319 0.3309305373525557 0.3303501945525292 0.3302752293577982 0.33073929961089493 0.32830930537352554 0.33229571984435796 0.3269986893840105 0.333852140077821 0.3256880733944954 0.33501945525291826 0.32503276539973786 0.335408560311284 0.32306684141546527 0.3369649805447471 0.32175622542595017 0.34007782101167316 0.317824377457405 0.3424124513618677 0.31520314547837486 0.34474708171206225 0.31258191349934467 0.3463035019455253 0.3112712975098296 0.34941634241245134 0.3073394495412844 0.35252918287937746 0.30340760157273916 0.354863813229572 0.300786369593709 0.35797665369649806 0.29685452162516385 0.3595330739299611 0.29554390563564875 0.36186770428015563 0.2929226736566186 0.3649805447470817 0.2889908256880734 0.36536964980544745 0.4836173001310616 0.4754863813229572 0.4842726081258191 0.47587548638132293 0.5439056356487549 0.47315175097276263 0.5445609436435125 0.4727626459143969 0.8034076015727392 0.4723735408560311 0.8040629095674967
0 0.890272373540856 0.4803407601572739 0.8093385214007782 0.4803407601572739 0.8089494163424125 0.3328964613368283 0.8918287937743191 0.33224115334207077 0.8922178988326849 0.3905635648754915 0.8914396887159534 0.3918741808650065 0.8914396887159534 0.44954128440366975 0.8906614785992218 0.4508519003931848 0.8906614785992218 0.4796854521625164 0.890272373540856 0.4803407601572739
0 0.8015564202334631 0.4803407601572739 0.7260700389105058 0.4803407601572739 0.72568093385214 0.418086500655308 0.708171206225681 0.41743119266055045 0.7077821011673152 0.33551769331585846 0.8015564202334631 0.3348623853211009 0.8019455252918288 0.4796854521625164 0.8015564202334631 0.4803407601572739
0 0.15797665369649805 0.4986893840104849 0.07003891050583658 0.4986893840104849 0.06964980544747082 0.35910878112712974 0.15797665369649805 0.3584534731323722 0.1583657587548638 0.4980340760157274 0.15797665369649805 0.4986893840104849
0 0.6980544747081712 0.8040629095674967 0.4778210116731518 0.8040629095674967 0.477431906614786 0.5543905635648755 0.5050583657587548 0.5537352555701179 0.5054474708171206 0.54521625163827 0.4762645914396887 0.5445609436435125 0.47587548638132293 0.4849279161205767 0.5867704280155642 0.4842726081258191 0.58715953307393 0.5334207077326344 0.5914396887159533 0.5340760157273918 0.5918287937743191 0.4888597640891219 0.6980544747081712 0.48820445609436436 0.6984435797665369 0.8034076015727392 0.6980544747081712 0.8040629095674967
0 0.7844357976653696 0.5563564875491481 0.7042801556420234 0.5563564875491481 0.7038910505836576 0.4888597640891219 0.7844357976653696 0.48820445609436436 0.7848249027237354 0.5557011795543906 0.7844357976653696 0.5563564875491481
0 0.8326848249027238 0.8040629095674967 0.7042801556420234 0.8040629095674967 0.7038910505836576 0.564875491480996 0.7898832684824902 0.5642201834862385 0.790272373540856 0.4888597640891219 0.8926070038910506 0.48820445609436436 0.8929961089494164 0.6657929226736566 0.8334630350194553 0.6664482306684142 0.8330739299610895 0.8034076015727392 0.8326848249027238 0.8040629095674967
0 0.21245136186770427 0.7581913499344692 0.07003891050583658 0.7581913499344692 0.06964980544747082 0.5072083879423329 0.21245136186770427 0.5065530799475754 0.21284046692607003 0.7575360419397117 0.21245136186770427 0.7581913499344692
0 0.3595330739299611 0.7581913499344692 0.2178988326848249 0.7581913499344692 0.21750972762645915 0.5072083879423329 0.3595330739299611 0.5065530799475754 0.35992217898832685 0.7575360419397117 0.3595330739299611 0.7581913499344692
0 0.8926070038910506 0.8040629095674967 0.8389105058365759 0.8040629095674967 0.8385214007782101 0.6749672346002621 0.8926070038910506 0.6743119266055045 0.8929961089494164 0.8034076015727392 0.8926070038910506 0.8040629095674967