0 0.5571428571428572 0.4720558882235529 0.05357142857142857 0.4720558882235529 0.05178571428571429 0.2215568862275449 0.5571428571428572 0.22055888223552894 0.5589285714285714 0.47105788423153694 0.5571428571428572 0.4720558882235529
0 0.7285714285714285 0.4720558882235529 0.5678571428571428 0.4720558882235529 0.5660714285714286 0.2215568862275449 0.9357142857142857 0.22055888223552894 0.9375 0.4311377245508982 0.7321428571428571 0.43213572854291415 0.7303571428571428 0.47105788423153694 0.7285714285714285 0.4720558882235529
0 0.925 0.5499001996007984 0.7428571428571429 0.5499001996007984 0.7410714285714286 0.43912175648702595 0.925 0.43812375249500995 0.9267857142857143 0.5489021956087824 0.925 0.5499001996007984
0 0.32857142857142857 0.6696606786427146 0.05357142857142857 0.6696606786427146 0.05178571428571429 0.47305389221556887 0.2571428571428571 0.4720558882235529 0.25892857142857145 0.6287425149700598 0.32857142857142857 0.6297405189620758 0.33035714285714285 0.6686626746506986 0.32857142857142857 0.6696606786427146
0 0.4714285714285714 0.783433133732535 0.33214285714285713 0.783433133732535 0.33035714285714285 0.6307385229540918 0.26071428571428573 0.6297405189620758 0.25892857142857145 0.47305389221556887 0.4714285714285714 0.4720558882235529 0.4732142857142857 0.782435129740519 0.4714285714285714 0.783433133732535
0 0.7285714285714285 0.6397205588822356 0.48214285714285715 0.6397205588822356 0.48035714285714287 0.47904191616766467 0.7285714285714285 0.4780439121756487 0.7303571428571428 0.6387225548902196 0.7285714285714285 0.6397205588822356
0 0.9357142857142857 0.6397205588822356 0.7392857142857143 0.6397205588822356 0.7375 0.5568862275449101 0.9357142857142857 0.5558882235528942 0.9375 0.6387225548902196 0.9357142857142857 0.6397205588822356
0 0.9357142857142857 0.8532934131736527 0.48214285714285715 0.8532934131736527 0.48035714285714287 0.6467065868263473 0.9357142857142857 0.6457085828343313 0.9375 0.8522954091816367 0.9357142857142857 0.8532934131736527
0 0.33214285714285713 0.8532934131736527 0.05357142857142857 0.8532934131736527 0.05178571428571429 0.6706586826347305 0.32857142857142857 0.6696606786427146 0.33035714285714285 0.782435129740519 0.3339285714285714 0.7844311377245509 0.3339285714285714 0.8522954091816367 0.33214285714285713 0.8532934131736527
0 0.4714285714285714 0.8532934131736527 0.3464285714285714 0.8532934131736527 0.34464285714285714 0.7884231536926147 0.4714285714285714 0.7874251497005988 0.4732142857142857 0.8522954091816367 0.4714285714285714 0.8532934131736527
0 0.9357142857142857 0.9650698602794411 0.6357142857142857 0.9650698602794411 0.6339285714285714 0.8662674650698603 0.9357142857142857 0.8652694610778443 0.9375 0.9640718562874252 0.9357142857142857 0.9650698602794411