0 0.5818476499189628 0.3969816272965879 0.5224203133441383 0.3969816272965879 0.52215018908698 0.15616797900262466 0.5818476499189628 0.15551181102362205 0.582117774176121 0.3963254593175853 0.5818476499189628 0.3969816272965879
0 0.6250675310642896 0.2841207349081365 0.5856293895191789 0.2841207349081365 0.5853592652620205 0.15616797900262466 0.6250675310642896 0.15551181102362205 0.6253376553214479 0.28346456692913385 0.6250675310642896 0.2841207349081365
0 0.678011885467315 0.37860892388451445 0.6288492706645057 0.37860892388451445 0.6285791464073474 0.1968503937007874 0.6472177201512695 0.19619422572178477 0.6474878444084279 0.16666666666666666 0.6288492706645057 0.16601049868766404 0.6285791464073474 0.15616797900262466 0.678011885467315 0.15551181102362205 0.6782820097244733 0.3779527559055118 0.678011885467315 0.37860892388451445
0 0.8287412209616424 0.3825459317585302 0.700162074554295 0.3825459317585302 0.6998919502971367 0.37926509186351703 0.681793625067531 0.37860892388451445 0.6815235008103727 0.15616797900262466 0.8476499189627229 0.15551181102362205 0.8479200432198811 0.3766404199475066 0.8292814694759589 0.37729658792650916 0.8290113452188006 0.38188976377952755 0.8287412209616424 0.3825459317585302
0 0.9827120475418692 0.3799212598425197 0.8514316585629389 0.3799212598425197 0.8511615343057807 0.15616797900262466 0.9827120475418692 0.15551181102362205 0.9829821717990276 0.37926509186351703 0.9827120475418692 0.3799212598425197
0 0.11885467314964884 0.3195538057742782 0.029173419773095625 0.3195538057742782 0.02890329551593733 0.15748031496062992 0.11885467314964884 0.1568241469816273 0.11912479740680713 0.3188976377952756 0.11885467314964884 0.3195538057742782
0 0.21988114532685035 0.3195538057742782 0.12371690977849811 0.3195538057742782 0.12344678552133982 0.15748031496062992 0.21988114532685035 0.1568241469816273 0.22015126958400866 0.3188976377952756 0.21988114532685035 0.3195538057742782
0 0.3122636412749865 0.4625984251968504 0.22474338195569962 0.4625984251968504 0.22447325769854132 0.16666666666666666 0.3122636412749865 0.16601049868766404 0.3125337655321448 0.46194225721784776 0.3122636412749865 0.4625984251968504
0 0.37763371150729336 0.43372703412073493 0.3165856293895192 0.43372703412073493 0.3163155051323609 0.16666666666666666 0.37763371150729336 0.16601049868766404 0.37790383576445163 0.4330708661417323 0.37763371150729336 0.43372703412073493
0 0.48244192328471097 0.43372703412073493 0.381955699621826 0.43372703412073493 0.38168557536466774 0.16666666666666666 0.48244192328471097 0.16601049868766404 0.48271204754186925 0.4330708661417323 0.48244192328471097 0.43372703412073493
0 0.6861156131820637 0.702755905511811 0.5840086439762291 0.702755905511811 0.5837385197190708 0.6338582677165354 0.5850891410048622 0.6332020997375328 0.5853592652620205 0.2926509186351706 0.6250675310642896 0.291994750656168 0.6253376553214479 0.3858267716535433 0.6963803349540789 0.38648293963254593 0.6966504592112371 0.45931758530183725 0.6866558616963804 0.4599737532808399 0.686385737439222 0.7020997375328084 0.6861156131820637 0.702755905511811
0 0.195569962182604 0.5400262467191601 0.10804970286331712 0.5400262467191601 0.10777957860615883 0.32808398950131235 0.195569962182604 0.3274278215223097 0.19584008643976228 0.5393700787401575 0.195569962182604 0.5400262467191601
0 0.21988114532685035 0.4625984251968504 0.19611021069692058 0.4625984251968504 0.19584008643976228 0.32808398950131235 0.21988114532685035 0.3274278215223097 0.22015126958400866 0.46194225721784776 0.21988114532685035 0.4625984251968504
0 0.10156672069151809 0.46653543307086615 0.031334413830361965 0.46653543307086615 0.031064289573203674 0.3333333333333333 0.10156672069151809 0.33267716535433073 0.1018368449486764 0.4658792650918635 0.10156672069151809 0.46653543307086615
0 0.8417071853052404 0.928477690288714 0.690977849810913 0.928477690288714 0.6907077255537547 0.7034120734908137 0.6896272285251216 0.7020997375328084 0.6896272285251216 0.4671916010498688 0.6996218260399784 0.46653543307086615 0.6998919502971367 0.38320209973753283 0.8287412209616424 0.3825459317585302 0.8290113452188006 0.3858267716535433 0.8854673149648838 0.38648293963254593 0.8857374392220422 0.5538057742782152 0.9043760129659644 0.5544619422572179 0.9046461372231226 0.7020997375328084 0.842247433819557 0.702755905511811 0.8419773095623987 0.9278215223097113 0.8417071853052404 0.928477690288714
0 0.9827120475418692 0.702755905511811 0.9076175040518638 0.702755905511811 0.9073473797947056 0.547244094488189 0.8892490545651 0.5465879265091863 0.8889789303079416 0.38713910761154857 0.9827120475418692 0.38648293963254593 0.9829821717990276 0.7020997375328084 0.9827120475418692 0.702755905511811
0 0.5834683954619124 0.702755905511811 0.5224203133441383 0.702755905511811 0.52215018908698 0.40551181102362205 0.5818476499189628 0.4048556430446194 0.582117774176121 0.6325459317585301 0.5834683954619124 0.6332020997375328 0.5837385197190708 0.7020997375328084 0.5834683954619124 0.702755905511811
0 0.48244192328471097 0.6909448818897638 0.3490005402485143 0.6909448818897638 0.348730415991356 0.5577427821522309 0.3160453808752026 0.5570866141732284 0.3163155051323609 0.4435695538057743 0.48244192328471097 0.44291338582677164 0.48271204754186925 0.6902887139107612 0.48244192328471097 0.6909448818897638
0 0.27660723933009185 0.7276902887139107 0.1998919502971367 0.7276902887139107 0.19962182603997838 0.47244094488188976 0.3160453808752026 0.4717847769028871 0.3163155051323609 0.5551181102362205 0.315505132360886 0.5570866141732284 0.3122636412749865 0.5570866141732284 0.3119935170178282 0.6902887139107612 0.2771474878444084 0.6909448818897638 0.2768773635872501 0.7270341207349081 0.27660723933009185 0.7276902887139107
0 0.10318746623446785 0.6883202099737533 0.031334413830361965 0.6883202099737533 0.031064289573203674 0.4816272965879265 0.10318746623446785 0.4809711286089239 0.10345759049162614 0.6876640419947506 0.10318746623446785 0.6883202099737533
0 0.195569962182604 0.6883202099737533 0.10804970286331712 0.6883202099737533 0.10777957860615883 0.5498687664041995 0.195569962182604 0.5492125984251969 0.19584008643976228 0.6876640419947506 0.195569962182604 0.6883202099737533
0 0.34467855213398163 0.6909448818897638 0.3160453808752026 0.6909448818897638 0.3157752566180443 0.5669291338582677 0.34467855213398163 0.5662729658792651 0.3449486763911399 0.6902887139107612 0.34467855213398163 0.6909448818897638
0 0.3408968125337655 0.9166666666666666 0.1998919502971367 0.9166666666666666 0.19962182603997838 0.7388451443569554 0.28038897893030795 0.7381889763779528 0.28065910318746623 0.7007874015748031 0.3408968125337655 0.7001312335958005 0.3411669367909238 0.916010498687664 0.3408968125337655 0.9166666666666666