0 0.19683354728284125 0.5695704779189352 0.19619169875909284 0.5692679975801573 0.19619169875909284 0.5396249243799153 0.07060333761232349 0.5393224440411373 0.07038938810440735 0.47368421052631576 0.03979460847240052 0.4733817301875378 0.03958065896448438 0.0822746521476104 0.3196405648267009 0.08197217180883243 0.31985451433461703 0.5680580762250453 0.1972614462986735 0.5683605565638233 0.19683354728284125 0.5695704779189352
0 0.3286264441591784 0.08257713248638839 0.32798459563543003 0.0822746521476104 0.3286264441591784 0.08197217180883243 0.3286264441591784 0.08257713248638839
0 0.496790757381258 0.5695704779189352 0.3500213949507916 0.5695704779189352 0.3498074454428755 0.4724742891712039 0.3281985451433462 0.4721718088324259 0.32798459563543003 0.08287961282516637 0.3290543431750107 0.08197217180883243 0.6123234916559692 0.08197217180883243 0.6125374411638853 0.18935269207501512 0.612109542148053 0.1899576527525711 0.612109542148053 0.3641863278886872 0.6112537441163886 0.3647912885662432 0.6112537441163886 0.470659407138536 0.610397946084724 0.47126436781609193 0.6101839965768079 0.4721718088324259 0.590928540864356 0.4721718088324259 0.5907145913564399 0.5505142165759226 0.4972186563970903 0.5508166969147006 0.49700470688917414 0.5692679975801573 0.496790757381258 0.5695704779189352
0 0.7766367137355584 0.5695704779189352 0.77599486521181 0.5692679975801573 0.7757809157038938 0.5683605565638233 0.6204535729567822 0.5683605565638233 0.6202396234488661 0.0822746521476104 0.887890457851947 0.08197217180883243 0.887890457851947 0.08257713248638839 0.8872486093281985 0.08287961282516637 0.8872486093281985 0.4730792498487598 0.8720581942661532 0.4733817301875378 0.8718442447582371 0.5317604355716878 0.7851946940522037 0.5320629159104658 0.7849807445442876 0.47368421052631576 0.7770646127513907 0.4733817301875378 0.7768506632434745 0.5692679975801573 0.7766367137355584 0.5695704779189352
0 0.6118955926401369 0.4721718088324259 0.6106118955926402 0.4721718088324259 0.610397946084724 0.47126436781609193 0.6112537441163886 0.470659407138536 0.6112537441163886 0.3647912885662432 0.6118955926401369 0.3644888082274652 0.612109542148053 0.47186932849364793 0.6118955926401369 0.4721718088324259
0 0.45785194694052206 0.7577132486388385 0.20967051775780915 0.7577132486388385 0.20945656824989303 0.7465214761040533 0.196405648267009 0.7462189957652753 0.19619169875909284 0.5807622504537205 0.45785194694052206 0.5804597701149425 0.45806589644843815 0.7574107683000605 0.45785194694052206 0.7577132486388385
0 0.6118955926401369 0.7577132486388385 0.46598202824133506 0.7577132486388385 0.4657680787334189 0.5807622504537205 0.6118955926401369 0.5804597701149425 0.612109542148053 0.7574107683000605 0.6118955926401369 0.7577132486388385
0 0.7625160462130937 0.7577132486388385 0.6204535729567822 0.7577132486388385 0.6202396234488661 0.5807622504537205 0.7625160462130937 0.5804597701149425 0.7627299957210099 0.7574107683000605 0.7625160462130937 0.7577132486388385
0 0.7933247753530167 0.6554748941318814 0.7702182284980744 0.6554748941318814 0.7700042789901583 0.5807622504537205 0.7933247753530167 0.5804597701149425 0.7935387248609328 0.6551724137931034 0.7933247753530167 0.6554748941318814
0 0.3465982028241335 0.8901996370235935 0.17073170731707318 0.8901996370235935 0.17051775780915704 0.8003629764065335 0.2092426187419769 0.8000604960677556 0.20945656824989303 0.7695099818511797 0.3431750106974754 0.7692075015124017 0.3433889602053915 0.7803992740471869 0.34745400085579803 0.7807017543859649 0.34745400085579803 0.7813067150635209 0.34681215233204965 0.7816091954022989 0.34681215233204965 0.8898971566848155 0.3465982028241335 0.8901996370235935
0 0.4411638853230638 0.9355716878402904 0.35729567821994007 0.9355716878402904 0.357081728712024 0.8905021173623714 0.3547282841249465 0.8901996370235935 0.35451433461703036 0.8892921960072595 0.35494223363286265 0.8886872353297036 0.35494223363286265 0.7810042347247429 0.4411638853230638 0.7807017543859649 0.44137783483097986 0.9352692075015124 0.4411638853230638 0.9355716878402904