0 0.5683530678148547 0.5010504201680672 0.3993541442411195 0.5010504201680672 0.39881593110871905 0.09663865546218488 0.426264800861141 0.09558823529411764 0.4268030139935414 0.07563025210084033 0.5586652314316469 0.07457983193277311 0.5592034445640474 0.09453781512605042 0.5683530678148547 0.09558823529411764 0.5688912809472552 0.5 0.5683530678148547 0.5010504201680672
0 0.28094725511302476 0.41281512605042014 0.05597416576964478 0.41281512605042014 0.05543595263724435 0.09663865546218488 0.17653390742734124 0.09558823529411764 0.17707212055974167 0.07983193277310924 0.2755651237890204 0.07878151260504201 0.27610333692142086 0.09453781512605042 0.28094725511302476 0.09558823529411764 0.2814854682454252 0.4117647058823529 0.28094725511302476 0.41281512605042014
0 0.6523143164693218 0.25735294117647056 0.5877287405812702 0.25735294117647056 0.5871905274488698 0.0819327731092437 0.6523143164693218 0.08088235294117647 0.6528525296017222 0.25630252100840334 0.6523143164693218 0.25735294117647056
0 0.3982777179763186 0.42962184873949577 0.28955866523143164 0.42962184873949577 0.2890204520990312 0.09663865546218488 0.3982777179763186 0.09558823529411764 0.39881593110871905 0.42857142857142855 0.3982777179763186 0.42962184873949577
0 0.9343379978471474 0.8182773109243697 0.6695371367061357 0.8182773109243697 0.6689989235737352 0.5021008403361344 0.5694294940796556 0.5010504201680672 0.5688912809472552 0.3025210084033613 0.7244348762109796 0.3014705882352941 0.72497308934338 0.28361344537815125 0.7922497308934338 0.28256302521008403 0.7927879440258342 0.3004201680672269 0.9343379978471474 0.3014705882352941 0.9348762109795479 0.8172268907563025 0.9343379978471474 0.8182773109243697
0 0.11840688912809473 0.5913865546218487 0.05597416576964478 0.5913865546218487 0.05543595263724435 0.4222689075630252 0.11840688912809473 0.421218487394958 0.11894510226049515 0.5903361344537815 0.11840688912809473 0.5913865546218487
0 0.3982777179763186 0.6460084033613446 0.28955866523143164 0.6460084033613446 0.2890204520990312 0.43067226890756305 0.3982777179763186 0.42962184873949577 0.39881593110871905 0.6449579831932774 0.3982777179763186 0.6460084033613446
0 0.48116254036598494 0.8455882352941176 0.3713670613562971 0.8455882352941176 0.37082884822389667 0.7521008403361344 0.37190527448869753 0.75 0.37190527448869753 0.657563025210084 0.4133476856835307 0.6565126050420168 0.41388589881593113 0.5021008403361344 0.48116254036598494 0.5010504201680672 0.48170075349838537 0.8445378151260504 0.48116254036598494 0.8455882352941176
0 0.5715823466092572 0.8140756302521008 0.4876210979547901 0.8140756302521008 0.48708288482238965 0.5126050420168067 0.5715823466092572 0.5115546218487395 0.5721205597416577 0.8130252100840336 0.5715823466092572 0.8140756302521008
0 0.6641550053821313 0.6334033613445378 0.5866523143164694 0.6334033613445378 0.5861141011840689 0.5126050420168067 0.6641550053821313 0.5115546218487395 0.6646932185145318 0.6323529411764706 0.6641550053821313 0.6334033613445378
0 0.6641550053821313 0.8140756302521008 0.5866523143164694 0.8140756302521008 0.5861141011840689 0.6449579831932774 0.6641550053821313 0.6439075630252101 0.6646932185145318 0.8130252100840336 0.6641550053821313 0.8140756302521008