0 0.7282377919320594 0.7936946902654868 0.5661712668082095 0.7936946902654868 0.5658174097664543 0.27876106194690264 0.7282377919320594 0.2782079646017699 0.7285916489738146 0.793141592920354 0.7282377919320594 0.7936946902654868
0 0.7699929228591649 0.6775442477876106 0.7353149327671621 0.6775442477876106 0.7349610757254069 0.27876106194690264 0.8131634819532909 0.2782079646017699 0.813517338995046 0.46349557522123896 0.7834394904458599 0.46404867256637167 0.7830856334041048 0.44026548672566373 0.7707006369426752 0.439712389380531 0.77034677990092 0.46792035398230086 0.8244869072894551 0.4684734513274336 0.8248407643312102 0.5752212389380531 0.7707006369426752 0.5757743362831859 0.77034677990092 0.6769911504424779 0.7699929228591649 0.6775442477876106
0 0.9384288747346072 0.46404867256637167 0.8167020523708421 0.46404867256637167 0.8163481953290871 0.27876106194690264 0.9384288747346072 0.2782079646017699 0.9387827317763624 0.46349557522123896 0.9384288747346072 0.46404867256637167
0 0.25477707006369427 0.5171460176991151 0.09200283085633404 0.5171460176991151 0.09164897381457891 0.27986725663716816 0.25477707006369427 0.2793141592920354 0.2551309271054494 0.5165929203539823 0.25477707006369427 0.5171460176991151
0 0.33899504600141545 0.4651548672566372 0.30927105449398445 0.4651548672566372 0.3089171974522293 0.44026548672566373 0.29440905874026896 0.439712389380531 0.2940552016985138 0.4269911504424779 0.2611464968152866 0.4264380530973451 0.2607926397735315 0.4491150442477876 0.25548478414720455 0.44966814159292035 0.2551309271054494 0.30973451327433627 0.26043878273177634 0.30918141592920356 0.2607926397735315 0.27986725663716816 0.33899504600141545 0.2793141592920354 0.33934890304317056 0.4646017699115044 0.33899504600141545 0.4651548672566372
0 0.3991507430997877 0.4651548672566372 0.34253361641896674 0.4651548672566372 0.3421797593772116 0.27986725663716816 0.3991507430997877 0.2793141592920354 0.3995046001415428 0.4646017699115044 0.3991507430997877 0.4651548672566372
0 0.42179759377211606 0.398783185840708 0.4048124557678698 0.398783185840708 0.40445859872611467 0.28650442477876104 0.46142958244869076 0.28595132743362833 0.46178343949044587 0.377212389380531 0.4359518754423213 0.37776548672566373 0.4295824486907289 0.3877212389380531 0.4278131634819533 0.3893805309734513 0.42745930644019814 0.39103982300884954 0.42179759377211606 0.398783185840708
0 0.46355272469922154 0.4651548672566372 0.402689313517339 0.4651548672566372 0.4023354564755839 0.40707964601769914 0.42321302193913657 0.4065265486725664 0.42498230714791224 0.40376106194690264 0.42533616418966735 0.4021017699115044 0.43312101910828027 0.39103982300884954 0.43418259023354566 0.39048672566371684 0.43524416135881105 0.3877212389380531 0.43701344656758667 0.3860619469026549 0.43807501769285206 0.38329646017699115 0.46355272469922154 0.38329646017699115 0.46390658174097665 0.4646017699115044 0.46355272469922154 0.4651548672566372
0 0.29016277423920733 0.4596238938053097 0.2646850672328379 0.4596238938053097 0.2643312101910828 0.4325221238938053 0.29016277423920733 0.4319690265486726 0.2905166312809625 0.459070796460177 0.29016277423920733 0.4596238938053097
0 0.8733191790516631 0.5757743362831859 0.8280254777070064 0.5757743362831859 0.8276716206652512 0.4646017699115044 0.8733191790516631 0.46404867256637167 0.8736730360934183 0.5752212389380531 0.8733191790516631 0.5757743362831859
0 0.38287331917905165 0.5934734513274337 0.35456475583864117 0.5934734513274337 0.35421089879688605 0.5741150442477876 0.3213021939136589 0.5735619469026548 0.32094833687190377 0.5210176991150443 0.3198867657466384 0.519358407079646 0.3177636234961076 0.5171460176991151 0.25548478414720455 0.5171460176991151 0.2551309271054494 0.47013274336283184 0.3510261854210899 0.46957964601769914 0.351380042462845 0.49336283185840707 0.35385704175513094 0.4939159292035398 0.35421089879688605 0.47013274336283184 0.3991507430997877 0.46957964601769914 0.3995046001415428 0.577433628318584 0.38358103326256193 0.5779867256637168 0.3832271762208068 0.5929203539823009 0.38287331917905165 0.5934734513274337
0 0.1910828025477707 0.7948008849557522 0.09200283085633404 0.7948008849557522 0.09164897381457891 0.5254424778761062 0.1075725406935598 0.5248893805309734 0.10792639773531493 0.5176991150442478 0.1910828025477707 0.5171460176991151 0.19143665958952583 0.7942477876106194 0.1910828025477707 0.7948008849557522
0 0.29582448690728946 0.6985619469026548 0.194621372965322 0.6985619469026548 0.1942675159235669 0.6648230088495575 0.19179051663128097 0.6642699115044248 0.19143665958952583 0.5176991150442478 0.25548478414720455 0.5171460176991151 0.25583864118895966 0.6006637168141593 0.29582448690728946 0.6012168141592921 0.2961783439490446 0.6980088495575221 0.29582448690728946 0.6985619469026548
0 0.29582448690728946 0.5967920353982301 0.2611464968152866 0.5967920353982301 0.2607926397735315 0.5298672566371682 0.3177636234961076 0.5293141592920354 0.3181174805378627 0.5730088495575221 0.29653220099079974 0.5735619469026548 0.2961783439490446 0.5962389380530974 0.29582448690728946 0.5967920353982301
0 0.3991507430997877 0.6985619469026548 0.29936305732484075 0.6985619469026548 0.29900920028308564 0.5785398230088495 0.3510261854210899 0.5779867256637168 0.351380042462845 0.5973451327433629 0.3991507430997877 0.5978982300884956 0.3995046001415428 0.6980088495575221 0.3991507430997877 0.6985619469026548
0 0.8733191790516631 0.6775442477876106 0.7735314932767162 0.6775442477876106 0.773177636234961 0.5807522123893806 0.8733191790516631 0.5801991150442478 0.8736730360934183 0.6769911504424779 0.8733191790516631 0.6775442477876106
0 0.8733191790516631 0.8478982300884956 0.7353149327671621 0.8478982300884956 0.7349610757254069 0.6825221238938053 0.8733191790516631 0.6819690265486725 0.8736730360934183 0.8473451327433629 0.8733191790516631 0.8478982300884956
0 0.25477707006369427 0.7948008849557522 0.194621372965322 0.7948008849557522 0.1942675159235669 0.7035398230088495 0.25477707006369427 0.7029867256637168 0.2551309271054494 0.7942477876106194 0.25477707006369427 0.7948008849557522
0 0.3991507430997877 0.849004424778761 0.2618542108987969 0.849004424778761 0.26150035385704173 0.7035398230088495 0.3991507430997877 0.7029867256637168 0.3995046001415428 0.8484513274336283 0.3991507430997877 0.849004424778761