0 0.6307251908396947 0.4612462006079027 0.03721374045801527 0.4612462006079027 0.036736641221374045 0.21124620060790272 0.48854961832061067 0.21048632218844984 0.4890267175572519 0.45896656534954405 0.6307251908396947 0.45972644376899696 0.6307251908396947 0.4612462006079027
0 0.6307251908396947 0.45972644376899696 0.48950381679389315 0.45972644376899696 0.4890267175572519 0.21124620060790272 0.6307251908396947 0.21048632218844984 0.6312022900763359 0.45896656534954405 0.6307251908396947 0.45972644376899696
0 0.7051526717557252 0.45972644376899696 0.6383587786259542 0.45972644376899696 0.6369274809160306 0.4574468085106383 0.6369274809160306 0.21124620060790272 0.7013358778625954 0.21048632218844984 0.7018129770992366 0.3495440729483283 0.7008587786259542 0.35106382978723405 0.7008587786259542 0.4012158054711246 0.7051526717557252 0.40197568389057753 0.7056297709923665 0.45896656534954405 0.7051526717557252 0.45972644376899696
0 0.767175572519084 0.29103343465045595 0.7070610687022901 0.29103343465045595 0.7065839694656488 0.21124620060790272 0.767175572519084 0.21048632218844984 0.7676526717557252 0.29027355623100304 0.767175572519084 0.29103343465045595
0 0.8244274809160306 0.29103343465045595 0.7729007633587787 0.29103343465045595 0.7724236641221374 0.21124620060790272 0.8234732824427481 0.21048632218844984 0.8239503816793893 0.2887537993920973 0.8249045801526718 0.29027355623100304 0.8244274809160306 0.29103343465045595
0 0.9799618320610687 0.5326747720364742 0.8377862595419847 0.5326747720364742 0.8373091603053435 0.2917933130699088 0.836354961832061 0.29027355623100304 0.836354961832061 0.21124620060790272 0.9799618320610687 0.21048632218844984 0.9804389312977099 0.5319148936170213 0.9799618320610687 0.5326747720364742
0 0.8244274809160306 0.45972644376899696 0.7061068702290076 0.45972644376899696 0.7056297709923665 0.2978723404255319 0.8244274809160306 0.29711246200607905 0.8249045801526718 0.45896656534954405 0.8244274809160306 0.45972644376899696
0 0.16603053435114504 0.7226443768996961 0.03721374045801527 0.7226443768996961 0.036736641221374045 0.4696048632218845 0.1650763358778626 0.4688449848024316 0.16555343511450382 0.46200607902735563 0.16650763358778625 0.46200607902735563 0.16650763358778625 0.7218844984802432 0.16603053435114504 0.7226443768996961
0 0.49427480916030536 0.6238601823708206 0.3711832061068702 0.6238601823708206 0.37070610687022904 0.4696048632218845 0.3950381679389313 0.4688449848024316 0.3955152671755725 0.46200607902735563 0.49427480916030536 0.4612462006079027 0.49475190839694655 0.6231003039513677 0.49427480916030536 0.6238601823708206
0 0.3654580152671756 0.9460486322188449 0.1765267175572519 0.9460486322188449 0.1760496183206107 0.4696048632218845 0.3654580152671756 0.4688449848024316 0.36593511450381677 0.9452887537993921 0.3654580152671756 0.9460486322188449
0 0.6307251908396947 0.7211246200607903 0.5 0.7211246200607903 0.49952290076335876 0.4696048632218845 0.6307251908396947 0.4688449848024316 0.6312022900763359 0.7203647416413373 0.6307251908396947 0.7211246200607903
0 0.6965648854961832 0.7211246200607903 0.6374045801526718 0.7211246200607903 0.6369274809160306 0.4756838905775076 0.6984732824427481 0.4749240121580547 0.6989503816793893 0.5258358662613982 0.6979961832061069 0.5273556231003039 0.6979961832061069 0.547112462006079 0.6970419847328244 0.5486322188449848 0.6970419847328244 0.5927051671732523 0.7347328244274809 0.5934650455927052 0.7352099236641222 0.6322188449848024 0.6975190839694656 0.6329787234042553 0.6970419847328244 0.7203647416413373 0.6965648854961832 0.7211246200607903
0 0.7347328244274809 0.526595744680851 0.7061068702290076 0.526595744680851 0.7056297709923665 0.4756838905775076 0.7347328244274809 0.4749240121580547 0.7352099236641222 0.5258358662613982 0.7347328244274809 0.526595744680851
0 0.8244274809160306 0.587386018237082 0.7442748091603053 0.587386018237082 0.7437977099236641 0.4756838905775076 0.8244274809160306 0.4749240121580547 0.8249045801526718 0.5866261398176292 0.8244274809160306 0.587386018237082
0 0.9799618320610687 0.7211246200607903 0.8387404580152672 0.7211246200607903 0.8382633587786259 0.541033434650456 0.9799618320610687 0.540273556231003 0.9804389312977099 0.7203647416413373 0.9799618320610687 0.7211246200607903
0 0.8244274809160306 0.7211246200607903 0.7041984732824428 0.7211246200607903 0.7037213740458015 0.6474164133738601 0.7433206106870229 0.6466565349544073 0.7437977099236641 0.5942249240121581 0.8244274809160306 0.5934650455927052 0.8249045801526718 0.7203647416413373 0.8244274809160306 0.7211246200607903
0 0.49427480916030536 0.7211246200607903 0.3711832061068702 0.7211246200607903 0.37070610687022904 0.6322188449848024 0.49427480916030536 0.6314589665653495 0.49475190839694655 0.7203647416413373 0.49427480916030536 0.7211246200607903