0 0.3548387096774194 0.3409090909090909 0.16589861751152074 0.3409090909090909 0.16474654377880185 0.1928374655647383 0.3548387096774194 0.1921487603305785 0.35599078341013823 0.3402203856749311 0.3548387096774194 0.3409090909090909
0 0.7534562211981567 0.4221763085399449 0.4009216589861751 0.4221763085399449 0.39976958525345624 0.3415977961432507 0.3663594470046083 0.3409090909090909 0.3652073732718894 0.1928374655647383 0.7534562211981567 0.1921487603305785 0.7546082949308756 0.4214876033057851 0.7534562211981567 0.4221763085399449
0 0.38940092165898615 0.48278236914600553 0.3064516129032258 0.48278236914600553 0.3052995391705069 0.44077134986225897 0.30184331797235026 0.43870523415977963 0.29838709677419356 0.4380165289256198 0.29493087557603687 0.4345730027548209 0.29147465437788017 0.43388429752066116 0.2488479262672811 0.40702479338842973 0.16589861751152074 0.40702479338842973 0.16474654377880185 0.34710743801652894 0.38940092165898615 0.3464187327823691 0.39055299539170507 0.4820936639118457 0.38940092165898615 0.48278236914600553
0 0.2926267281105991 0.48278236914600553 0.16589861751152074 0.48278236914600553 0.16474654377880185 0.41460055096418735 0.24423963133640553 0.41391184573002754 0.2684331797235023 0.4283746556473829 0.2695852534562212 0.43044077134986225 0.28225806451612906 0.4366391184573003 0.29377880184331795 0.44490358126721763 0.29377880184331795 0.4820936639118457 0.2926267281105991 0.48278236914600553
0 0.5161290322580645 0.6039944903581267 0.4009216589861751 0.6039944903581267 0.39976958525345624 0.4228650137741047 0.7534562211981567 0.4221763085399449 0.7534562211981567 0.42355371900826444 0.49078341013824883 0.42355371900826444 0.48963133640552997 0.42699724517906334 0.5161290322580645 0.42768595041322316 0.5172811059907834 0.6033057851239669 0.5161290322580645 0.6039944903581267
0 0.6267281105990783 0.48140495867768596 0.5253456221198156 0.48140495867768596 0.5241935483870968 0.4283746556473829 0.6267281105990783 0.42768595041322316 0.6278801843317973 0.4807162534435262 0.6267281105990783 0.48140495867768596
0 0.7534562211981567 0.48140495867768596 0.6359447004608295 0.48140495867768596 0.6347926267281107 0.4283746556473829 0.7534562211981567 0.42768595041322316 0.7546082949308756 0.4807162534435262 0.7534562211981567 0.48140495867768596
0 0.7534562211981567 0.6039944903581267 0.5253456221198156 0.6039944903581267 0.5241935483870968 0.48760330578512395 0.7534562211981567 0.4869146005509642 0.7546082949308756 0.6033057851239669 0.7534562211981567 0.6039944903581267
0 0.38940092165898615 0.6039944903581267 0.16589861751152074 0.6039944903581267 0.16474654377880185 0.4889807162534435 0.38940092165898615 0.48829201101928377 0.39055299539170507 0.6033057851239669 0.38940092165898615 0.6039944903581267
0 0.3064516129032258 0.6880165289256198 0.16589861751152074 0.6880165289256198 0.16474654377880185 0.6170798898071626 0.3064516129032258 0.6163911845730028 0.3076036866359447 0.6873278236914601 0.3064516129032258 0.6880165289256198
0 0.38018433179723504 0.9359504132231405 0.1543778801843318 0.9359504132231405 0.1532258064516129 0.699724517906336 0.38018433179723504 0.6990358126721763 0.3813364055299539 0.9352617079889807 0.38018433179723504 0.9359504132231405