0 0.3789237668161435 0.17872117400419288 0.3071748878923767 0.17872117400419288 0.3066143497757848 0.09224318658280922 0.3789237668161435 0.09171907756813417 0.37948430493273544 0.17819706498951782 0.3789237668161435 0.17872117400419288
0 0.507847533632287 0.17872117400419288 0.3834080717488789 0.17872117400419288 0.382847533632287 0.09224318658280922 0.507847533632287 0.09171907756813417 0.5084080717488789 0.17819706498951782 0.507847533632287 0.17872117400419288
0 0.30269058295964124 0.2552410901467505 0.20291479820627803 0.2552410901467505 0.2023542600896861 0.1540880503144654 0.30269058295964124 0.15356394129979037 0.3032511210762332 0.25471698113207547 0.30269058295964124 0.2552410901467505
0 0.4730941704035874 0.40408805031446543 0.36771300448430494 0.40408805031446543 0.367152466367713 0.33752620545073375 0.3486547085201794 0.3370020964360587 0.3480941704035874 0.2861635220125786 0.3452914798206278 0.2856394129979036 0.3447309417040359 0.3039832285115304 0.3071748878923767 0.30450733752620546 0.3066143497757848 0.18238993710691823 0.507847533632287 0.1818658280922432 0.5084080717488789 0.3050314465408805 0.4742152466367713 0.3055555555555556 0.4736547085201794 0.40356394129979034 0.4730941704035874 0.40408805031446543
0 0.8363228699551569 0.4051362683438155 0.6872197309417041 0.4051362683438155 0.6866591928251121 0.3689727463312369 0.6042600896860987 0.36844863731656186 0.6036995515695067 0.31341719077568136 0.6704035874439462 0.3128930817610063 0.6709641255605381 0.18553459119496854 0.8733183856502242 0.1850104821802935 0.8738789237668162 0.3060796645702306 0.8374439461883408 0.30660377358490565 0.8368834080717489 0.40461215932914046 0.8363228699551569 0.4051362683438155
0 0.24775784753363228 0.2908805031446541 0.20291479820627803 0.2908805031446541 0.2023542600896861 0.2589098532494759 0.24775784753363228 0.2583857442348008 0.2483183856502242 0.29035639412997905 0.24775784753363228 0.2908805031446541
0 0.30269058295964124 0.3087002096436059 0.257847533632287 0.3087002096436059 0.25728699551569506 0.2914046121593291 0.2522421524663677 0.2908805031446541 0.25168161434977576 0.2589098532494759 0.30269058295964124 0.2583857442348008 0.3032511210762332 0.3081761006289308 0.30269058295964124 0.3087002096436059
0 0.2533632286995516 0.40723270440251574 0.15695067264573992 0.40723270440251574 0.156390134529148 0.2945492662473795 0.2533632286995516 0.2940251572327044 0.2539237668161435 0.40670859538784065 0.2533632286995516 0.40723270440251574
0 0.3632286995515695 0.4523060796645702 0.257847533632287 0.4523060796645702 0.25728699551569506 0.31341719077568136 0.3060538116591928 0.3128930817610063 0.3066143497757848 0.3050314465408805 0.34417040358744394 0.30450733752620546 0.3447309417040359 0.33962264150943394 0.3632286995515695 0.34014675052410903 0.36378923766816146 0.45178197064989517 0.3632286995515695 0.4523060796645702
0 0.5538116591928252 0.4082809224318658 0.484304932735426 0.4082809224318658 0.48374439461883406 0.31551362683438156 0.5190582959641256 0.3149895178197065 0.5196188340807175 0.31236897274633124 0.5538116591928252 0.3118448637316562 0.554372197309417 0.4077568134171908 0.5538116591928252 0.4082809224318658
0 0.6827354260089686 0.4481132075471698 0.6042600896860987 0.4481132075471698 0.6036995515695067 0.3721174004192872 0.6827354260089686 0.37159329140461217 0.6832959641255605 0.44758909853249473 0.6827354260089686 0.4481132075471698
0 0.4730941704035874 0.5078616352201258 0.36771300448430494 0.5078616352201258 0.367152466367713 0.40461215932914046 0.4730941704035874 0.40408805031446543 0.4736547085201794 0.5073375262054507 0.4730941704035874 0.5078616352201258
0 0.7320627802690582 0.4554507337526205 0.6872197309417041 0.4554507337526205 0.6866591928251121 0.4088050314465409 0.7320627802690582 0.4082809224318658 0.7326233183856502 0.4549266247379455 0.7320627802690582 0.4554507337526205
0 0.8363228699551569 0.509958071278826 0.7365470852017937 0.509958071278826 0.7359865470852018 0.4088050314465409 0.8363228699551569 0.4082809224318658 0.8368834080717489 0.5094339622641509 0.8363228699551569 0.509958071278826
0 0.1984304932735426 0.4523060796645702 0.15695067264573992 0.4523060796645702 0.156390134529148 0.4109014675052411 0.1984304932735426 0.41037735849056606 0.19899103139013452 0.45178197064989517 0.1984304932735426 0.4523060796645702
0 0.2533632286995516 0.4523060796645702 0.20291479820627803 0.4523060796645702 0.2023542600896861 0.4109014675052411 0.2533632286995516 0.41037735849056606 0.2539237668161435 0.45178197064989517 0.2533632286995516 0.4523060796645702
0 0.6827354260089686 0.509958071278826 0.6042600896860987 0.509958071278826 0.6036995515695067 0.4528301886792453 0.6827354260089686 0.4523060796645702 0.6832959641255605 0.5094339622641509 0.6827354260089686 0.509958071278826
0 0.2858744394618834 0.5424528301886793 0.15695067264573992 0.5424528301886793 0.156390134529148 0.4559748427672956 0.2858744394618834 0.4554507337526205 0.28643497757847536 0.5419287211740041 0.2858744394618834 0.5424528301886793
0 0.3632286995515695 0.5078616352201258 0.29035874439461884 0.5078616352201258 0.2897982062780269 0.4559748427672956 0.3632286995515695 0.4554507337526205 0.36378923766816146 0.5073375262054507 0.3632286995515695 0.5078616352201258
0 0.7320627802690582 0.509958071278826 0.6872197309417041 0.509958071278826 0.6866591928251121 0.4591194968553459 0.7320627802690582 0.4585953878406709 0.7326233183856502 0.5094339622641509 0.7320627802690582 0.509958071278826
0 0.67152466367713 0.7636268343815513 0.5863228699551569 0.7636268343815513 0.5857623318385651 0.660377358490566 0.67152466367713 0.659853249475891 0.672085201793722 0.7631027253668763 0.67152466367713 0.7636268343815513
0 0.5022421524663677 0.9124737945492662 0.3710762331838565 0.9124737945492662 0.37051569506726456 0.7337526205450734 0.36210762331838564 0.7342767295597484 0.3609865470852018 0.7353249475890985 0.3542600896860987 0.7353249475890985 0.3531390134529148 0.7363731656184487 0.351457399103139 0.7358490566037735 0.351457399103139 0.6719077568134172 0.5022421524663677 0.6713836477987422 0.5028026905829597 0.9119496855345912 0.5022421524663677 0.9124737945492662
0 0.797085201793722 0.730083857442348 0.6827354260089686 0.730083857442348 0.6821748878923767 0.6771488469601677 0.797085201793722 0.6766247379454927 0.797645739910314 0.7295597484276729 0.797085201793722 0.730083857442348
0 0.3430493273542601 0.7363731656184487 0.22085201793721973 0.7363731656184487 0.2202914798206278 0.6802935010482181 0.3430493273542601 0.679769392033543 0.34360986547085204 0.7358490566037735 0.3430493273542601 0.7363731656184487
0 0.3632286995515695 0.9051362683438156 0.22085201793721973 0.9051362683438156 0.2202914798206278 0.7410901467505241 0.3632286995515695 0.7405660377358491 0.36378923766816146 0.9046121593291404 0.3632286995515695 0.9051362683438156
0 0.852017937219731 0.7814465408805031 0.8094170403587444 0.7814465408805031 0.8088565022421524 0.7410901467505241 0.852017937219731 0.7405660377358491 0.8525784753363229 0.7809224318658281 0.852017937219731 0.7814465408805031
0 0.797085201793722 0.8653039832285115 0.7152466367713004 0.8653039832285115 0.7146860986547086 0.8071278825995807 0.5863228699551569 0.8066037735849056 0.5857623318385651 0.7672955974842768 0.6748878923766816 0.7667714884696016 0.6754484304932735 0.7421383647798742 0.797085201793722 0.7416142557651991 0.797645739910314 0.8647798742138365 0.797085201793722 0.8653039832285115
0 0.7096412556053812 0.9009433962264151 0.5863228699551569 0.9009433962264151 0.5857623318385651 0.810272536687631 0.7096412556053812 0.809748427672956 0.7102017937219731 0.90041928721174 0.7096412556053812 0.9009433962264151