0 0.21453900709219859 0.3367970660146699 0.03900709219858156 0.3367970660146699 0.038120567375886524 0.09535452322738386 0.10283687943262411 0.09474327628361859 0.14361702127659576 0.06662591687041565 0.21453900709219859 0.06662591687041565 0.2154255319148936 0.33618581907090467 0.21453900709219859 0.3367970660146699
0 0.4592198581560284 0.27444987775061125 0.22340425531914893 0.27444987775061125 0.2225177304964539 0.06723716381418093 0.36347517730496454 0.06662591687041565 0.36524822695035464 0.06907090464547677 0.3679078014184397 0.06968215158924206 0.36879432624113473 0.0715158924205379 0.37145390070921985 0.07212713936430318 0.3723404255319149 0.07396088019559902 0.375 0.0745721271393643 0.375886524822695 0.07640586797066015 0.37854609929078015 0.07701711491442542 0.37943262411347517 0.07885085574572127 0.3820921985815603 0.07946210268948656 0.3829787234042553 0.0812958435207824 0.38563829787234044 0.08190709046454768 0.38652482269503546 0.08374083129584352 0.3891843971631206 0.0843520782396088 0.3900709219858156 0.08618581907090464 0.39273049645390073 0.08679706601466992 0.39361702127659576 0.08863080684596578 0.3962765957446808 0.08924205378973105 0.3971631205673759 0.0910757946210269 0.399822695035461 0.09168704156479218 0.40070921985815605 0.09352078239608802 0.40425531914893614 0.09474327628361859 0.4592198581560284 0.09474327628361859 0.4601063829787234 0.27383863080684595 0.4592198581560284 0.27444987775061125
0 0.7907801418439716 0.2768948655256724 0.5124113475177305 0.2768948655256724 0.5115248226950354 0.09535452322738386 0.5780141843971631 0.09474327628361859 0.6170212765957447 0.0678484107579462 0.8386524822695035 0.0678484107579462 0.8776595744680851 0.09474327628361859 0.9326241134751773 0.09474327628361859 0.9335106382978723 0.27506112469437655 0.7925531914893617 0.2756723716381418 0.7907801418439716 0.2768948655256724
0 0.9326241134751773 0.5690709046454768 0.6613475177304965 0.5690709046454768 0.6604609929078015 0.39975550122249387 0.6586879432624113 0.39853300733496333 0.6586879432624113 0.33251833740831294 0.6604609929078015 0.3312958435207824 0.6604609929078015 0.2775061124694376 0.7907801418439716 0.2768948655256724 0.7916666666666666 0.27995110024449876 0.9326241134751773 0.28056234718826406 0.9335106382978723 0.38508557457212717 0.7393617021276596 0.3856968215158924 0.7384751773049646 0.39119804400978 0.8882978723404256 0.3918092909535452 0.8891843971631206 0.4058679706601467 0.9326241134751773 0.406479217603912 0.9335106382978723 0.5684596577017115 0.9326241134751773 0.5690709046454768
0 0.3049645390070922 0.5690709046454768 0.03900709219858156 0.5690709046454768 0.038120567375886524 0.40464547677261614 0.22163120567375885 0.40403422982885084 0.2225177304964539 0.28117359413202936 0.4592198581560284 0.28056234718826406 0.4601063829787234 0.38508557457212717 0.3067375886524823 0.3856968215158924 0.3058510638297872 0.5684596577017115 0.3049645390070922 0.5690709046454768
0 0.6524822695035462 0.3270171149144254 0.5124113475177305 0.3270171149144254 0.5115248226950354 0.2823960880195599 0.6524822695035462 0.2817848410757946 0.6533687943262412 0.3264058679706601 0.6524822695035462 0.3270171149144254
0 0.650709219858156 0.5690709046454768 0.5124113475177305 0.5690709046454768 0.5115248226950354 0.5012224938875306 0.5212765957446809 0.5006112469437652 0.5221631205673759 0.49511002444987773 0.5124113475177305 0.4944987775061125 0.5115248226950354 0.33251833740831294 0.6578014184397163 0.3319070904645477 0.6586879432624113 0.39853300733496333 0.6604609929078015 0.39975550122249387 0.6604609929078015 0.4938875305623472 0.5904255319148937 0.4944987775061125 0.5895390070921985 0.5 0.650709219858156 0.5006112469437652 0.651595744680851 0.5684596577017115 0.650709219858156 0.5690709046454768
0 0.21453900709219859 0.3991442542787286 0.03900709219858156 0.3991442542787286 0.038120567375886524 0.343520782396088 0.21453900709219859 0.3429095354523227 0.2154255319148936 0.39853300733496333 0.21453900709219859 0.3991442542787286
0 0.4592198581560284 0.5091687041564792 0.41134751773049644 0.5091687041564792 0.4104609929078014 0.48166259168704156 0.31560283687943264 0.48105134474327627 0.3147163120567376 0.39119804400978 0.4592198581560284 0.3905867970660147 0.4601063829787234 0.508557457212714 0.4592198581560284 0.5091687041564792
0 0.4592198581560284 0.5690709046454768 0.31560283687943264 0.5690709046454768 0.3147163120567376 0.48655256723716384 0.4024822695035461 0.48594132029339854 0.4033687943262411 0.5146699266503667 0.4592198581560284 0.5152811735941321 0.4601063829787234 0.5684596577017115 0.4592198581560284 0.5690709046454768
0 0.9414893617021277 0.96760391198044 0.7535460992907801 0.96760391198044 0.7526595744680851 0.843520782396088 0.9414893617021277 0.8429095354523227 0.9423758865248227 0.9669926650366748 0.9414893617021277 0.96760391198044