0 0.46760895170789163 0.46619718309859154 0.425206124852768 0.46619718309859154 0.42402826855123676 0.4652582159624413 0.303886925795053 0.4652582159624413 0.3027090694935218 0.46619718309859154 0.1625441696113074 0.46619718309859154 0.16136631330977622 0.4652582159624413 0.06007067137809187 0.4652582159624413 0.059481743227326266 0.2 0.46760895170789163 0.19953051643192488 0.46819787985865724 0.46572769953051646 0.46760895170789163 0.46619718309859154
0 0.7314487632508834 0.4089201877934272 0.5512367491166078 0.4089201877934272 0.5506478209658422 0.20093896713615023 0.7314487632508834 0.20046948356807512 0.732037691401649 0.4084507042253521 0.7314487632508834 0.4089201877934272
0 0.9575971731448764 0.4089201877934272 0.7396937573616019 0.4089201877934272 0.7391048292108363 0.20093896713615023 0.9575971731448764 0.20046948356807512 0.958186101295642 0.4084507042253521 0.9575971731448764 0.4089201877934272
0 0.8221436984687868 0.5253521126760563 0.5512367491166078 0.5253521126760563 0.5506478209658422 0.41502347417840374 0.8221436984687868 0.41455399061032866 0.8227326266195524 0.5248826291079812 0.8221436984687868 0.5253521126760563
0 0.9575971731448764 0.6183098591549295 0.8303886925795053 0.6183098591549295 0.8297997644287397 0.41502347417840374 0.9575971731448764 0.41455399061032866 0.958186101295642 0.6178403755868545 0.9575971731448764 0.6183098591549295
0 0.16136631330977622 0.5431924882629108 0.06007067137809187 0.5431924882629108 0.059481743227326266 0.46572769953051646 0.16136631330977622 0.4652582159624413 0.16195524146054183 0.5427230046948357 0.16136631330977622 0.5431924882629108
0 0.46760895170789163 0.6643192488262911 0.34275618374558303 0.6643192488262911 0.3421672555948174 0.5258215962441315 0.303886925795053 0.5253521126760563 0.3032979976442874 0.46572769953051646 0.42402826855123676 0.4652582159624413 0.4246171967020024 0.4704225352112676 0.46760895170789163 0.4708920187793427 0.46819787985865724 0.6638497652582159 0.46760895170789163 0.6643192488262911
0 0.2968197879858657 0.5431924882629108 0.17196702002355713 0.5431924882629108 0.17137809187279152 0.47136150234741786 0.2968197879858657 0.4708920187793427 0.29740871613663133 0.5427230046948357 0.2968197879858657 0.5431924882629108
0 0.8221436984687868 0.7328638497652582 0.5512367491166078 0.7328638497652582 0.5506478209658422 0.5314553990610329 0.7773851590106007 0.5309859154929577 0.7779740871613663 0.5502347417840375 0.8221436984687868 0.5507042253521127 0.8227326266195524 0.7323943661971831 0.8221436984687868 0.7328638497652582
0 0.33568904593639576 0.7319248826291079 0.06007067137809187 0.7319248826291079 0.059481743227326266 0.5483568075117371 0.33568904593639576 0.547887323943662 0.33627797408716137 0.7314553990610329 0.33568904593639576 0.7319248826291079
0 0.9575971731448764 0.7328638497652582 0.8303886925795053 0.7328638497652582 0.8297997644287397 0.6244131455399061 0.9575971731448764 0.6239436619718309 0.958186101295642 0.7323943661971831 0.9575971731448764 0.7328638497652582
0 0.46760895170789163 0.7319248826291079 0.34275618374558303 0.7319248826291079 0.3421672555948174 0.6704225352112676 0.46760895170789163 0.6699530516431925 0.46819787985865724 0.7314553990610329 0.46760895170789163 0.7319248826291079
0 0.4723203769140165 0.9732394366197183 0.31919905771495877 0.9732394366197183 0.31861012956419316 0.8394366197183099 0.4723203769140165 0.8389671361502348 0.47290930506478207 0.9727699530516432 0.4723203769140165 0.9732394366197183