0 0.32459016393442625 0.5340466926070039 0.12622950819672132 0.5340466926070039 0.12540983606557377 0.17509727626459143 0.22950819672131148 0.17412451361867703 0.230327868852459 0.3132295719844358 0.41475409836065574 0.3142023346303502 0.4155737704918033 0.5077821011673151 0.3262295081967213 0.5087548638132295 0.3254098360655738 0.5330739299610895 0.32459016393442625 0.5340466926070039
0 0.4852459016393443 0.46400778210116733 0.42131147540983604 0.46400778210116733 0.4204918032786885 0.3151750972762646 0.4852459016393443 0.3142023346303502 0.4860655737704918 0.46303501945525294 0.4852459016393443 0.46400778210116733
0 0.4852459016393443 0.6215953307392996 0.4540983606557377 0.6215953307392996 0.4532786885245902 0.5836575875486382 0.4516393442622951 0.5817120622568094 0.45081967213114754 0.5787937743190662 0.4483606557377049 0.5778210116731517 0.4426229508196721 0.5690661478599222 0.44016393442622953 0.5680933852140078 0.4344262295081967 0.5593385214007782 0.4319672131147541 0.5583657587548638 0.4311475409836066 0.5554474708171206 0.42868852459016393 0.5544747081712063 0.4262295081967213 0.5496108949416343 0.38524590163934425 0.5496108949416343 0.3844262295081967 0.5155642023346303 0.419672131147541 0.5145914396887159 0.4204918032786885 0.4708171206225681 0.4852459016393443 0.4698443579766537 0.4860655737704918 0.6206225680933852 0.4852459016393443 0.6215953307392996
0 0.380327868852459 0.5885214007782101 0.33114754098360655 0.5885214007782101 0.330327868852459 0.5155642023346303 0.380327868852459 0.5145914396887159 0.38114754098360654 0.5875486381322957 0.380327868852459 0.5885214007782101
0 0.32459016393442625 0.769455252918288 0.25901639344262295 0.769455252918288 0.2581967213114754 0.5350194552529183 0.32459016393442625 0.5340466926070039 0.3254098360655738 0.7684824902723736 0.32459016393442625 0.769455252918288
0 0.2540983606557377 0.6527237354085603 0.12622950819672132 0.6527237354085603 0.12540983606557377 0.5408560311284046 0.2540983606557377 0.5398832684824902 0.25491803278688524 0.6517509727626459 0.2540983606557377 0.6527237354085603
0 0.44754098360655736 0.6215953307392996 0.38524590163934425 0.6215953307392996 0.3844262295081967 0.556420233463035 0.4245901639344262 0.5554474708171206 0.4483606557377049 0.5836575875486382 0.4483606557377049 0.6206225680933852 0.44754098360655736 0.6215953307392996
0 0.36065573770491804 0.6507782101167315 0.33114754098360655 0.6507782101167315 0.330327868852459 0.5953307392996109 0.380327868852459 0.5943579766536965 0.38114754098360654 0.6245136186770428 0.3680327868852459 0.6400778210116731 0.36065573770491804 0.6507782101167315
0 0.4852459016393443 0.769455252918288 0.33114754098360655 0.769455252918288 0.330327868852459 0.6556420233463035 0.3639344262295082 0.6546692607003891 0.3680327868852459 0.6498054474708171 0.38524590163934425 0.627431906614786 0.4852459016393443 0.627431906614786 0.4860655737704918 0.7684824902723736 0.4852459016393443 0.769455252918288
0 0.2540983606557377 0.769455252918288 0.12622950819672132 0.769455252918288 0.12540983606557377 0.6575875486381323 0.2540983606557377 0.6566147859922179 0.25491803278688524 0.7684824902723736 0.2540983606557377 0.769455252918288
0 0.4852459016393443 0.8686770428015564 0.4 0.8686770428015564 0.39918032786885244 0.7859922178988327 0.4852459016393443 0.7850194552529183 0.4860655737704918 0.867704280155642 0.4852459016393443 0.8686770428015564