0 0.3864734299516908 0.5600247524752475 0.16747181964573268 0.5600247524752475 0.16666666666666666 0.36014851485148514 0.3864734299516908 0.359529702970297 0.38727858293075684 0.5594059405940595 0.3864734299516908 0.5600247524752475
0 0.3961352657004831 0.4808168316831683 0.39533011272141705 0.36014851485148514 0.3969404186795491 0.36014851485148514 0.3969404186795491 0.4801980198019802 0.3961352657004831 0.4808168316831683
0 0.7037037037037037 0.6033415841584159 0.3961352657004831 0.6033415841584159 0.39533011272141705 0.4814356435643564 0.3969404186795491 0.4801980198019802 0.3969404186795491 0.36014851485148514 0.7037037037037037 0.359529702970297 0.7045088566827697 0.6027227722772277 0.7037037037037037 0.6033415841584159
0 0.9355877616747182 0.5241336633663366 0.7133655394524959 0.5241336633663366 0.7125603864734299 0.36014851485148514 0.9355877616747182 0.359529702970297 0.9363929146537843 0.5235148514851485 0.9355877616747182 0.5241336633663366
0 0.9355877616747182 0.6330445544554455 0.7133655394524959 0.6330445544554455 0.7125603864734299 0.530940594059406 0.9355877616747182 0.5303217821782178 0.9363929146537843 0.6324257425742574 0.9355877616747182 0.6330445544554455
0 0.28502415458937197 0.6293316831683168 0.16747181964573268 0.6293316831683168 0.16666666666666666 0.5668316831683168 0.28502415458937197 0.5662128712871287 0.285829307568438 0.6287128712871287 0.28502415458937197 0.6293316831683168
0 0.3864734299516908 0.6602722772277227 0.2946859903381642 0.6602722772277227 0.2938808373590982 0.5668316831683168 0.3864734299516908 0.5662128712871287 0.38727858293075684 0.6596534653465347 0.3864734299516908 0.6602722772277227
0 0.5297906602254429 0.8335396039603961 0.3961352657004831 0.8335396039603961 0.39533011272141705 0.6039603960396039 0.5314009661835749 0.6033415841584159 0.5322061191626409 0.693069306930693 0.5305958132045089 0.6943069306930693 0.5305958132045089 0.8329207920792079 0.5297906602254429 0.8335396039603961
0 0.7729468599033816 0.8335396039603961 0.5394524959742351 0.8335396039603961 0.538647342995169 0.6943069306930693 0.533011272141707 0.6936881188118812 0.5322061191626409 0.6039603960396039 0.7037037037037037 0.6033415841584159 0.7045088566827697 0.6386138613861386 0.7729468599033816 0.6392326732673267 0.7737520128824477 0.8329207920792079 0.7729468599033816 0.8335396039603961
0 0.3864734299516908 0.8335396039603961 0.16747181964573268 0.8335396039603961 0.16666666666666666 0.6361386138613861 0.28502415458937197 0.635519801980198 0.285829307568438 0.6658415841584159 0.3864734299516908 0.6664603960396039 0.38727858293075684 0.8329207920792079 0.3864734299516908 0.8335396039603961
0 0.9259259259259259 0.7357673267326733 0.782608695652174 0.7357673267326733 0.7818035426731079 0.6398514851485149 0.9259259259259259 0.6392326732673267 0.926731078904992 0.7351485148514851 0.9259259259259259 0.7357673267326733
0 0.9323671497584541 0.8335396039603961 0.782608695652174 0.8335396039603961 0.7818035426731079 0.7425742574257426 0.9323671497584541 0.7419554455445545 0.9331723027375202 0.8329207920792079 0.9323671497584541 0.8335396039603961