0 0.7554858934169278 0.40628706998813763 0.6841692789968652 0.40628706998813763 0.6837774294670846 0.051008303677342826 0.804858934169279 0.05041518386714116 0.8052507836990596 0.365361803084223 0.7562695924764891 0.36595492289442466 0.7558777429467085 0.40569395017793597 0.7554858934169278 0.40628706998813763
0 0.9467084639498433 0.40628706998813763 0.8628526645768025 0.40628706998813763 0.862460815047022 0.3665480427046263 0.8111285266457681 0.36595492289442466 0.8107366771159875 0.051008303677342826 0.9467084639498433 0.05041518386714116 0.9471003134796239 0.40569395017793597 0.9467084639498433 0.40628706998813763
0 0.3056426332288401 0.6435349940688019 0.16222570532915362 0.6435349940688019 0.16183385579937304 0.4151838671411625 0.23119122257053293 0.41459074733096085 0.23158307210031348 0.05219454329774614 0.4890282131661442 0.051601423487544484 0.48942006269592475 0.4033214709371293 0.3996865203761755 0.40391459074733094 0.399294670846395 0.4139976275207592 0.4890282131661442 0.41459074733096085 0.48942006269592475 0.4816132858837485 0.3996865203761755 0.4822064056939502 0.399294670846395 0.641755634638197 0.30642633228840127 0.6423487544483986 0.3056426332288401 0.6435349940688019
0 0.9467084639498433 0.5604982206405694 0.7703761755485894 0.5604982206405694 0.7699843260188087 0.5432977461447213 0.7609717868338558 0.5427046263345195 0.7605799373040752 0.3748517200474496 0.8565830721003135 0.37425860023724794 0.856974921630094 0.4139976275207592 0.9467084639498433 0.41459074733096085 0.9471003134796239 0.5599051008303677 0.9467084639498433 0.5604982206405694
0 0.7554858934169278 0.7135231316725978 0.6152037617554859 0.7135231316725978 0.6148119122257053 0.4139976275207592 0.7554858934169278 0.41340450771055753 0.7558777429467085 0.7129300118623962 0.7554858934169278 0.7135231316725978
0 0.4890282131661442 0.6743772241992882 0.4067398119122257 0.6743772241992882 0.40634796238244514 0.49347568208778175 0.4890282131661442 0.4928825622775801 0.48942006269592475 0.6737841043890866 0.4890282131661442 0.6743772241992882
0 0.8518808777429467 0.7016607354685647 0.7609717868338558 0.7016607354685647 0.7605799373040752 0.5682087781731909 0.8518808777429467 0.5676156583629893 0.8522727272727273 0.701067615658363 0.8518808777429467 0.7016607354685647
0 0.9467084639498433 0.6886120996441281 0.8620689655172413 0.6886120996441281 0.8616771159874608 0.5682087781731909 0.9467084639498433 0.5676156583629893 0.9471003134796239 0.6880189798339265 0.9467084639498433 0.6886120996441281
0 0.3393416927899687 0.83570581257414 0.16222570532915362 0.83570581257414 0.16183385579937304 0.6441281138790036 0.3056426332288401 0.6435349940688019 0.30603448275862066 0.6536180308422301 0.3393416927899687 0.6542111506524317 0.3397335423197492 0.7224199288256228 0.3463949843260188 0.7230130486358244 0.3467868338557994 0.7841043890865955 0.3401253918495298 0.7846975088967971 0.3397335423197492 0.8351126927639383 0.3393416927899687 0.83570581257414
0 0.4890282131661442 0.83570581257414 0.34717868338557994 0.83570581257414 0.3467868338557994 0.6548042704626335 0.3989028213166144 0.6542111506524317 0.399294670846395 0.6856465005931198 0.4890282131661442 0.6862396204033214 0.48942006269592475 0.8351126927639383 0.4890282131661442 0.83570581257414
0 0.9467084639498433 0.8333333333333334 0.7609717868338558 0.8333333333333334 0.7605799373040752 0.7022538552787663 0.9467084639498433 0.7016607354685647 0.9471003134796239 0.8327402135231317 0.9467084639498433 0.8333333333333334
0 0.7554858934169278 0.8333333333333334 0.6152037617554859 0.8333333333333334 0.6148119122257053 0.7224199288256228 0.7554858934169278 0.7218268090154211 0.7558777429467085 0.8327402135231317 0.7554858934169278 0.8333333333333334