0 0.4894366197183099 0.6304347826086957 0.45422535211267606 0.6304347826086957 0.4524647887323944 0.6237458193979933 0.31866197183098594 0.6237458193979933 0.31778169014084506 0.07023411371237458 0.5070422535211268 0.06856187290969899 0.5079225352112676 0.13712374581939799 0.5035211267605634 0.13879598662207357 0.5026408450704225 0.6220735785953178 0.49119718309859156 0.6237458193979933 0.4894366197183099 0.6304347826086957
0 0.5017605633802817 0.657190635451505 0.49119718309859156 0.657190635451505 0.4903169014084507 0.6321070234113713 0.5017605633802817 0.6304347826086957 0.5026408450704225 0.6555183946488294 0.5017605633802817 0.657190635451505
0 0.7834507042253521 0.4866220735785953 0.5088028169014085 0.4866220735785953 0.5079225352112676 0.1505016722408027 0.7834507042253521 0.1488294314381271 0.784330985915493 0.48494983277591974 0.7834507042253521 0.4866220735785953
0 0.903169014084507 0.362876254180602 0.7887323943661971 0.362876254180602 0.7878521126760564 0.1505016722408027 0.903169014084507 0.1488294314381271 0.9040492957746479 0.3612040133779264 0.903169014084507 0.362876254180602
0 0.14084507042253522 0.45652173913043476 0.051056338028169015 0.45652173913043476 0.05017605633802817 0.15384615384615385 0.14084507042253522 0.15217391304347827 0.14172535211267606 0.45484949832775917 0.14084507042253522 0.45652173913043476
0 0.23591549295774647 0.45652173913043476 0.14788732394366197 0.45652173913043476 0.14700704225352113 0.15384615384615385 0.23591549295774647 0.15217391304347827 0.2367957746478873 0.45484949832775917 0.23591549295774647 0.45652173913043476
0 0.903169014084507 0.4866220735785953 0.7887323943661971 0.4866220735785953 0.7878521126760564 0.3879598662207358 0.8098591549295775 0.3862876254180602 0.8107394366197183 0.3779264214046823 0.903169014084507 0.3762541806020067 0.9040492957746479 0.48494983277591974 0.903169014084507 0.4866220735785953
0 0.1813380281690141 0.6204013377926422 0.051056338028169015 0.6204013377926422 0.05017605633802817 0.4816053511705686 0.23591549295774647 0.479933110367893 0.2367957746478873 0.5819397993311036 0.18309859154929578 0.5836120401337793 0.18221830985915494 0.6187290969899666 0.1813380281690141 0.6204013377926422
0 0.5422535211267606 0.7374581939799331 0.5105633802816901 0.7374581939799331 0.5096830985915493 0.49498327759197325 0.5580985915492958 0.49331103678929766 0.5589788732394366 0.5618729096989966 0.6795774647887324 0.5635451505016722 0.6804577464788732 0.49498327759197325 0.7183098591549296 0.49331103678929766 0.7191901408450704 0.5886287625418061 0.903169014084507 0.5903010033444817 0.9040492957746479 0.6387959866220736 0.875 0.6404682274247492 0.875 0.6438127090301003 0.903169014084507 0.6438127090301003 0.9040492957746479 0.7190635451505016 0.5440140845070423 0.7207357859531772 0.5431338028169014 0.7357859531772575 0.5422535211267606 0.7374581939799331
0 0.5933098591549296 0.5568561872909699 0.5633802816901409 0.5568561872909699 0.5625 0.49498327759197325 0.5933098591549296 0.49331103678929766 0.5941901408450704 0.5551839464882943 0.5933098591549296 0.5568561872909699
0 0.6338028169014085 0.5568561872909699 0.6003521126760564 0.5568561872909699 0.5994718309859155 0.5351170568561873 0.6073943661971831 0.5334448160535117 0.608274647887324 0.49498327759197325 0.6338028169014085 0.49331103678929766 0.6346830985915493 0.5551839464882943 0.6338028169014085 0.5568561872909699
0 0.676056338028169 0.5568561872909699 0.6390845070422535 0.5568561872909699 0.6382042253521126 0.49498327759197325 0.676056338028169 0.49331103678929766 0.6769366197183099 0.5551839464882943 0.676056338028169 0.5568561872909699
0 0.7834507042253521 0.5836120401337793 0.7253521126760564 0.5836120401337793 0.7244718309859155 0.49498327759197325 0.7834507042253521 0.49331103678929766 0.784330985915493 0.5819397993311036 0.7834507042253521 0.5836120401337793
0 0.823943661971831 0.5769230769230769 0.7887323943661971 0.5769230769230769 0.7878521126760564 0.49498327759197325 0.823943661971831 0.49331103678929766 0.8248239436619719 0.5752508361204013 0.823943661971831 0.5769230769230769
0 0.903169014084507 0.5769230769230769 0.829225352112676 0.5769230769230769 0.8283450704225352 0.49498327759197325 0.903169014084507 0.49331103678929766 0.9040492957746479 0.5752508361204013 0.903169014084507 0.5769230769230769
0 0.9595070422535211 0.677257525083612 0.9119718309859155 0.677257525083612 0.9110915492957746 0.5384615384615384 0.9595070422535211 0.5367892976588629 0.960387323943662 0.6755852842809364 0.9595070422535211 0.677257525083612
0 0.45422535211267606 0.8979933110367893 0.3362676056338028 0.8979933110367893 0.335387323943662 0.725752508361204 0.33186619718309857 0.7224080267558528 0.33186619718309857 0.6923076923076923 0.31866197183098594 0.6906354515050167 0.31778169014084506 0.6321070234113713 0.3626760563380282 0.6304347826086957 0.363556338028169 0.842809364548495 0.38380281690140844 0.8444816053511706 0.3846830985915493 0.8394648829431438 0.36795774647887325 0.8377926421404682 0.3670774647887324 0.6655518394648829 0.38204225352112675 0.6638795986622074 0.3829225352112676 0.6321070234113713 0.45422535211267606 0.6304347826086957 0.4551056338028169 0.6622073578595318 0.5035211267605634 0.6638795986622074 0.5044014084507042 0.725752508361204 0.45598591549295775 0.7274247491638796 0.4551056338028169 0.8963210702341137 0.45422535211267606 0.8979933110367893
0 0.38204225352112675 0.6638795986622074 0.36795774647887325 0.6638795986622074 0.3670774647887324 0.6321070234113713 0.38204225352112675 0.6304347826086957 0.3829225352112676 0.6622073578595318 0.38204225352112675 0.6638795986622074
0 0.18485915492957747 0.8979933110367893 0.06690140845070422 0.8979933110367893 0.06602112676056338 0.7224080267558528 0.051056338028169015 0.7207357859531772 0.05017605633802817 0.6354515050167224 0.2147887323943662 0.6337792642140468 0.21566901408450703 0.6789297658862876 0.23591549295774647 0.6806020066889632 0.23767605633802816 0.677257525083612 0.238556338028169 0.7224080267558528 0.19190140845070422 0.7240802675585284 0.19102112676056338 0.7792642140468228 0.125 0.7809364548494984 0.12411971830985916 0.7859531772575251 0.18485915492957747 0.7876254180602007 0.1857394366197183 0.8963210702341137 0.18485915492957747 0.8979933110367893
0 0.33098591549295775 0.7240802675585284 0.31866197183098594 0.7240802675585284 0.31778169014084506 0.6956521739130435 0.33098591549295775 0.6939799331103679 0.33186619718309857 0.7224080267558528 0.33098591549295775 0.7240802675585284
0 0.7341549295774648 0.8277591973244147 0.676056338028169 0.8277591973244147 0.6751760563380281 0.7324414715719063 0.7341549295774648 0.7307692307692307 0.7350352112676056 0.8260869565217391 0.7341549295774648 0.8277591973244147
0 0.2746478873239437 0.8979933110367893 0.19190140845070422 0.8979933110367893 0.19102112676056338 0.782608695652174 0.21654929577464788 0.7809364548494984 0.21742957746478872 0.7391304347826086 0.2746478873239437 0.7374581939799331 0.2755281690140845 0.8963210702341137 0.2746478873239437 0.8979933110367893
0 0.5422535211267606 0.8979933110367893 0.4612676056338028 0.8979933110367893 0.460387323943662 0.7391304347826086 0.5422535211267606 0.7374581939799331 0.5431338028169014 0.8963210702341137 0.5422535211267606 0.8979933110367893