0 0.50682261208577 0.5365296803652968 0.2222222222222222 0.5365296803652968 0.2212475633528265 0.2968036529680365 0.5126705653021443 0.2960426179604262 0.51364522417154 0.4368340943683409 0.5087719298245614 0.4375951293759513 0.5077972709551657 0.5357686453576864 0.50682261208577 0.5365296803652968
0 0.6881091617933723 0.4360730593607306 0.5146198830409356 0.4360730593607306 0.51364522417154 0.2968036529680365 0.6881091617933723 0.2960426179604262 0.6890838206627681 0.4353120243531202 0.6881091617933723 0.4360730593607306
0 0.8284600389863548 0.4832572298325723 0.6978557504873294 0.4832572298325723 0.6968810916179338 0.2983257229832572 0.8284600389863548 0.2975646879756469 0.8294346978557505 0.4824961948249619 0.8284600389863548 0.4832572298325723
0 0.6900584795321637 0.5745814307458144 0.5146198830409356 0.5745814307458144 0.51364522417154 0.4368340943683409 0.6900584795321637 0.4360730593607306 0.6910331384015594 0.573820395738204 0.6900584795321637 0.5745814307458144
0 0.8245614035087719 0.5745814307458144 0.6998050682261209 0.5745814307458144 0.6988304093567251 0.4916286149162861 0.8245614035087719 0.4908675799086758 0.8255360623781677 0.573820395738204 0.8245614035087719 0.5745814307458144
0 0.5769980506822612 0.7496194824961948 0.4405458089668616 0.7496194824961948 0.4395711500974659 0.5372907153729072 0.50682261208577 0.5365296803652968 0.5077972709551657 0.578386605783866 0.5769980506822612 0.5791476407914764 0.5779727095516569 0.7488584474885844 0.5769980506822612 0.7496194824961948
0 0.31773879142300193 0.621765601217656 0.2222222222222222 0.621765601217656 0.2212475633528265 0.54337899543379 0.31773879142300193 0.5426179604261796 0.31871345029239767 0.6210045662100456 0.31773879142300193 0.621765601217656
0 0.43079922027290446 0.621765601217656 0.3255360623781676 0.621765601217656 0.32456140350877194 0.54337899543379 0.43079922027290446 0.5426179604261796 0.4317738791423002 0.6210045662100456 0.43079922027290446 0.621765601217656
0 0.8284600389863548 0.815068493150685 0.5847953216374269 0.815068493150685 0.5838206627680312 0.5799086757990868 0.8284600389863548 0.5791476407914764 0.8294346978557505 0.8143074581430746 0.8284600389863548 0.815068493150685
0 0.43079922027290446 0.815068493150685 0.2222222222222222 0.815068493150685 0.2212475633528265 0.6286149162861492 0.43079922027290446 0.6278538812785388 0.4317738791423002 0.8143074581430746 0.43079922027290446 0.815068493150685
0 0.5769980506822612 0.815068493150685 0.4405458089668616 0.815068493150685 0.4395711500974659 0.7549467275494672 0.5769980506822612 0.754185692541857 0.5779727095516569 0.8143074581430746 0.5769980506822612 0.815068493150685