0 0.2634032634032634 0.6290877796901894 0.07575757575757576 0.6290877796901894 0.07517482517482517 0.23924268502581755 0.08275058275058275 0.23838209982788297 0.08333333333333333 0.09294320137693632 0.2634032634032634 0.09208261617900172 0.263986013986014 0.6282271944922547 0.2634032634032634 0.6290877796901894
0 0.4230769230769231 0.48623063683304646 0.27855477855477856 0.48623063683304646 0.27797202797202797 0.09982788296041308 0.42424242424242425 0.09896729776247848 0.42482517482517484 0.4440619621342513 0.42365967365967366 0.4457831325301205 0.42365967365967366 0.4853700516351119 0.4230769230769231 0.48623063683304646
0 0.6701631701631702 0.4449225473321859 0.4254079254079254 0.4449225473321859 0.42482517482517484 0.09982788296041308 0.7435897435897436 0.09896729776247848 0.7441724941724942 0.4423407917383821 0.6713286713286714 0.44320137693631667 0.6701631701631702 0.4449225473321859
0 0.9090909090909091 0.3244406196213425 0.7505827505827506 0.3244406196213425 0.75 0.09982788296041308 0.9090909090909091 0.09896729776247848 0.9096736596736597 0.32358003442340794 0.9090909090909091 0.3244406196213425
0 0.9090909090909091 0.5309810671256454 0.7505827505827506 0.5309810671256454 0.75 0.33218588640275387 0.9090909090909091 0.3313253012048193 0.9096736596736597 0.5301204819277109 0.9090909090909091 0.5309810671256454
0 0.7773892773892774 0.7444061962134251 0.6713286713286714 0.7444061962134251 0.6707459207459208 0.4440619621342513 0.7435897435897436 0.44320137693631667 0.7441724941724942 0.6161790017211703 0.7773892773892774 0.617039586919105 0.777972027972028 0.7435456110154905 0.7773892773892774 0.7444061962134251
0 0.48717948717948717 0.5654044750430293 0.4289044289044289 0.5654044750430293 0.42832167832167833 0.45266781411359724 0.48717948717948717 0.45180722891566266 0.48776223776223776 0.5645438898450946 0.48717948717948717 0.5654044750430293
0 0.6655011655011654 0.6222030981067126 0.5932400932400932 0.6222030981067126 0.5926573426573427 0.5662650602409639 0.49184149184149184 0.5654044750430293 0.49125874125874125 0.45266781411359724 0.6655011655011654 0.45180722891566266 0.666083916083916 0.621342512908778 0.6655011655011654 0.6222030981067126
0 0.4230769230769231 0.7444061962134251 0.27855477855477856 0.7444061962134251 0.27797202797202797 0.49569707401032703 0.4230769230769231 0.49483648881239245 0.42365967365967366 0.7435456110154905 0.4230769230769231 0.7444061962134251
0 0.9090909090909091 0.7444061962134251 0.7832167832167832 0.7444061962134251 0.7826340326340326 0.6092943201376936 0.7505827505827506 0.608433734939759 0.75 0.5387263339070568 0.9090909090909091 0.5378657487091222 0.9096736596736597 0.7435456110154905 0.9090909090909091 0.7444061962134251
0 0.506993006993007 0.7444061962134251 0.4289044289044289 0.7444061962134251 0.42832167832167833 0.5731497418244407 0.506993006993007 0.572289156626506 0.5075757575757576 0.7435456110154905 0.506993006993007 0.7444061962134251
0 0.5885780885780886 0.7444061962134251 0.5128205128205128 0.7444061962134251 0.5122377622377622 0.5731497418244407 0.5885780885780886 0.572289156626506 0.5891608391608392 0.7435456110154905 0.5885780885780886 0.7444061962134251
0 0.6655011655011654 0.7444061962134251 0.5932400932400932 0.7444061962134251 0.5926573426573427 0.6282271944922547 0.6655011655011654 0.6273666092943201 0.666083916083916 0.7435456110154905 0.6655011655011654 0.7444061962134251