0 0.5489690721649485 0.349833147942158 0.4059278350515464 0.349833147942158 0.4052835051546392 0.15239154616240266 0.5489690721649485 0.1518353726362625 0.5496134020618557 0.25472747497219134 0.5483247422680413 0.25583982202447164 0.5483247422680413 0.3337041156840934 0.5496134020618557 0.3348164627363737 0.5496134020618557 0.3492769744160178 0.5489690721649485 0.349833147942158
0 0.6533505154639175 0.25194660734149055 0.5528350515463918 0.25194660734149055 0.5521907216494846 0.15239154616240266 0.6533505154639175 0.1518353726362625 0.6539948453608248 0.25139043381535037 0.6533505154639175 0.25194660734149055
0 0.7551546391752577 0.25194660734149055 0.6572164948453608 0.25194660734149055 0.6565721649484536 0.15239154616240266 0.7551546391752577 0.1518353726362625 0.7557989690721649 0.25139043381535037 0.7551546391752577 0.25194660734149055
0 0.4007731958762887 0.2664071190211346 0.2706185567010309 0.2664071190211346 0.2699742268041237 0.19688542825361513 0.4007731958762887 0.19632925472747498 0.4014175257731959 0.26585094549499444 0.4007731958762887 0.2664071190211346
0 0.6211340206185567 0.3754171301446051 0.5528350515463918 0.3754171301446051 0.5521907216494846 0.3348164627363737 0.5489690721649485 0.3342602892102336 0.5483247422680413 0.25583982202447164 0.6907216494845361 0.25528364849833146 0.6913659793814433 0.2925472747497219 0.6507731958762887 0.29310344827586204 0.6494845360824743 0.2953281423804227 0.6237113402061856 0.3164627363737486 0.6217783505154639 0.3170189098998888 0.6217783505154639 0.37486095661846497 0.6211340206185567 0.3754171301446051
0 0.7551546391752577 0.29310344827586204 0.6945876288659794 0.29310344827586204 0.6939432989690721 0.25583982202447164 0.7551546391752577 0.25528364849833146 0.7557989690721649 0.2925472747497219 0.7551546391752577 0.29310344827586204
0 0.4007731958762887 0.3576195773081201 0.33634020618556704 0.3576195773081201 0.33569587628865977 0.26918798665183535 0.4007731958762887 0.26863181312569523 0.4014175257731959 0.35706340378198 0.4007731958762887 0.3576195773081201
0 0.32989690721649484 0.3275862068965517 0.27319587628865977 0.3275862068965517 0.27255154639175255 0.27030033370411566 0.32989690721649484 0.26974416017797553 0.33054123711340205 0.3270300333704116 0.32989690721649484 0.3275862068965517
0 0.7551546391752577 0.3754171301446051 0.625 0.3754171301446051 0.6243556701030928 0.3192436040044494 0.6269329896907216 0.3181312569521691 0.6288659793814433 0.3153503893214683 0.6307989690721649 0.3147942157953281 0.6314432989690721 0.3131256952169077 0.6520618556701031 0.296440489432703 0.7551546391752577 0.296440489432703 0.7557989690721649 0.37486095661846497 0.7551546391752577 0.3754171301446051
0 0.33118556701030927 0.3576195773081201 0.2706185567010309 0.3576195773081201 0.2699742268041237 0.3314794215795328 0.33118556701030927 0.3309232480533927 0.3318298969072165 0.35706340378198 0.33118556701030927 0.3576195773081201
0 0.5489690721649485 0.4532814238042269 0.4059278350515464 0.4532814238042269 0.4052835051546392 0.3503893214682981 0.5489690721649485 0.349833147942158 0.5496134020618557 0.45272525027808674 0.5489690721649485 0.4532814238042269
0 0.4007731958762887 0.4532814238042269 0.2706185567010309 0.4532814238042269 0.2699742268041237 0.3615127919911012 0.4007731958762887 0.3609566184649611 0.4014175257731959 0.45272525027808674 0.4007731958762887 0.4532814238042269
0 0.6211340206185567 0.4532814238042269 0.5528350515463918 0.4532814238042269 0.5521907216494846 0.3781979977753059 0.6211340206185567 0.37764182424916576 0.6217783505154639 0.45272525027808674 0.6211340206185567 0.4532814238042269
0 0.6662371134020618 0.40545050055617354 0.625 0.40545050055617354 0.6243556701030928 0.3781979977753059 0.6662371134020618 0.37764182424916576 0.666881443298969 0.40489432703003336 0.6662371134020618 0.40545050055617354
0 0.7551546391752577 0.4532814238042269 0.6713917525773195 0.4532814238042269 0.6707474226804123 0.3781979977753059 0.7551546391752577 0.37764182424916576 0.7557989690721649 0.45272525027808674 0.7551546391752577 0.4532814238042269
0 0.6662371134020618 0.4532814238042269 0.625 0.4532814238042269 0.6243556701030928 0.4082313681868743 0.6662371134020618 0.40767519466073415 0.666881443298969 0.45272525027808674 0.6662371134020618 0.4532814238042269
0 0.7384020618556701 0.6612903225806451 0.5554123711340206 0.6612903225806451 0.5547680412371134 0.5116796440489433 0.7384020618556701 0.5111234705228032 0.7390463917525774 0.660734149054505 0.7384020618556701 0.6612903225806451