0 0.1136991709435452 0.17455061494796595 0.06040268456375839 0.17455061494796595 0.06020529016975918 0.10785241248817408 0.1136991709435452 0.10737937559129612 0.11389656533754441 0.17407757805108798 0.1136991709435452 0.17455061494796595
0 0.1590998815633636 0.21901608325449384 0.1156731148835373 0.21901608325449384 0.1154757204895381 0.10785241248817408 0.1590998815633636 0.10737937559129612 0.15929727595736282 0.2185430463576159 0.1590998815633636 0.21901608325449384
0 0.18989340702724042 0.16319772942289498 0.16225819186735096 0.16319772942289498 0.16206079747335175 0.10785241248817408 0.18989340702724042 0.10737937559129612 0.19009080142123963 0.16272469252601704 0.18989340702724042 0.16319772942289498
0 0.22384524279510462 0.21333964049195836 0.19226213975523096 0.21333964049195836 0.19206474536123175 0.10785241248817408 0.22384524279510462 0.10737937559129612 0.22404263718910383 0.21286660359508042 0.22384524279510462 0.21333964049195836
0 0.26371891038294515 0.21333964049195836 0.22621397552309513 0.21333964049195836 0.22601658112909592 0.10785241248817408 0.26371891038294515 0.10737937559129612 0.26391630477694433 0.21286660359508042 0.26371891038294515 0.21333964049195836
0 0.3612317410185551 0.3107852412488174 0.3316225819186735 0.3107852412488174 0.3314251875246743 0.3074739829706717 0.26608764311093563 0.30700094607379375 0.26589024871693645 0.10785241248817408 0.3612317410185551 0.10737937559129612 0.3614291354125543 0.31031220435193946 0.3612317410185551 0.3107852412488174
0 0.3920252664824319 0.21996215704824976 0.3636004737465456 0.21996215704824976 0.3634030793525464 0.10785241248817408 0.3920252664824319 0.10737937559129612 0.3922226608764311 0.2194891201513718 0.3920252664824319 0.21996215704824976
0 0.4236083695223056 0.21996215704824976 0.39399921042242403 0.21996215704824976 0.3938018160284248 0.10785241248817408 0.4236083695223056 0.10737937559129612 0.42380576391630476 0.2194891201513718 0.4236083695223056 0.21996215704824976
0 0.48914330833004344 0.30605487228003786 0.4255823134622977 0.30605487228003786 0.42538491906829845 0.10785241248817408 0.48914330833004344 0.10737937559129612 0.4893407027240426 0.30558183538315986 0.48914330833004344 0.30605487228003786
0 0.7710225029609159 0.24739829706717123 0.770232925384919 0.24739829706717123 0.7698381365969207 0.24645222327341532 0.7690485590209238 0.2455061494796594 0.768258981444927 0.2445600756859035 0.7674694038689301 0.2445600756859035 0.7670746150809317 0.24361400189214757 0.7662850375049348 0.24361400189214757 0.7658902487169365 0.24266792809839166 0.7651006711409396 0.24172185430463577 0.7643110935649428 0.24172185430463577 0.7639163047769444 0.24077578051087986 0.7631267272009475 0.24077578051087986 0.7627319384129491 0.23982970671712395 0.7619423608369522 0.23888363292336803 0.7611527832609554 0.23888363292336803 0.760757994472957 0.23793755912961212 0.7599684168969602 0.2369914853358562 0.7591788393209633 0.2369914853358562 0.7587840505329648 0.2360454115421003 0.757994472956968 0.23509933774834438 0.7572048953809711 0.23415326395458846 0.7564153178049743 0.23415326395458846 0.7560205290169759 0.23320719016083255 0.7552309514409791 0.23320719016083255 0.7548361626529807 0.23226111636707664 0.7540465850769839 0.23226111636707664 0.7536517962889854 0.23131504257332072 0.7528622187129885 0.2303689687795648 0.7520726411369917 0.2303689687795648 0.7516778523489933 0.2294228949858089 0.7508882747729965 0.22847682119205298 0.7500986971969996 0.22847682119205298 0.7497039084090011 0.22753074739829707 0.7489143308330043 0.22658467360454115 0.7481247532570074 0.22563859981078524 0.7473351756810107 0.22563859981078524 0.7469403868930122 0.22469252601702933 0.7461508093170154 0.2237464522232734 0.7449664429530202 0.2237464522232734 0.7445716541650217 0.2228003784295175 0.7437820765890248 0.22185430463576158 0.742992499013028 0.22185430463576158 0.7425977102250296 0.22090823084200567 0.7418081326490328 0.21996215704824976 0.7410185550730359 0.21996215704824976 0.7406237662850375 0.21901608325449384 0.7398341887090407 0.21807000946073793 0.7390446111330439 0.21807000946073793 0.7386498223450454 0.21712393566698202 0.7378602447690485 0.2161778618732261 0.7370706671930517 0.2152317880794702 0.7364784840110541 0.21475875118259224 0.7364784840110541 0.130558183538316 0.7370706671930517 0.1291390728476821 0.7378602447690485 0.1281929990539262 0.7386498223450454 0.12724692526017028 0.7398341887090407 0.12535477767265846 0.7404263718910383 0.12488174077578051 0.7400315831030398 0.1239356669820246 0.7396367943150415 0.12204351939451277 0.7388472167390446 0.11920529801324503 0.7384524279510462 0.1173131504257332 0.7376628503750493 0.11447492904446546 0.7372680615870509 0.11258278145695365 0.7368732727990525 0.11069063386944182 0.7364784840110541 0.10879848628192999 0.8026056060007896 0.10832544938505204 0.8028030003947888 0.1097445600756859 0.802013422818792 0.11163670766319773 0.802013422818792 0.11352885525070956 0.8012238452427951 0.11542100283822138 0.8008290564547966 0.1173131504257332 0.8004342676667983 0.11920529801324503 0.7996446900908014 0.12204351939451277 0.800236873272799 0.12440870387890256 0.8010264508487959 0.12535477767265846 0.8024082116067903 0.12771996215704826 0.8024082116067903 0.21570482497634816 0.8018160284247927 0.21712393566698202 0.8010264508487959 0.21807000946073793 0.800236873272799 0.21901608325449384 0.7994472956968022 0.21901608325449384 0.7990525069088038 0.21996215704824976 0.798262929332807 0.22090823084200567 0.7974733517568101 0.22185430463576158 0.7966837741808133 0.22185430463576158 0.7962889853928149 0.2228003784295175 0.795499407816818 0.2237464522232734 0.7947098302408212 0.2237464522232734 0.7943150414528227 0.22469252601702933 0.7935254638768259 0.22469252601702933 0.7931306750888275 0.22563859981078524 0.7923410975128307 0.22658467360454115 0.7915515199368338 0.22658467360454115 0.7911567311488353 0.22753074739829707 0.7903671535728385 0.22847682119205298 0.7895775759968416 0.2294228949858089 0.7887879984208448 0.2294228949858089 0.7883932096328464 0.2303689687795648 0.7876036320568496 0.23131504257332072 0.7868140544808527 0.23226111636707664 0.7860244769048559 0.23226111636707664 0.7856296881168575 0.23320719016083255 0.7848401105408607 0.23320719016083255 0.7844453217528622 0.23415326395458846 0.7836557441768653 0.23509933774834438 0.7828661666008685 0.23509933774834438 0.7824713778128701 0.2360454115421003 0.7816818002368733 0.2369914853358562 0.7808922226608764 0.2369914853358562 0.780497433872878 0.23793755912961212 0.7797078562968812 0.23888363292336803 0.7789182787208844 0.23982970671712395 0.7781287011448875 0.23982970671712395 0.777733912356889 0.24077578051087986 0.7769443347808922 0.24172185430463577 0.7761547572048954 0.24172185430463577 0.775759968416897 0.24266792809839166 0.7749703908409001 0.24266792809839166 0.7745756020529017 0.24361400189214757 0.7737860244769048 0.2445600756859035 0.772996446900908 0.2455061494796594 0.7722068693249112 0.2455061494796594 0.7718120805369127 0.24645222327341532 0.7710225029609159 0.24739829706717123
0 0.18712988551125148 0.37228003784295177 0.1156731148835373 0.37228003784295177 0.1154757204895381 0.27909176915799433 0.1342281879194631 0.2786187322611164 0.1344255823134623 0.2753074739829707 0.1156731148835373 0.27483443708609273 0.1154757204895381 0.2261116367076632 0.16186340307935254 0.22563859981078524 0.16206079747335175 0.1684011352885525 0.18989340702724042 0.16792809839167455 0.19009080142123963 0.30368968779564803 0.1875246742992499 0.30416272469252603 0.1873272799052507 0.3718070009460738 0.18712988551125148 0.37228003784295177
0 0.1136991709435452 0.2663197729422895 0.06040268456375839 0.2663197729422895 0.06020529016975918 0.17975402081362346 0.1136991709435452 0.17928098391674552 0.11389656533754441 0.26584673604541154 0.1136991709435452 0.2663197729422895
0 0.7343071456770628 0.2152317880794702 0.5846821950256613 0.2152317880794702 0.5844848006316621 0.18353831598864712 0.7343071456770628 0.18306527909176915 0.734504540071062 0.21475875118259224 0.7343071456770628 0.2152317880794702
0 0.26371891038294515 0.30700094607379375 0.19226213975523096 0.30700094607379375 0.19206474536123175 0.2194891201513718 0.26371891038294515 0.21901608325449384 0.26391630477694433 0.3065279091769158 0.26371891038294515 0.30700094607379375
0 0.6620607974733518 0.4432355723746452 0.5846821950256613 0.4432355723746452 0.5844848006316621 0.22043519394512773 0.6620607974733518 0.21996215704824976 0.662258191867351 0.4427625354777673 0.6620607974733518 0.4432355723746452
0 0.8026056060007896 0.48864711447492903 0.6648243189893407 0.48864711447492903 0.6646269245953415 0.3122043519394513 0.7812870114488748 0.31173131504257334 0.781484405842874 0.3074739829706717 0.6648243189893407 0.30700094607379375 0.6646269245953415 0.22043519394512773 0.735491512041058 0.21996215704824976 0.7358863008290565 0.22090823084200567 0.7366758784050533 0.22185430463576158 0.7374654559810502 0.2228003784295175 0.738255033557047 0.2228003784295175 0.7386498223450454 0.2237464522232734 0.7398341887090407 0.2237464522232734 0.7402289774970391 0.22469252601702933 0.7410185550730359 0.22563859981078524 0.7418081326490328 0.22658467360454115 0.7425977102250296 0.22658467360454115 0.742992499013028 0.22753074739829707 0.7437820765890248 0.22753074739829707 0.7441768653770233 0.22847682119205298 0.7449664429530202 0.2294228949858089 0.745756020529017 0.2303689687795648 0.7465455981050139 0.2303689687795648 0.7469403868930122 0.23131504257332072 0.7477299644690091 0.23226111636707664 0.7485195420450059 0.23320719016083255 0.7497039084090011 0.23320719016083255 0.7500986971969996 0.23415326395458846 0.7508882747729965 0.23415326395458846 0.7512830635609948 0.23509933774834438 0.7520726411369917 0.2360454115421003 0.7528622187129885 0.2360454115421003 0.753257007500987 0.2369914853358562 0.7540465850769839 0.23793755912961212 0.7548361626529807 0.23793755912961212 0.7552309514409791 0.23888363292336803 0.7560205290169759 0.23982970671712395 0.7568101065929728 0.24077578051087986 0.7575996841689696 0.24077578051087986 0.757994472956968 0.24172185430463577 0.7587840505329648 0.24172185430463577 0.7591788393209633 0.24266792809839166 0.7599684168969602 0.24266792809839166 0.7603632056849585 0.24361400189214757 0.7611527832609554 0.2445600756859035 0.7619423608369522 0.2445600756859035 0.7623371496249507 0.2455061494796594 0.7631267272009475 0.24645222327341532 0.7639163047769444 0.24645222327341532 0.7643110935649428 0.24739829706717123 0.7651006711409396 0.24834437086092714 0.7658902487169365 0.24834437086092714 0.7662850375049348 0.24929044465468306 0.7670746150809317 0.25023651844843897 0.768258981444927 0.25023651844843897 0.7686537702329254 0.2511825922421949 0.7694433478089222 0.2521286660359508 0.770232925384919 0.25307473982970674 0.7710225029609159 0.25307473982970674 0.7714172917489144 0.2521286660359508 0.7722068693249112 0.2511825922421949 0.772996446900908 0.2511825922421949 0.7733912356889064 0.25023651844843897 0.7741808132649033 0.25023651844843897 0.7745756020529017 0.24929044465468306 0.7753651796288985 0.24834437086092714 0.7761547572048954 0.24834437086092714 0.7765495459928938 0.24739829706717123 0.7773391235688907 0.24645222327341532 0.7781287011448875 0.2455061494796594 0.7789182787208844 0.2455061494796594 0.7793130675088827 0.2445600756859035 0.7801026450848796 0.24361400189214757 0.7808922226608764 0.24266792809839166 0.7816818002368733 0.24266792809839166 0.7820765890248716 0.24172185430463577 0.783260955388867 0.24172185430463577 0.7836557441768653 0.24077578051087986 0.7844453217528622 0.23982970671712395 0.785234899328859 0.23888363292336803 0.7860244769048559 0.23888363292336803 0.7864192656928544 0.23793755912961212 0.7872088432688512 0.2369914853358562 0.7879984208448481 0.2360454115421003 0.7887879984208448 0.2360454115421003 0.7891827872088433 0.23509933774834438 0.7899723647848401 0.23415326395458846 0.790761942360837 0.23415326395458846 0.7911567311488353 0.23320719016083255 0.7919463087248322 0.23320719016083255 0.7923410975128307 0.23226111636707664 0.7931306750888275 0.23131504257332072 0.7939202526648244 0.23131504257332072 0.7943150414528227 0.2303689687795648 0.7951046190288196 0.2294228949858089 0.7958941966048164 0.22847682119205298 0.7966837741808133 0.22847682119205298 0.7970785629688116 0.22753074739829707 0.7978681405448085 0.22658467360454115 0.7986577181208053 0.22563859981078524 0.7994472956968022 0.22563859981078524 0.7998420844848007 0.22469252601702933 0.8006316620607975 0.2237464522232734 0.8018160284247927 0.2237464522232734 0.8022108172127912 0.2228003784295175 0.803000394788788 0.22185430463576158 0.8037899723647849 0.22185430463576158 0.8041847611527833 0.22090823084200567 0.8049743387287801 0.21996215704824976 0.8345834978286617 0.21996215704824976 0.8347808922226608 0.31598864711447494 0.87998420844848 0.3164616840113529 0.8801816028424793 0.41154210028382215 0.8397157520726412 0.4120151371807001 0.8395183576786419 0.3576158940397351 0.803000394788788 0.35714285714285715 0.8028030003947888 0.4881740775780511 0.8026056060007896 0.48864711447492903
0 0.87998420844848 0.31173131504257334 0.8369522305566522 0.31173131504257334 0.836754836162653 0.22043519394512773 0.87998420844848 0.21996215704824976 0.8801816028424793 0.31125827814569534 0.87998420844848 0.31173131504257334
0 0.9178839320963285 0.4120151371807001 0.8823529411764706 0.4120151371807001 0.8821555467824713 0.22043519394512773 0.9178839320963285 0.21996215704824976 0.9180813264903277 0.41154210028382215 0.9178839320963285 0.4120151371807001
0 0.4236083695223056 0.30605487228003786 0.3636004737465456 0.30605487228003786 0.3634030793525464 0.22421948912015138 0.4236083695223056 0.2237464522232734 0.42380576391630476 0.30558183538315986 0.4236083695223056 0.30605487228003786
0 0.1136991709435452 0.5397350993377483 0.06040268456375839 0.5397350993377483 0.06020529016975918 0.27057710501419113 0.1136991709435452 0.27010406811731313 0.11389656533754441 0.5392620624408704 0.1136991709435452 0.5397350993377483
0 0.2479273588630083 0.48770104068117315 0.19028819581523884 0.48770104068117315 0.19009080142123963 0.31125827814569534 0.2479273588630083 0.3107852412488174 0.2481247532570075 0.31598864711447494 0.2609553888669562 0.3164616840113529 0.26115278326095537 0.3661305581835383 0.2483221476510067 0.3666035950804163 0.2481247532570075 0.3708609271523179 0.2609553888669562 0.37133396404919583 0.26115278326095537 0.41438032166508987 0.2483221476510067 0.4148533585619678 0.2481247532570075 0.4210028382213813 0.26371891038294515 0.42147587511825924 0.26391630477694433 0.46546830652790916 0.2483221476510067 0.46594134342478716 0.2481247532570075 0.48722800378429515 0.2479273588630083 0.48770104068117315
0 0.48914330833004344 0.7554399243140965 0.3316225819186735 0.7554399243140965 0.3314251875246743 0.4664143803216651 0.26411369917094357 0.46594134342478716 0.26391630477694433 0.4219489120151372 0.2635215159889459 0.4210028382213813 0.2635215159889459 0.31125827814569534 0.4425582313462298 0.3107852412488174 0.442755625740229 0.36045411542100286 0.41413343861034346 0.3609271523178808 0.4139360442163443 0.4531693472090823 0.40979076194236086 0.45364238410596025 0.40939597315436244 0.4545884578997162 0.40781681800236874 0.4545884578997162 0.4076194236083695 0.4664143803216651 0.4080142123963679 0.467360454115421 0.4080142123963679 0.47114474929044464 0.40840900118436635 0.4720908230842006 0.4088037899723648 0.4739829706717124 0.4091985787603632 0.47587511825922424 0.4091985787603632 0.47776726584673607 0.4095933675483616 0.47871333964049195 0.40998815633636004 0.4806054872280038 0.40998815633636004 0.4824976348155156 0.41038294512435847 0.48344370860927155 0.4107777339123569 0.4853358561967833 0.41156731148835374 0.4881740775780511 0.41196210027635216 0.4900662251655629 0.41215949467035135 0.4914853358561968 0.41354125542834586 0.4938505203405866 0.41571259376233716 0.5 0.41966048164232134 0.5085146641438032 0.42104224240031585 0.510879848628193 0.42262139755230954 0.5156102175969726 0.4242005527043032 0.5203405865657521 0.4249901302803 0.5231788079470199 0.4249901302803 0.5250709555345316 0.42538491906829845 0.5260170293282876 0.4257797078562969 0.5279091769157994 0.4261744966442953 0.5298013245033113 0.4261744966442953 0.5316934720908231 0.4265692854322937 0.532639545884579 0.42696407422029214 0.5345316934720908 0.42696407422029214 0.5364238410596026 0.42735886300829057 0.5373699148533586 0.42735886300829057 0.5392620624408704 0.427753651796289 0.5402081362346263 0.427753651796289 0.5421002838221382 0.4281484405842874 0.543046357615894 0.4281484405842874 0.554399243140965 0.42854322937228584 0.5553453169347209 0.42854322937228584 0.5581835383159887 0.42893801816028426 0.5591296121097445 0.42893801816028426 0.5619678334910123 0.4293328069482827 0.5629139072847682 0.4318989340702724 0.5700094607379376 0.48914330833004344 0.5700094607379376 0.4893407027240426 0.7549668874172185 0.48914330833004344 0.7554399243140965
0 0.48914330833004344 0.565279091769158 0.43268851164626926 0.565279091769158 0.43170153967627317 0.5629139072847682 0.4309119621002763 0.5600756859035004 0.4309119621002763 0.5572374645222328 0.43051717331227796 0.5562913907284768 0.43051717331227796 0.5506149479659413 0.43012238452427953 0.5496688741721855 0.43012238452427953 0.543046357615894 0.4297275957362811 0.5421002838221382 0.4297275957362811 0.5402081362346263 0.4293328069482827 0.5392620624408704 0.4293328069482827 0.5364238410596026 0.42893801816028426 0.5354777672658467 0.42893801816028426 0.533585619678335 0.42854322937228584 0.532639545884579 0.42854322937228584 0.5307473982970672 0.4281484405842874 0.5298013245033113 0.4281484405842874 0.5279091769157994 0.427753651796289 0.5269631031220435 0.42735886300829057 0.5250709555345316 0.42735886300829057 0.5231788079470199 0.42696407422029214 0.522232734153264 0.4265692854322937 0.5203405865657521 0.4245953414923016 0.5146641438032167 0.42341097512830633 0.510879848628193 0.4228187919463087 0.5085146641438032 0.42104224240031585 0.5052034058656575 0.4192656928543229 0.5 0.4176865377023293 0.4971617786187323 0.4170943545203316 0.4966887417218543 0.41531780497433873 0.4914853358561968 0.41472562179234107 0.4910122989593188 0.41354125542834586 0.48722800378429515 0.41314646664034743 0.4853358561967833 0.4123568890643506 0.4824976348155156 0.41196210027635216 0.4806054872280038 0.41156731148835374 0.47871333964049195 0.41156731148835374 0.4768211920529801 0.4111725227003553 0.47587511825922424 0.4107777339123569 0.4739829706717124 0.41038294512435847 0.4720908230842006 0.41038294512435847 0.47019867549668876 0.40998815633636004 0.4692526017029328 0.40998815633636004 0.4645222327341533 0.4095933675483616 0.46357615894039733 0.4095933675483616 0.45411542100283825 0.41373864982234504 0.45364238410596025 0.4139360442163443 0.36140018921475875 0.4425582313462298 0.3609271523178808 0.442755625740229 0.31125827814569534 0.48914330833004344 0.3107852412488174 0.4893407027240426 0.5648060548722801 0.48914330833004344 0.565279091769158
0 0.8373470193446506 0.456480605487228 0.8049743387287801 0.456480605487228 0.8047769443347809 0.3623462630085147 0.8373470193446506 0.3618732261116367 0.8375444137386499 0.45600756859035 0.8373470193446506 0.456480605487228
0 0.1875246742992499 0.5397350993377483 0.1156731148835373 0.5397350993377483 0.1154757204895381 0.3793755912961211 0.1875246742992499 0.37890255439924314 0.18772206869324912 0.5392620624408704 0.1875246742992499 0.5397350993377483
0 0.9640742202921437 0.5719016083254493 0.9632846427161469 0.5700094607379376 0.96249506514015 0.5690633869441817 0.9617054875641532 0.5681173131504257 0.9609159099881563 0.5671712393566698 0.959731543624161 0.565279091769158 0.9585471772601658 0.5633869441816461 0.957757599684169 0.5624408703878903 0.9571654165021714 0.5638599810785241 0.9567706277141729 0.565752128666036 0.9565732333201737 0.5671712393566698 0.8618239242005526 0.5671712393566698 0.8616265298065535 0.5260170293282876 0.8397157520726412 0.5255439924314097 0.8395183576786419 0.41721854304635764 0.9553888669561784 0.41674550614947964 0.9555862613501777 0.413434247871334 0.9563758389261745 0.41438032166508987 0.9567706277141729 0.4162724692526017 0.9567706277141729 0.4181646168401135 0.9575602052901697 0.42005676442762535 0.957757599684169 0.42147587511825924 0.9581523884721674 0.4205298013245033 0.9589419660481643 0.4195837275307474 0.9601263324121595 0.4176915799432356 0.9613106987761547 0.41579943235572375 0.9621002763521516 0.4148533585619678 0.9628898539281484 0.4139072847682119 0.9640742202921437 0.4120151371807001 0.9642716146861429 0.5714285714285714 0.9640742202921437 0.5719016083254493
0 0.6620607974733518 0.48864711447492903 0.5846821950256613 0.48864711447492903 0.5844848006316621 0.44843897824030277 0.6620607974733518 0.44796594134342477 0.662258191867351 0.4881740775780511 0.6620607974733518 0.48864711447492903
0 0.8373470193446506 0.5255439924314097 0.8049743387287801 0.5255439924314097 0.8047769443347809 0.4616840113528855 0.8373470193446506 0.46121097445600756 0.8375444137386499 0.5250709555345316 0.8373470193446506 0.5255439924314097
0 0.2826687722068693 0.5255439924314097 0.25424397947098304 0.5255439924314097 0.2540465850769838 0.47114474929044464 0.2826687722068693 0.4706717123935667 0.28286616660086855 0.5250709555345316 0.2826687722068693 0.5255439924314097
0 0.3181997631267272 0.6021759697256386 0.28503750493485985 0.6021759697256386 0.2848401105408606 0.5298013245033113 0.29569680221081723 0.5293282876064334 0.2958941966048164 0.5260170293282876 0.28503750493485985 0.5255439924314097 0.2848401105408606 0.47114474929044464 0.329253849190683 0.4706717123935667 0.3294512435846822 0.5241248817407758 0.31859455191472563 0.5245979186376537 0.3183971575207264 0.5288552507095553 0.329253849190683 0.5293282876064334 0.3294512435846822 0.5827814569536424 0.31859455191472563 0.5832544938505203 0.3183971575207264 0.6017029328287606 0.3181997631267272 0.6021759697256386