0 0.12380952380952381 0.32729007633587787 0.06111111111111111 0.32729007633587787 0.060714285714285714 0.1946564885496183 0.12380952380952381 0.19370229007633588 0.12420634920634921 0.32633587786259544 0.12380952380952381 0.32729007633587787
0 0.24126984126984127 0.491412213740458 0.12777777777777777 0.491412213740458 0.12738095238095237 0.1946564885496183 0.24126984126984127 0.19370229007633588 0.24166666666666667 0.4904580152671756 0.24126984126984127 0.491412213740458
0 0.3047619047619048 0.28912213740458015 0.24523809523809523 0.28912213740458015 0.24484126984126983 0.1946564885496183 0.3047619047619048 0.19370229007633588 0.3051587301587302 0.2881679389312977 0.3047619047619048 0.28912213740458015
0 0.3357142857142857 0.6440839694656488 0.1626984126984127 0.6440839694656488 0.1623015873015873 0.49809160305343514 0.24603174603174602 0.49713740458015265 0.24642857142857144 0.29770992366412213 0.30714285714285716 0.2967557251908397 0.30753968253968256 0.1946564885496183 0.3380952380952381 0.19370229007633588 0.3384920634920635 0.5610687022900763 0.33650793650793653 0.5620229007633588 0.33611111111111114 0.6431297709923665 0.3357142857142857 0.6440839694656488
0 0.36428571428571427 0.6555343511450382 0.3388888888888889 0.6555343511450382 0.3384920634920635 0.1946564885496183 0.45714285714285713 0.19370229007633588 0.4575396825396825 0.41412213740458015 0.5166666666666667 0.4150763358778626 0.5170634920634921 0.6393129770992366 0.4579365079365079 0.6402671755725191 0.45714285714285713 0.6383587786259542 0.36507936507936506 0.6383587786259542 0.36468253968253966 0.6545801526717557 0.36428571428571427 0.6555343511450382
0 0.7119047619047619 0.5391221374045801 0.5761904761904761 0.5391221374045801 0.5757936507936507 0.30343511450381677 0.7119047619047619 0.30248091603053434 0.7123015873015873 0.5381679389312977 0.7119047619047619 0.5391221374045801
0 0.7547619047619047 0.4551526717557252 0.7150793650793651 0.4551526717557252 0.7146825396825397 0.30343511450381677 0.7547619047619047 0.30248091603053434 0.7551587301587301 0.4541984732824427 0.7547619047619047 0.4551526717557252
0 0.819047619047619 0.7814885496183206 0.7150793650793651 0.7814885496183206 0.7146825396825397 0.4618320610687023 0.7587301587301587 0.46087786259541985 0.7591269841269841 0.30343511450381677 0.819047619047619 0.30248091603053434 0.8194444444444444 0.7805343511450382 0.819047619047619 0.7814885496183206
0 0.9698412698412698 0.6631679389312977 0.8714285714285714 0.6631679389312977 0.871031746031746 0.6202290076335878 0.8222222222222222 0.6192748091603053 0.8218253968253968 0.30343511450381677 0.9698412698412698 0.30248091603053434 0.9702380952380952 0.6622137404580153 0.9698412698412698 0.6631679389312977
0 0.12380952380952381 0.491412213740458 0.06111111111111111 0.491412213740458 0.060714285714285714 0.33587786259541985 0.12380952380952381 0.3349236641221374 0.12420634920634921 0.4904580152671756 0.12380952380952381 0.491412213740458
0 0.16031746031746033 0.6440839694656488 0.06111111111111111 0.6440839694656488 0.060714285714285714 0.49809160305343514 0.16031746031746033 0.49713740458015265 0.16071428571428573 0.6431297709923665 0.16031746031746033 0.6440839694656488
0 0.7119047619047619 0.7814885496183206 0.5761904761904761 0.7814885496183206 0.5757936507936507 0.5458015267175572 0.7119047619047619 0.5448473282442748 0.7123015873015873 0.7805343511450382 0.7119047619047619 0.7814885496183206
0 0.8682539682539683 0.7814885496183206 0.8222222222222222 0.7814885496183206 0.8218253968253968 0.6278625954198473 0.8682539682539683 0.6269083969465649 0.8686507936507937 0.7805343511450382 0.8682539682539683 0.7814885496183206
0 0.45714285714285713 0.8654580152671756 0.33650793650793653 0.8654580152671756 0.33611111111111114 0.666030534351145 0.36428571428571427 0.6650763358778626 0.36468253968253966 0.6393129770992366 0.45714285714285713 0.6383587786259542 0.4575396825396825 0.8645038167938931 0.45714285714285713 0.8654580152671756
0 0.19523809523809524 0.8654580152671756 0.06111111111111111 0.8654580152671756 0.060714285714285714 0.6526717557251909 0.19523809523809524 0.6517175572519084 0.19563492063492063 0.8645038167938931 0.19523809523809524 0.8654580152671756
0 0.2523809523809524 0.7719465648854962 0.1976190476190476 0.7719465648854962 0.19722222222222222 0.6526717557251909 0.2523809523809524 0.6517175572519084 0.25277777777777777 0.7709923664122137 0.2523809523809524 0.7719465648854962
0 0.33015873015873015 0.7719465648854962 0.25555555555555554 0.7719465648854962 0.25515873015873014 0.6526717557251909 0.33015873015873015 0.6517175572519084 0.33055555555555555 0.7709923664122137 0.33015873015873015 0.7719465648854962
0 0.9698412698412698 0.7814885496183206 0.8714285714285714 0.7814885496183206 0.871031746031746 0.6717557251908397 0.9698412698412698 0.6708015267175572 0.9702380952380952 0.7805343511450382 0.9698412698412698 0.7814885496183206