0 0.30845392231530844 0.13960441582336708 0.06930693069306931 0.13960441582336708 0.06892612338156892 0.02391904323827047 0.30845392231530844 0.023689052437902484 0.30883472962680886 0.13937442502299907 0.30845392231530844 0.13960441582336708
0 0.472962680883473 0.6672033118675254 0.24523990860624523 0.6672033118675254 0.24485910129474486 0.6646734130634775 0.06930693069306931 0.6644434222631095 0.06892612338156892 0.5050597976080957 0.472962680883473 0.5048298068077277 0.47334348819497335 0.6669733210671573 0.472962680883473 0.6672033118675254
0 0.785986290936786 0.6649034038638455 0.5514089870525514 0.6649034038638455 0.551028179741051 0.5050597976080957 0.785986290936786 0.5048298068077277 0.7863670982482863 0.6646734130634775 0.785986290936786 0.6649034038638455
0 0.945925361766946 0.6649034038638455 0.7936024371667936 0.6649034038638455 0.7932216298552932 0.5050597976080957 0.945925361766946 0.5048298068077277 0.9463061690784463 0.6646734130634775 0.945925361766946 0.6649034038638455
0 0.3990860624523991 0.9312327506899724 0.31607006854531605 0.9312327506899724 0.3156892612338157 0.8035878564857406 0.30997715156131 0.8033578656853726 0.3095963442498096 0.7681692732290708 0.23686214775323686 0.7679392824287029 0.2364813404417365 0.765869365225391 0.13480578827113482 0.765639374425023 0.13442498095963443 0.7235510579576817 0.23686214775323686 0.7233210671573137 0.23724295506473725 0.7194112235510579 0.13937547600913938 0.71918123275069 0.138994668697639 0.7152713891444342 0.15536938309215537 0.7150413983440662 0.15575019040365576 0.6683532658693653 0.24447829398324447 0.6681232750689973 0.24523990860624523 0.6672033118675254 0.472962680883473 0.6672033118675254 0.47334348819497335 0.765409383624655 0.3990860624523991 0.765639374425023 0.3987052551408987 0.8615455381784729 0.39946686976389945 0.8620055197792088 0.39946686976389945 0.9310027598896045 0.3990860624523991 0.9312327506899724
0 0.13404417364813404 0.765639374425023 0.06930693069306931 0.765639374425023 0.06892612338156892 0.6683532658693653 0.14927646610814926 0.6681232750689973 0.14965727341964966 0.7106715731370745 0.13252094440213252 0.7109015639374425 0.13214013709063213 0.7230910763569457 0.13404417364813404 0.7233210671573137 0.13442498095963443 0.765409383624655 0.13404417364813404 0.765639374425023
0 0.7852246763137852 0.765639374425023 0.5514089870525514 0.765639374425023 0.551028179741051 0.6688132474701012 0.8583396801218584 0.6685832566697332 0.8587204874333587 0.7207911683532658 0.785986290936786 0.7210211591536339 0.7856054836252856 0.765409383624655 0.7852246763137852 0.765639374425023
0 0.945925361766946 0.7210211591536339 0.8644325971058644 0.7210211591536339 0.864051789794364 0.6688132474701012 0.945925361766946 0.6685832566697332 0.9463061690784463 0.7207911683532658 0.945925361766946 0.7210211591536339
0 0.945925361766946 0.8525758969641214 0.7928408225437928 0.8525758969641214 0.7924600152322925 0.7253909843606255 0.945925361766946 0.7251609935602575 0.9463061690784463 0.8523459061637535 0.945925361766946 0.8525758969641214
0 0.30845392231530844 0.9312327506899724 0.06930693069306931 0.9312327506899724 0.06892612338156892 0.7700091996320148 0.2361005331302361 0.7697792088316467 0.2364813404417365 0.7681692732290708 0.3092155369383092 0.7679392824287029 0.3095963442498096 0.8031278748850046 0.30883472962680886 0.8035878564857406 0.30883472962680886 0.9310027598896045 0.30845392231530844 0.9312327506899724
0 0.7852246763137852 0.9316927322907084 0.5514089870525514 0.9316927322907084 0.551028179741051 0.7690892364305428 0.7852246763137852 0.7688592456301748 0.7856054836252856 0.9314627414903404 0.7852246763137852 0.9316927322907084
0 0.472962680883473 0.8479760809567617 0.4051789794364052 0.8479760809567617 0.4047981721249048 0.7700091996320148 0.472962680883473 0.7697792088316467 0.47334348819497335 0.8477460901563938 0.472962680883473 0.8479760809567617
0 0.472962680883473 0.9312327506899724 0.39984767707539987 0.9312327506899724 0.39946686976389945 0.8620055197792088 0.4044173648134044 0.8617755289788408 0.4047981721249048 0.8518859245630175 0.472962680883473 0.8516559337626495 0.47334348819497335 0.9310027598896045 0.472962680883473 0.9312327506899724
0 0.9337395277989338 0.9289328426862925 0.7951256664127951 0.9289328426862925 0.7947448591012948 0.858325666973321 0.9337395277989338 0.8580956761729531 0.9341203351104341 0.9287028518859246 0.9337395277989338 0.9289328426862925