0 0.6264840182648402 0.43095093882495455 0.4429223744292237 0.43095093882495455 0.44269406392694066 0.3676559660811629 0.3872146118721461 0.36735311932162323 0.386986301369863 0.29557843731072075 0.4520547945205479 0.2952755905511811 0.45228310502283103 0.21623258631132647 0.5570776255707762 0.2159297395517868 0.5573059360730593 0.2931556632344034 0.5684931506849316 0.2934585099939431 0.5687214611872146 0.2683222289521502 0.5986301369863014 0.2680193821926105 0.5988584474885845 0.3821926105390672 0.5995433789954338 0.38310115081768625 0.6013698630136987 0.3849182313749243 0.6027397260273972 0.38612961841308296 0.6045662100456621 0.387946698970321 0.6059360730593607 0.38915808600847973 0.6073059360730594 0.3903694730466384 0.6091324200913242 0.39218655360387644 0.6109589041095891 0.3940036341611145 0.6123287671232877 0.39521502119927315 0.6141552511415526 0.3970321017565112 0.6155251141552511 0.3982434887946699 0.617351598173516 0.4000605693519079 0.6182648401826484 0.4006662628709873 0.6189497716894977 0.40096910963052695 0.6191780821917808 0.401877649909146 0.6200913242009133 0.40248334342822534 0.6214611872146119 0.403694730466384 0.6221461187214612 0.40399757722592367 0.6223744292237443 0.4049061175045427 0.6232876712328768 0.40551181102362205 0.623972602739726 0.4058146577831617 0.6242009132420091 0.40672319806178076 0.6251141552511416 0.4073288915808601 0.6267123287671232 0.40884312537855844 0.6267123287671232 0.4306480920654149 0.6264840182648402 0.43095093882495455
0 0.7602739726027398 0.43216232586311326 0.6894977168949772 0.43216232586311326 0.689041095890411 0.43095093882495455 0.6296803652968036 0.43095093882495455 0.6294520547945206 0.4064203513022411 0.6287671232876713 0.40551181102362205 0.6278538812785388 0.4049061175045427 0.6271689497716895 0.404603270745003 0.6269406392694064 0.403694730466384 0.6255707762557078 0.40248334342822534 0.6246575342465753 0.401877649909146 0.623972602739726 0.4015748031496063 0.6237442922374429 0.4006662628709873 0.6228310502283105 0.4000605693519079 0.6221461187214612 0.39975772259236825 0.6219178082191781 0.3988491823137492 0.6210045662100456 0.3982434887946699 0.6196347031963471 0.3970321017565112 0.6178082191780822 0.39521502119927315 0.6159817351598174 0.39339794064203515 0.6146118721461187 0.39218655360387644 0.6123287671232877 0.38976377952755903 0.6114155251141552 0.38915808600847973 0.6100456621004566 0.387946698970321 0.6082191780821918 0.38612961841308296 0.6063926940639269 0.38431253785584496 0.6050228310502284 0.38310115081768625 0.6041095890410959 0.3824954572986069 0.6034246575342466 0.3821926105390672 0.6031963470319635 0.3812840702604482 0.6015981735159818 0.37976983646274987 0.6015981735159818 0.2931556632344034 0.7602739726027398 0.2928528164748637 0.7605022831050229 0.4318594791035736 0.7602739726027398 0.43216232586311326
0 0.3835616438356164 0.43095093882495455 0.2328767123287671 0.43095093882495455 0.23264840182648402 0.29557843731072075 0.3835616438356164 0.2952755905511811 0.38378995433789953 0.4306480920654149 0.3835616438356164 0.43095093882495455
0 0.4397260273972603 0.43095093882495455 0.3872146118721461 0.43095093882495455 0.386986301369863 0.37189582071471833 0.43105022831050227 0.3715929739551787 0.4312785388127854 0.3949121744397335 0.4397260273972603 0.39521502119927315 0.43995433789954336 0.4306480920654149 0.4397260273972603 0.43095093882495455
0 0.5155251141552512 0.9070260448213204 0.4817351598173516 0.9070260448213204 0.4812785388127854 0.9064203513022411 0.47990867579908675 0.9052089642640824 0.4785388127853881 0.9039975772259237 0.4776255707762557 0.9033918837068443 0.4767123287671233 0.902786190187765 0.4757990867579909 0.9021804966686856 0.47442922374429225 0.9009691096305269 0.4735159817351598 0.9003634161114477 0.47214611872146117 0.899152029073289 0.4712328767123288 0.8985463355542096 0.46986301369863015 0.8973349485160509 0.4689497716894977 0.8973349485160509 0.4684931506849315 0.8961235614778922 0.46757990867579907 0.8961235614778922 0.4671232876712329 0.8955178679588128 0.4657534246575342 0.8943064809206541 0.4648401826484018 0.8937007874015748 0.4634703196347032 0.8924894003634161 0.4625570776255708 0.8918837068443368 0.4611872146118721 0.8906723198061781 0.4602739726027397 0.8906723198061781 0.4593607305936073 0.8894609327680194 0.45844748858447487 0.88885523924894 0.4577625570776256 0.8885523924894003 0.45684931506849313 0.8867353119321624 0.45593607305936074 0.8849182313749243 0.45593607305936074 0.8837068443367656 0.45502283105022834 0.8824954572986069 0.4541095890410959 0.8806783767413688 0.4541095890410959 0.8794669897032101 0.4531963470319635 0.8782556026650515 0.45228310502283103 0.8764385221078135 0.45182648401826486 0.8752271350696548 0.45182648401826486 0.8740157480314961 0.4509132420091324 0.8734100545124167 0.4509132420091324 0.872198667474258 0.45045662100456624 0.8715929739551787 0.4495433789954338 0.8697758933979406 0.4486301369863014 0.8679588128407026 0.44817351598173516 0.8667474258025439 0.44726027397260276 0.8649303452453059 0.4463470319634703 0.8631132646880678 0.4458904109589041 0.8619018776499091 0.4458904109589041 0.8582677165354331 0.4454337899543379 0.8576620230163537 0.4454337899543379 0.856450635978195 0.4449771689497717 0.8558449424591157 0.4449771689497717 0.8098122350090854 0.4392694063926941 0.8095093882495458 0.43904109589041096 0.5905511811023622 0.4442922374429224 0.5902483343428225 0.4449771689497717 0.5893397940642036 0.4458904109589041 0.5875227135069655 0.4463470319634703 0.5863113264688068 0.44726027397260276 0.5844942459115687 0.44726027397260276 0.58328285887341 0.44817351598173516 0.5820714718352513 0.4486301369863014 0.5808600847970927 0.4495433789954338 0.5790430042398547 0.4495433789954338 0.577831617201696 0.45045662100456624 0.5772259236826166 0.45045662100456624 0.5760145366444579 0.4509132420091324 0.5754088431253785 0.45182648401826486 0.5735917625681405 0.45228310502283103 0.5723803755299818 0.4531963470319635 0.5705632949727438 0.4541095890410959 0.5687462144155058 0.4545662100456621 0.5675348273773471 0.4545662100456621 0.5663234403391884 0.4554794520547945 0.5651120533010296 0.45593607305936074 0.5639006662628709 0.45684931506849313 0.562083585705633 0.45730593607305936 0.5608721986674743 0.45821917808219176 0.5590551181102362 0.45821917808219176 0.5578437310720775 0.4591324200913242 0.5566323440339188 0.4600456621004566 0.5548152634766808 0.46050228310502284 0.5536038764385222 0.46050228310502284 0.5523924894003635 0.46164383561643835 0.5520896426408237 0.4621004566210046 0.5514839491217444 0.4634703196347032 0.5502725620835857 0.4643835616438356 0.5496668685645063 0.4657534246575342 0.5484554815263477 0.4666666666666667 0.5478497880072684 0.46757990867579907 0.547244094488189 0.4684931506849315 0.5466384009691097 0.46986301369863015 0.5454270139309509 0.4712328767123288 0.5442156268927922 0.47214611872146117 0.5442156268927922 0.4726027397260274 0.5436099333737129 0.473972602739726 0.5423985463355542 0.4748858447488584 0.5417928528164748 0.4762557077625571 0.5405814657783161 0.4776255707762557 0.5393700787401575 0.4785388127853881 0.5387643852210782 0.4794520547945205 0.5387643852210782 0.480365296803653 0.5375529981829195 0.4812785388127854 0.5369473046638401 0.482648401826484 0.5357359176256814 0.48356164383561645 0.535130224106602 0.48447488584474885 0.5345245305875227 0.5164383561643836 0.5345245305875227 0.517351598173516 0.5357359176256814 0.5187214611872146 0.5369473046638401 0.5196347031963471 0.5375529981829195 0.5210045662100456 0.5387643852210782 0.5219178082191781 0.5393700787401575 0.5228310502283106 0.5393700787401575 0.5237442922374429 0.5405814657783161 0.5251141552511416 0.5417928528164748 0.5260273972602739 0.5423985463355542 0.5273972602739726 0.5436099333737129 0.528310502283105 0.5436099333737129 0.5292237442922374 0.5448213204118716 0.5301369863013699 0.5454270139309509 0.5315068493150685 0.5466384009691097 0.5324200913242009 0.547244094488189 0.5337899543378996 0.5484554815263477 0.5351598173515981 0.5496668685645063 0.5360730593607306 0.5496668685645063 0.5365296803652968 0.5502725620835857 0.5378995433789955 0.5514839491217444 0.5388127853881278 0.5520896426408237 0.5404109589041096 0.5536038764385222 0.541324200913242 0.5554209569957601 0.5422374429223744 0.5572380375529982 0.5422374429223744 0.5584494245911569 0.5431506849315069 0.5596608116293156 0.5440639269406393 0.5614778921865536 0.5445205479452054 0.5626892792247123 0.5445205479452054 0.5639006662628709 0.5454337899543379 0.5645063597819503 0.5454337899543379 0.565717746820109 0.5458904109589041 0.5663234403391884 0.5468036529680366 0.5681405208964264 0.5477168949771689 0.5699576014536645 0.5481735159817351 0.5711689884918232 0.5490867579908676 0.5729860690490611 0.5495433789954338 0.5741974560872198 0.5504566210045662 0.5760145366444579 0.5504566210045662 0.5772259236826166 0.5513698630136986 0.577831617201696 0.5513698630136986 0.5790430042398547 0.5518264840182648 0.579648697758934 0.5518264840182648 0.5820714718352513 0.5522831050228311 0.5826771653543307 0.5522831050228311 0.5844942459115687 0.5527397260273973 0.5850999394306481 0.5527397260273973 0.5893397940642036 0.5611872146118722 0.5896426408237432 0.5614155251141553 0.7437916414294367 0.560958904109589 0.744397334948516 0.560958904109589 0.850999394306481 0.5557077625570777 0.8513022410660206 0.5545662100456621 0.8534221683827983 0.5541095890410959 0.854633555420957 0.5536529680365296 0.8558449424591157 0.5527397260273973 0.8576620230163537 0.5518264840182648 0.8594791035735918 0.5513698630136986 0.8606904906117504 0.5513698630136986 0.8619018776499091 0.5504566210045662 0.8631132646880678 0.5495433789954338 0.8649303452453059 0.5490867579908676 0.8661417322834646 0.5481735159817351 0.8679588128407026 0.5477168949771689 0.8691701998788613 0.5468036529680366 0.8709872804360993 0.5468036529680366 0.872198667474258 0.5458904109589041 0.8734100545124167 0.5454337899543379 0.8746214415505754 0.5445205479452054 0.8764385221078135 0.5440639269406393 0.8776499091459722 0.5436073059360731 0.8788612961841308 0.5431506849315069 0.8800726832222895 0.5422374429223744 0.8818897637795275 0.5417808219178082 0.8831011508176863 0.5408675799086758 0.8849182313749243 0.5399543378995434 0.8867353119321624 0.5394977168949772 0.887946698970321 0.5394977168949772 0.8891580860084797 0.5385844748858447 0.889763779527559 0.5385844748858447 0.8909751665657177 0.5374429223744293 0.8924894003634161 0.5365296803652968 0.8924894003634161 0.5356164383561643 0.8937007874015748 0.534703196347032 0.8943064809206541 0.5337899543378996 0.8943064809206541 0.5328767123287671 0.8955178679588128 0.5319634703196348 0.8961235614778922 0.5310502283105023 0.8961235614778922 0.5301369863013699 0.8973349485160509 0.5292237442922374 0.8973349485160509 0.528310502283105 0.8985463355542096 0.5273972602739726 0.899152029073289 0.5264840182648401 0.899152029073289 0.5255707762557078 0.9003634161114477 0.5246575342465754 0.9009691096305269 0.5237442922374429 0.9009691096305269 0.5228310502283106 0.9021804966686856 0.5219178082191781 0.9021804966686856 0.5210045662100456 0.9033918837068443 0.5200913242009132 0.9039975772259237 0.5191780821917809 0.9039975772259237 0.5182648401826484 0.9052089642640824 0.517351598173516 0.9052089642640824 0.5164383561643836 0.9064203513022411 0.5155251141552512 0.9070260448213204
0 0.6319634703196347 0.6326468806783767 0.5666666666666667 0.6326468806783767 0.5664383561643835 0.5899454875832829 0.6319634703196347 0.5896426408237432 0.6321917808219178 0.6323440339188371 0.6319634703196347 0.6326468806783767
0 0.754337899543379 0.725923682616596 0.6356164383561644 0.725923682616596 0.6353881278538813 0.5899454875832829 0.754337899543379 0.5896426408237432 0.7545662100456622 0.7256208358570563 0.754337899543379 0.725923682616596
0 0.3004566210045662 0.6532404603270745 0.2310502283105023 0.6532404603270745 0.2312785388127854 0.5905511811023622 0.3004566210045662 0.5902483343428225 0.30068493150684933 0.6529376135675349 0.3004566210045662 0.6532404603270745
0 0.4360730593607306 0.7216838279830405 0.3041095890410959 0.7216838279830405 0.3038812785388128 0.5905511811023622 0.4360730593607306 0.5902483343428225 0.4363013698630137 0.7213809812235009 0.4360730593607306 0.7216838279830405
0 0.6497716894977169 0.8513022410660206 0.5643835616438356 0.8513022410660206 0.5646118721461187 0.6377952755905512 0.6319634703196347 0.6374924288310115 0.6321917808219178 0.7807389460932768 0.6497716894977169 0.7810417928528165 0.65 0.850999394306481 0.6497716894977169 0.8513022410660206
0 0.3004566210045662 0.7489400363416111 0.23378995433789954 0.7489400363416111 0.23356164383561645 0.6571774682010902 0.3004566210045662 0.6568746214415506 0.30068493150684933 0.7486371895820715 0.3004566210045662 0.7489400363416111
0 0.43333333333333335 0.8543307086614174 0.3041095890410959 0.8543307086614174 0.3038812785388128 0.7256208358570563 0.426027397260274 0.7253179890975167 0.42625570776255706 0.7468201090248334 0.4360730593607306 0.7471229557843732 0.4363013698630137 0.7589339794064204 0.43881278538812785 0.75923682616596 0.43904109589041096 0.809206541490006 0.4337899543378995 0.8095093882495458 0.43356164383561646 0.8540278619018776 0.43333333333333335 0.8543307086614174
0 0.754337899543379 0.776801938219261 0.6356164383561644 0.776801938219261 0.6353881278538813 0.7304663840096911 0.754337899543379 0.7301635372501514 0.7545662100456622 0.7764990914597214 0.754337899543379 0.776801938219261
0 0.3004566210045662 0.8543307086614174 0.23013698630136986 0.8543307086614174 0.22990867579908675 0.7528770442156268 0.3004566210045662 0.7525741974560872 0.30068493150684933 0.8540278619018776 0.3004566210045662 0.8543307086614174
0 0.754337899543379 0.8513022410660206 0.6538812785388128 0.8513022410660206 0.6536529680365297 0.7813446396123561 0.6968036529680365 0.7810417928528165 0.6970319634703196 0.8116293155663235 0.6995433789954338 0.8119321623258631 0.6997716894977168 0.7813446396123561 0.754337899543379 0.7810417928528165 0.7545662100456622 0.850999394306481 0.754337899543379 0.8513022410660206