0 0.32940019665683384 0.40218642117376296 0.12389380530973451 0.40218642117376296 0.12340216322517207 0.23245109321058688 0.32940019665683384 0.23187571921749137 0.32989183874139627 0.4016110471806674 0.32940019665683384 0.40218642117376296
0 0.4218289085545723 0.33429228998849253 0.33726647000983284 0.33429228998849253 0.3367748279252704 0.23245109321058688 0.43952802359882004 0.23187571921749137 0.4400196656833825 0.32105868814729577 0.42281219272369713 0.32163406214039125 0.4223205506391347 0.333716915995397 0.4218289085545723 0.33429228998849253
0 0.6656833824975418 0.47928653624856155 0.6175024582104228 0.47928653624856155 0.6170108161258604 0.475258918296893 0.44936086529006886 0.47468354430379744 0.4488692232055064 0.23245109321058688 0.7630285152409046 0.23187571921749137 0.7635201573254671 0.47410817031070196 0.6666666666666666 0.47468354430379744 0.6661750245821042 0.47871116225546606 0.6656833824975418 0.47928653624856155
0 0.43952802359882004 0.47468354430379744 0.33726647000983284 0.47468354430379744 0.3367748279252704 0.3429228998849252 0.43952802359882004 0.3423475258918297 0.4400196656833825 0.47410817031070196 0.43952802359882004 0.47468354430379744
0 0.32940019665683384 0.7704257767548907 0.12389380530973451 0.7704257767548907 0.12340216322517207 0.4108170310701956 0.32940019665683384 0.41024165707710014 0.32989183874139627 0.7698504027617952 0.32940019665683384 0.7704257767548907
0 0.7069813176007866 0.69102416570771 0.6588003933136677 0.69102416570771 0.6583087512291053 0.6881472957422324 0.5575221238938053 0.687571921749137 0.5570304818092429 0.6352128883774454 0.5545722713864307 0.6346375143843498 0.5540806293018682 0.5822784810126582 0.5565388397246804 0.5817031070195627 0.5570304818092429 0.4844649021864212 0.616519174041298 0.48388952819332565 0.6170108161258604 0.4798619102416571 0.6656833824975418 0.47928653624856155 0.6661750245821042 0.48331415420023016 0.7561455260570304 0.48388952819332565 0.7566371681415929 0.6869965477560415 0.7079646017699115 0.687571921749137 0.7074729596853491 0.6904487917146145 0.7069813176007866 0.69102416570771
0 0.43952802359882004 0.5644418872266973 0.33726647000983284 0.5644418872266973 0.3367748279252704 0.4844649021864212 0.43952802359882004 0.48388952819332565 0.4400196656833825 0.5638665132336018 0.43952802359882004 0.5644418872266973
0 0.5506391347099312 0.5644418872266973 0.44936086529006886 0.5644418872266973 0.4488692232055064 0.4844649021864212 0.5506391347099312 0.48388952819332565 0.5511307767944936 0.5638665132336018 0.5506391347099312 0.5644418872266973
0 0.504424778761062 0.69102416570771 0.46509341199606685 0.69102416570771 0.4646017699115044 0.6881472957422324 0.44936086529006886 0.687571921749137 0.4488692232055064 0.6352128883774454 0.44051130776794495 0.6346375143843498 0.4400196656833825 0.6777905638665133 0.33726647000983284 0.6783659378596087 0.3367748279252704 0.5742232451093211 0.43952802359882004 0.5736478711162255 0.4400196656833825 0.5811277330264673 0.44837758112094395 0.5817031070195627 0.4488692232055064 0.5742232451093211 0.5506391347099312 0.5736478711162255 0.5511307767944936 0.5811277330264673 0.5535889872173058 0.5817031070195627 0.5540806293018682 0.6340621403912543 0.551622418879056 0.6346375143843498 0.5511307767944936 0.6869965477560415 0.5054080629301868 0.687571921749137 0.5049164208456244 0.6904487917146145 0.504424778761062 0.69102416570771
0 0.6234021632251721 0.9234752589182968 0.44936086529006886 0.9234752589182968 0.4488692232055064 0.6962025316455697 0.464110127826942 0.6956271576524741 0.4646017699115044 0.6915995397008056 0.504424778761062 0.69102416570771 0.5049164208456244 0.6950517836593786 0.6234021632251721 0.6956271576524741 0.6238938053097345 0.9228998849252014 0.6234021632251721 0.9234752589182968
0 0.7561455260570304 0.9234752589182968 0.632251720747296 0.9234752589182968 0.6317600786627335 0.6962025316455697 0.6578171091445427 0.6956271576524741 0.6583087512291053 0.6915995397008056 0.7069813176007866 0.69102416570771 0.7074729596853491 0.6950517836593786 0.7561455260570304 0.6956271576524741 0.7566371681415929 0.9228998849252014 0.7561455260570304 0.9234752589182968