0 0.3430232558139535 0.4260020554984584 0.3081395348837209 0.4260020554984584 0.3075581395348837 0.3607399794450154 0.12906976744186047 0.3602261048304214 0.12848837209302325 0.1932168550873587 0.3430232558139535 0.19270298047276466 0.3436046511627907 0.42548818088386436 0.3430232558139535 0.4260020554984584
0 0.5534883720930233 0.5339157245632066 0.42441860465116277 0.5339157245632066 0.4238372093023256 0.4265159301130524 0.34418604651162793 0.4260020554984584 0.3436046511627907 0.1932168550873587 0.7465116279069768 0.19270298047276466 0.747093023255814 0.2692702980472765 0.7482558139534884 0.27029804727646456 0.7482558139534884 0.4244604316546763 0.7494186046511628 0.42548818088386436 0.5546511627906977 0.4260020554984584 0.5540697674418604 0.5334018499486125 0.5534883720930233 0.5339157245632066
0 0.30116279069767443 0.5061664953751285 0.12906976744186047 0.5061664953751285 0.12848837209302325 0.3658787255909558 0.30116279069767443 0.3653648509763618 0.30174418604651165 0.5056526207605344 0.30116279069767443 0.5061664953751285
0 0.41627906976744183 0.7055498458376156 0.3081395348837209 0.7055498458376156 0.3075581395348837 0.4265159301130524 0.41627906976744183 0.4260020554984584 0.41686046511627906 0.7050359712230215 0.41627906976744183 0.7055498458376156
0 0.7465116279069768 0.6500513874614594 0.5616279069767441 0.6500513874614594 0.561046511627907 0.4265159301130524 0.7465116279069768 0.4260020554984584 0.747093023255814 0.6495375128468653 0.7465116279069768 0.6500513874614594
0 0.2116279069767442 0.565775950668037 0.12906976744186047 0.565775950668037 0.12848837209302325 0.5066803699897225 0.2116279069767442 0.5061664953751285 0.21220930232558138 0.5652620760534429 0.2116279069767442 0.565775950668037
0 0.30116279069767443 0.6253854059609455 0.21976744186046512 0.6253854059609455 0.2191860465116279 0.5118191161356629 0.30116279069767443 0.5113052415210688 0.30174418604651165 0.6248715313463515 0.30116279069767443 0.6253854059609455
0 0.5534883720930233 0.6500513874614594 0.42441860465116277 0.6500513874614594 0.4238372093023256 0.5405960945529291 0.5534883720930233 0.540082219938335 0.5540697674418604 0.6495375128468653 0.5534883720930233 0.6500513874614594
0 0.2116279069767442 0.630524152106886 0.12906976744186047 0.630524152106886 0.12848837209302325 0.5714285714285714 0.2116279069767442 0.5709146968139774 0.21220930232558138 0.6300102774922919 0.2116279069767442 0.630524152106886
0 0.30116279069767443 0.8011305241521068 0.12906976744186047 0.8011305241521068 0.12848837209302325 0.6310380267214799 0.30116279069767443 0.630524152106886 0.30174418604651165 0.8006166495375129 0.30116279069767443 0.8011305241521068
0 0.7465116279069768 0.8011305241521068 0.4662790697674419 0.8011305241521068 0.46569767441860466 0.7060637204522097 0.42441860465116277 0.7055498458376156 0.4238372093023256 0.656731757451182 0.7465116279069768 0.6562178828365879 0.747093023255814 0.8006166495375129 0.7465116279069768 0.8011305241521068
0 0.45813953488372094 0.8011305241521068 0.3081395348837209 0.8011305241521068 0.3075581395348837 0.7122302158273381 0.45813953488372094 0.7117163412127441 0.45872093023255817 0.8006166495375129 0.45813953488372094 0.8011305241521068