0 0.4226415094339623 0.24386339381003203 0.2893081761006289 0.24386339381003203 0.28867924528301886 0.15154749199573106 0.4226415094339623 0.15101387406616862 0.42327044025157234 0.24332977588046958 0.4226415094339623 0.24386339381003203
0 0.3622641509433962 0.532017075773746 0.13081761006289308 0.532017075773746 0.13018867924528302 0.26254002134471716 0.3622641509433962 0.26200640341515474 0.36289308176100626 0.5314834578441836 0.3622641509433962 0.532017075773746
0 0.5748427672955975 0.4647812166488794 0.37358490566037733 0.4647812166488794 0.37295597484276727 0.26254002134471716 0.5748427672955975 0.26200640341515474 0.5754716981132075 0.464247598719317 0.5748427672955975 0.4647812166488794
0 0.6842767295597484 0.5416221985058698 0.5761006289308176 0.5416221985058698 0.5754716981132075 0.5112059765208111 0.5836477987421383 0.5106723585912487 0.5842767295597484 0.26254002134471716 0.8515723270440252 0.26200640341515474 0.8522012578616353 0.5336179295624333 0.6855345911949685 0.5341515474919958 0.6849056603773584 0.5410885805763074 0.6842767295597484 0.5416221985058698
0 0.5723270440251572 0.6590181430096052 0.37358490566037733 0.6590181430096052 0.37295597484276727 0.47385272145144075 0.5748427672955975 0.47331910352187834 0.5754716981132075 0.6115261472785486 0.5729559748427673 0.6125933831376734 0.5729559748427673 0.6584845250800427 0.5723270440251572 0.6590181430096052
0 0.23270440251572327 0.6355389541088581 0.13081761006289308 0.6355389541088581 0.13018867924528302 0.5400213447171825 0.23270440251572327 0.53948772678762 0.23333333333333334 0.6350053361792957 0.23270440251572327 0.6355389541088581
0 0.3320754716981132 0.763607257203842 0.2641509433962264 0.763607257203842 0.26352201257861635 0.6360725720384205 0.24276729559748428 0.6355389541088581 0.24213836477987422 0.5400213447171825 0.3622641509433962 0.53948772678762 0.36289308176100626 0.6670224119530416 0.3610062893081761 0.6686232657417289 0.3591194968553459 0.6691568836712913 0.3572327044025157 0.6718249733191035 0.3553459119496855 0.6723585912486659 0.3534591194968553 0.6750266808964781 0.35157232704402513 0.6755602988260405 0.34968553459119495 0.6782283884738527 0.34779874213836476 0.6787620064034151 0.34591194968553457 0.6814300960512273 0.3440251572327044 0.6819637139807898 0.3421383647798742 0.6846318036286019 0.340251572327044 0.6851654215581644 0.33270440251572325 0.6926360725720384 0.33270440251572325 0.7630736392742796 0.3320754716981132 0.763607257203842
0 0.8515723270440252 0.763607257203842 0.5836477987421383 0.763607257203842 0.5830188679245283 0.6211312700106724 0.630188679245283 0.62059765208111 0.630817610062893 0.6125933831376734 0.5761006289308176 0.612059765208111 0.5754716981132075 0.5421558164354322 0.8515723270440252 0.5416221985058698 0.8522012578616353 0.7630736392742796 0.8515723270440252 0.763607257203842
0 0.2540880503144654 0.763607257203842 0.13081761006289308 0.763607257203842 0.13018867924528302 0.6435432230522946 0.2540880503144654 0.6430096051227321 0.25471698113207547 0.7630736392742796 0.2540880503144654 0.763607257203842
0 0.45031446540880504 0.763607257203842 0.3433962264150943 0.763607257203842 0.34276729559748426 0.695837780149413 0.37610062893081764 0.6675560298826041 0.45031446540880504 0.6675560298826041 0.4509433962264151 0.7630736392742796 0.45031446540880504 0.763607257203842
0 0.5723270440251572 0.763607257203842 0.46037735849056605 0.763607257203842 0.459748427672956 0.6680896478121665 0.5723270440251572 0.6675560298826041 0.5729559748427673 0.7630736392742796 0.5723270440251572 0.763607257203842
0 0.7911949685534592 0.8959445037353255 0.5962264150943396 0.8959445037353255 0.5955974842767295 0.7822838847385272 0.7911949685534592 0.7817502668089648 0.7918238993710692 0.8954108858057631 0.7911949685534592 0.8959445037353255