0 0.7941176470588235 0.6561784897025171 0.6729810568295115 0.6561784897025171 0.6727318045862413 0.5697940503432495 0.6674975074775673 0.5692219679633868 0.6672482552342971 0.6556064073226545 0.543369890329013 0.6561784897025171 0.5431206380857427 0.2700228832951945 0.6669990029910269 0.2694508009153318 0.6672482552342971 0.5068649885583524 0.672482552342971 0.5074370709382151 0.6727318045862413 0.04805491990846682 0.8200398803589233 0.04748283752860412 0.8202891326021934 0.18421052631578946 0.9506480558325024 0.18478260869565216 0.9508973080757727 0.5549199084668193 0.7946161515453639 0.5554919908466819 0.7943668993020937 0.6556064073226545 0.7941176470588235 0.6561784897025171
0 0.46510468594217347 0.5600686498855835 0.3085742771684945 0.5600686498855835 0.30807577268195413 0.5589244851258581 0.19042871385842472 0.5589244851258581 0.19017946161515453 0.5080091533180778 0.23030907278165502 0.5074370709382151 0.23055832502492524 0.4977116704805492 0.19042871385842472 0.4971395881006865 0.19017946161515453 0.17734553775743708 0.18968095712861416 0.17620137299771166 0.18968095712861416 0.05034324942791762 0.335493519441675 0.04977116704805492 0.33574277168494515 0.1956521739130435 0.46510468594217347 0.19622425629290619 0.4653539381854437 0.5594965675057209 0.46510468594217347 0.5600686498855835
0 0.113160518444666 0.41132723112128144 0.05682951146560319 0.41132723112128144 0.056580259222333 0.19679633867276888 0.113160518444666 0.19622425629290619 0.11340977068793619 0.4107551487414188 0.113160518444666 0.41132723112128144
0 0.18444666001994017 0.41132723112128144 0.11914257228315055 0.41132723112128144 0.11889332003988036 0.19679633867276888 0.18444666001994017 0.19622425629290619 0.18469591226321036 0.4107551487414188 0.18444666001994017 0.41132723112128144
0 0.6669990029910269 0.2568649885583524 0.543369890329013 0.2568649885583524 0.5431206380857427 0.19679633867276888 0.6669990029910269 0.19622425629290619 0.6672482552342971 0.2562929061784897 0.6669990029910269 0.2568649885583524
0 0.1440677966101695 0.5612128146453089 0.05682951146560319 0.5612128146453089 0.056580259222333 0.4244851258581236 0.1440677966101695 0.42391304347826086 0.14431704885343968 0.5606407322654462 0.1440677966101695 0.5612128146453089
0 0.18444666001994017 0.5612128146453089 0.14955134596211367 0.5612128146453089 0.14930209371884348 0.4244851258581236 0.18444666001994017 0.42391304347826086 0.18469591226321036 0.5606407322654462 0.18444666001994017 0.5612128146453089
0 0.30807577268195413 0.6573226544622426 0.19042871385842472 0.6573226544622426 0.19017946161515453 0.5594965675057209 0.30807577268195413 0.5589244851258581 0.30832502492522434 0.6567505720823799 0.30807577268195413 0.6573226544622426
0 0.9506480558325024 0.784324942791762 0.543369890329013 0.784324942791762 0.5431206380857427 0.6693363844393593 0.7996011964107677 0.6687643020594966 0.7998504486540379 0.568649885583524 0.9506480558325024 0.5680778032036613 0.9508973080757727 0.7837528604118993 0.9506480558325024 0.784324942791762
0 0.18444666001994017 0.7877574370709383 0.05682951146560319 0.7877574370709383 0.056580259222333 0.5732265446224256 0.18444666001994017 0.5726544622425629 0.18469591226321036 0.7871853546910755 0.18444666001994017 0.7877574370709383
0 0.46510468594217347 0.7877574370709383 0.3140578265204387 0.7877574370709383 0.3138085742771685 0.5732265446224256 0.46510468594217347 0.5726544622425629 0.4653539381854437 0.7871853546910755 0.46510468594217347 0.7877574370709383
0 0.30807577268195413 0.7877574370709383 0.25523429710867396 0.7877574370709383 0.2549850448654038 0.6693363844393593 0.30807577268195413 0.6687643020594966 0.30832502492522434 0.7871853546910755 0.30807577268195413 0.7877574370709383
0 0.24925224327018944 0.7877574370709383 0.19042871385842472 0.7877574370709383 0.19017946161515453 0.6704805491990846 0.24925224327018944 0.669908466819222 0.24950149551345963 0.7871853546910755 0.24925224327018944 0.7877574370709383
0 0.3090727816550349 0.9593821510297483 0.24177467597208374 0.9593821510297483 0.24152542372881355 0.8077803203661327 0.3090727816550349 0.8072082379862701 0.3093220338983051 0.9588100686498856 0.3090727816550349 0.9593821510297483