0 0.29606625258799174 0.47747183979974966 0.11387163561076605 0.47747183979974966 0.11283643892339544 0.24405506883604505 0.29606625258799174 0.24342928660826033 0.2971014492753623 0.47684605757196497 0.29606625258799174 0.47747183979974966
0 0.6687370600414079 0.5050062578222778 0.5320910973084886 0.5050062578222778 0.531055900621118 0.4780976220275344 0.3064182194616977 0.47747183979974966 0.3053830227743271 0.24405506883604505 0.9254658385093167 0.24342928660826033 0.9265010351966874 0.360450563204005 0.6832298136645962 0.36107634543178974 0.6821946169772257 0.4718397997496871 0.6708074534161491 0.47246558197747185 0.6697722567287785 0.5043804755944932 0.6687370600414079 0.5050062578222778
0 0.9254658385093167 0.5062578222778473 0.6832298136645962 0.5062578222778473 0.6821946169772257 0.3617021276595745 0.9254658385093167 0.36107634543178974 0.9265010351966874 0.5056320400500626 0.9254658385093167 0.5062578222778473
0 0.2650103519668737 0.5738423028785983 0.11387163561076605 0.5738423028785983 0.11283643892339544 0.48435544430538174 0.2650103519668737 0.483729662077597 0.2660455486542443 0.5732165206508135 0.2650103519668737 0.5738423028785983
0 0.5217391304347826 0.5738423028785983 0.2753623188405797 0.5738423028785983 0.2743271221532091 0.48435544430538174 0.5217391304347826 0.483729662077597 0.5227743271221532 0.5732165206508135 0.5217391304347826 0.5738423028785983
0 0.6687370600414079 0.730287859824781 0.5362318840579711 0.730287859824781 0.5351966873706004 0.6345431789737171 0.3250517598343685 0.6339173967459324 0.32401656314699795 0.5794743429286608 0.5300207039337475 0.5788485607008761 0.531055900621118 0.5056320400500626 0.6687370600414079 0.5050062578222778 0.6697722567287785 0.7296620775969962 0.6687370600414079 0.730287859824781
0 0.8074534161490683 0.5713391739674594 0.6832298136645962 0.5713391739674594 0.6821946169772257 0.5131414267834794 0.8074534161490683 0.5125156445556946 0.8084886128364389 0.5707133917396746 0.8074534161490683 0.5713391739674594
0 0.9254658385093167 0.5713391739674594 0.8198757763975155 0.5713391739674594 0.8188405797101449 0.5131414267834794 0.9254658385093167 0.5125156445556946 0.9265010351966874 0.5707133917396746 0.9254658385093167 0.5713391739674594
0 0.9254658385093167 0.7966207759699625 0.6832298136645962 0.7966207759699625 0.6821946169772257 0.5782227784730913 0.9254658385093167 0.5775969962453066 0.9265010351966874 0.7959949937421777 0.9254658385093167 0.7966207759699625
0 0.3146997929606625 0.7966207759699625 0.11387163561076605 0.7966207759699625 0.11283643892339544 0.5794743429286608 0.3146997929606625 0.5788485607008761 0.31573498964803315 0.7959949937421777 0.3146997929606625 0.7966207759699625
0 0.5238095238095238 0.7966207759699625 0.3250517598343685 0.7966207759699625 0.32401656314699795 0.6408010012515645 0.5238095238095238 0.6401752190237797 0.5248447204968945 0.7959949937421777 0.5238095238095238 0.7966207759699625
0 0.6687370600414079 0.7966207759699625 0.5362318840579711 0.7966207759699625 0.5351966873706004 0.7359198998748435 0.6687370600414079 0.7352941176470589 0.6697722567287785 0.7959949937421777 0.6687370600414079 0.7966207759699625
0 0.9316770186335404 0.9755944931163955 0.8343685300207039 0.9755944931163955 0.8333333333333334 0.8135168961201502 0.9316770186335404 0.8128911138923655 0.932712215320911 0.9749687108886108 0.9316770186335404 0.9755944931163955