0 0.6277056277056277 0.5551905387647832 0.5595238095238095 0.5551905387647832 0.558982683982684 0.37056504599211565 0.408008658008658 0.36990801576872534 0.408008658008658 0.36859395532194483 0.5573593073593074 0.36859395532194483 0.5579004329004329 0.36530880420499345 0.408008658008658 0.36465177398160314 0.4074675324675325 0.11300919842312747 0.6287878787878788 0.11235216819973719 0.6293290043290043 0.3692509855453351 0.6282467532467533 0.37056504599211565 0.6282467532467533 0.5545335085413929 0.6277056277056277 0.5551905387647832
0 0.8106060606060606 0.26609724047306177 0.6341991341991342 0.26609724047306177 0.6336580086580087 0.11300919842312747 0.8106060606060606 0.11235216819973719 0.8111471861471862 0.26544021024967146 0.8106060606060606 0.26609724047306177
0 0.8690476190476191 0.32128777923784496 0.816017316017316 0.32128777923784496 0.8154761904761905 0.11300919842312747 0.9621212121212122 0.11235216819973719 0.9626623376623377 0.2890932982917214 0.8701298701298701 0.2897503285151117 0.8695887445887446 0.32063074901445465 0.8690476190476191 0.32128777923784496
0 0.4025974025974026 0.4592641261498029 0.30194805194805197 0.4592641261498029 0.3014069264069264 0.4021024967148489 0.25757575757575757 0.4014454664914586 0.25703463203463206 0.23653088042049936 0.4025974025974026 0.23587385019710908 0.40313852813852813 0.45860709592641263 0.4025974025974026 0.4592641261498029
0 0.17532467532467533 0.32128777923784496 0.11688311688311688 0.32128777923784496 0.11634199134199134 0.2378449408672799 0.2002164502164502 0.2371879106438896 0.20075757575757575 0.2996057818659658 0.19913419913419914 0.3015768725361367 0.19480519480519481 0.3055190538764783 0.19155844155844157 0.30814717477003944 0.1893939393939394 0.30946123521681995 0.18398268398268397 0.3147174770039422 0.18073593073593072 0.3173455978975033 0.17857142857142858 0.31865965834428384 0.17532467532467533 0.32128777923784496
0 0.25216450216450215 0.4014454664914586 0.11255411255411256 0.4014454664914586 0.11201298701298701 0.3324572930354796 0.17857142857142858 0.33180026281208935 0.17965367965367965 0.3304862023653088 0.1829004329004329 0.3278580814717477 0.18614718614718614 0.3252299605781866 0.19047619047619047 0.32128777923784496 0.1937229437229437 0.31865965834428384 0.1958874458874459 0.3173455978975033 0.2012987012987013 0.3120893561103811 0.20454545454545456 0.30946123521681995 0.2067099567099567 0.30814717477003944 0.2104978354978355 0.30486202365308807 0.2104978354978355 0.2378449408672799 0.25216450216450215 0.2371879106438896 0.2527056277056277 0.4007884362680683 0.25216450216450215 0.4014454664914586
0 0.6287878787878788 0.5551905387647832 0.6282467532467533 0.37582128777923784 0.6293290043290043 0.3745072273324573 0.6293290043290043 0.3035479632063075 0.6331168831168831 0.3028909329829172 0.6336580086580087 0.2720105124835742 0.8106060606060606 0.27135348226018396 0.8111471861471862 0.37582128777923784 0.6298701298701299 0.3764783180026281 0.6293290043290043 0.5545335085413929 0.6287878787878788 0.5551905387647832
0 0.9621212121212122 0.4776609724047306 0.8095238095238095 0.4776609724047306 0.808982683982684 0.3823915900131406 0.8322510822510822 0.38173455978975035 0.8327922077922078 0.3771353482260184 0.816017316017316 0.3764783180026281 0.8154761904761905 0.32588699080157685 0.8733766233766234 0.3252299605781866 0.8739177489177489 0.2956636005256242 0.9621212121212122 0.29500657030223393 0.9626623376623377 0.47700394218134035 0.9621212121212122 0.4776609724047306
0 0.5584415584415584 0.5551905387647832 0.408008658008658 0.5551905387647832 0.4074675324675325 0.37056504599211565 0.5584415584415584 0.36990801576872534 0.558982683982684 0.5545335085413929 0.5584415584415584 0.5551905387647832
0 0.6883116883116883 0.4776609724047306 0.6341991341991342 0.4776609724047306 0.6336580086580087 0.3823915900131406 0.6883116883116883 0.38173455978975035 0.6888528138528138 0.47700394218134035 0.6883116883116883 0.4776609724047306
0 0.8041125541125541 0.4776609724047306 0.6937229437229437 0.4776609724047306 0.6931818181818182 0.3823915900131406 0.8041125541125541 0.38173455978975035 0.8046536796536796 0.47700394218134035 0.8041125541125541 0.4776609724047306
0 0.29653679653679654 0.5551905387647832 0.11255411255411256 0.5551905387647832 0.11201298701298701 0.4073587385019711 0.29653679653679654 0.4067017082785808 0.29707792207792205 0.5545335085413929 0.29653679653679654 0.5551905387647832
0 0.4025974025974026 0.5551905387647832 0.30194805194805197 0.5551905387647832 0.3014069264069264 0.4651773981603154 0.4025974025974026 0.4645203679369251 0.40313852813852813 0.5545335085413929 0.4025974025974026 0.5551905387647832
0 0.4448051948051948 0.7798948751642576 0.15151515151515152 0.7798948751642576 0.15097402597402598 0.5795006570302234 0.4448051948051948 0.5788436268068331 0.4453463203463203 0.7792378449408672 0.4448051948051948 0.7798948751642576