0 0.11318681318681319 0.272705078125 0.041758241758241756 0.272705078125 0.04157509157509157 0.04736328125 0.11318681318681319 0.047119140625 0.11336996336996337 0.2724609375 0.11318681318681319 0.272705078125
0 0.32783882783882784 0.426025390625 0.12124542124542124 0.426025390625 0.12106227106227106 0.1611328125 0.32783882783882784 0.160888671875 0.328021978021978 0.42578125 0.32783882783882784 0.426025390625
0 0.6117216117216118 0.477783203125 0.3362637362637363 0.477783203125 0.3360805860805861 0.1611328125 0.6117216117216118 0.160888671875 0.611904761904762 0.4775390625 0.6117216117216118 0.477783203125
0 0.7963369963369963 0.397705078125 0.6197802197802198 0.397705078125 0.6195970695970696 0.1611328125 0.7963369963369963 0.160888671875 0.7965201465201465 0.3974609375 0.7963369963369963 0.397705078125
0 0.9604395604395605 0.482666015625 0.8043956043956044 0.482666015625 0.8042124542124542 0.1611328125 0.9604395604395605 0.160888671875 0.9606227106227107 0.482421875 0.9604395604395605 0.482666015625
0 0.11318681318681319 0.426025390625 0.041758241758241756 0.426025390625 0.04157509157509157 0.28369140625 0.11318681318681319 0.283447265625 0.11336996336996337 0.42578125 0.11318681318681319 0.426025390625
0 0.7963369963369963 0.781982421875 0.6934065934065934 0.781982421875 0.6932234432234432 0.63037109375 0.6113553113553114 0.630126953125 0.6111721611721612 0.48291015625 0.6194139194139194 0.482666015625 0.6195970695970696 0.408203125 0.7963369963369963 0.407958984375 0.7965201465201465 0.78173828125 0.7963369963369963 0.781982421875
0 0.22087912087912087 0.628662109375 0.12124542124542124 0.628662109375 0.12106227106227106 0.4365234375 0.22087912087912087 0.436279296875 0.22106227106227105 0.62841796875 0.22087912087912087 0.628662109375
0 0.32783882783882784 0.582763671875 0.22893772893772893 0.582763671875 0.22875457875457875 0.4365234375 0.32783882783882784 0.436279296875 0.328021978021978 0.58251953125 0.32783882783882784 0.582763671875
0 0.6117216117216118 0.781982421875 0.3362637362637363 0.781982421875 0.3360805860805861 0.48828125 0.38571428571428573 0.488037109375 0.3858974358974359 0.47802734375 0.6117216117216118 0.477783203125 0.611904761904762 0.482421875 0.6111721611721612 0.48291015625 0.6111721611721612 0.6298828125 0.611904761904762 0.63037109375 0.611904761904762 0.78173828125 0.6117216117216118 0.781982421875
0 0.9604395604395605 0.781982421875 0.8043956043956044 0.781982421875 0.8042124542124542 0.49365234375 0.9604395604395605 0.493408203125 0.9606227106227107 0.78173828125 0.9604395604395605 0.781982421875
0 0.32783882783882784 0.781982421875 0.12124542124542124 0.781982421875 0.12106227106227106 0.63916015625 0.22857142857142856 0.638916015625 0.22875457875457875 0.59375 0.32783882783882784 0.593505859375 0.328021978021978 0.78173828125 0.32783882783882784 0.781982421875
0 0.6853479853479854 0.781982421875 0.6197802197802198 0.781982421875 0.6195970695970696 0.640625 0.6853479853479854 0.640380859375 0.6855311355311355 0.78173828125 0.6853479853479854 0.781982421875