0 0.24008574490889603 0.4407630522088353 0.17684887459807075 0.4407630522088353 0.17631296891747053 0.2570281124497992 0.24008574490889603 0.2560240963855422 0.24062165058949625 0.4397590361445783 0.24008574490889603 0.4407630522088353
0 0.28188638799571275 0.35642570281124497 0.2454448017148982 0.35642570281124497 0.24490889603429797 0.2570281124497992 0.28188638799571275 0.2560240963855422 0.282422293676313 0.35542168674698793 0.28188638799571275 0.35642570281124497
0 0.3558413719185423 0.46887550200803213 0.2454448017148982 0.46887550200803213 0.24490889603429797 0.3654618473895582 0.2861736334405145 0.3644578313253012 0.2867095391211147 0.2570281124497992 0.3558413719185423 0.2560240963855422 0.35637727759914256 0.4678714859437751 0.3558413719185423 0.46887550200803213
0 0.5091103965702036 0.47289156626506024 0.40836012861736337 0.47289156626506024 0.4078242229367631 0.2570281124497992 0.5091103965702036 0.2560240963855422 0.5096463022508039 0.4718875502008032 0.5091103965702036 0.47289156626506024
0 0.6580921757770632 0.5793172690763052 0.4908896034297964 0.5793172690763052 0.4903536977491961 0.4819277108433735 0.5091103965702036 0.48092369477911645 0.5096463022508039 0.2570281124497992 0.6580921757770632 0.2560240963855422 0.6586280814576635 0.4718875502008032 0.5669882100750268 0.47289156626506024 0.5664523043944266 0.4799196787148594 0.6580921757770632 0.48092369477911645 0.6586280814576635 0.5783132530120482 0.6580921757770632 0.5793172690763052
0 0.8435155412647374 0.47289156626506024 0.7063236870310825 0.47289156626506024 0.7057877813504824 0.25903614457831325 0.8435155412647374 0.2580321285140562 0.8440514469453376 0.4718875502008032 0.8435155412647374 0.47289156626506024
0 0.9614147909967846 0.47289156626506024 0.8488745980707395 0.47289156626506024 0.8483386923901394 0.25903614457831325 0.9614147909967846 0.2580321285140562 0.9619506966773848 0.4718875502008032 0.9614147909967846 0.47289156626506024
0 0.16720257234726688 0.4347389558232932 0.10718113612004287 0.4347389558232932 0.10664523043944266 0.26104417670682734 0.16720257234726688 0.2600401606425703 0.1677384780278671 0.43373493975903615 0.16720257234726688 0.4347389558232932
0 0.24008574490889603 0.8684738955823293 0.10182207931404073 0.8684738955823293 0.10128617363344052 0.4497991967871486 0.24008574490889603 0.44879518072289154 0.24062165058949625 0.8674698795180723 0.24008574490889603 0.8684738955823293
0 0.2915326902465166 0.6214859437751004 0.2454448017148982 0.6214859437751004 0.24490889603429797 0.4779116465863454 0.2915326902465166 0.47690763052208834 0.2920685959271168 0.6204819277108434 0.2915326902465166 0.6214859437751004
0 0.3558413719185423 0.6214859437751004 0.29260450160771706 0.6214859437751004 0.2920685959271168 0.5522088353413654 0.3215434083601286 0.5512048192771084 0.3220793140407288 0.5441767068273092 0.2958199356913183 0.5431726907630522 0.2952840300107181 0.4779116465863454 0.3558413719185423 0.47690763052208834 0.35637727759914256 0.6204819277108434 0.3558413719185423 0.6214859437751004
0 0.7802786709539121 0.6214859437751004 0.7063236870310825 0.6214859437751004 0.7057877813504824 0.5 0.7427652733118971 0.49899598393574296 0.7433011789924974 0.4799196787148594 0.7802786709539121 0.4789156626506024 0.7808145766345124 0.6204819277108434 0.7802786709539121 0.6214859437751004
0 0.9614147909967846 0.6214859437751004 0.7845659163987139 0.6214859437751004 0.7840300107181136 0.4799196787148594 0.9614147909967846 0.4789156626506024 0.9619506966773848 0.6204819277108434 0.9614147909967846 0.6214859437751004
0 0.4855305466237942 0.5692771084337349 0.41586280814576637 0.5692771084337349 0.4153269024651661 0.5020080321285141 0.44694533762057875 0.501004016064257 0.447481243301179 0.4819277108433735 0.4855305466237942 0.48092369477911645 0.48606645230439444 0.5682730923694779 0.4855305466237942 0.5692771084337349
0 0.6580921757770632 0.8765060240963856 0.40836012861736337 0.8765060240963856 0.4078242229367631 0.5803212851405622 0.6580921757770632 0.5793172690763052 0.6586280814576635 0.8755020080321285 0.6580921757770632 0.8765060240963856
0 0.3558413719185423 0.8684738955823293 0.2454448017148982 0.8684738955823293 0.24490889603429797 0.6285140562248996 0.29689174705251875 0.6275100401606426 0.297427652733119 0.7048192771084337 0.31189710610932475 0.7319277108433735 0.3135048231511254 0.7329317269076305 0.3236870310825295 0.7540160642570282 0.3558413719185423 0.7540160642570282 0.35637727759914256 0.8674698795180723 0.3558413719185423 0.8684738955823293
0 0.3558413719185423 0.7479919678714859 0.32690246516613075 0.7479919678714859 0.3017148981779207 0.7008032128514057 0.3017148981779207 0.6285140562248996 0.3558413719185423 0.6275100401606426 0.35637727759914256 0.7469879518072289 0.3558413719185423 0.7479919678714859
0 0.8231511254019293 0.8785140562248996 0.7063236870310825 0.8785140562248996 0.7057877813504824 0.6305220883534136 0.8231511254019293 0.6295180722891566 0.8236870310825295 0.8775100401606426 0.8231511254019293 0.8785140562248996
0 0.9614147909967846 0.8785140562248996 0.8285101822079314 0.8785140562248996 0.8279742765273312 0.6305220883534136 0.9614147909967846 0.6295180722891566 0.9619506966773848 0.8775100401606426 0.9614147909967846 0.8785140562248996