0 0.2297476759628154 0.5927762039660056 0.16533864541832669 0.5927762039660056 0.1650066401062417 0.2790368271954674 0.2749003984063745 0.278328611898017 0.2752324037184595 0.471671388101983 0.23041168658698538 0.4723796033994334 0.2300796812749004 0.5920679886685553 0.2297476759628154 0.5927762039660056
0 0.31739707835325365 0.3236543909348442 0.2782204515272244 0.3236543909348442 0.2778884462151394 0.2790368271954674 0.31739707835325365 0.278328611898017 0.31772908366533864 0.32294617563739375 0.31739707835325365 0.3236543909348442
0 0.36254980079681276 0.3236543909348442 0.3233731739707835 0.3236543909348442 0.32304116865869853 0.2790368271954674 0.36254980079681276 0.278328611898017 0.36288180610889775 0.32294617563739375 0.36254980079681276 0.3236543909348442
0 0.4747675962815405 0.5927762039660056 0.4123505976095618 0.5927762039660056 0.4120185922974768 0.4730878186968839 0.3658698539176627 0.4723796033994334 0.3655378486055777 0.2790368271954674 0.4747675962815405 0.278328611898017 0.4750996015936255 0.5920679886685553 0.4747675962815405 0.5927762039660056
0 0.5743691899070386 0.42705382436260625 0.5119521912350598 0.42705382436260625 0.5116201859229748 0.2790368271954674 0.5743691899070386 0.278328611898017 0.5747011952191236 0.4263456090651558 0.5743691899070386 0.42705382436260625
0 0.6640106241699867 0.42705382436260625 0.5776892430278885 0.42705382436260625 0.5773572377158035 0.2790368271954674 0.6640106241699867 0.278328611898017 0.6643426294820717 0.4263456090651558 0.6640106241699867 0.42705382436260625
0 0.7556440903054449 0.42705382436260625 0.6699867197875166 0.42705382436260625 0.6696547144754316 0.2790368271954674 0.7556440903054449 0.278328611898017 0.7559760956175299 0.4263456090651558 0.7556440903054449 0.42705382436260625
0 0.8213811420982736 0.42705382436260625 0.7589641434262948 0.42705382436260625 0.7586321381142098 0.2790368271954674 0.8213811420982736 0.278328611898017 0.8217131474103586 0.4263456090651558 0.8213811420982736 0.42705382436260625
0 0.31739707835325365 0.4171388101983003 0.2782204515272244 0.4171388101983003 0.2778884462151394 0.3314447592067989 0.31739707835325365 0.3307365439093484 0.31772908366533864 0.4164305949008499 0.31739707835325365 0.4171388101983003
0 0.36254980079681276 0.4171388101983003 0.3233731739707835 0.4171388101983003 0.32304116865869853 0.3314447592067989 0.36254980079681276 0.3307365439093484 0.36288180610889775 0.4164305949008499 0.36254980079681276 0.4171388101983003
0 0.31739707835325365 0.5531161473087819 0.2782204515272244 0.5531161473087819 0.2778884462151394 0.4235127478753541 0.31739707835325365 0.4228045325779037 0.31772908366533864 0.5524079320113314 0.31739707835325365 0.5531161473087819
0 0.36254980079681276 0.5531161473087819 0.3233731739707835 0.5531161473087819 0.32304116865869853 0.4235127478753541 0.36254980079681276 0.4228045325779037 0.36288180610889775 0.5524079320113314 0.36254980079681276 0.5531161473087819
0 0.548472775564409 0.5361189801699717 0.5119521912350598 0.5361189801699717 0.5116201859229748 0.43342776203966005 0.548472775564409 0.43271954674220964 0.548804780876494 0.5354107648725213 0.548472775564409 0.5361189801699717
0 0.599601593625498 0.7245042492917847 0.5776892430278885 0.7245042492917847 0.5773572377158035 0.5368271954674221 0.5524568393094289 0.5361189801699717 0.5521248339973439 0.43342776203966005 0.6241699867197875 0.43271954674220964 0.6245019920318725 0.5509915014164306 0.600265604249668 0.5516997167138811 0.599933598937583 0.7237960339943342 0.599601593625498 0.7245042492917847
0 0.6640106241699867 0.5516997167138811 0.6274900398406374 0.5516997167138811 0.6271580345285525 0.43342776203966005 0.6640106241699867 0.43271954674220964 0.6643426294820717 0.5509915014164306 0.6640106241699867 0.5516997167138811
0 0.7058432934926959 0.5516997167138811 0.6699867197875166 0.5516997167138811 0.6696547144754316 0.43342776203966005 0.7058432934926959 0.43271954674220964 0.7061752988047809 0.5509915014164306 0.7058432934926959 0.5516997167138811
0 0.7556440903054449 0.7245042492917847 0.7343957503320053 0.7245042492917847 0.7340637450199203 0.5524079320113314 0.7098273572377158 0.5516997167138811 0.7094953519256308 0.43342776203966005 0.7808764940239044 0.43271954674220964 0.7812084993359893 0.5339943342776204 0.7563081009296149 0.5347025495750708 0.7559760956175299 0.7237960339943342 0.7556440903054449 0.7245042492917847
0 0.8213811420982736 0.5347025495750708 0.7841965471447543 0.5347025495750708 0.7838645418326693 0.43342776203966005 0.8213811420982736 0.43271954674220964 0.8217131474103586 0.5339943342776204 0.8213811420982736 0.5347025495750708
0 0.31739707835325365 0.7245042492917847 0.23107569721115537 0.7245042492917847 0.23074369189907037 0.5934844192634561 0.2300796812749004 0.5920679886685553 0.2300796812749004 0.4730878186968839 0.2749003984063745 0.4723796033994334 0.2752324037184595 0.5580736543909348 0.31739707835325365 0.5587818696883853 0.31772908366533864 0.7237960339943342 0.31739707835325365 0.7245042492917847
0 0.40969455511288183 0.7245042492917847 0.3233731739707835 0.7245042492917847 0.32304116865869853 0.5594900849858357 0.3652058432934927 0.5587818696883853 0.3655378486055777 0.4730878186968839 0.4116865869853918 0.4723796033994334 0.4120185922974768 0.5934844192634561 0.4103585657370518 0.5941926345609065 0.4100265604249668 0.7237960339943342 0.40969455511288183 0.7245042492917847
0 0.8213811420982736 0.7245042492917847 0.7596281540504648 0.7245042492917847 0.7592961487383798 0.5424929178470255 0.8213811420982736 0.5417847025495751 0.8217131474103586 0.7237960339943342 0.8213811420982736 0.7245042492917847
0 0.5737051792828686 0.7245042492917847 0.5119521912350598 0.7245042492917847 0.5116201859229748 0.5439093484419264 0.5737051792828686 0.5432011331444759 0.5740371845949536 0.7237960339943342 0.5737051792828686 0.7245042492917847
0 0.6640106241699867 0.7245042492917847 0.602921646746348 0.7245042492917847 0.602589641434263 0.5580736543909348 0.6640106241699867 0.5573654390934845 0.6643426294820717 0.7237960339943342 0.6640106241699867 0.7245042492917847
0 0.7310756972111554 0.7245042492917847 0.6699867197875166 0.7245042492917847 0.6696547144754316 0.5580736543909348 0.7310756972111554 0.5573654390934845 0.7314077025232404 0.7237960339943342 0.7310756972111554 0.7245042492917847
0 0.22709163346613545 0.7245042492917847 0.16533864541832669 0.7245042492917847 0.1650066401062417 0.5934844192634561 0.22709163346613545 0.5927762039660056 0.22742363877822044 0.7237960339943342 0.22709163346613545 0.7245042492917847
0 0.4747675962815405 0.7245042492917847 0.41301460823373176 0.7245042492917847 0.41268260292164677 0.5949008498583569 0.4120185922974768 0.5934844192634561 0.4747675962815405 0.5927762039660056 0.4750996015936255 0.7237960339943342 0.4747675962815405 0.7245042492917847
0 0.26626826029216466 0.8264872521246459 0.21181938911022577 0.8264872521246459 0.21148738379814078 0.7436260623229461 0.26626826029216466 0.7429178470254958 0.26660026560424965 0.8257790368271954 0.26626826029216466 0.8264872521246459
0 0.42828685258964144 0.8264872521246459 0.3745019920318725 0.8264872521246459 0.3741699867197875 0.7436260623229461 0.42828685258964144 0.7429178470254958 0.42861885790172644 0.8257790368271954 0.42828685258964144 0.8264872521246459