0 0.22121604139715395 0.5904522613065326 0.0517464424320828 0.5904522613065326 0.05109961190168176 0.2948073701842546 0.22121604139715395 0.29396984924623115 0.221862871927555 0.5896147403685092 0.22121604139715395 0.5904522613065326
0 0.3208279430789133 0.5904522613065326 0.22897800776196636 0.5904522613065326 0.22833117723156532 0.2948073701842546 0.36739974126778785 0.29396984924623115 0.3680465717981889 0.5309882747068677 0.3654592496765847 0.5343383584589615 0.3648124191461837 0.5368509212730318 0.3615782664941785 0.5393634840871022 0.36093143596377747 0.5418760469011725 0.34799482535575677 0.5569514237855946 0.3447606727037516 0.559463986599665 0.34411384217335056 0.5619765494137353 0.3408796895213454 0.5644891122278057 0.34023285899094435 0.567001675041876 0.3208279430789133 0.5904522613065326
0 0.4489003880983182 0.6742043551088778 0.4087968952134541 0.6742043551088778 0.407503234152652 0.6725293132328308 0.40620957309184996 0.6742043551088778 0.3738680465717982 0.6742043551088778 0.37322121604139713 0.2948073701842546 0.5498059508408797 0.29396984924623115 0.6345407503234153 0.4036850921273032 0.6345407503234153 0.5678391959798995 0.6209573091849935 0.568676716917923 0.6203104786545925 0.6716917922948074 0.4501940491591203 0.6725293132328308 0.4489003880983182 0.6742043551088778
0 0.8525226390685641 0.6005025125628141 0.6442432082794308 0.6005025125628141 0.6435963777490298 0.5695142378559463 0.6403622250970246 0.568676716917923 0.6397153945666235 0.4036850921273032 0.8525226390685641 0.4028475711892797 0.8531694695989651 0.5996649916247906 0.8525226390685641 0.6005025125628141
0 0.40620957309184996 0.8149078726968174 0.3001293661060802 0.8149078726968174 0.29948253557567917 0.6901172529313233 0.15653298835705046 0.6892797319932998 0.1558861578266494 0.5996649916247906 0.32341526520051744 0.5988274706867671 0.3253557567917206 0.5963149078726968 0.3260025873221216 0.5938023450586265 0.3292367399741268 0.5912897822445561 0.3298835705045278 0.5887772194304858 0.333117723156533 0.5862646566164154 0.33376455368693403 0.583752093802345 0.34799482535575677 0.567001675041876 0.3499353169469599 0.5661641541038526 0.351875808538163 0.5619765494137353 0.3538163001293661 0.5611390284757118 0.35575679172056923 0.5569514237855946 0.3576972833117723 0.5561139028475712 0.35963777490297544 0.551926298157454 0.37257438551099614 0.5368509212730318 0.37322121604139713 0.6733668341708543 0.40620957309184996 0.6742043551088778 0.40685640362225095 0.8140703517587939 0.40620957309184996 0.8149078726968174
0 0.14877102199223805 0.6892797319932998 0.0517464424320828 0.6892797319932998 0.05109961190168176 0.5996649916247906 0.14877102199223805 0.5988274706867671 0.14941785252263906 0.6884422110552764 0.14877102199223805 0.6892797319932998
0 0.723156532988357 0.7897822445561139 0.6326002587322122 0.7897822445561139 0.6319534282018111 0.6599664991624791 0.6429495472186287 0.6591289782244556 0.6435963777490298 0.609715242881072 0.7296248382923674 0.6088777219430486 0.7302716688227684 0.7353433835845896 0.7244501940491591 0.7361809045226131 0.7238033635187581 0.7889447236180904 0.723156532988357 0.7897822445561139
0 0.8460543337645536 0.6658291457286433 0.7360931435963778 0.6658291457286433 0.7354463130659767 0.609715242881072 0.8460543337645536 0.6088777219430486 0.8467011642949547 0.6649916247906198 0.8460543337645536 0.6658291457286433
0 0.407503234152652 0.8149078726968174 0.40685640362225095 0.6733668341708543 0.40815006468305304 0.6733668341708543 0.40815006468305304 0.8140703517587939 0.407503234152652 0.8149078726968174
0 0.6196636481241915 0.940536013400335 0.4139715394566624 0.940536013400335 0.41332470892626133 0.6817420435510888 0.4489003880983182 0.6809045226130653 0.44954721862871927 0.6733668341708543 0.6196636481241915 0.6725293132328308 0.6203104786545925 0.9396984924623115 0.6196636481241915 0.940536013400335
0 0.8460543337645536 0.7964824120603015 0.7360931435963778 0.7964824120603015 0.7354463130659767 0.6733668341708543 0.8460543337645536 0.6725293132328308 0.8467011642949547 0.7956448911222781 0.8460543337645536 0.7964824120603015
0 0.21604139715394566 0.940536013400335 0.0517464424320828 0.940536013400335 0.05109961190168176 0.6984924623115578 0.21604139715394566 0.6976549413735343 0.2166882276843467 0.9396984924623115 0.21604139715394566 0.940536013400335
0 0.2936610608020699 0.8149078726968174 0.222509702457956 0.8149078726968174 0.221862871927555 0.6984924623115578 0.2936610608020699 0.6976549413735343 0.2943078913324709 0.8140703517587939 0.2936610608020699 0.8149078726968174
0 0.8525226390685641 0.940536013400335 0.6274256144890039 0.940536013400335 0.6267787839586029 0.8056951423785594 0.8525226390685641 0.804857621440536 0.8531694695989651 0.9396984924623115 0.8525226390685641 0.940536013400335
0 0.2936610608020699 0.940536013400335 0.222509702457956 0.940536013400335 0.221862871927555 0.8241206030150754 0.2936610608020699 0.8232830820770519 0.2943078913324709 0.9396984924623115 0.2936610608020699 0.940536013400335
0 0.407503234152652 0.940536013400335 0.3001293661060802 0.940536013400335 0.29948253557567917 0.8241206030150754 0.407503234152652 0.8232830820770519 0.40815006468305304 0.9396984924623115 0.407503234152652 0.940536013400335