0 0.18886198547215496 0.4945155393053016 0.02784503631961259 0.4945155393053016 0.027239709443099273 0.2522851919561243 0.18886198547215496 0.2513711151736746 0.1894673123486683 0.4936014625228519 0.18886198547215496 0.4945155393053016
0 0.2796610169491525 0.4945155393053016 0.1937046004842615 0.4945155393053016 0.19309927360774817 0.2522851919561243 0.2796610169491525 0.2513711151736746 0.28026634382566584 0.4936014625228519 0.2796610169491525 0.4945155393053016
0 0.4721549636803874 0.5018281535648994 0.2857142857142857 0.5018281535648994 0.2851089588377724 0.2522851919561243 0.4721549636803874 0.2513711151736746 0.4727602905569007 0.5009140767824497 0.4721549636803874 0.5018281535648994
0 0.6731234866828087 0.4963436928702011 0.5266343825665859 0.4963436928702011 0.5260290556900726 0.2522851919561243 0.6731234866828087 0.2513711151736746 0.673728813559322 0.4954296160877514 0.6731234866828087 0.4963436928702011
0 0.7820823244552058 0.4963436928702011 0.6791767554479419 0.4963436928702011 0.6785714285714286 0.2522851919561243 0.7820823244552058 0.2513711151736746 0.7826876513317191 0.4954296160877514 0.7820823244552058 0.4963436928702011
0 0.2845036319612591 0.779707495429616 0.2033898305084746 0.779707495429616 0.20278450363196127 0.6307129798903108 0.02784503631961259 0.629798903107861 0.027239709443099273 0.5009140767824497 0.2845036319612591 0.5 0.2851089588377724 0.7787934186471663 0.2845036319612591 0.779707495429616
0 0.30145278450363194 0.6773308957952467 0.2857142857142857 0.6773308957952467 0.2851089588377724 0.5027422303473492 0.4721549636803874 0.5018281535648994 0.4727602905569007 0.6288848263254113 0.44552058111380144 0.629798903107861 0.4449152542372881 0.6343692870201096 0.3026634382566586 0.6352833638025595 0.30205811138014527 0.676416819012797 0.30145278450363194 0.6773308957952467
0 0.7820823244552058 0.8674588665447898 0.6682808716707022 0.8674588665447898 0.6676755447941889 0.6343692870201096 0.6428571428571429 0.6334552102376599 0.6422518159806295 0.6288848263254113 0.5266343825665859 0.6279707495429616 0.5260290556900726 0.5027422303473492 0.7227602905569007 0.5018281535648994 0.7233656174334141 0.6325411334552102 0.7820823244552058 0.6334552102376599 0.7826876513317191 0.8665447897623401 0.7820823244552058 0.8674588665447898
0 0.7820823244552058 0.6279707495429616 0.7288135593220338 0.6279707495429616 0.7282082324455206 0.5027422303473492 0.7820823244552058 0.5018281535648994 0.7826876513317191 0.6270566727605119 0.7820823244552058 0.6279707495429616
0 0.6670702179176755 0.8674588665447898 0.5266343825665859 0.8674588665447898 0.5260290556900726 0.6343692870201096 0.6670702179176755 0.6334552102376599 0.6676755447941889 0.8665447897623401 0.6670702179176755 0.8674588665447898
0 0.1973365617433414 0.8601462522851919 0.11016949152542373 0.8601462522851919 0.10956416464891042 0.7330895795246801 0.02784503631961259 0.7321755027422303 0.027239709443099273 0.6361974405850092 0.1973365617433414 0.6352833638025595 0.19794188861985473 0.8592321755027422 0.1973365617433414 0.8601462522851919
0 0.4721549636803874 0.8674588665447898 0.28934624697336564 0.8674588665447898 0.2887409200968523 0.7495429616087751 0.2857142857142857 0.7486288848263254 0.2851089588377724 0.6782449725776966 0.30145278450363194 0.6773308957952467 0.30205811138014527 0.6361974405850092 0.4721549636803874 0.6352833638025595 0.4727602905569007 0.8665447897623401 0.4721549636803874 0.8674588665447898
0 0.10290556900726393 0.8656307129798904 0.02784503631961259 0.8656307129798904 0.027239709443099273 0.7422303473491774 0.10290556900726393 0.7413162705667276 0.10351089588377724 0.8647166361974405 0.10290556900726393 0.8656307129798904
0 0.28329297820823246 0.8674588665447898 0.2033898305084746 0.8674588665447898 0.20278450363196127 0.7879341864716636 0.28329297820823246 0.7870201096892139 0.2838983050847458 0.8665447897623401 0.28329297820823246 0.8674588665447898