0 0.2687007874015748 0.21902654867256638 0.2076771653543307 0.21902654867256638 0.20669291338582677 0.2172566371681416 0.1934055118110236 0.20619469026548673 0.19291338582677164 0.20486725663716815 0.1845472440944882 0.19823008849557522 0.18405511811023623 0.19690265486725664 0.17125984251968504 0.18628318584070797 0.16978346456692914 0.18584070796460178 0.1624015748031496 0.17831858407079645 0.1609251968503937 0.17787610619469027 0.15748031496062992 0.1738938053097345 0.15600393700787402 0.17345132743362832 0.1486220472440945 0.16592920353982302 0.14714566929133857 0.1654867256637168 0.14616141732283464 0.16371681415929204 0.14763779527559054 0.16238938053097346 0.14911417322834647 0.16194690265486725 0.1515748031496063 0.1588495575221239 0.15403543307086615 0.15752212389380532 0.15649606299212598 0.15442477876106195 0.1579724409448819 0.15398230088495576 0.16141732283464566 0.15 0.16289370078740156 0.1495575221238938 0.16535433070866143 0.14646017699115044 0.16683070866141733 0.14601769911504425 0.1702755905511811 0.14203539823008848 0.171751968503937 0.1415929203539823 0.17421259842519685 0.13849557522123893 0.17667322834645668 0.13716814159292035 0.17913385826771652 0.134070796460177 0.18061023622047245 0.1336283185840708 0.1830708661417323 0.13053097345132744 0.18553149606299213 0.12920353982300886 0.18799212598425197 0.1261061946902655 0.18946850393700787 0.1256637168141593 0.1919291338582677 0.12256637168141593 0.19438976377952755 0.12123893805309735 0.1968503937007874 0.11814159292035398 0.19832677165354332 0.11769911504424779 0.2017716535433071 0.11371681415929204 0.203248031496063 0.11327433628318584 0.20570866141732283 0.11017699115044248 0.20718503937007873 0.10973451327433628 0.2106299212598425 0.10575221238938053 0.21210629921259844 0.10530973451327434 0.21456692913385828 0.10221238938053097 0.2170275590551181 0.10088495575221239 0.21948818897637795 0.09778761061946903 0.22096456692913385 0.09734513274336283 0.2234251968503937 0.09424778761061947 0.22588582677165353 0.09292035398230089 0.2283464566929134 0.08982300884955752 0.2298228346456693 0.08938053097345133 0.23228346456692914 0.08628318584070796 0.23474409448818898 0.08495575221238938 0.2372047244094488 0.08185840707964602 0.23917322834645668 0.08185840707964602 0.24163385826771652 0.084070796460177 0.2421259842519685 0.08539823008849558 0.24753937007874016 0.08938053097345133 0.25836614173228345 0.1 0.25984251968503935 0.10221238938053097 0.2632874015748031 0.10442477876106195 0.2637795275590551 0.10575221238938053 0.265255905511811 0.10619469026548672 0.27608267716535434 0.1168141592920354 0.27755905511811024 0.11902654867256637 0.2800196850393701 0.12035398230088495 0.29084645669291337 0.13097345132743363 0.29133858267716534 0.1323008849557522 0.29281496062992124 0.13274336283185842 0.2952755905511811 0.13584070796460176 0.296751968503937 0.13628318584070798 0.30856299212598426 0.14778761061946902 0.31299212598425197 0.15265486725663716 0.31446850393700787 0.15309734513274337 0.3174212598425197 0.15663716814159293 0.31791338582677164 0.1579646017699115 0.32234251968503935 0.16106194690265488 0.3228346456692913 0.16238938053097346 0.3262795275590551 0.16460176991150444 0.26820866141732286 0.2168141592920354 0.2691929133858268 0.21858407079646017 0.2687007874015748 0.21902654867256638
0 0.37696850393700787 0.21902654867256638 0.2765748031496063 0.21902654867256638 0.3346456692913386 0.16592920353982302 0.37696850393700787 0.16592920353982302 0.37746062992125984 0.21858407079646017 0.37696850393700787 0.21902654867256638
0 0.25196850393700787 0.2774336283185841 0.04330708661417323 0.2774336283185841 0.04281496062992126 0.1672566371681416 0.14173228346456693 0.16681415929203539 0.14271653543307086 0.16769911504424778 0.1451771653543307 0.16902654867256636 0.14763779527559054 0.17212389380530974 0.14911417322834647 0.17256637168141592 0.1515748031496063 0.1756637168141593 0.15403543307086615 0.17699115044247787 0.15649606299212598 0.18008849557522125 0.15895669291338582 0.18141592920353983 0.16141732283464566 0.18451327433628317 0.18405511811023623 0.20398230088495575 0.18651574803149606 0.20530973451327433 0.18799212598425197 0.2075221238938053 0.1904527559055118 0.2088495575221239 0.1919291338582677 0.21106194690265487 0.1953740157480315 0.21327433628318584 0.1968503937007874 0.21548672566371682 0.2002952755905512 0.2176991150442478 0.2017716535433071 0.21991150442477875 0.20423228346456693 0.22123893805309736 0.20570866141732283 0.2234513274336283 0.25196850393700787 0.2234513274336283 0.25246062992125984 0.27699115044247785 0.25196850393700787 0.2774336283185841
0 0.37696850393700787 0.32610619469026547 0.25688976377952755 0.32610619469026547 0.2563976377952756 0.22389380530973452 0.37696850393700787 0.2234513274336283 0.37746062992125984 0.3256637168141593 0.37696850393700787 0.32610619469026547
0 0.25196850393700787 0.4323008849557522 0.03937007874015748 0.4323008849557522 0.03887795275590551 0.2814159292035398 0.25196850393700787 0.2809734513274336 0.25246062992125984 0.431858407079646 0.25196850393700787 0.4323008849557522
0 0.9232283464566929 0.665929203539823 0.7125984251968503 0.665929203539823 0.7121062992125984 0.5690265486725664 0.5728346456692913 0.5685840707964602 0.5723425196850394 0.5867256637168141 0.3218503937007874 0.5871681415929203 0.3213582677165354 0.49911504424778763 0.25688976377952755 0.4986725663716814 0.2563976377952756 0.33362831858407077 0.452755905511811 0.3331858407079646 0.453740157480315 0.334070796460177 0.4596456692913386 0.334070796460177 0.46062992125984253 0.3349557522123894 0.4625984251968504 0.3349557522123894 0.46358267716535434 0.33584070796460175 0.468503937007874 0.33584070796460175 0.46948818897637795 0.33672566371681417 0.47539370078740156 0.33672566371681417 0.4763779527559055 0.33761061946902654 0.4822834645669291 0.33761061946902654 0.48326771653543305 0.33849557522123896 0.48523622047244097 0.33849557522123896 0.4862204724409449 0.33938053097345133 0.4911417322834646 0.33938053097345133 0.4921259842519685 0.3402654867256637 0.49803149606299213 0.3402654867256637 0.49901574803149606 0.3411504424778761 0.5029527559055118 0.3411504424778761 0.5039370078740157 0.3420353982300885 0.5059055118110236 0.34292035398230086 0.5078740157480315 0.3438053097345133 0.5098425196850394 0.3438053097345133 0.5108267716535433 0.34469026548672566 0.5127952755905512 0.34469026548672566 0.5137795275590551 0.3455752212389381 0.515748031496063 0.3455752212389381 0.5167322834645669 0.34646017699115045 0.5187007874015748 0.3473451327433628 0.5206692913385826 0.3473451327433628 0.5216535433070866 0.34823008849557524 0.5236220472440944 0.3491150442477876 0.5255905511811023 0.3491150442477876 0.5265748031496063 0.35 0.5295275590551181 0.35 0.531496062992126 0.35176991150442477 0.5334645669291339 0.35176991150442477 0.5344488188976378 0.3526548672566372 0.5364173228346457 0.3526548672566372 0.5374015748031497 0.35353982300884956 0.5393700787401575 0.35353982300884956 0.5413385826771654 0.35530973451327436 0.5433070866141733 0.35530973451327436 0.5442913385826772 0.3561946902654867 0.5462598425196851 0.3561946902654867 0.547244094488189 0.3570796460176991 0.5492125984251969 0.3570796460176991 0.5501968503937008 0.3579646017699115 0.5521653543307087 0.3579646017699115 0.5531496062992126 0.3588495575221239 0.5551181102362205 0.3597345132743363 0.5580708661417323 0.36150442477876105 0.5600393700787402 0.36238938053097347 0.562992125984252 0.3641592920353982 0.5649606299212598 0.36504424778761063 0.5669291338582677 0.365929203539823 0.5698818897637795 0.3676991150442478 0.5718503937007874 0.36858407079646016 0.5738188976377953 0.3694690265486726 0.577755905511811 0.37212389380530975 0.5797244094488189 0.37212389380530975 0.5816929133858267 0.37389380530973454 0.5846456692913385 0.3756637168141593 0.5866141732283464 0.3765486725663717 0.5885826771653543 0.37743362831858407 0.5905511811023622 0.37831858407079644 0.593503937007874 0.38008849557522123 0.5954724409448819 0.38097345132743365 0.5974409448818898 0.381858407079646 0.5989173228346457 0.3823008849557522 0.5994094488188977 0.3836283185840708 0.6013779527559056 0.3836283185840708 0.6082677165354331 0.3898230088495575 0.6181102362204725 0.39778761061946905 0.6205708661417323 0.3991150442477876 0.6220472440944882 0.4013274336283186 0.6318897637795275 0.4092920353982301 0.6343503937007874 0.41061946902654867 0.6358267716535433 0.41283185840707964 0.6481299212598425 0.4230088495575221 0.6491141732283464 0.4247787610619469 0.6496062992125984 0.4261061946902655 0.6510826771653543 0.4265486725663717 0.6530511811023622 0.42920353982300885 0.6540354330708661 0.43097345132743364 0.6545275590551181 0.4323008849557522 0.656988188976378 0.4336283185840708 0.6579724409448819 0.4353982300884956 0.6584645669291339 0.43672566371681415 0.6599409448818898 0.43716814159292033 0.6619094488188977 0.4398230088495575 0.6648622047244095 0.4433628318584071 0.6687992125984252 0.44778761061946903 0.671751968503937 0.45132743362831856 0.6747047244094488 0.45486725663716815 0.6786417322834646 0.4592920353982301 0.6786417322834646 0.46106194690265484 0.6796259842519685 0.46194690265486726 0.6806102362204725 0.46371681415929206 0.6825787401574803 0.4663716814159292 0.6825787401574803 0.46814159292035395 0.6835629921259843 0.4690265486725664 0.6845472440944882 0.47079646017699117 0.6855314960629921 0.4725663716814159 0.6875 0.47522123893805307 0.6875 0.47699115044247786 0.6884842519685039 0.4778761061946903 0.6894685039370079 0.479646017699115 0.6914370078740157 0.4823008849557522 0.6914370078740157 0.484070796460177 0.6924212598425197 0.4849557522123894 0.6934055118110236 0.48672566371681414 0.6943897637795275 0.48849557522123893 0.6963582677165354 0.4911504424778761 0.6963582677165354 0.4929203539823009 0.6973425196850394 0.49380530973451325 0.6983267716535433 0.49557522123893805 0.7002952755905512 0.4982300884955752 0.7002952755905512 0.5 0.7012795275590551 0.5008849557522124 0.7012795275590551 0.5026548672566372 0.702263779527559 0.5035398230088496 0.702263779527559 0.5061946902654867 0.703248031496063 0.5070796460176992 0.703248031496063 0.5097345132743363 0.7042322834645669 0.5106194690265486 0.7052165354330708 0.5123893805309735 0.7052165354330708 0.5141592920353982 0.7062007874015748 0.5150442477876106 0.7062007874015748 0.5176991150442478 0.7071850393700787 0.5185840707964602 0.7071850393700787 0.5212389380530974 0.7081692913385826 0.5221238938053098 0.7091535433070866 0.5238938053097345 0.7091535433070866 0.5256637168141592 0.7101377952755905 0.5265486725663717 0.7101377952755905 0.5292035398230088 0.7111220472440944 0.5300884955752212 0.7111220472440944 0.5327433628318584 0.9232283464566929 0.5331858407079646 0.9237204724409449 0.6654867256637168 0.9232283464566929 0.665929203539823
0 0.25196850393700787 0.4986725663716814 0.08858267716535433 0.4986725663716814 0.08809055118110236 0.4389380530973451 0.25196850393700787 0.43849557522123894 0.25246062992125984 0.4982300884955752 0.25196850393700787 0.4986725663716814
0 0.3159448818897638 0.6128318584070797 0.08858267716535433 0.6128318584070797 0.08809055118110236 0.5026548672566372 0.3159448818897638 0.5022123893805309 0.31643700787401574 0.6123893805309735 0.3159448818897638 0.6128318584070797
0 0.7322834645669292 0.9110619469026549 0.5462598425196851 0.9110619469026549 0.5457677165354331 0.6221238938053097 0.5718503937007874 0.6216814159292036 0.5723425196850394 0.5690265486725664 0.7116141732283464 0.5685840707964602 0.7121062992125984 0.6654867256637168 0.8149606299212598 0.665929203539823 0.8125 0.6690265486725664 0.812007874015748 0.6703539823008849 0.8085629921259843 0.672566371681416 0.8080708661417323 0.6738938053097345 0.8036417322834646 0.6769911504424779 0.8031496062992126 0.6783185840707965 0.78248031496063 0.6960176991150443 0.7642716535433071 0.7115044247787611 0.7642716535433071 0.8663716814159292 0.7332677165354331 0.8668141592920354 0.7327755905511811 0.9106194690265487 0.7322834645669292 0.9110619469026549
0 0.36811023622047245 0.7420353982300885 0.26476377952755903 0.7420353982300885 0.26427165354330706 0.6194690265486725 0.32086614173228345 0.6190265486725663 0.3213582677165354 0.5876106194690266 0.5718503937007874 0.5871681415929203 0.5723425196850394 0.6212389380530974 0.5462598425196851 0.6216814159292036 0.5457677165354331 0.6911504424778762 0.4242125984251969 0.6915929203539823 0.42273622047244097 0.6929203539823009 0.422244094488189 0.6942477876106194 0.41781496062992124 0.6973451327433628 0.41732283464566927 0.6986725663716814 0.4138779527559055 0.7008849557522124 0.41338582677165353 0.702212389380531 0.4089566929133858 0.7053097345132744 0.40846456692913385 0.7066371681415929 0.4050196850393701 0.7088495575221239 0.4045275590551181 0.7101769911504425 0.4000984251968504 0.7132743362831858 0.39960629921259844 0.7146017699115044 0.39517716535433073 0.7176991150442478 0.39468503937007876 0.7190265486725663 0.391240157480315 0.7212389380530974 0.390748031496063 0.7225663716814159 0.38631889763779526 0.7256637168141593 0.3858267716535433 0.7269911504424779 0.3823818897637795 0.7292035398230089 0.38188976377952755 0.7305309734513274 0.37746062992125984 0.7336283185840708 0.37696850393700787 0.7349557522123894 0.3735236220472441 0.7371681415929203 0.37303149606299213 0.738495575221239 0.36811023622047245 0.7420353982300885
0 0.15649606299212598 0.6880530973451328 0.08858267716535433 0.6880530973451328 0.08809055118110236 0.6168141592920354 0.15649606299212598 0.6163716814159292 0.15698818897637795 0.6876106194690266 0.15649606299212598 0.6880530973451328
0 0.2588582677165354 0.6880530973451328 0.1624015748031496 0.6880530973451328 0.16190944881889763 0.6168141592920354 0.2588582677165354 0.6163716814159292 0.2593503937007874 0.6876106194690266 0.2588582677165354 0.6880530973451328
0 0.9232283464566929 0.8668141592920354 0.7696850393700787 0.8668141592920354 0.7691929133858267 0.7141592920353982 0.7706692913385826 0.7128318584070796 0.7750984251968503 0.7097345132743362 0.7755905511811023 0.7084070796460177 0.7790354330708661 0.7061946902654868 0.7795275590551181 0.7048672566371681 0.7839566929133859 0.7017699115044248 0.7844488188976378 0.7004424778761061 0.7878937007874016 0.6982300884955752 0.7883858267716536 0.6969026548672567 0.7928149606299213 0.6938053097345133 0.7933070866141733 0.6924778761061947 0.8188976377952756 0.6703539823008849 0.9232283464566929 0.6703539823008849 0.9237204724409449 0.8663716814159292 0.9232283464566929 0.8668141592920354
0 0.2588582677165354 0.8668141592920354 0.08858267716535433 0.8668141592920354 0.08809055118110236 0.6929203539823009 0.2588582677165354 0.6924778761061947 0.2593503937007874 0.8663716814159292 0.2588582677165354 0.8668141592920354
0 0.5403543307086615 0.8668141592920354 0.37401574803149606 0.8668141592920354 0.3735236220472441 0.7442477876106195 0.37549212598425197 0.7424778761061946 0.37598425196850394 0.7411504424778761 0.38041338582677164 0.7380530973451327 0.3809055118110236 0.7367256637168141 0.3843503937007874 0.7345132743362832 0.38484251968503935 0.7331858407079646 0.38927165354330706 0.7300884955752213 0.38976377952755903 0.7287610619469026 0.39320866141732286 0.7265486725663717 0.3937007874015748 0.7252212389380531 0.39812992125984253 0.7221238938053097 0.3986220472440945 0.7207964601769912 0.4020669291338583 0.7185840707964601 0.4035433070866142 0.7163716814159292 0.40698818897637795 0.7141592920353982 0.4074803149606299 0.7128318584070796 0.4119094488188976 0.7097345132743362 0.4124015748031496 0.7084070796460177 0.41584645669291337 0.7061946902654868 0.41633858267716534 0.7048672566371681 0.42076771653543305 0.7017699115044248 0.421259842519685 0.7004424778761061 0.42470472440944884 0.6982300884955752 0.4251968503937008 0.6969026548672567 0.4271653543307087 0.6960176991150443 0.5403543307086615 0.6960176991150443 0.5408464566929134 0.8663716814159292 0.5403543307086615 0.8668141592920354
0 0.36811023622047245 0.8668141592920354 0.26476377952755903 0.8668141592920354 0.26427165354330706 0.7469026548672566 0.36811023622047245 0.7464601769911504 0.3686023622047244 0.8663716814159292 0.36811023622047245 0.8668141592920354