0 0.19140625 0.24158815612382234 0.123046875 0.24158815612382234 0.12255859375 0.04845222072678331 0.19140625 0.0477792732166891 0.19189453125 0.24091520861372812 0.19140625 0.24158815612382234
0 0.41015625 0.24158815612382234 0.1982421875 0.24158815612382234 0.19775390625 0.04845222072678331 0.41015625 0.0477792732166891 0.41064453125 0.24091520861372812 0.41015625 0.24158815612382234
0 0.21484375 0.4004037685060565 0.123046875 0.4004037685060565 0.12255859375 0.2503364737550471 0.326171875 0.2496635262449529 0.32666015625 0.3620457604306864 0.2158203125 0.3627187079407806 0.21533203125 0.3997308209959623 0.21484375 0.4004037685060565
0 0.5439453125 0.5242261103633916 0.333984375 0.5242261103633916 0.33349609375 0.2503364737550471 0.5419921875 0.2496635262449529 0.54248046875 0.3405114401076716 0.54443359375 0.34185733512786004 0.54443359375 0.5235531628532974 0.5439453125 0.5242261103633916
0 0.7890625 0.6049798115746972 0.5625 0.6049798115746972 0.56201171875 0.47510094212651416 0.544921875 0.47442799461641993 0.54443359375 0.34185733512786004 0.7890625 0.3411843876177658 0.78955078125 0.604306864064603 0.7890625 0.6049798115746972
0 0.97265625 0.4690444145356662 0.8017578125 0.4690444145356662 0.80126953125 0.34185733512786004 0.97265625 0.3411843876177658 0.97314453125 0.46837146702557203 0.97265625 0.4690444145356662
0 0.326171875 0.5242261103633916 0.22265625 0.5242261103633916 0.22216796875 0.3714670255720054 0.326171875 0.37079407806191117 0.32666015625 0.5235531628532974 0.326171875 0.5242261103633916
0 0.21484375 0.5242261103633916 0.125 0.5242261103633916 0.12451171875 0.4078061911170929 0.21484375 0.40713324360699865 0.21533203125 0.5235531628532974 0.21484375 0.5242261103633916
0 0.97265625 0.8109017496635262 0.8017578125 0.8109017496635262 0.80126953125 0.4791386271870794 0.97265625 0.4784656796769852 0.97314453125 0.8102288021534321 0.97265625 0.8109017496635262
0 0.326171875 0.8109017496635262 0.123046875 0.8109017496635262 0.12255859375 0.5329744279946165 0.326171875 0.5323014804845222 0.32666015625 0.8102288021534321 0.326171875 0.8109017496635262
0 0.423828125 0.7193808882907133 0.333984375 0.7193808882907133 0.33349609375 0.5329744279946165 0.5615234375 0.5323014804845222 0.56201171875 0.604306864064603 0.486328125 0.6049798115746972 0.48583984375 0.6675639300134589 0.4609375 0.6682368775235532 0.423828125 0.7193808882907133
0 0.638671875 0.8109017496635262 0.4931640625 0.8109017496635262 0.49267578125 0.6110363391655451 0.638671875 0.6103633916554508 0.63916015625 0.8102288021534321 0.638671875 0.8109017496635262
0 0.7890625 0.8109017496635262 0.6455078125 0.8109017496635262 0.64501953125 0.6110363391655451 0.7890625 0.6103633916554508 0.78955078125 0.8102288021534321 0.7890625 0.8109017496635262
0 0.4853515625 0.8109017496635262 0.4296875 0.8109017496635262 0.42919921875 0.7227456258411844 0.4404296875 0.7072678331090175 0.44677734375 0.6998654104979811 0.4580078125 0.6830417227456258 0.46240234375 0.6783310901749664 0.462890625 0.6763122476446837 0.4853515625 0.6763122476446837 0.48583984375 0.8102288021534321 0.4853515625 0.8109017496635262
0 0.423828125 0.8109017496635262 0.333984375 0.8109017496635262 0.33349609375 0.7267833109017496 0.423828125 0.7261103633916555 0.42431640625 0.8102288021534321 0.423828125 0.8109017496635262