0 0.5328638497652582 0.6122611464968153 0.30985915492957744 0.6122611464968153 0.3075117370892019 0.6106687898089171 0.22300469483568075 0.6106687898089171 0.22183098591549297 0.2627388535031847 0.5328638497652582 0.2619426751592357 0.534037558685446 0.6114649681528662 0.5328638497652582 0.6122611464968153
0 0.8943661971830986 0.42595541401273884 0.57981220657277 0.42595541401273884 0.5786384976525821 0.2643312101910828 0.8943661971830986 0.2635350318471338 0.8955399061032864 0.4251592356687898 0.8943661971830986 0.42595541401273884
0 0.7112676056338029 0.6186305732484076 0.6619718309859155 0.6186305732484076 0.6607981220657277 0.6146496815286624 0.57981220657277 0.6138535031847133 0.5786384976525821 0.43471337579617836 0.8051643192488263 0.4339171974522293 0.8063380281690141 0.554140127388535 0.7629107981220657 0.5549363057324841 0.7617370892018779 0.6162420382165605 0.7136150234741784 0.6170382165605095 0.7112676056338029 0.6186305732484076
0 0.8708920187793427 0.5549363057324841 0.823943661971831 0.5549363057324841 0.8227699530516432 0.43471337579617836 0.8943661971830986 0.4339171974522293 0.8955399061032864 0.5207006369426752 0.8732394366197183 0.5214968152866242 0.8720657276995305 0.554140127388535 0.8708920187793427 0.5549363057324841
0 0.892018779342723 0.6982484076433121 0.7699530516431925 0.6982484076433121 0.7687793427230047 0.5621019108280255 0.892018779342723 0.5613057324840764 0.8931924882629108 0.697452229299363 0.892018779342723 0.6982484076433121
0 0.3873239436619718 0.785828025477707 0.22300469483568075 0.785828025477707 0.22183098591549297 0.7165605095541401 0.3075117370892019 0.7157643312101911 0.3086854460093897 0.6130573248407644 0.3873239436619718 0.6122611464968153 0.3884976525821596 0.785031847133758 0.3873239436619718 0.785828025477707
0 0.4859154929577465 0.785828025477707 0.38967136150234744 0.785828025477707 0.3884976525821596 0.6130573248407644 0.5328638497652582 0.6122611464968153 0.534037558685446 0.767515923566879 0.48826291079812206 0.768312101910828 0.48708920187793425 0.785031847133758 0.4859154929577465 0.785828025477707
0 0.7605633802816901 0.7842356687898089 0.57981220657277 0.7842356687898089 0.5786384976525821 0.6194267515923567 0.7112676056338029 0.6186305732484076 0.7136150234741784 0.6170382165605095 0.7605633802816901 0.6170382165605095 0.7617370892018779 0.7834394904458599 0.7605633802816901 0.7842356687898089
0 0.29577464788732394 0.7109872611464968 0.22300469483568075 0.7109872611464968 0.22183098591549297 0.6210191082802548 0.29577464788732394 0.6202229299363057 0.29694835680751175 0.7101910828025477 0.29577464788732394 0.7109872611464968
0 0.8967136150234741 0.7842356687898089 0.7699530516431925 0.7842356687898089 0.7687793427230047 0.7022292993630573 0.8967136150234741 0.7014331210191083 0.897887323943662 0.7834394904458599 0.8967136150234741 0.7842356687898089
0 0.5375586854460094 0.9243630573248408 0.44366197183098594 0.9243630573248408 0.4424882629107981 0.8057324840764332 0.5375586854460094 0.8049363057324841 0.5387323943661971 0.9235668789808917 0.5375586854460094 0.9243630573248408