0 0.2975517890772128 0.22589285714285715 0.10734463276836158 0.22589285714285715 0.1064030131826742 0.06964285714285715 0.2975517890772128 0.06875 0.2984934086629002 0.225 0.2975517890772128 0.22589285714285715
0 0.455743879472693 0.22589285714285715 0.3088512241054614 0.22589285714285715 0.307909604519774 0.06964285714285715 0.455743879472693 0.06875 0.4566854990583804 0.225 0.455743879472693 0.22589285714285715
0 0.4538606403013183 0.4616071428571429 0.10734463276836158 0.4616071428571429 0.1064030131826742 0.2357142857142857 0.455743879472693 0.23482142857142857 0.4566854990583804 0.3678571428571429 0.4670433145009416 0.36875 0.467984934086629 0.2357142857142857 0.7024482109227872 0.23482142857142857 0.7033898305084746 0.2910714285714286 0.7099811676082862 0.29196428571428573 0.7109227871939736 0.3482142857142857 0.704331450094162 0.34910714285714284 0.7033898305084746 0.40714285714285714 0.6854990583804144 0.4080357142857143 0.684557438794727 0.4303571428571429 0.5630885122410546 0.43125 0.5612052730696798 0.4294642857142857 0.536723163841808 0.4294642857142857 0.5348399246704332 0.43125 0.4689265536723164 0.43125 0.467984934086629 0.40535714285714286 0.455743879472693 0.4044642857142857 0.4548022598870056 0.4607142857142857 0.4538606403013183 0.4616071428571429
0 0.9491525423728814 0.5205357142857143 0.711864406779661 0.5205357142857143 0.7109227871939736 0.2357142857142857 0.9491525423728814 0.23482142857142857 0.9500941619585688 0.5196428571428572 0.9491525423728814 0.5205357142857143
0 0.7024482109227872 0.63125 0.4689265536723164 0.63125 0.467984934086629 0.44107142857142856 0.5348399246704332 0.4401785714285714 0.5357815442561206 0.4303571428571429 0.5612052730696798 0.4294642857142857 0.5621468926553672 0.4392857142857143 0.7024482109227872 0.4401785714285714 0.7033898305084746 0.6303571428571428 0.7024482109227872 0.63125
0 0.9491525423728814 0.63125 0.711864406779661 0.63125 0.7109227871939736 0.5303571428571429 0.9491525423728814 0.5294642857142857 0.9500941619585688 0.6303571428571428 0.9491525423728814 0.63125
0 0.6516007532956686 0.7098214285714286 0.4689265536723164 0.7098214285714286 0.467984934086629 0.6428571428571429 0.6516007532956686 0.6419642857142858 0.652542372881356 0.7089285714285715 0.6516007532956686 0.7098214285714286
0 0.7890772128060264 0.7098214285714286 0.6610169491525424 0.7098214285714286 0.660075329566855 0.6428571428571429 0.7890772128060264 0.6419642857142858 0.7900188323917138 0.7089285714285715 0.7890772128060264 0.7098214285714286
0 0.9227871939736346 0.7866071428571428 0.6610169491525424 0.7866071428571428 0.660075329566855 0.7178571428571429 0.7984934086629002 0.7169642857142857 0.7994350282485876 0.6428571428571429 0.9227871939736346 0.6419642857142858 0.923728813559322 0.7857142857142857 0.9227871939736346 0.7866071428571428
0 0.6516007532956686 0.7866071428571428 0.4689265536723164 0.7866071428571428 0.467984934086629 0.7178571428571429 0.6516007532956686 0.7169642857142857 0.652542372881356 0.7857142857142857 0.6516007532956686 0.7866071428571428
0 0.8568738229755178 0.9080357142857143 0.7551789077212806 0.9080357142857143 0.7542372881355932 0.7982142857142858 0.8568738229755178 0.7973214285714286 0.8578154425612052 0.9071428571428571 0.8568738229755178 0.9080357142857143