0 0.43737574552683894 0.07961309523809523 0.2485089463220676 0.07961309523809523 0.24751491053677932 0.02976190476190476 0.43737574552683894 0.029017857142857144 0.4383697813121272 0.07886904761904762 0.43737574552683894 0.07961309523809523
0 0.43737574552683894 0.7313988095238095 0.28628230616302186 0.7313988095238095 0.2852882703777336 0.6279761904761905 0.14512922465208747 0.6272321428571429 0.1441351888667992 0.4583333333333333 0.4294234592445328 0.4575892857142857 0.4304174950298211 0.46279761904761907 0.43737574552683894 0.4635416666666667 0.4383697813121272 0.7306547619047619 0.43737574552683894 0.7313988095238095
0 0.6898608349900597 0.6227678571428571 0.510934393638171 0.6227678571428571 0.5099403578528827 0.4583333333333333 0.6898608349900597 0.4575892857142857 0.6908548707753479 0.6220238095238095 0.6898608349900597 0.6227678571428571
0 0.7534791252485089 0.5349702380952381 0.705765407554672 0.5349702380952381 0.7047713717693836 0.46130952380952384 0.7892644135188867 0.46056547619047616 0.790258449304175 0.53125 0.7554671968190855 0.5319940476190477 0.7534791252485089 0.5349702380952381
0 0.7773359840954275 0.7105654761904762 0.6998011928429424 0.7105654761904762 0.6988071570576541 0.5416666666666666 0.7932405566600398 0.5409226190476191 0.794234592445328 0.6964285714285714 0.7793240556660039 0.6971726190476191 0.7783300198807157 0.7098214285714286 0.7773359840954275 0.7105654761904762
0 0.28429423459244535 0.7313988095238095 0.2345924453280318 0.7313988095238095 0.23359840954274355 0.7113095238095238 0.14512922465208747 0.7105654761904762 0.1441351888667992 0.6279761904761905 0.28429423459244535 0.6272321428571429 0.2852882703777336 0.7306547619047619 0.28429423459244535 0.7313988095238095
0 0.6540755467196819 0.7403273809523809 0.6332007952286283 0.7261904761904762 0.6322067594433399 0.7239583333333334 0.6232604373757455 0.71875 0.614314115308151 0.7105654761904762 0.510934393638171 0.7105654761904762 0.5099403578528827 0.6294642857142857 0.6898608349900597 0.6287202380952381 0.6908548707753479 0.7127976190476191 0.6540755467196819 0.7403273809523809
0 0.7932405566600398 0.8787202380952381 0.6600397614314115 0.8787202380952381 0.6590457256461233 0.8348214285714286 0.6570576540755467 0.8333333333333334 0.6570576540755467 0.7455357142857143 0.6978131212723658 0.7150297619047619 0.7932405566600398 0.7150297619047619 0.794234592445328 0.8779761904761905 0.7932405566600398 0.8787202380952381
0 0.18687872763419483 0.7953869047619048 0.14512922465208747 0.7953869047619048 0.1441351888667992 0.7306547619047619 0.16699801192842942 0.7299107142857143 0.1679920477137177 0.7172619047619048 0.22664015904572565 0.7165178571428571 0.2276341948310139 0.7678571428571429 0.21073558648111332 0.7790178571428571 0.1908548707753479 0.7924107142857143 0.1878727634194831 0.7931547619047619 0.18687872763419483 0.7953869047619048
0 0.6500994035785288 0.8787202380952381 0.510934393638171 0.8787202380952381 0.5099403578528827 0.7440476190476191 0.5427435387673957 0.7433035714285714 0.5437375745526839 0.7172619047619048 0.6123260437375746 0.7165178571428571 0.614314115308151 0.7194940476190477 0.6192842942345924 0.7217261904761905 0.6491053677932406 0.7455357142857143 0.6491053677932406 0.7901785714285714 0.6510934393638171 0.7916666666666666 0.6510934393638171 0.8779761904761905 0.6500994035785288 0.8787202380952381
0 0.28429423459244535 0.8802083333333334 0.15308151093439365 0.8802083333333334 0.15208747514910537 0.8020833333333334 0.18886679920477137 0.8013392857142857 0.20079522862823063 0.7924107142857143 0.21669980119284293 0.7819940476190477 0.21968190854870775 0.78125 0.22266401590457258 0.7775297619047619 0.23359840954274355 0.7708333333333334 0.23359840954274355 0.7321428571428571 0.28429423459244535 0.7313988095238095 0.2852882703777336 0.8794642857142857 0.28429423459244535 0.8802083333333334
0 0.43737574552683894 0.8802083333333334 0.294234592445328 0.8802083333333334 0.2932405566600398 0.7857142857142857 0.28628230616302186 0.7849702380952381 0.2852882703777336 0.7321428571428571 0.4194831013916501 0.7313988095238095 0.42047713717693835 0.7455357142857143 0.43737574552683894 0.7462797619047619 0.4383697813121272 0.8794642857142857 0.43737574552683894 0.8802083333333334