0 0.5754060324825986 0.605718085106383 0.447215777262181 0.605718085106383 0.4469257540603248 0.13962765957446807 0.5754060324825986 0.1389627659574468 0.5756960556844548 0.6050531914893617 0.5754060324825986 0.605718085106383
0 0.8248259860788864 0.605718085106383 0.5829466357308585 0.605718085106383 0.5826566125290024 0.13962765957446807 0.8248259860788864 0.1389627659574468 0.8251160092807425 0.6050531914893617 0.8248259860788864 0.605718085106383
0 0.28596287703016243 0.35438829787234044 0.169953596287703 0.35438829787234044 0.16966357308584687 0.34574468085106386 0.16415313225058004 0.34507978723404253 0.1638631090487239 0.3537234042553192 0.030162412993039442 0.35438829787234044 0.029872389791183295 0.14893617021276595 0.28596287703016243 0.14827127659574468 0.28625290023201855 0.3537234042553192 0.28596287703016243 0.35438829787234044
0 0.40545243619489557 0.3809840425531915 0.29988399071925753 0.3809840425531915 0.2995939675174014 0.3550531914893617 0.2923433874709977 0.35438829787234044 0.2920533642691415 0.14893617021276595 0.40545243619489557 0.14827127659574468 0.40574245939675174 0.3803191489361702 0.40545243619489557 0.3809840425531915
0 0.08410672853828306 0.5006648936170213 0.030162412993039442 0.5006648936170213 0.029872389791183295 0.3696808510638298 0.08410672853828306 0.3690159574468085 0.0843967517401392 0.5 0.08410672853828306 0.5006648936170213
0 0.12354988399071926 0.4554521276595745 0.08990719257540604 0.4554521276595745 0.08961716937354988 0.3696808510638298 0.12354988399071926 0.3690159574468085 0.1238399071925754 0.45478723404255317 0.12354988399071926 0.4554521276595745
0 0.16357308584686775 0.6030585106382979 0.12877030162412992 0.6030585106382979 0.12848027842227377 0.3696808510638298 0.16357308584686775 0.3690159574468085 0.1638631090487239 0.6023936170212766 0.16357308584686775 0.6030585106382979
0 0.29292343387471 0.6030585106382979 0.169953596287703 0.6030585106382979 0.16966357308584687 0.3696808510638298 0.28306264501160094 0.3690159574468085 0.28335266821345706 0.45478723404255317 0.29292343387471 0.4554521276595745 0.29321345707656615 0.6023936170212766 0.29292343387471 0.6030585106382979
0 0.37122969837587005 0.6030585106382979 0.29988399071925753 0.6030585106382979 0.2995939675174014 0.3962765957446808 0.37122969837587005 0.39561170212765956 0.3715197215777262 0.6023936170212766 0.37122969837587005 0.6030585106382979
0 0.40545243619489557 0.6030585106382979 0.3776102088167053 0.6030585106382979 0.3773201856148492 0.3962765957446808 0.40545243619489557 0.39561170212765956 0.40574245939675174 0.6023936170212766 0.40545243619489557 0.6030585106382979
0 0.12354988399071926 0.6030585106382979 0.030162412993039442 0.6030585106382979 0.029872389791183295 0.511968085106383 0.08932714617169374 0.5113031914893617 0.08961716937354988 0.46675531914893614 0.12354988399071926 0.4660904255319149 0.1238399071925754 0.6023936170212766 0.12354988399071926 0.6030585106382979