0 0.18 0.6056263269639066 0.051666666666666666 0.6056263269639066 0.050833333333333335 0.3481953290870488 0.44 0.3476645435244161 0.44083333333333335 0.6029723991507431 0.31166666666666665 0.6035031847133758 0.31 0.6045647558386412 0.18166666666666667 0.6045647558386412 0.18 0.6056263269639066
0 0.685 0.64171974522293 0.44166666666666665 0.64171974522293 0.44083333333333335 0.3481953290870488 0.685 0.3476645435244161 0.6858333333333333 0.6411889596602972 0.685 0.64171974522293
0 0.8733333333333333 0.4559447983014862 0.705 0.4559447983014862 0.7041666666666667 0.35668789808917195 0.8733333333333333 0.35615711252653925 0.8741666666666666 0.4554140127388535 0.8733333333333333 0.4559447983014862
0 0.8216666666666667 0.6077494692144374 0.695 0.6077494692144374 0.6941666666666667 0.4681528662420382 0.8833333333333333 0.4676220806794055 0.8841666666666667 0.6019108280254777 0.8233333333333334 0.6024416135881104 0.8225 0.6072186836518046 0.8216666666666667 0.6077494692144374
0 0.53 0.8370488322717622 0.3566666666666667 0.8370488322717622 0.35583333333333333 0.7590233545647559 0.34 0.7489384288747346 0.3375 0.7484076433121019 0.335 0.7457537154989384 0.3325 0.7452229299363057 0.33 0.7425690021231423 0.31666666666666665 0.7351380042462845 0.3125 0.7335456475583864 0.31 0.7308917197452229 0.30583333333333335 0.7292993630573248 0.30333333333333334 0.7266454352441614 0.29 0.7192144373673036 0.28583333333333333 0.7176220806794055 0.285 0.7160297239915074 0.27666666666666667 0.7117834394904459 0.2733333333333333 0.7117834394904459 0.2725 0.6061571125265393 0.18166666666666667 0.6056263269639066 0.18166666666666667 0.6045647558386412 0.31 0.6045647558386412 0.31166666666666665 0.6035031847133758 0.44 0.6035031847133758 0.44083333333333335 0.6411889596602972 0.685 0.64171974522293 0.6858333333333333 0.7101910828025477 0.6066666666666667 0.7107218683651805 0.5816666666666667 0.7266454352441614 0.5775 0.7282377919320594 0.5766666666666667 0.7298301486199575 0.5708333333333333 0.732484076433121 0.57 0.7340764331210191 0.5658333333333333 0.7356687898089171 0.565 0.7372611464968153 0.5591666666666667 0.7399150743099787 0.5583333333333333 0.7415074309978769 0.5308333333333334 0.7579617834394905 0.5308333333333334 0.8365180467091295 0.53 0.8370488322717622
0 0.8833333333333333 0.7107218683651805 0.695 0.7107218683651805 0.6941666666666667 0.60828025477707 0.8833333333333333 0.6077494692144374 0.8841666666666667 0.7101910828025477 0.8833333333333333 0.7107218683651805
0 0.15833333333333333 0.7117834394904459 0.051666666666666666 0.7117834394904459 0.050833333333333335 0.6125265392781316 0.15833333333333333 0.611995753715499 0.15916666666666668 0.7112526539278131 0.15833333333333333 0.7117834394904459
0 0.2633333333333333 0.7117834394904459 0.17 0.7117834394904459 0.16916666666666666 0.6125265392781316 0.2633333333333333 0.611995753715499 0.26416666666666666 0.7112526539278131 0.2633333333333333 0.7117834394904459
0 0.8833333333333333 0.9432059447983014 0.515 0.9432059447983014 0.5141666666666667 0.8428874734607219 0.54 0.8423566878980892 0.5408333333333334 0.7579617834394905 0.5633333333333334 0.7436305732484076 0.5808333333333333 0.7335456475583864 0.5816666666666667 0.7319532908704883 0.5866666666666667 0.7298301486199575 0.5891666666666666 0.7292993630573248 0.5933333333333334 0.725583864118896 0.5958333333333333 0.7250530785562632 0.605 0.7181528662420382 0.6075 0.7176220806794055 0.61 0.714968152866242 0.8833333333333333 0.714968152866242 0.8841666666666667 0.9426751592356688 0.8833333333333333 0.9432059447983014
0 0.3466666666666667 0.9432059447983014 0.051666666666666666 0.9432059447983014 0.050833333333333335 0.7176220806794055 0.275 0.7170912951167728 0.29 0.7266454352441614 0.2941666666666667 0.7282377919320594 0.2966666666666667 0.7308917197452229 0.31 0.7383227176220807 0.31416666666666665 0.7399150743099787 0.315 0.7415074309978769 0.335 0.7531847133757962 0.3475 0.7600849256900213 0.3475 0.9426751592356688 0.3466666666666667 0.9432059447983014
0 0.5033333333333333 0.9432059447983014 0.35833333333333334 0.9432059447983014 0.3575 0.8428874734607219 0.5033333333333333 0.8423566878980892 0.5041666666666667 0.9426751592356688 0.5033333333333333 0.9432059447983014