0 0.7951388888888888 0.23084291187739464 0.6666666666666666 0.23084291187739464 0.6649305555555556 0.18773946360153257 0.6736111111111112 0.1867816091954023 0.6753472222222222 0.14367816091954022 0.7951388888888888 0.14272030651340997 0.796875 0.22988505747126436 0.7951388888888888 0.23084291187739464
0 0.5451388888888888 0.5680076628352491 0.2013888888888889 0.5680076628352491 0.1996527777777778 0.2567049808429119 0.4270833333333333 0.2557471264367816 0.4288194444444444 0.2509578544061303 0.5069444444444444 0.25 0.5086805555555556 0.2547892720306513 0.5451388888888888 0.2557471264367816 0.546875 0.5670498084291188 0.5451388888888888 0.5680076628352491
0 0.7951388888888888 0.4779693486590038 0.5590277777777778 0.4779693486590038 0.5572916666666666 0.2567049808429119 0.7951388888888888 0.2557471264367816 0.796875 0.47701149425287354 0.7951388888888888 0.4779693486590038
0 0.7951388888888888 0.5622605363984674 0.5590277777777778 0.5622605363984674 0.5572916666666666 0.4827586206896552 0.7951388888888888 0.4818007662835249 0.796875 0.5613026819923371 0.7951388888888888 0.5622605363984674
0 0.4236111111111111 0.6542145593869731 0.2013888888888889 0.6542145593869731 0.1996527777777778 0.5689655172413793 0.5972222222222222 0.5680076628352491 0.5989583333333334 0.6494252873563219 0.5486111111111112 0.6503831417624522 0.5451388888888888 0.6522988505747126 0.4340277777777778 0.6522988505747126 0.4305555555555556 0.6484674329501916 0.4253472222222222 0.6494252873563219 0.4253472222222222 0.6532567049808429 0.4236111111111111 0.6542145593869731
0 0.7951388888888888 0.6503831417624522 0.6111111111111112 0.6503831417624522 0.609375 0.5689655172413793 0.7951388888888888 0.5680076628352491 0.796875 0.6494252873563219 0.7951388888888888 0.6503831417624522
0 0.5208333333333334 0.8342911877394636 0.4444444444444444 0.8342911877394636 0.4427083333333333 0.8295019157088123 0.3854166666666667 0.828544061302682 0.3836805555555556 0.7758620689655172 0.4305555555555556 0.774904214559387 0.4322916666666667 0.6532567049808429 0.5451388888888888 0.6522988505747126 0.546875 0.8275862068965517 0.5243055555555556 0.828544061302682 0.5225694444444444 0.8333333333333334 0.5208333333333334 0.8342911877394636
0 0.6354166666666666 0.7365900383141762 0.5625 0.7365900383141762 0.5607638888888888 0.6551724137931034 0.6354166666666666 0.6542145593869731 0.6371527777777778 0.735632183908046 0.6354166666666666 0.7365900383141762
0 0.7881944444444444 0.7308429118773946 0.6527777777777778 0.7308429118773946 0.6510416666666666 0.6551724137931034 0.7881944444444444 0.6542145593869731 0.7899305555555556 0.7298850574712644 0.7881944444444444 0.7308429118773946
0 0.3715277777777778 0.828544061302682 0.2013888888888889 0.828544061302682 0.1996527777777778 0.6819923371647509 0.4236111111111111 0.6810344827586207 0.4253472222222222 0.7701149425287356 0.375 0.7710727969348659 0.3732638888888889 0.8275862068965517 0.3715277777777778 0.828544061302682
0 0.7951388888888888 0.8994252873563219 0.5625 0.8994252873563219 0.5607638888888888 0.7413793103448276 0.7951388888888888 0.7404214559386973 0.796875 0.8984674329501916 0.7951388888888888 0.8994252873563219
0 0.2777777777777778 0.907088122605364 0.2326388888888889 0.907088122605364 0.22916666666666666 0.9051724137931034 0.1840277777777778 0.9051724137931034 0.18229166666666666 0.8448275862068966 0.2777777777777778 0.8438697318007663 0.2795138888888889 0.9061302681992337 0.2777777777777778 0.907088122605364