0 0.1958041958041958 0.38526434195725534 0.07342657342657342 0.38526434195725534 0.0729895104895105 0.21147356580427445 0.23776223776223776 0.2109111361079865 0.2381993006993007 0.3678290213723285 0.19667832167832167 0.3683914510686164 0.19624125874125875 0.3847019122609674 0.1958041958041958 0.38526434195725534
0 0.38548951048951047 0.36501687289088863 0.29895104895104896 0.36501687289088863 0.298513986013986 0.21147356580427445 0.38548951048951047 0.2109111361079865 0.38592657342657344 0.3644544431946007 0.38548951048951047 0.36501687289088863
0 0.46416083916083917 0.36501687289088863 0.388986013986014 0.36501687289088863 0.38854895104895104 0.21147356580427445 0.46416083916083917 0.2109111361079865 0.4645979020979021 0.3644544431946007 0.46416083916083917 0.36501687289088863
0 0.23776223776223776 0.5517435320584927 0.15122377622377622 0.5517435320584927 0.15078671328671328 0.3858267716535433 0.1958041958041958 0.38526434195725534 0.19624125874125875 0.3689538807649044 0.23776223776223776 0.3683914510686164 0.2381993006993007 0.5511811023622047 0.23776223776223776 0.5517435320584927
0 0.3531468531468531 0.4167604049493813 0.3181818181818182 0.4167604049493813 0.31774475524475526 0.4049493813273341 0.29895104895104896 0.4043869516310461 0.298513986013986 0.3689538807649044 0.3531468531468531 0.3683914510686164 0.3535839160839161 0.4161979752530934 0.3531468531468531 0.4167604049493813
0 0.46416083916083917 0.484251968503937 0.3575174825174825 0.484251968503937 0.3570804195804196 0.3689538807649044 0.46416083916083917 0.3683914510686164 0.4645979020979021 0.48368953880764903 0.46416083916083917 0.484251968503937
0 0.15034965034965034 0.5078740157480315 0.07342657342657342 0.5078740157480315 0.0729895104895105 0.39707536557930256 0.09527972027972027 0.3965129358830146 0.09571678321678322 0.3858267716535433 0.15034965034965034 0.38526434195725534 0.15078671328671328 0.5073115860517435 0.15034965034965034 0.5078740157480315
0 0.3531468531468531 0.5551181102362205 0.29895104895104896 0.5551181102362205 0.298513986013986 0.421822272215973 0.3531468531468531 0.421259842519685 0.3535839160839161 0.5545556805399325 0.3531468531468531 0.5551181102362205
0 0.46416083916083917 0.6203599550056242 0.3575174825174825 0.6203599550056242 0.3570804195804196 0.4881889763779528 0.46416083916083917 0.4876265466816648 0.4645979020979021 0.6197975253093363 0.46416083916083917 0.6203599550056242
0 0.14772727272727273 0.6203599550056242 0.07342657342657342 0.6203599550056242 0.0729895104895105 0.5084364454443194 0.15034965034965034 0.5078740157480315 0.15078671328671328 0.5511811023622047 0.1486013986013986 0.5517435320584927 0.14816433566433568 0.6197975253093363 0.14772727272727273 0.6203599550056242
0 0.18444055944055945 0.6203599550056242 0.15122377622377622 0.6203599550056242 0.15078671328671328 0.5556805399325084 0.18444055944055945 0.5551181102362205 0.18487762237762237 0.6197975253093363 0.18444055944055945 0.6203599550056242
0 0.22552447552447552 0.6203599550056242 0.1888111888111888 0.6203599550056242 0.1883741258741259 0.5556805399325084 0.23776223776223776 0.5551181102362205 0.2381993006993007 0.5883014623172104 0.2263986013986014 0.5888638920134983 0.22596153846153846 0.6197975253093363 0.22552447552447552 0.6203599550056242
0 0.3531468531468531 0.6203599550056242 0.29895104895104896 0.6203599550056242 0.298513986013986 0.5590551181102362 0.3531468531468531 0.5584926884139483 0.3535839160839161 0.6197975253093363 0.3531468531468531 0.6203599550056242
0 0.21853146853146854 0.9465691788526435 0.13374125874125875 0.9465691788526435 0.1333041958041958 0.8785151856017998 0.21853146853146854 0.8779527559055118 0.21896853146853146 0.9460067491563554 0.21853146853146854 0.9465691788526435