0 0.8925318761384335 0.39676616915422885 0.27140255009107467 0.39676616915422885 0.27049180327868855 0.38308457711442784 0.2659380692167577 0.3818407960199005 0.2650273224043716 0.07711442786069651 0.2686703096539162 0.07462686567164178 0.2686703096539162 0.06218905472636816 0.47540983606557374 0.060945273631840796 0.4763205828779599 0.24378109452736318 0.644808743169399 0.24502487562189054 0.6457194899817851 0.2512437810945274 0.7231329690346083 0.2524875621890547 0.7240437158469946 0.3283582089552239 0.8925318761384335 0.32960199004975127 0.8934426229508197 0.39552238805970147 0.8925318761384335 0.39676616915422885
0 0.644808743169399 0.24502487562189054 0.4772313296903461 0.24502487562189054 0.4763205828779599 0.06218905472636816 0.644808743169399 0.060945273631840796 0.6457194899817851 0.24378109452736318 0.644808743169399 0.24502487562189054
0 0.7231329690346083 0.24253731343283583 0.6539162112932605 0.24253731343283583 0.6530054644808743 0.12935323383084577 0.6703096539162113 0.1281094527363184 0.6712204007285975 0.06218905472636816 0.7231329690346083 0.060945273631840796 0.7240437158469946 0.24129353233830847 0.7231329690346083 0.24253731343283583
0 0.8925318761384335 0.32213930348258707 0.7304189435336976 0.32213930348258707 0.7295081967213115 0.06218905472636816 0.8925318761384335 0.060945273631840796 0.8934426229508197 0.3208955223880597 0.8925318761384335 0.32213930348258707
0 0.546448087431694 0.6728855721393034 0.4681238615664845 0.6728855721393034 0.4672131147540984 0.654228855721393 0.27140255009107467 0.6529850746268657 0.27049180327868855 0.4900497512437811 0.546448087431694 0.48880597014925375 0.5473588342440802 0.6716417910447762 0.546448087431694 0.6728855721393034
0 0.6138433515482696 0.6728855721393034 0.5537340619307832 0.6728855721393034 0.5528233151183971 0.4900497512437811 0.6138433515482696 0.48880597014925375 0.6147540983606558 0.6716417910447762 0.6138433515482696 0.6728855721393034
0 0.8105646630236795 0.6728855721393034 0.7540983606557377 0.6728855721393034 0.7531876138433515 0.6194029850746269 0.7468123861566485 0.6181592039800995 0.7459016393442623 0.6716417910447762 0.6229508196721312 0.6728855721393034 0.6220400728597449 0.4900497512437811 0.7449908925318761 0.48880597014925375 0.7459016393442623 0.5472636815920398 0.7522768670309654 0.5485074626865671 0.7531876138433515 0.4900497512437811 0.7978142076502732 0.48880597014925375 0.7987249544626593 0.6293532338308457 0.8105646630236795 0.6305970149253731 0.8114754098360656 0.6716417910447762 0.8105646630236795 0.6728855721393034
0 0.8907103825136612 0.6156716417910447 0.8032786885245902 0.6156716417910447 0.802367941712204 0.4925373134328358 0.8907103825136612 0.49129353233830847 0.8916211293260473 0.6144278606965174 0.8907103825136612 0.6156716417910447
0 0.8907103825136612 0.8246268656716418 0.7012750455373407 0.8246268656716418 0.7003642987249544 0.7587064676616916 0.8269581056466302 0.7574626865671642 0.8278688524590164 0.7487562189054726 0.4681238615664845 0.7475124378109452 0.4672131147540984 0.681592039800995 0.8142076502732241 0.6803482587064676 0.8151183970856102 0.6318407960199005 0.8907103825136612 0.6305970149253731 0.8916211293260473 0.8233830845771144 0.8907103825136612 0.8246268656716418
0 0.45901639344262296 0.8246268656716418 0.27140255009107467 0.8246268656716418 0.27049180327868855 0.6616915422885572 0.45901639344262296 0.6604477611940298 0.4599271402550091 0.8233830845771144 0.45901639344262296 0.8246268656716418
0 0.6065573770491803 0.8246268656716418 0.4681238615664845 0.8246268656716418 0.4672131147540984 0.7587064676616916 0.6065573770491803 0.7574626865671642 0.6074681238615665 0.8233830845771144 0.6065573770491803 0.8246268656716418
0 0.6939890710382514 0.8246268656716418 0.6138433515482696 0.8246268656716418 0.6129326047358834 0.7587064676616916 0.6939890710382514 0.7574626865671642 0.6948998178506375 0.8233830845771144 0.6939890710382514 0.8246268656716418