0 0.7128767123287671 0.762668918918919 0.7041095890410959 0.762668918918919 0.7038356164383561 0.09628378378378379 0.7128767123287671 0.09543918918918919 0.7131506849315068 0.7618243243243243 0.7128767123287671 0.762668918918919
0 0.7654794520547945 0.37753378378378377 0.7178082191780822 0.37753378378378377 0.7175342465753425 0.09628378378378379 0.7528767123287671 0.09543918918918919 0.7531506849315068 0.2956081081081081 0.7654794520547945 0.2964527027027027 0.7657534246575343 0.3766891891891892 0.7654794520547945 0.37753378378378377
0 0.8635616438356164 0.37753378378378377 0.7687671232876713 0.37753378378378377 0.7684931506849315 0.2956081081081081 0.7561643835616438 0.2947635135135135 0.7558904109589041 0.09628378378378379 0.8635616438356164 0.09543918918918919 0.8638356164383562 0.3766891891891892 0.8635616438356164 0.37753378378378377
0 0.8772602739726028 0.4501689189189189 0.8684931506849315 0.4501689189189189 0.8682191780821917 0.09628378378378379 0.8772602739726028 0.09543918918918919 0.8775342465753425 0.44932432432432434 0.8772602739726028 0.4501689189189189
0 0.43068493150684933 0.37753378378378377 0.3665753424657534 0.37753378378378377 0.3663013698630137 0.09797297297297297 0.46356164383561643 0.09712837837837837 0.4638356164383562 0.3091216216216216 0.4328767123287671 0.30996621621621623 0.4326027397260274 0.33783783783783783 0.4312328767123288 0.33868243243243246 0.43095890410958904 0.3766891891891892 0.43068493150684933 0.37753378378378377
0 0.5046575342465753 0.2626689189189189 0.46684931506849314 0.2626689189189189 0.46657534246575344 0.09797297297297297 0.538082191780822 0.09712837837837837 0.5383561643835616 0.22128378378378377 0.5052054794520547 0.22212837837837837 0.5049315068493151 0.26182432432432434 0.5046575342465753 0.2626689189189189
0 0.06356164383561644 0.24746621621621623 0.025205479452054796 0.24746621621621623 0.02493150684931507 0.10304054054054054 0.06356164383561644 0.10219594594594594 0.06383561643835617 0.24662162162162163 0.06356164383561644 0.24746621621621623
0 0.11835616438356164 0.24746621621621623 0.06684931506849315 0.24746621621621623 0.06657534246575343 0.10304054054054054 0.11835616438356164 0.10219594594594594 0.11863013698630137 0.24662162162162163 0.11835616438356164 0.24746621621621623
0 0.16 0.24746621621621623 0.12383561643835617 0.24746621621621623 0.12356164383561644 0.10304054054054054 0.16 0.10219594594594594 0.16027397260273973 0.24662162162162163 0.16 0.24746621621621623
0 0.19452054794520549 0.24746621621621623 0.16657534246575342 0.24746621621621623 0.1663013698630137 0.10304054054054054 0.19452054794520549 0.10219594594594594 0.19479452054794522 0.24662162162162163 0.19452054794520549 0.24746621621621623
0 0.538082191780822 0.3623310810810811 0.5079452054794521 0.3623310810810811 0.5076712328767123 0.23141891891891891 0.538082191780822 0.23057432432432431 0.5383561643835616 0.3614864864864865 0.538082191780822 0.3623310810810811
0 0.06356164383561644 0.37753378378378377 0.025205479452054796 0.37753378378378377 0.02493150684931507 0.25675675675675674 0.06356164383561644 0.25591216216216217 0.06383561643835617 0.3766891891891892 0.06356164383561644 0.37753378378378377
0 0.11835616438356164 0.37753378378378377 0.06684931506849315 0.37753378378378377 0.06657534246575343 0.25675675675675674 0.11835616438356164 0.25591216216216217 0.11863013698630137 0.3766891891891892 0.11835616438356164 0.37753378378378377
0 0.19452054794520549 0.4467905405405405 0.12219178082191781 0.4467905405405405 0.12191780821917808 0.25675675675675674 0.19452054794520549 0.25591216216216217 0.19479452054794522 0.44594594594594594 0.19452054794520549 0.4467905405405405
0 0.5046575342465753 0.44510135135135137 0.43232876712328766 0.44510135135135137 0.43205479452054796 0.3885135135135135 0.4326027397260274 0.38682432432432434 0.43205479452054796 0.38513513513513514 0.43205479452054796 0.33952702702702703 0.4326027397260274 0.33783783783783783 0.4326027397260274 0.3108108108108108 0.46356164383561643 0.30996621621621623 0.4641095890410959 0.30827702702702703 0.4663013698630137 0.30827702702702703 0.46657534246575344 0.2719594594594595 0.5046575342465753 0.27111486486486486 0.5049315068493151 0.44425675675675674 0.5046575342465753 0.44510135135135137
0 0.2328767123287671 0.5447635135135135 0.2010958904109589 0.5447635135135135 0.20082191780821917 0.3277027027027027 0.2328767123287671 0.3268581081081081 0.23315068493150684 0.543918918918919 0.2328767123287671 0.5447635135135135
0 0.336986301369863 0.762668918918919 0.23726027397260274 0.762668918918919 0.236986301369863 0.3277027027027027 0.336986301369863 0.3268581081081081 0.3372602739726027 0.7618243243243243 0.336986301369863 0.762668918918919
0 0.538082191780822 0.44510135135135137 0.5079452054794521 0.44510135135135137 0.5076712328767123 0.36993243243243246 0.538082191780822 0.36908783783783783 0.5383561643835616 0.44425675675675674 0.538082191780822 0.44510135135135137
0 0.43232876712328766 0.5160472972972973 0.3665753424657534 0.5160472972972973 0.3663013698630137 0.38682432432432434 0.43232876712328766 0.3859797297297297 0.43205479452054796 0.44425675675675674 0.4326027397260274 0.44594594594594594 0.4326027397260274 0.5152027027027027 0.43232876712328766 0.5160472972972973
0 0.7578082191780822 0.762668918918919 0.7178082191780822 0.762668918918919 0.7175342465753425 0.38682432432432434 0.8635616438356164 0.3859797297297297 0.8638356164383562 0.44932432432432434 0.8564383561643836 0.4501689189189189 0.8561643835616438 0.5050675675675675 0.8635616438356164 0.5059121621621622 0.8638356164383562 0.6131756756756757 0.7583561643835617 0.6140202702702703 0.7580821917808219 0.7618243243243243 0.7578082191780822 0.762668918918919
0 0.11835616438356164 0.6866554054054054 0.08931506849315068 0.6866554054054054 0.08904109589041095 0.6266891891891891 0.07726027397260274 0.6258445945945946 0.07698630136986301 0.5253378378378378 0.08876712328767124 0.5244932432432432 0.08904109589041095 0.5202702702702703 0.08767123287671233 0.5194256756756757 0.0873972602739726 0.44763513513513514 0.044931506849315066 0.4467905405405405 0.04465753424657534 0.518581081081081 0.025205479452054796 0.5194256756756757 0.02493150684931507 0.3885135135135135 0.11835616438356164 0.3876689189189189 0.11863013698630137 0.6858108108108109 0.11835616438356164 0.6866554054054054
0 0.538082191780822 0.7592905405405406 0.3665753424657534 0.7592905405405406 0.3663013698630137 0.5236486486486487 0.4317808219178082 0.5228040540540541 0.43205479452054796 0.5168918918918919 0.4326027397260274 0.5152027027027027 0.4326027397260274 0.44594594594594594 0.46356164383561643 0.44510135135135137 0.4638356164383562 0.4527027027027027 0.5194520547945205 0.4535472972972973 0.5197260273972603 0.5016891891891891 0.538082191780822 0.5025337837837838 0.5383561643835616 0.7584459459459459 0.538082191780822 0.7592905405405406
0 0.08438356164383562 0.5194256756756757 0.04767123287671233 0.5194256756756757 0.047397260273972605 0.4543918918918919 0.08438356164383562 0.4535472972972973 0.08465753424657534 0.518581081081081 0.08438356164383562 0.5194256756756757
0 0.19452054794520549 0.7576013513513513 0.12219178082191781 0.7576013513513513 0.12191780821917808 0.4560810810810811 0.17643835616438355 0.4552364864864865 0.17671232876712328 0.5016891891891891 0.19452054794520549 0.5025337837837838 0.19479452054794522 0.7567567567567568 0.19452054794520549 0.7576013513513513
0 0.8772602739726028 0.762668918918919 0.8684931506849315 0.762668918918919 0.8682191780821917 0.5067567567567568 0.8772602739726028 0.5059121621621622 0.8775342465753425 0.7618243243243243 0.8772602739726028 0.762668918918919
0 0.08876712328767124 0.7576013513513513 0.025205479452054796 0.7576013513513513 0.02493150684931507 0.5253378378378378 0.07506849315068494 0.5244932432432432 0.07534246575342465 0.625 0.08876712328767124 0.6258445945945946 0.08904109589041095 0.7567567567567568 0.08876712328767124 0.7576013513513513
0 0.8635616438356164 0.762668918918919 0.8208219178082192 0.762668918918919 0.8205479452054795 0.6199324324324325 0.8635616438356164 0.6190878378378378 0.8638356164383562 0.7618243243243243 0.8635616438356164 0.762668918918919
0 0.11835616438356164 0.7576013513513513 0.09150684931506849 0.7576013513513513 0.09123287671232877 0.6942567567567568 0.11835616438356164 0.6934121621621622 0.11863013698630137 0.7567567567567568 0.11835616438356164 0.7576013513513513