0 0.3104 0.46765847347994827 0.144 0.46765847347994827 0.1432 0.2238033635187581 0.3104 0.22315653298835705 0.3112 0.4670116429495472 0.3104 0.46765847347994827
0 0.7296 0.46765847347994827 0.32 0.46765847347994827 0.3192 0.2238033635187581 0.7296 0.22315653298835705 0.7304 0.4670116429495472 0.7296 0.46765847347994827
0 0.912 0.46765847347994827 0.7312 0.46765847347994827 0.7304 0.2238033635187581 0.912 0.22315653298835705 0.9128 0.4670116429495472 0.912 0.46765847347994827
0 0.6656 0.7600258732212161 0.528 0.7600258732212161 0.5272 0.4683053040103493 0.6656 0.46765847347994827 0.6664 0.759379042690815 0.6656 0.7600258732212161
0 0.2704 0.5827943078913325 0.144 0.5827943078913325 0.1432 0.4760672703751617 0.2704 0.4754204398447607 0.2712 0.5821474773609314 0.2704 0.5827943078913325
0 0.5168 0.5827943078913325 0.28 0.5827943078913325 0.2792 0.4760672703751617 0.5168 0.4754204398447607 0.5176 0.5821474773609314 0.5168 0.5827943078913325
0 0.7632 0.5827943078913325 0.6768 0.5827943078913325 0.676 0.4760672703751617 0.7632 0.4754204398447607 0.764 0.5821474773609314 0.7632 0.5827943078913325
0 0.912 0.5827943078913325 0.7728 0.5827943078913325 0.772 0.4760672703751617 0.912 0.4754204398447607 0.9128 0.5821474773609314 0.912 0.5827943078913325
0 0.5168 0.7600258732212161 0.144 0.7600258732212161 0.1432 0.5912031047865459 0.5168 0.5905562742561449 0.5176 0.759379042690815 0.5168 0.7600258732212161
0 0.912 0.7600258732212161 0.6768 0.7600258732212161 0.676 0.5912031047865459 0.912 0.5905562742561449 0.9128 0.759379042690815 0.912 0.7600258732212161
0 0.9248 0.9359637774902976 0.7856 0.9359637774902976 0.7848 0.777490297542044 0.9248 0.776843467011643 0.9256 0.9353169469598965 0.9248 0.9359637774902976