0 0.3511767420396862 0.2920872022607994 0.20581449007844946 0.2920872022607994 0.20558375634517767 0.20185708518368994 0.3511767420396862 0.20165522809850625 0.351407475772958 0.29188534517561565 0.3511767420396862 0.2920872022607994
0 0.9021688970927549 0.46891400888171175 0.7775726811259807 0.46891400888171175 0.7773419473927088 0.46225272507064996 0.6474388555606829 0.4620508679854663 0.6472081218274112 0.3035930561162697 0.9021688970927549 0.30339119903108597 0.9023996308260268 0.46871215179652803 0.9021688970927549 0.46891400888171175
0 0.2861098292570374 0.3627371820750908 0.19981541301338257 0.3627371820750908 0.19958467928011075 0.30641905530884134 0.2861098292570374 0.30621719822365767 0.2863405629903092 0.36253532498990715 0.2861098292570374 0.3627371820750908
0 0.45869866174434704 0.4672991522002422 0.29164743885556066 0.4672991522002422 0.2914167051222889 0.30641905530884134 0.45869866174434704 0.30621719822365767 0.45892939547761885 0.46709729511505854 0.45869866174434704 0.4672991522002422
0 0.2861098292570374 0.4341945902301171 0.20489155514536225 0.4341945902301171 0.20466082141209044 0.37060960839725476 0.2861098292570374 0.37040775131207104 0.2863405629903092 0.43399273314493336 0.2861098292570374 0.4341945902301171
0 0.31518227964928475 0.5456197012515139 0.20489155514536225 0.5456197012515139 0.20466082141209044 0.4784012918853452 0.21873557914167052 0.47819943480016147 0.2189663128749423 0.44287444489301575 0.24180895246885095 0.44267258780783203 0.24203968620212274 0.43843358901897456 0.2861098292570374 0.4382317319337909 0.2863405629903092 0.47153815098909974 0.31518227964928475 0.4717400080742834 0.3154130133825565 0.5454178441663302 0.31518227964928475 0.5456197012515139
0 0.7711121365943701 0.6877270892208317 0.6474388555606829 0.6877270892208317 0.6472081218274112 0.4775938635446104 0.6778957083525612 0.4773920064594267 0.678126442085833 0.46871215179652803 0.7711121365943701 0.46851029471134437 0.7713428703276419 0.687525232135648 0.7711121365943701 0.6877270892208317
0 0.45869866174434704 0.619095680258377 0.41116751269035534 0.619095680258377 0.4109367789570835 0.5458215583366977 0.32071988924780803 0.5456197012515139 0.3204891555145362 0.4719418651594671 0.45869866174434704 0.4717400080742834 0.45892939547761885 0.6188938231731934 0.45869866174434704 0.619095680258377
0 0.9021688970927549 0.6231328219620509 0.7775726811259807 0.6231328219620509 0.7773419473927088 0.4743641501816714 0.9021688970927549 0.47416229309648766 0.9023996308260268 0.6229309648768672 0.9021688970927549 0.6231328219620509
0 0.40609137055837563 0.6828825191764231 0.19981541301338257 0.6828825191764231 0.19958467928011075 0.551473556721841 0.40609137055837563 0.5512716996366572 0.40632210429164745 0.6826806620912395 0.40609137055837563 0.6828825191764231
0 0.45869866174434704 0.6828825191764231 0.41116751269035534 0.6828825191764231 0.4109367789570835 0.6253532498990715 0.45869866174434704 0.6251513928138878 0.45892939547761885 0.6826806620912395 0.45869866174434704 0.6828825191764231
0 0.8343331795108445 0.6877270892208317 0.7775726811259807 0.6877270892208317 0.7773419473927088 0.6293903916027452 0.8343331795108445 0.6291885345175615 0.8345639132441163 0.687525232135648 0.8343331795108445 0.6877270892208317
0 0.9021688970927549 0.6877270892208317 0.8412551915089986 0.6877270892208317 0.8410244577757268 0.6293903916027452 0.9021688970927549 0.6291885345175615 0.9023996308260268 0.687525232135648 0.9021688970927549 0.6877270892208317
0 0.9049377018920166 0.9360113039967702 0.7863405629903092 0.9360113039967702 0.7861098292570374 0.8215583366976181 0.9049377018920166 0.8213564796124344 0.9051684356252884 0.9358094469115866 0.9049377018920166 0.9360113039967702