0 0.265625 0.2937116564417178 0.028645833333333332 0.2937116564417178 0.02734375 0.05214723926380368 0.265625 0.05138036809815951 0.2669270833333333 0.2929447852760736 0.265625 0.2937116564417178
0 0.5520833333333334 0.17561349693251535 0.28125 0.17561349693251535 0.2799479166666667 0.05214723926380368 0.5520833333333334 0.05138036809815951 0.5533854166666666 0.17484662576687116 0.5520833333333334 0.17561349693251535
0 0.5598958333333334 0.4133435582822086 0.3567708333333333 0.4133435582822086 0.35546875 0.4049079754601227 0.28125 0.4041411042944785 0.2799479166666667 0.17638036809815952 0.5598958333333334 0.17561349693251535 0.5611979166666666 0.4125766871165644 0.5598958333333334 0.4133435582822086
0 0.9739583333333334 0.4746932515337423 0.5625 0.4746932515337423 0.5611979166666666 0.17638036809815952 0.9739583333333334 0.17561349693251535 0.9752604166666666 0.47392638036809814 0.9739583333333334 0.4746932515337423
0 0.265625 0.4041411042944785 0.028645833333333332 0.4041411042944785 0.02734375 0.30214723926380366 0.265625 0.3013803680981595 0.2669270833333333 0.40337423312883436 0.265625 0.4041411042944785
0 0.265625 0.5253067484662577 0.028645833333333332 0.5253067484662577 0.02734375 0.4125766871165644 0.265625 0.41180981595092025 0.2669270833333333 0.5245398773006135 0.265625 0.5253067484662577
0 0.5494791666666666 0.7062883435582822 0.4140625 0.7062883435582822 0.4127604166666667 0.5674846625766872 0.28125 0.566717791411043 0.2799479166666667 0.4125766871165644 0.3541666666666667 0.41180981595092025 0.3567708333333333 0.4133435582822086 0.5598958333333334 0.4133435582822086 0.5611979166666666 0.47392638036809814 0.5520833333333334 0.4746932515337423 0.55078125 0.7055214723926381 0.5494791666666666 0.7062883435582822
0 0.734375 0.566717791411043 0.5677083333333334 0.566717791411043 0.56640625 0.4831288343558282 0.734375 0.48236196319018404 0.7356770833333334 0.5659509202453987 0.734375 0.566717791411043
0 0.9739583333333334 0.566717791411043 0.75 0.566717791411043 0.7486979166666666 0.4831288343558282 0.9739583333333334 0.48236196319018404 0.9752604166666666 0.5659509202453987 0.9739583333333334 0.566717791411043
0 0.3984375 0.8013803680981595 0.028645833333333332 0.8013803680981595 0.02734375 0.5337423312883436 0.265625 0.5329754601226994 0.2669270833333333 0.5736196319018405 0.3984375 0.5743865030674846 0.3997395833333333 0.8006134969325154 0.3984375 0.8013803680981595
0 0.9739583333333334 0.8013803680981595 0.5651041666666666 0.8013803680981595 0.5638020833333334 0.5751533742331288 0.9739583333333334 0.5743865030674846 0.9752604166666666 0.8006134969325154 0.9739583333333334 0.8013803680981595
0 0.5494791666666666 0.8013803680981595 0.4140625 0.8013803680981595 0.4127604166666667 0.7147239263803681 0.5494791666666666 0.713957055214724 0.55078125 0.8006134969325154 0.5494791666666666 0.8013803680981595
0 0.20833333333333334 0.9930981595092024 0.015625 0.9930981595092024 0.014322916666666666 0.8174846625766872 0.20833333333333334 0.816717791411043 0.20963541666666666 0.9923312883435583 0.20833333333333334 0.9930981595092024