0 0.2967741935483871 0.35220994475138123 0.09462365591397849 0.35220994475138123 0.0935483870967742 0.11049723756906077 0.2967741935483871 0.10911602209944751 0.2978494623655914 0.35082872928176795 0.2967741935483871 0.35220994475138123
0 0.45806451612903226 0.5096685082872928 0.30752688172043013 0.5096685082872928 0.3064516129032258 0.11049723756906077 0.46236559139784944 0.10911602209944751 0.46344086021505376 0.3011049723756906 0.4591397849462366 0.30386740331491713 0.4591397849462366 0.5082872928176796 0.45806451612903226 0.5096685082872928
0 0.6043010752688172 0.537292817679558 0.5741935483870968 0.537292817679558 0.5731182795698925 0.511049723756906 0.46881720430107526 0.5096685082872928 0.46774193548387094 0.30386740331491713 0.46344086021505376 0.3011049723756906 0.46344086021505376 0.11049723756906077 0.7225806451612903 0.10911602209944751 0.7236559139784946 0.5082872928176796 0.6064516129032258 0.5096685082872928 0.6053763440860215 0.5359116022099447 0.6043010752688172 0.537292817679558
0 0.8623655913978494 0.4074585635359116 0.7333333333333333 0.4074585635359116 0.7322580645161291 0.11049723756906077 0.9268817204301075 0.10911602209944751 0.9279569892473118 0.36464088397790057 0.864516129032258 0.3660220994475138 0.8634408602150537 0.40607734806629836 0.8623655913978494 0.4074585635359116
0 0.2967741935483871 0.8273480662983426 0.09462365591397849 0.8273480662983426 0.0935483870967742 0.36464088397790057 0.2967741935483871 0.3632596685082873 0.2978494623655914 0.8259668508287292 0.2967741935483871 0.8273480662983426
0 0.9268817204301075 0.6312154696132597 0.8365591397849462 0.6312154696132597 0.8354838709677419 0.5911602209944752 0.7333333333333333 0.5897790055248618 0.7322580645161291 0.4143646408839779 0.8688172043010752 0.4129834254143646 0.8698924731182796 0.3729281767955801 0.9268817204301075 0.3715469613259669 0.9279569892473118 0.6298342541436464 0.9268817204301075 0.6312154696132597
0 0.36129032258064514 0.7527624309392266 0.30752688172043013 0.7527624309392266 0.3064516129032258 0.5193370165745856 0.4172043010752688 0.5179558011049724 0.4182795698924731 0.5359116022099447 0.45806451612903226 0.537292817679558 0.4591397849462366 0.7486187845303868 0.3634408602150538 0.75 0.36129032258064514 0.7527624309392266
0 0.7225806451612903 0.75 0.6129032258064516 0.75 0.6118279569892473 0.5193370165745856 0.7225806451612903 0.5179558011049724 0.7236559139784946 0.7486187845303868 0.7225806451612903 0.75
0 0.5505376344086022 0.6837016574585635 0.46881720430107526 0.6837016574585635 0.46774193548387094 0.5386740331491713 0.5505376344086022 0.537292817679558 0.5516129032258065 0.6823204419889503 0.5505376344086022 0.6837016574585635
0 0.6043010752688172 0.6837016574585635 0.5591397849462365 0.6837016574585635 0.5580645161290323 0.5497237569060773 0.6043010752688172 0.5483425414364641 0.6053763440860215 0.6823204419889503 0.6043010752688172 0.6837016574585635
0 0.9268817204301075 0.8273480662983426 0.7354838709677419 0.8273480662983426 0.7344086021505376 0.7513812154696132 0.7322580645161291 0.7486187845303868 0.7322580645161291 0.5966850828729282 0.8301075268817204 0.5953038674033149 0.8311827956989247 0.638121546961326 0.9268817204301075 0.6395027624309392 0.9279569892473118 0.8259668508287292 0.9268817204301075 0.8273480662983426
0 0.6 0.8273480662983426 0.46881720430107526 0.8273480662983426 0.46774193548387094 0.6933701657458563 0.6043010752688172 0.6919889502762431 0.6053763440860215 0.7486187845303868 0.6010752688172043 0.7513812154696132 0.6010752688172043 0.8259668508287292 0.6 0.8273480662983426
0 0.36129032258064514 0.8273480662983426 0.30752688172043013 0.8273480662983426 0.3064516129032258 0.7541436464088398 0.36129032258064514 0.7527624309392266 0.36236559139784946 0.8259668508287292 0.36129032258064514 0.8273480662983426
0 0.7096774193548387 0.8024861878453039 0.6258064516129033 0.8024861878453039 0.624731182795699 0.7569060773480663 0.7096774193548387 0.755524861878453 0.710752688172043 0.8011049723756906 0.7096774193548387 0.8024861878453039
0 0.45806451612903226 0.8273480662983426 0.36989247311827955 0.8273480662983426 0.3688172043010753 0.7624309392265194 0.45806451612903226 0.761049723756906 0.4591397849462366 0.8259668508287292 0.45806451612903226 0.8273480662983426