0 0.3069306930693069 0.4353448275862069 0.1474147414741474 0.4353448275862069 0.14686468646864687 0.15344827586206897 0.3069306930693069 0.15258620689655172 0.30748074807480746 0.43448275862068964 0.3069306930693069 0.4353448275862069
0 0.4367436743674367 0.4353448275862069 0.3146314631463146 0.4353448275862069 0.3140814081408141 0.15344827586206897 0.4367436743674367 0.15258620689655172 0.4372937293729373 0.43448275862068964 0.4367436743674367 0.4353448275862069
0 0.6028602860286029 0.4353448275862069 0.44334433443344334 0.4353448275862069 0.4427942794279428 0.15344827586206897 0.6028602860286029 0.15258620689655172 0.6034103410341034 0.43448275862068964 0.6028602860286029 0.4353448275862069
0 0.6842684268426843 0.31982758620689655 0.6105610561056105 0.31982758620689655 0.61001100110011 0.15344827586206897 0.6842684268426843 0.15258620689655172 0.6848184818481848 0.31896551724137934 0.6842684268426843 0.31982758620689655
0 0.7634763476347635 0.49224137931034484 0.6908690869086909 0.49224137931034484 0.6903190319031903 0.15344827586206897 0.7634763476347635 0.15258620689655172 0.764026402640264 0.49137931034482757 0.7634763476347635 0.49224137931034484
0 0.9504950495049505 0.41293103448275864 0.7788778877887789 0.41293103448275864 0.7783278327832783 0.15344827586206897 0.9504950495049505 0.15258620689655172 0.9510451045104511 0.41206896551724137 0.9504950495049505 0.41293103448275864
0 0.6842684268426843 0.49051724137931035 0.6105610561056105 0.49051724137931035 0.61001100110011 0.3310344827586207 0.6842684268426843 0.33017241379310347 0.6848184818481848 0.4896551724137931 0.6842684268426843 0.49051724137931035
0 0.9625962596259626 0.8146551724137931 0.7832783278327833 0.8146551724137931 0.7827282728272827 0.43103448275862066 0.9603960396039604 0.43017241379310345 0.9609460946094609 0.5844827586206897 0.9620462046204621 0.5862068965517241 0.9620462046204621 0.7362068965517241 0.9631463146314632 0.7379310344827587 0.9631463146314632 0.8137931034482758 0.9625962596259626 0.8146551724137931
0 0.5610561056105611 0.8301724137931035 0.46094609460946095 0.8301724137931035 0.45324532453245325 0.8181034482758621 0.44334433443344334 0.8043103448275862 0.4416941694169417 0.803448275862069 0.44114411441144114 0.8008620689655173 0.43454345434543457 0.7922413793103448 0.4317931793179318 0.7896551724137931 0.4312431243124312 0.7870689655172414 0.4136413641364136 0.7870689655172414 0.4130913091309131 0.44655172413793104 0.47084708470847086 0.44568965517241377 0.4713971397139714 0.4362068965517241 0.5302530253025303 0.4353448275862069 0.5308030803080308 0.44482758620689655 0.6028602860286029 0.44568965517241377 0.6034103410341034 0.7896551724137931 0.5852585258525853 0.7905172413793103 0.5693069306930693 0.8155172413793104 0.5610561056105611 0.8301724137931035
0 0.22332233223322331 0.8301724137931035 0.12211221122112212 0.8301724137931035 0.12101210121012101 0.8267241379310345 0.11826182618261827 0.8241379310344827 0.11056105610561057 0.8103448275862069 0.10286028602860287 0.7965517241379311 0.10231023102310231 0.7939655172413793 0.09955995599559957 0.7913793103448276 0.09570957095709572 0.7836206896551724 0.06050605060506051 0.7836206896551724 0.059955995599559955 0.44655172413793104 0.2552255225522552 0.44568965517241377 0.25577557755775576 0.6155172413793103 0.2546754675467547 0.6172413793103448 0.2546754675467547 0.743103448275862 0.25357535753575355 0.7448275862068966 0.25357535753575355 0.7862068965517242 0.2508250825082508 0.7870689655172414 0.22332233223322331 0.8301724137931035
0 0.40704070407040704 0.6870689655172414 0.2552255225522552 0.6870689655172414 0.2546754675467547 0.6586206896551724 0.25577557755775576 0.656896551724138 0.25577557755775576 0.6155172413793103 0.26182618261826185 0.6146551724137931 0.2623762376237624 0.44655172413793104 0.41254125412541254 0.44568965517241377 0.4130913091309131 0.5379310344827586 0.4081408140814081 0.5387931034482759 0.4075907590759076 0.6862068965517242 0.40704070407040704 0.6870689655172414
0 0.7634763476347635 0.7905172413793103 0.6105610561056105 0.7905172413793103 0.61001100110011 0.5017241379310344 0.7634763476347635 0.5008620689655172 0.764026402640264 0.7896551724137931 0.7634763476347635 0.7905172413793103
0 0.31573157315731576 0.7870689655172414 0.26182618261826185 0.7870689655172414 0.26127612761276126 0.696551724137931 0.31573157315731576 0.6956896551724138 0.3162816281628163 0.7862068965517242 0.31573157315731576 0.7870689655172414
0 0.40704070407040704 0.7870689655172414 0.32233223322332233 0.7870689655172414 0.3217821782178218 0.696551724137931 0.40704070407040704 0.6956896551724138 0.4075907590759076 0.7862068965517242 0.40704070407040704 0.7870689655172414
0 0.25412541254125415 0.7870689655172414 0.25357535753575355 0.7448275862068966 0.2546754675467547 0.7448275862068966 0.2546754675467547 0.7862068965517242 0.25412541254125415 0.7870689655172414