0 0.20636942675159237 0.1777292576419214 0.06878980891719745 0.1777292576419214 0.06815286624203822 0.10655021834061135 0.20636942675159237 0.10611353711790393 0.2070063694267516 0.17729257641921398 0.20636942675159237 0.1777292576419214
0 0.32993630573248406 0.225764192139738 0.21019108280254778 0.225764192139738 0.20955414012738854 0.10655021834061135 0.32993630573248406 0.10611353711790393 0.3305732484076433 0.22532751091703057 0.32993630573248406 0.225764192139738
0 0.8089171974522293 0.225764192139738 0.6904458598726114 0.225764192139738 0.6898089171974522 0.10655021834061135 0.8089171974522293 0.10611353711790393 0.8095541401273886 0.22532751091703057 0.8089171974522293 0.225764192139738
0 0.9515923566878981 0.17860262008733624 0.8140127388535032 0.17860262008733624 0.813375796178344 0.10655021834061135 0.9515923566878981 0.10611353711790393 0.9522292993630573 0.1781659388646288 0.9515923566878981 0.17860262008733624
0 0.20636942675159237 0.28864628820960697 0.06878980891719745 0.28864628820960697 0.06815286624203822 0.1781659388646288 0.20636942675159237 0.1777292576419214 0.2070063694267516 0.28820960698689957 0.20636942675159237 0.28864628820960697
0 0.9515923566878981 0.28951965065502183 0.8140127388535032 0.28951965065502183 0.813375796178344 0.17903930131004367 0.9515923566878981 0.17860262008733624 0.9522292993630573 0.28908296943231443 0.9515923566878981 0.28951965065502183
0 0.32993630573248406 0.28864628820960697 0.21019108280254778 0.28864628820960697 0.20955414012738854 0.23056768558951965 0.32993630573248406 0.23013100436681222 0.3305732484076433 0.28820960698689957 0.32993630573248406 0.28864628820960697
0 0.8089171974522293 0.28951965065502183 0.6904458598726114 0.28951965065502183 0.6898089171974522 0.23056768558951965 0.8089171974522293 0.23013100436681222 0.8095541401273886 0.28908296943231443 0.8089171974522293 0.28951965065502183
0 0.25477707006369427 0.3419213973799127 0.21019108280254778 0.3419213973799127 0.20955414012738854 0.29170305676855895 0.25477707006369427 0.29126637554585155 0.2554140127388535 0.3414847161572052 0.25477707006369427 0.3419213973799127
0 0.3248407643312102 0.3497816593886463 0.25987261146496815 0.3497816593886463 0.2592356687898089 0.29170305676855895 0.3248407643312102 0.29126637554585155 0.3254777070063694 0.34934497816593885 0.3248407643312102 0.3497816593886463
0 0.7605095541401274 0.3497816593886463 0.6942675159235668 0.3497816593886463 0.6936305732484076 0.29170305676855895 0.7605095541401274 0.29126637554585155 0.7611464968152867 0.34934497816593885 0.7605095541401274 0.3497816593886463
0 0.8089171974522293 0.3410480349344978 0.7643312101910829 0.3410480349344978 0.7636942675159236 0.29170305676855895 0.8089171974522293 0.29126637554585155 0.8095541401273886 0.3406113537117904 0.8089171974522293 0.3410480349344978
0 0.9515923566878981 0.4013100436681223 0.8178343949044586 0.4013100436681223 0.8171974522292994 0.29170305676855895 0.9515923566878981 0.29126637554585155 0.9522292993630573 0.4008733624454148 0.9515923566878981 0.4013100436681223
0 0.20254777070063695 0.4013100436681223 0.06878980891719745 0.4013100436681223 0.06815286624203822 0.2925764192139738 0.20254777070063695 0.29213973799126636 0.2031847133757962 0.4008733624454148 0.20254777070063695 0.4013100436681223
0 0.2522292993630573 0.4013100436681223 0.20764331210191084 0.4013100436681223 0.2070063694267516 0.34585152838427946 0.2522292993630573 0.34541484716157206 0.25286624203821656 0.4008733624454148 0.2522292993630573 0.4013100436681223
0 0.8127388535031848 0.4013100436681223 0.7694267515923567 0.4013100436681223 0.7687898089171975 0.34585152838427946 0.8127388535031848 0.34541484716157206 0.813375796178344 0.4008733624454148 0.8127388535031848 0.4013100436681223
0 0.3286624203821656 0.39956331877729256 0.2585987261146497 0.39956331877729256 0.25796178343949044 0.35283842794759823 0.3286624203821656 0.35240174672489083 0.3292993630573248 0.39912663755458516 0.3286624203821656 0.39956331877729256
0 0.7605095541401274 0.39956331877729256 0.6917197452229299 0.39956331877729256 0.6910828025477707 0.35283842794759823 0.7605095541401274 0.35240174672489083 0.7611464968152867 0.39912663755458516 0.7605095541401274 0.39956331877729256
0 0.8573248407643312 0.8301310043668122 0.7847133757961784 0.8301310043668122 0.7840764331210192 0.6724890829694323 0.689171974522293 0.6720524017467249 0.6885350318471337 0.605240174672489 0.9477707006369427 0.6048034934497817 0.9484076433121019 0.7860262008733624 0.8585987261146497 0.7864628820960698 0.8579617834394905 0.8296943231441049 0.8573248407643312 0.8301310043668122
0 0.23439490445859873 0.8301310043668122 0.16178343949044585 0.8301310043668122 0.16114649681528662 0.7860262008733624 0.07133757961783439 0.785589519650655 0.07070063694267516 0.6061135371179039 0.32993630573248406 0.6056768558951965 0.3305732484076433 0.6716157205240174 0.2356687898089172 0.6720524017467249 0.23503184713375797 0.8296943231441049 0.23439490445859873 0.8301310043668122
0 0.5019108280254777 0.8633187772925764 0.3464968152866242 0.8633187772925764 0.34585987261146495 0.6349344978165938 0.4 0.6344978165938865 0.40063694267515926 0.7048034934497817 0.5019108280254777 0.7052401746724891 0.5025477707006369 0.862882096069869 0.5019108280254777 0.8633187772925764
0 0.6738853503184713 0.8633187772925764 0.5159235668789809 0.8633187772925764 0.5152866242038217 0.7065502183406114 0.6165605095541401 0.7061135371179039 0.6171974522292993 0.6358078602620088 0.6738853503184713 0.6353711790393013 0.6745222929936305 0.862882096069869 0.6738853503184713 0.8633187772925764
0 0.5044585987261146 0.6973799126637554 0.4152866242038217 0.6973799126637554 0.41464968152866244 0.6419213973799127 0.5044585987261146 0.6414847161572053 0.5050955414012739 0.6969432314410481 0.5044585987261146 0.6973799126637554
0 0.6050955414012739 0.6973799126637554 0.5146496815286624 0.6973799126637554 0.5140127388535032 0.6427947598253275 0.6050955414012739 0.6423580786026201 0.6057324840764331 0.6969432314410481 0.6050955414012739 0.6973799126637554
0 0.3057324840764331 0.7655021834061135 0.2356687898089172 0.7655021834061135 0.23503184713375797 0.6724890829694323 0.32993630573248406 0.6720524017467249 0.3305732484076433 0.7615720524017467 0.3070063694267516 0.7620087336244541 0.30636942675159234 0.7650655021834061 0.3057324840764331 0.7655021834061135
0 0.7834394904458599 0.7646288209606987 0.7146496815286624 0.7646288209606987 0.7133757961783439 0.762882096069869 0.689171974522293 0.762882096069869 0.6885350318471337 0.6724890829694323 0.7834394904458599 0.6720524017467249 0.7840764331210192 0.7641921397379913 0.7834394904458599 0.7646288209606987
0 0.7834394904458599 0.8510917030567685 0.689171974522293 0.8510917030567685 0.6885350318471337 0.7685589519650655 0.7133757961783439 0.7681222707423581 0.7140127388535031 0.7650655021834061 0.7834394904458599 0.7646288209606987 0.7840764331210192 0.8506550218340612 0.7834394904458599 0.8510917030567685
0 0.32993630573248406 0.8510917030567685 0.2356687898089172 0.8510917030567685 0.23503184713375797 0.765938864628821 0.23630573248407644 0.765938864628821 0.23630573248407644 0.7676855895196506 0.32993630573248406 0.7681222707423581 0.3305732484076433 0.8506550218340612 0.32993630573248406 0.8510917030567685
0 0.1554140127388535 0.8310043668122271 0.07643312101910828 0.8310043668122271 0.07579617834394904 0.7912663755458516 0.1554140127388535 0.7908296943231441 0.15605095541401273 0.8305676855895197 0.1554140127388535 0.8310043668122271
0 0.9439490445859873 0.8310043668122271 0.8636942675159236 0.8310043668122271 0.8630573248407644 0.7921397379912664 0.9439490445859873 0.7917030567685589 0.9445859872611465 0.8305676855895197 0.9439490445859873 0.8310043668122271
0 0.22802547770700637 0.8982532751091703 0.07133757961783439 0.8982532751091703 0.07070063694267516 0.8349344978165939 0.22802547770700637 0.8344978165938864 0.2286624203821656 0.8978165938864628 0.22802547770700637 0.8982532751091703
0 0.9490445859872612 0.8982532751091703 0.7910828025477707 0.8982532751091703 0.7904458598726115 0.8349344978165939 0.9490445859872612 0.8344978165938864 0.9496815286624204 0.8978165938864628 0.9490445859872612 0.8982532751091703