0 0.2202797202797203 0.23011363636363635 0.09090909090909091 0.23011363636363635 0.08916083916083917 0.15151515151515152 0.2202797202797203 0.15056818181818182 0.22202797202797203 0.22916666666666666 0.2202797202797203 0.23011363636363635
0 0.4230769230769231 0.33049242424242425 0.23426573426573427 0.33049242424242425 0.23251748251748253 0.15151515151515152 0.4230769230769231 0.15056818181818182 0.42482517482517484 0.32954545454545453 0.4230769230769231 0.33049242424242425
0 0.6923076923076923 0.33049242424242425 0.4370629370629371 0.33049242424242425 0.4353146853146853 0.15151515151515152 0.6923076923076923 0.15056818181818182 0.6940559440559441 0.32954545454545453 0.6923076923076923 0.33049242424242425
0 0.9230769230769231 0.33049242424242425 0.7062937062937062 0.33049242424242425 0.7045454545454546 0.15151515151515152 0.9230769230769231 0.15056818181818182 0.9248251748251748 0.32954545454545453 0.9230769230769231 0.33049242424242425
0 0.2202797202797203 0.33049242424242425 0.09090909090909091 0.33049242424242425 0.08916083916083917 0.23674242424242425 0.2202797202797203 0.23579545454545456 0.22202797202797203 0.32954545454545453 0.2202797202797203 0.33049242424242425
0 0.34265734265734266 0.40625 0.09090909090909091 0.40625 0.08916083916083917 0.3371212121212121 0.34265734265734266 0.33617424242424243 0.34440559440559443 0.4053030303030303 0.34265734265734266 0.40625
0 0.5454545454545454 0.48579545454545453 0.3531468531468531 0.48579545454545453 0.3513986013986014 0.3371212121212121 0.5454545454545454 0.33617424242424243 0.5472027972027972 0.48484848484848486 0.5454545454545454 0.48579545454545453
0 0.9230769230769231 0.5464015151515151 0.548951048951049 0.5464015151515151 0.5472027972027972 0.3371212121212121 0.9230769230769231 0.33617424242424243 0.9248251748251748 0.5454545454545454 0.9230769230769231 0.5464015151515151
0 0.34265734265734266 0.5464015151515151 0.09090909090909091 0.5464015151515151 0.08916083916083917 0.4109848484848485 0.34265734265734266 0.4100378787878788 0.34440559440559443 0.5454545454545454 0.34265734265734266 0.5464015151515151
0 0.43356643356643354 0.5464015151515151 0.3531468531468531 0.5464015151515151 0.3513986013986014 0.49053030303030304 0.43356643356643354 0.4895833333333333 0.4353146853146853 0.5454545454545454 0.43356643356643354 0.5464015151515151
0 0.5384615384615384 0.5464015151515151 0.44405594405594406 0.5464015151515151 0.4423076923076923 0.49053030303030304 0.5384615384615384 0.4895833333333333 0.5402097902097902 0.5454545454545454 0.5384615384615384 0.5464015151515151
0 0.2692307692307692 0.9706439393939394 0.07342657342657342 0.9706439393939394 0.07167832167832168 0.8636363636363636 0.2692307692307692 0.8626893939393939 0.270979020979021 0.9696969696969697 0.2692307692307692 0.9706439393939394