0 0.3796040515653775 0.4233006736068585 0.18162983425414364 0.4233006736068585 0.1815147329650092 0.20545009185548072 0.3796040515653775 0.20529699938763013 0.37971915285451197 0.42314758113900797 0.3796040515653775 0.4233006736068585
0 0.5375230202578268 0.4233006736068585 0.38420810313075504 0.4233006736068585 0.38409300184162065 0.20545009185548072 0.5375230202578268 0.20529699938763013 0.5376381215469613 0.42314758113900797 0.5375230202578268 0.4233006736068585
0 0.5425874769797422 0.813686466625842 0.5421270718232044 0.813686466625842 0.54201197053407 0.5407225964482547 0.5384438305709024 0.5405695039804042 0.538328729281768 0.8135333741579914 0.4166666666666667 0.813686466625842 0.41655156537753224 0.5312308634415187 0.28591160220994477 0.5310777709736682 0.2857965009208103 0.4292712798530312 0.5418968692449355 0.42911818738518065 0.54201197053407 0.20545009185548072 0.5425874769797422 0.20529699938763013 0.5427025782688766 0.8135333741579914 0.5425874769797422 0.813686466625842
0 0.7707182320441989 0.5405695039804042 0.5428176795580111 0.5405695039804042 0.5427025782688766 0.20545009185548072 0.7707182320441989 0.20529699938763013 0.7708333333333334 0.5404164115125536 0.7707182320441989 0.5405695039804042
0 0.9325506445672191 0.4673913043478261 0.7753222836095764 0.4673913043478261 0.775207182320442 0.20545009185548072 0.9325506445672191 0.20529699938763013 0.9326657458563536 0.4672382118799755 0.9325506445672191 0.4673913043478261
0 0.2806169429097606 0.538426209430496 0.18162983425414364 0.538426209430496 0.1815147329650092 0.4292712798530312 0.2813075506445672 0.42911818738518065 0.28142265193370164 0.5309246785058175 0.28084714548802947 0.5310777709736682 0.280732044198895 0.5382731169626455 0.2806169429097606 0.538426209430496
0 0.9325506445672191 0.813686466625842 0.7753222836095764 0.813686466625842 0.775207182320442 0.4733619105939988 0.9325506445672191 0.4732088181261482 0.9326657458563536 0.8135333741579914 0.9325506445672191 0.813686466625842
0 0.4127532228360958 0.813686466625842 0.2852209944751381 0.813686466625842 0.28510589318600366 0.7688303735456216 0.31767955801104975 0.768677281077771 0.31779465930018413 0.7553582363747704 0.2852209944751381 0.7552051439069197 0.28510589318600366 0.5385793018983466 0.4127532228360958 0.538426209430496 0.4128683241252302 0.8135333741579914 0.4127532228360958 0.813686466625842
0 0.7707182320441989 0.813686466625842 0.5428176795580111 0.813686466625842 0.5427025782688766 0.5407225964482547 0.7707182320441989 0.5405695039804042 0.7708333333333334 0.8135333741579914 0.7707182320441989 0.813686466625842
0 0.2806169429097606 0.6777403551745255 0.18162983425414364 0.6777403551745255 0.1815147329650092 0.5508266993263932 0.2806169429097606 0.5506736068585426 0.280732044198895 0.6775872627066748 0.2806169429097606 0.6777403551745255
0 0.16505524861878454 0.8142988364972443 0.1645948434622468 0.8142988364972443 0.1643646408839779 0.813686466625842 0.16367403314917128 0.813686466625842 0.16355893186003684 0.8129210042865891 0.1625230202578269 0.8127679118187385 0.162292817679558 0.8121555419473362 0.16091160220994474 0.8121555419473362 0.16068139963167588 0.8115431720759338 0.15976058931860038 0.8115431720759338 0.15964548802946593 0.810777709736681 0.15814917127071823 0.8106246172688304 0.15791896869244937 0.810012247397428 0.15699815837937384 0.810012247397428 0.15676795580110497 0.8093998775260257 0.15538674033149172 0.8093998775260257 0.15527163904235727 0.8086344151867728 0.15446593001841621 0.8084813227189223 0.15423572744014732 0.8078689528475199 0.15285451197053407 0.8078689528475199 0.15273941068139962 0.807103490508267 0.15170349907918967 0.8069503980404165 0.1514732965009208 0.8063380281690141 0.1505524861878453 0.8063380281690141 0.15032228360957642 0.8057256582976118 0.14894106813996316 0.8057256582976118 0.14882596685082872 0.8049601959583589 0.1477900552486188 0.8048071034905082 0.1475598526703499 0.804194733619106 0.14617863720073665 0.804194733619106 0.14594843462246776 0.8035823637477036 0.14525782688766115 0.8035823637477036 0.1451427255985267 0.8028169014084507 0.14341620626151014 0.8026638089406001 0.14318600368324125 0.8020514390691978 0.14249539594843463 0.8020514390691978 0.14226519337016574 0.8014390691977955 0.1408839779005525 0.8014390691977955 0.14076887661141804 0.8006736068585426 0.1397329650092081 0.8005205143906919 0.13950276243093923 0.7999081445192896 0.13858195211786373 0.7999081445192896 0.13846685082872928 0.7991426821800367 0.13697053406998158 0.7989895897121861 0.13674033149171272 0.7983772198407838 0.1358195211786372 0.7983772198407838 0.13558931860036832 0.7977648499693815 0.13420810313075507 0.7977648499693815 0.13409300184162062 0.7969993876301286 0.13328729281767956 0.796846295162278 0.13305709023941067 0.7962339252908757 0.13167587476979742 0.7962339252908757 0.13144567219152856 0.7956215554194733 0.13052486187845305 0.7956215554194733 0.1304097605893186 0.7948560930802204 0.1289134438305709 0.7947030006123699 0.12868324125230202 0.7940906307409675 0.1277624309392265 0.7940906307409675 0.12753222836095765 0.7934782608695652 0.1261510128913444 0.7934782608695652 0.12603591160220995 0.7927127985303123 0.125 0.7925597060624617 0.12476979742173112 0.7919473361910594 0.12384898710865562 0.7919473361910594 0.12361878453038674 0.791334966319657 0.12223756906077347 0.791334966319657 0.12212246777163904 0.7905695039804042 0.12131675874769797 0.7904164115125536 0.1210865561694291 0.7898040416411513 0.11970534069981584 0.7898040416411513 0.1195902394106814 0.7890385793018984 0.11855432780847146 0.7888854868340478 0.11832412523020258 0.7882731169626455 0.11694290976058933 0.7882731169626455 0.11671270718232044 0.7876607470912431 0.11579189686924493 0.7876607470912431 0.1156767955801105 0.7868952847519902 0.1141804788213628 0.7867421922841397 0.11395027624309392 0.7861298224127373 0.11302946593001842 0.7861298224127373 0.11279926335174954 0.785517452541335 0.11210865561694291 0.785517452541335 0.11199355432780847 0.7847519902020821 0.11026703499079189 0.7845988977342315 0.11003683241252302 0.7839865278628292 0.10934622467771639 0.7839865278628292 0.10911602209944751 0.7833741579914268 0.10773480662983426 0.7833741579914268 0.10761970534069981 0.782608695652174 0.10658379373848988 0.7824556031843233 0.106353591160221 0.781843233312921 0.10497237569060773 0.781843233312921 0.1048572744014733 0.7810777709736682 0.10382136279926335 0.7809246785058175 0.10359116022099447 0.7803123086344151 0.10220994475138122 0.7803123086344151 0.10197974217311234 0.7796999387630129 0.10105893186003684 0.7796999387630129 0.1009438305709024 0.7789344764237599 0.09944751381215469 0.7787813839559093 0.09921731123388582 0.778169014084507 0.09852670349907919 0.778169014084507 0.09829650092081031 0.7775566442131047 0.09737569060773481 0.7775566442131047 0.09726058931860036 0.7767911818738518 0.09576427255985268 0.7766380894060012 0.0955340699815838 0.7760257195345989 0.09461325966850828 0.7760257195345989 0.0943830570902394 0.7754133496631965 0.09300184162062615 0.7754133496631965 0.09288674033149172 0.7746478873239436 0.09185082872928177 0.7744947948560931 0.0916206261510129 0.7738824249846907 0.09023941068139964 0.7738824249846907 0.09000920810313076 0.7732700551132884 0.08908839779005524 0.7732700551132884 0.08897329650092081 0.7725045927740355 0.08747697974217311 0.7723515003061849 0.08724677716390423 0.7717391304347826 0.0865561694290976 0.7717391304347826 0.08644106813996316 0.7709736680955297 0.08540515653775323 0.7708205756276791 0.08517495395948435 0.7702082057562768 0.08379373848987108 0.7702082057562768 0.0835635359116022 0.7695958358848745 0.0826427255985267 0.7695958358848745 0.08252762430939227 0.7688303735456216 0.08103130755064457 0.768677281077771 0.08080110497237569 0.7680649112063687 0.07988029465930019 0.7680649112063687 0.07965009208103131 0.7674525413349663 0.07826887661141804 0.7674525413349663 0.07815377532228361 0.7666870789957134 0.07734806629834254 0.7665339865278629 0.07711786372007366 0.7659216166564605 0.07550644567219153 0.7659216166564605 0.07527624309392265 0.7653092467850582 0.07458563535911603 0.7653092467850582 0.07447053406998158 0.7645437844458053 0.07297421731123388 0.7643906919779547 0.072744014732965 0.7637783221065524 0.0718232044198895 0.7637783221065524 0.07170810313075507 0.7630128597672995 0.07067219152854512 0.7628597672994488 0.07044198895027624 0.7622473974280466 0.06906077348066299 0.7622473974280466 0.06883057090239411 0.7616350275566443 0.0679097605893186 0.7616350275566443 0.06779465930018416 0.7608695652173914 0.06629834254143646 0.7607164727495407 0.06606813996316759 0.7601041028781383 0.06537753222836096 0.7601041028781383 0.06514732965009208 0.7594917330067361 0.06376611418047883 0.7594917330067361 0.06365101289134438 0.7587262706674831 0.06261510128913444 0.7585731781996325 0.06238489871086556 0.7579608083282302 0.0610036832412523 0.7579608083282302 0.06077348066298342 0.757348438456828 0.05985267034990792 0.757348438456828 0.05973756906077348 0.756582976117575 0.05870165745856354 0.7564298836497244 0.05847145488029466 0.7558175137783221 0.0570902394106814 0.7558175137783221 0.056860036832412524 0.7552051439069197 0.056169429097605895 0.7552051439069197 0.05605432780847146 0.7544396815676668 0.05432780847145488 0.7542865890998163 0.054097605893186004 0.7536742192284139 0.053406998158379376 0.7536742192284139 0.05329189686924494 0.752908756889161 0.05179558011049724 0.7527556644213105 0.05156537753222836 0.7521432945499081 0.05064456721915286 0.7521432945499081 0.05041436464088398 0.7515309246785058 0.04903314917127072 0.7515309246785058 0.04891804788213628 0.7507654623392529 0.04788213627992634 0.7506123698714023 0.04765193370165746 0.75 0.0462707182320442 0.75 0.04615561694290976 0.7495407225964482 0.04661602209944751 0.7492345376607471 0.04661602209944751 0.7480097979179424 0.0471915285451197 0.7478567054500919 0.04730662983425414 0.7464788732394366 0.0477670349907919 0.7461726883037355 0.0477670349907919 0.7443355786895285 0.04834254143646409 0.7441824862216779 0.04845764272559853 0.7428046540110227 0.04891804788213628 0.7424984690753215 0.04891804788213628 0.7406613594611146 0.04937845303867403 0.7403551745254133 0.04937845303867403 0.7394366197183099 0.04995395948434622 0.7392835272504593 0.05006906077348066 0.7372933251684017 0.05052946593001842 0.7369871402327005 0.05052946593001842 0.7357624004898959 0.05098987108655617 0.7354562155541947 0.05098987108655617 0.7336191059399878 0.05156537753222836 0.7334660134721371 0.0516804788213628 0.7320881812614819 0.05214088397790055 0.7317819963257808 0.05214088397790055 0.7305572565829761 0.0526012891344383 0.730251071647275 0.0526012891344383 0.728413962033068 0.0531767955801105 0.7282608695652174 0.05329189686924494 0.7268830373545622 0.05375230202578269 0.7265768524188609 0.05375230202578269 0.724739742804654 0.05421270718232044 0.7244335578689528 0.05421270718232044 0.7235150030618493 0.05478821362799263 0.7233619105939988 0.05490331491712707 0.7213717085119412 0.05536372007366482 0.7210655235762401 0.05536372007366482 0.7198407838334354 0.05593922651933702 0.7196876913655849 0.05605432780847146 0.7176974892835273 0.05651473296500921 0.717391304347826 0.05651473296500921 0.7161665646050215 0.05697513812154696 0.7158603796693203 0.05697513812154696 0.7146356399265156 0.05755064456721915 0.714482547458665 0.05766574585635359 0.7124923453766074 0.05812615101289134 0.7121861604409063 0.05812615101289134 0.7112676056338029 0.0585865561694291 0.7109614206981016 0.0585865561694291 0.7088181261481935 0.05916206261510129 0.708665033680343 0.05927716390423573 0.7075933864053888 0.05973756906077348 0.7072872014696877 0.05973756906077348 0.7054500918554807 0.06019797421731123 0.7051439069197796 0.06019797421731123 0.7039191671769749 0.06077348066298342 0.7037660747091243 0.06088858195211786 0.7017758726270668 0.06134898710865562 0.7014696876913656 0.06134898710865562 0.700244947948561 0.06180939226519337 0.6999387630128597 0.06180939226519337 0.6981016533986528 0.06238489871086556 0.6979485609308022 0.0625 0.6965707287201469 0.06296040515653775 0.6962645437844458 0.06296040515653775 0.6953459889773423 0.06353591160220995 0.6951928965094918 0.06365101289134438 0.6932026944274342 0.06411141804788213 0.692896509491733 0.06411141804788213 0.6916717697489283 0.06457182320441988 0.6913655848132272 0.06457182320441988 0.6895284751990202 0.06514732965009208 0.6893753827311696 0.06526243093922653 0.6879975505205144 0.06572283609576428 0.6876913655848133 0.06572283609576428 0.6858542559706062 0.06618324125230203 0.6855480710349051 0.06618324125230203 0.6843233312921004 0.06675874769797421 0.6841702388242499 0.06687384898710866 0.6821800367421923 0.06733425414364641 0.6818738518064911 0.06733425414364641 0.6806491120636865 0.06779465930018416 0.6803429271279853 0.06779465930018416 0.6794243723208818 0.06837016574585636 0.6792712798530313 0.06848526703499079 0.6772810777709737 0.06894567219152854 0.6769748928352725 0.06894567219152854 0.6757501530924679 0.06952117863720074 0.6755970606246172 0.06963627992633517 0.6736068585425597 0.07009668508287292 0.6733006736068585 0.07009668508287292 0.6720759338640538 0.07055709023941067 0.6717697489283527 0.07055709023941067 0.6699326393141457 0.07113259668508287 0.6697795468462951 0.07124769797421732 0.6684017146356399 0.07170810313075507 0.6680955296999388 0.07170810313075507 0.6662584200857318 0.07216850828729282 0.6659522351500307 0.07216850828729282 0.6650336803429271 0.072744014732965 0.6648805878750765 0.07285911602209945 0.6635027556644213 0.0733195211786372 0.6631965707287202 0.0733195211786372 0.6613594611145132 0.07377992633517495 0.661053276178812 0.07377992633517495 0.6598285364360074 0.07435543278084715 0.6596754439681568 0.07447053406998158 0.6576852418860992 0.07493093922651933 0.657379056950398 0.07493093922651933 0.6561543172075934 0.07539134438305709 0.6558481322718922 0.07539134438305709 0.6540110226576853 0.07596685082872928 0.6538579301898346 0.07608195211786371 0.6524800979791794 0.07654235727440148 0.6521739130434783 0.07654235727440148 0.6503368034292712 0.07711786372007366 0.6501837109614207 0.07723296500920811 0.6491120636864667 0.07769337016574586 0.6488058787507655 0.07769337016574586 0.6469687691365584 0.07815377532228361 0.6466625842008573 0.07815377532228361 0.6454378444580526 0.0787292817679558 0.6452847519902021 0.07884438305709024 0.6439069197795468 0.07930478821362799 0.6436007348438457 0.07930478821362799 0.6417636252296387 0.07976519337016574 0.6414574402939376 0.07976519337016574 0.6402327005511329 0.08034069981583794 0.6400796080832823 0.08045580110497237 0.6380894060012248 0.08091620626151012 0.6377832210655235 0.08091620626151012 0.6368646662584201 0.08137661141804788 0.636558481322719 0.08137661141804788 0.6344151867728107 0.08195211786372007 0.6342620943049602 0.08206721915285452 0.6331904470300062 0.08252762430939227 0.6328842620943049 0.08252762430939227 0.631047152480098 0.08310313075506445 0.6308940600122473 0.0832182320441989 0.6295162278015921 0.08367863720073665 0.629210042865891 0.08367863720073665 0.6279853031230863 0.0841390423572744 0.6276791181873852 0.0841390423572744 0.6258420085731782 0.0847145488029466 0.6256889161053276 0.08482965009208103 0.6243110838946724 0.08529005524861878 0.6240048989589713 0.08529005524861878 0.6221677893447642 0.08575046040515653 0.6218616044090631 0.08575046040515653 0.6209430496019596 0.08632596685082873 0.620789957134109 0.08644106813996316 0.6187997550520514 0.08690147329650091 0.6184935701163503 0.08690147329650091 0.6172688303735456 0.08736187845303868 0.6169626454378444 0.08736187845303868 0.6151255358236375 0.08793738489871086 0.6149724433557869 0.08805248618784531 0.6135946111451317 0.08851289134438306 0.6132884262094305 0.08851289134438306 0.6120636864666258 0.08897329650092081 0.6117575015309247 0.08897329650092081 0.6099203919167177 0.089548802946593 0.6097672994488671 0.08966390423572744 0.6083894672382119 0.09012430939226519 0.6080832823025107 0.09012430939226519 0.6062461726883037 0.09069981583793739 0.6060930802204532 0.09081491712707182 0.605021432945499 0.09127532228360957 0.6047152480097979 0.09127532228360957 0.6028781383955909 0.09173572744014732 0.6025719534598898 0.09173572744014732 0.6013472137170851 0.09231123388581952 0.6011941212492345 0.09242633517495397 0.599203919167177 0.09288674033149172 0.5988977342314759 0.09288674033149172 0.5976729944886712 0.09334714548802947 0.59736680955297 0.09334714548802947 0.595529699938763 0.09392265193370165 0.5953766074709125 0.0940377532228361 0.5939987752602572 0.09449815837937385 0.593692590324556 0.09449815837937385 0.5927740355174526 0.0949585635359116 0.5924678505817513 0.0949585635359116 0.5903245560318432 0.0955340699815838 0.5901714635639926 0.09564917127071823 0.5890998162890386 0.09610957642725598 0.5887936313533374 0.09610957642725598 0.5869565217391305 0.09668508287292818 0.5868034292712798 0.09680018416206261 0.5854255970606246 0.09726058931860036 0.5851194121249235 0.09726058931860036 0.5832823025107164 0.09772099447513811 0.5829761175750153 0.09772099447513811 0.5817513778322106 0.09829650092081031 0.5815982853643601 0.09841160220994476 0.5796080832823025 0.09887200736648251 0.5793018983466014 0.09887200736648251 0.5780771586037967 0.09933241252302026 0.5777709736680955 0.09933241252302026 0.576852418860992 0.09990791896869244 0.5766993263931415 0.10002302025782689 0.5747091243110839 0.10048342541436464 0.5744029393753828 0.10048342541436464 0.5731781996325781 0.1009438305709024 0.5728720146968769 0.1009438305709024 0.57103490508267 0.10151933701657459 0.5708818126148194 0.10163443830570902 0.5695039804041642 0.10209484346224677 0.5691977954684629 0.10209484346224677 0.5673606858542559 0.10255524861878453 0.5670545009185548 0.10255524861878453 0.5658297611757501 0.10313075506445672 0.5656766687078996 0.10324585635359115 0.563686466625842 0.10370626151012892 0.5633802816901409 0.10370626151012892 0.5621555419473362 0.1042817679558011 0.5620024494794856 0.10439686924493555 0.560012247397428 0.10474217311233885 0.5598591549295775 0.1048572744014733 0.5606246172688304 0.10589318600368323 0.560777709736681 0.10612338858195212 0.5613900796080833 0.10750460405156538 0.5613900796080833 0.10773480662983426 0.5620024494794856 0.10911602209944751 0.5620024494794856 0.10923112338858196 0.5627679118187385 0.11003683241252302 0.5629210042865891 0.11026703499079189 0.5635333741579914 0.11187845303867404 0.5635333741579914 0.11199355432780847 0.5642988364972443 0.11348987108655617 0.5644519289650949 0.11372007366482505 0.5650642988364972 0.11441068139963168 0.5650642988364972 0.11464088397790055 0.5656766687078996 0.11602209944751381 0.5656766687078996 0.11613720073664825 0.5664421310471525 0.11786372007366483 0.566595223515003 0.1180939226519337 0.5672075933864054 0.11947513812154696 0.5672075933864054 0.11970534069981584 0.5678199632578077 0.12039594843462247 0.5678199632578077 0.12051104972375691 0.5685854255970606 0.1220073664825046 0.5687385180649112 0.12223756906077347 0.5693508879363135 0.12361878453038674 0.5693508879363135 0.12384898710865562 0.5699632578077158 0.12476979742173112 0.5699632578077158 0.12488489871086556 0.5707287201469687 0.12638121546961326 0.5708818126148194 0.12661141804788215 0.5714941824862216 0.1279926335174954 0.5714941824862216 0.12822283609576426 0.572106552357624 0.12960405156537752 0.572106552357624 0.12971915285451197 0.5728720146968769 0.13075506445672191 0.5730251071647275 0.1309852670349908 0.5736374770361298 0.13236648250460406 0.5736374770361298 0.13248158379373848 0.5744029393753828 0.13397790055248618 0.5745560318432333 0.13420810313075507 0.5751684017146357 0.13512891344383057 0.5751684017146357 0.13535911602209943 0.575780771586038 0.13674033149171272 0.575780771586038 0.13685543278084714 0.5765462339252909 0.13835174953959484 0.5766993263931415 0.13858195211786373 0.5773116962645438 0.13950276243093923 0.5773116962645438 0.1397329650092081 0.5779240661359462 0.14111418047882135 0.5779240661359462 0.1412292817679558 0.578689528475199 0.1427255985267035 0.5788426209430496 0.14295580110497239 0.579454990814452 0.14433701657458564 0.579454990814452 0.1445672191528545 0.5800673606858543 0.14548802946593 0.5800673606858543 0.14560313075506445 0.5808328230251072 0.14709944751381215 0.5809859154929577 0.14732965009208104 0.5815982853643601 0.1487108655616943 0.5815982853643601 0.14882596685082872 0.582363747703613 0.14986187845303867 0.5825168401714635 0.15009208103130756 0.5831292100428659 0.1514732965009208 0.5831292100428659 0.15170349907918967 0.5837415799142682 0.15308471454880296 0.5837415799142682 0.15319981583793738 0.5845070422535211 0.15469613259668508 0.5846601347213717 0.15492633517495397 0.585272504592774 0.15584714548802947 0.585272504592774 0.15607734806629833 0.5858848744641764 0.1574585635359116 0.5858848744641764 0.15757366482504603 0.5866503368034293 0.15906998158379373 0.5868034292712798 0.15930018416206262 0.5874157991426822 0.16022099447513813 0.5874157991426822 0.160451197053407 0.5880281690140845 0.16183241252302025 0.5880281690140845 0.1619475138121547 0.5887936313533374 0.1634438305709024 0.588946723821188 0.16367403314917128 0.5895590936925903 0.16505524861878454 0.5895590936925903 0.16517034990791896 0.8141457440293938 0.16505524861878454 0.8142988364972443
0 0.2806169429097606 0.813686466625842 0.18162983425414364 0.813686466625842 0.1815147329650092 0.6837109614206981 0.2806169429097606 0.6835578689528475 0.280732044198895 0.8135333741579914 0.2806169429097606 0.813686466625842
0 0.54304788213628 0.8929883649724434 0.42265193370165743 0.8929883649724434 0.42253683241252304 0.835272504592774 0.42207642725598526 0.8349663196570729 0.4221915285451197 0.8345070422535211 0.54304788213628 0.8345070422535211 0.5431629834254144 0.8928352725045928 0.54304788213628 0.8929883649724434