0 0.5389558232931727 0.3273809523809524 0.41285140562248995 0.3273809523809524 0.41244979919678715 0.11734693877551021 0.5389558232931727 0.11649659863945579 0.5393574297188755 0.32653061224489793 0.5389558232931727 0.3273809523809524
0 0.7799196787148595 0.5042517006802721 0.5453815261044177 0.5042517006802721 0.5449799196787148 0.4302721088435374 0.5457831325301205 0.42857142857142855 0.5457831325301205 0.11734693877551021 0.7791164658634538 0.11649659863945579 0.7795180722891566 0.24149659863945577 0.7803212851405622 0.24319727891156462 0.7803212851405622 0.5034013605442177 0.7799196787148595 0.5042517006802721
0 0.25943775100401606 0.3818027210884354 0.1823293172690763 0.3818027210884354 0.1819277108433735 0.17857142857142858 0.25943775100401606 0.17772108843537415 0.25983935742971886 0.38095238095238093 0.25943775100401606 0.3818027210884354
0 0.40803212851405624 0.42772108843537415 0.28674698795180725 0.42772108843537415 0.2863453815261044 0.3945578231292517 0.2855421686746988 0.39285714285714285 0.2855421686746988 0.3826530612244898 0.26586345381526105 0.3818027210884354 0.26546184738955825 0.17857142857142858 0.40803212851405624 0.17772108843537415 0.40843373493975904 0.4268707482993197 0.40803212851405624 0.42772108843537415
0 0.8835341365461847 0.5042517006802721 0.7807228915662651 0.5042517006802721 0.7803212851405622 0.24319727891156462 0.8835341365461847 0.2423469387755102 0.8839357429718876 0.5034013605442177 0.8835341365461847 0.5042517006802721
0 0 0.3273809523809524 0.09558232931726908 0.3273809523809524 0.09598393574297188 0.4914965986394558 0 0.4923469387755102
0 0.5389558232931727 0.41581632653061223 0.41285140562248995 0.41581632653061223 0.41244979919678715 0.34183673469387754 0.5389558232931727 0.34098639455782315 0.5393574297188755 0.41496598639455784 0.5389558232931727 0.41581632653061223
0 0.24819277108433735 0.5110544217687075 0.1823293172690763 0.5110544217687075 0.1819277108433735 0.3945578231292517 0.24819277108433735 0.3937074829931973 0.24859437751004015 0.5102040816326531 0.24819277108433735 0.5110544217687075
0 0.45220883534136547 0.6454081632653061 0.3887550200803213 0.6454081632653061 0.38835341365461845 0.5629251700680272 0.38674698795180723 0.5612244897959183 0.38393574297188754 0.5535714285714286 0.3827309236947791 0.5527210884353742 0.37991967871485943 0.5450680272108843 0.378714859437751 0.54421768707483 0.3783132530120482 0.5416666666666666 0.37710843373493974 0.5408163265306123 0.3759036144578313 0.5365646258503401 0.36305220883534134 0.5110544217687075 0.25461847389558234 0.5110544217687075 0.25421686746987954 0.3945578231292517 0.2859437751004016 0.3937074829931973 0.2863453815261044 0.4268707482993197 0.40803212851405624 0.42772108843537415 0.40883534136546185 0.429421768707483 0.5445783132530121 0.429421768707483 0.5449799196787148 0.5034013605442177 0.4755020080321285 0.5042517006802721 0.4526104417670683 0.5527210884353742 0.4526104417670683 0.6445578231292517 0.45220883534136547 0.6454081632653061
0 0 0.5127551020408163 0.036947791164658635 0.5127551020408163 0.03775100401606426 0.5110544217687075 0.10522088353413654 0.5110544217687075 0.10602409638554217 0.5127551020408163 0.1678714859437751 0.5127551020408163 0.1682730923694779 0.7891156462585034 0 0.7899659863945578
0 0.7188755020080321 0.7627551020408163 0.5028112449799197 0.7627551020408163 0.5024096385542168 0.5153061224489796 0.7188755020080321 0.5144557823129252 0.7192771084337349 0.7619047619047619 0.7188755020080321 0.7627551020408163
0 0.7791164658634538 0.6113945578231292 0.7261044176706827 0.6113945578231292 0.7257028112449799 0.5153061224489796 0.7791164658634538 0.5144557823129252 0.7795180722891566 0.6105442176870748 0.7791164658634538 0.6113945578231292
0 0.8176706827309237 0.7627551020408163 0.7742971887550201 0.7627551020408163 0.7738955823293173 0.6258503401360545 0.7927710843373494 0.625 0.7931726907630522 0.6122448979591837 0.7855421686746988 0.6113945578231292 0.785140562248996 0.5153061224489796 0.8835341365461847 0.5144557823129252 0.8839357429718876 0.5867346938775511 0.8489959839357429 0.5875850340136054 0.8441767068273093 0.5977891156462585 0.8429718875502008 0.5986394557823129 0.8393574297188755 0.6079931972789115 0.8180722891566266 0.6513605442176871 0.8180722891566266 0.7619047619047619 0.8176706827309237 0.7627551020408163
0 0.4971887550200803 0.5178571428571429 0.4771084337349398 0.5178571428571429 0.4771084337349398 0.516156462585034 0.4971887550200803 0.516156462585034 0.4971887550200803 0.5178571428571429
0 0.4971887550200803 0.6454081632653061 0.4578313253012048 0.6454081632653061 0.457429718875502 0.5595238095238095 0.4670682730923695 0.5391156462585034 0.46907630522088356 0.5331632653061225 0.470281124497992 0.532312925170068 0.4746987951807229 0.5212585034013606 0.4759036144578313 0.5204081632653061 0.47630522088353416 0.5178571428571429 0.4971887550200803 0.5178571428571429 0.4975903614457831 0.6445578231292517 0.4971887550200803 0.6454081632653061
0 0.2827309236947791 0.7627551020408163 0.1823293172690763 0.7627551020408163 0.1819277108433735 0.5238095238095238 0.2827309236947791 0.5229591836734694 0.28313253012048195 0.7619047619047619 0.2827309236947791 0.7627551020408163
0 0.3823293172690763 0.7627551020408163 0.2891566265060241 0.7627551020408163 0.2887550200803213 0.5238095238095238 0.3598393574297189 0.5229591836734694 0.3606425702811245 0.5246598639455783 0.3618473895582329 0.5255102040816326 0.36224899598393573 0.5280612244897959 0.3634538152610442 0.5289115646258503 0.3646586345381526 0.5331632653061225 0.36586345381526103 0.5340136054421769 0.36626506024096384 0.5365646258503401 0.3674698795180723 0.5374149659863946 0.37028112449799194 0.5450680272108843 0.3714859437751004 0.5459183673469388 0.3718875502008032 0.548469387755102 0.37309236947791163 0.5493197278911565 0.3742971887550201 0.5535714285714286 0.3755020080321285 0.5544217687074829 0.3759036144578313 0.5569727891156463 0.37710843373493974 0.5578231292517006 0.37991967871485943 0.5654761904761905 0.38112449799196785 0.5663265306122449 0.3815261044176707 0.5688775510204082 0.3827309236947791 0.5697278911564626 0.3827309236947791 0.7619047619047619 0.3823293172690763 0.7627551020408163
0 0.8835341365461847 0.7627551020408163 0.8240963855421687 0.7627551020408163 0.8236947791164658 0.6564625850340136 0.8305220883534137 0.6437074829931972 0.831726907630522 0.6428571428571429 0.8345381526104417 0.6352040816326531 0.8373493975903614 0.6309523809523809 0.8385542168674699 0.6267006802721088 0.8397590361445784 0.6258503401360545 0.8401606425702811 0.6232993197278912 0.8413654618473896 0.6224489795918368 0.8425702811244979 0.6181972789115646 0.8457831325301205 0.6130952380952381 0.846987951807229 0.6122448979591837 0.8506024096385543 0.6028911564625851 0.8835341365461847 0.6028911564625851 0.8839357429718876 0.7619047619047619 0.8835341365461847 0.7627551020408163
0 0.7678714859437751 0.7627551020408163 0.7261044176706827 0.7627551020408163 0.7257028112449799 0.6258503401360545 0.7678714859437751 0.625 0.7682730923694779 0.7619047619047619 0.7678714859437751 0.7627551020408163
0 0.45220883534136547 0.7627551020408163 0.3887550200803213 0.7627551020408163 0.38835341365461845 0.6581632653061225 0.45220883534136547 0.657312925170068 0.4526104417670683 0.7619047619047619 0.45220883534136547 0.7627551020408163
0 0.4971887550200803 0.7627551020408163 0.45863453815261046 0.7627551020408163 0.45823293172690766 0.6581632653061225 0.4971887550200803 0.657312925170068 0.4975903614457831 0.7619047619047619 0.4971887550200803 0.7627551020408163