0 0.16536661466458658 0.3319477434679335 0.07410296411856475 0.3319477434679335 0.07371294851794072 0.12470308788598575 0.16536661466458658 0.12410926365795724 0.16575663026521062 0.331353919239905 0.16536661466458658 0.3319477434679335
0 0.24492979719188768 0.3319477434679335 0.1731669266770671 0.3319477434679335 0.17277691107644305 0.12470308788598575 0.24492979719188768 0.12410926365795724 0.2453198127925117 0.331353919239905 0.24492979719188768 0.3319477434679335
0 0.3876755070202808 0.3319477434679335 0.25117004680187205 0.3319477434679335 0.25078003120124803 0.12470308788598575 0.3876755070202808 0.12410926365795724 0.3880655226209048 0.331353919239905 0.3876755070202808 0.3319477434679335
0 0.6216848673946958 0.47684085510688834 0.4329173166926677 0.47684085510688834 0.4325273010920437 0.4691211401425178 0.39391575663026523 0.4685273159144893 0.39352574102964116 0.12470308788598575 0.6216848673946958 0.12410926365795724 0.6220748829953198 0.47624703087885983 0.6216848673946958 0.47684085510688834
0 0.766770670826833 0.39489311163895485 0.6279251170046802 0.39489311163895485 0.6275351014040562 0.12470308788598575 0.766770670826833 0.12410926365795724 0.767160686427457 0.39429928741092635 0.766770670826833 0.39489311163895485
0 0.9297971918876755 0.39489311163895485 0.7730109204368175 0.39489311163895485 0.7726209048361935 0.12470308788598575 0.9297971918876755 0.12410926365795724 0.9301872074882995 0.39429928741092635 0.9297971918876755 0.39489311163895485
0 0.2917316692667707 0.4685273159144893 0.1731669266770671 0.4685273159144893 0.17277691107644305 0.34085510688836107 0.2917316692667707 0.34026128266033256 0.2921216848673947 0.4679334916864608 0.2917316692667707 0.4685273159144893
0 0.3876755070202808 0.4685273159144893 0.29797191887675506 0.4685273159144893 0.29758190327613104 0.34085510688836107 0.3876755070202808 0.34026128266033256 0.3880655226209048 0.4679334916864608 0.3876755070202808 0.4685273159144893
0 0.7925117004680188 0.8818289786223278 0.6216848673946958 0.8818289786223278 0.6212948517940717 0.7529691211401425 0.6887675507020281 0.752375296912114 0.6891575663026521 0.7315914489311164 0.6883775351014041 0.7304038004750594 0.6883775351014041 0.5926365795724465 0.608424336973479 0.5920427553444181 0.608034321372855 0.5332541567695962 0.6216848673946958 0.5326603325415677 0.6220748829953198 0.42399049881235157 0.6271450858034321 0.42339667458432306 0.6275351014040562 0.40380047505938244 0.859594383775351 0.40320665083135393 0.859984399375975 0.5190023752969121 0.780811232449298 0.5195961995249406 0.7804212168486739 0.7529691211401425 0.7925117004680188 0.753562945368171 0.7929017160686428 0.8812351543942993 0.7925117004680188 0.8818289786223278
0 0.9297971918876755 0.5195961995249406 0.8658346333853354 0.5195961995249406 0.8654446177847114 0.40380047505938244 0.9297971918876755 0.40320665083135393 0.9301872074882995 0.5190023752969121 0.9297971918876755 0.5195961995249406
0 0.32683307332293293 0.7309976247030879 0.1731669266770671 0.7309976247030879 0.17277691107644305 0.47743467933491684 0.32683307332293293 0.47684085510688834 0.32722308892355695 0.7304038004750594 0.32683307332293293 0.7309976247030879
0 0.6021840873634945 0.7309976247030879 0.33229329173166927 0.7309976247030879 0.33190327613104526 0.47743467933491684 0.6216848673946958 0.47684085510688834 0.6220748829953198 0.5320665083135392 0.608424336973479 0.5326603325415677 0.6076443057722309 0.5338479809976246 0.6029641185647426 0.5338479809976246 0.6025741029641186 0.7304038004750594 0.6021840873634945 0.7309976247030879
0 0.7925117004680188 0.732185273159145 0.7862714508580343 0.732185273159145 0.7858814352574103 0.5285035629453682 0.9297971918876755 0.5279097387173397 0.9301872074882995 0.7304038004750594 0.7932917316692668 0.7309976247030879 0.7925117004680188 0.732185273159145
0 0.6833073322932918 0.7309976247030879 0.608424336973479 0.7309976247030879 0.608034321372855 0.6009501187648456 0.6833073322932918 0.600356294536817 0.6836973478939158 0.7304038004750594 0.6833073322932918 0.7309976247030879