0 0.23094688221709006 0.28773584905660377 0.13394919168591224 0.28773584905660377 0.13279445727482678 0.17169811320754716 0.23094688221709006 0.17075471698113207 0.23210161662817552 0.28679245283018867 0.23094688221709006 0.28773584905660377
0 0.34872979214780603 0.28773584905660377 0.24018475750577367 0.28773584905660377 0.2390300230946882 0.17169811320754716 0.34872979214780603 0.17075471698113207 0.34988452655889146 0.28679245283018867 0.34872979214780603 0.28773584905660377
0 0.5080831408775982 0.35377358490566035 0.36027713625866054 0.35377358490566035 0.35912240184757505 0.17169811320754716 0.5080831408775982 0.17075471698113207 0.5092378752886836 0.35283018867924526 0.5080831408775982 0.35377358490566035
0 0.7344110854503464 0.35377358490566035 0.5150115473441108 0.35377358490566035 0.5138568129330254 0.17169811320754716 0.7344110854503464 0.17075471698113207 0.7355658198614319 0.35283018867924526 0.7344110854503464 0.35377358490566035
0 0.302540415704388 0.47830188679245284 0.13394919168591224 0.47830188679245284 0.13279445727482678 0.2943396226415094 0.34872979214780603 0.29339622641509433 0.34988452655889146 0.44716981132075473 0.3371824480369515 0.4556603773584906 0.3233256351039261 0.4650943396226415 0.3117782909930716 0.47264150943396227 0.302540415704388 0.47830188679245284
0 0.46420323325635104 0.8764150943396226 0.3556581986143187 0.8764150943396226 0.35450346420323325 0.6075471698113207 0.34988452655889146 0.6037735849056604 0.33833718244803695 0.5924528301886792 0.3244803695150115 0.5792452830188679 0.312933025404157 0.5679245283018868 0.3117782909930716 0.5650943396226416 0.24480369515011546 0.5650943396226416 0.24364896073903003 0.4849056603773585 0.3071593533487298 0.4839622641509434 0.3094688221709007 0.4820754716981132 0.312933025404157 0.4811320754716981 0.3140877598152425 0.47830188679245284 0.3233256351039261 0.47264150943396227 0.3348729792147806 0.4650943396226415 0.3510392609699769 0.4537735849056604 0.35912240184757505 0.4490566037735849 0.35912240184757505 0.3622641509433962 0.46882217090069284 0.3613207547169811 0.46997690531177827 0.6471698113207547 0.4653579676674365 0.6490566037735849 0.4653579676674365 0.8754716981132076 0.46420323325635104 0.8764150943396226
0 0.7344110854503464 0.6481132075471698 0.47113163972286376 0.6481132075471698 0.46997690531177827 0.3622641509433962 0.7344110854503464 0.3613207547169811 0.7355658198614319 0.6471698113207547 0.7344110854503464 0.6481132075471698
0 0.23556581986143188 0.5650943396226416 0.13394919168591224 0.5650943396226416 0.13279445727482678 0.4849056603773585 0.23556581986143188 0.4839622641509434 0.23672055427251731 0.5641509433962264 0.23556581986143188 0.5650943396226416
0 0.3464203233256351 0.719811320754717 0.13394919168591224 0.719811320754717 0.13279445727482678 0.5716981132075472 0.3071593533487298 0.5707547169811321 0.32217090069284066 0.5849056603773585 0.33371824480369516 0.5962264150943396 0.3348729792147806 0.5990566037735849 0.33833718244803695 0.6 0.34526558891454967 0.6075471698113207 0.34757505773672054 0.6113207547169811 0.34757505773672054 0.7188679245283018 0.3464203233256351 0.719811320754717
0 0.7344110854503464 0.8764150943396226 0.47344110854503463 0.8764150943396226 0.4722863741339492 0.6490566037735849 0.7344110854503464 0.6481132075471698 0.7355658198614319 0.8754716981132076 0.7344110854503464 0.8764150943396226
0 0.3464203233256351 0.8764150943396226 0.13394919168591224 0.8764150943396226 0.13279445727482678 0.7264150943396226 0.3464203233256351 0.7254716981132076 0.34757505773672054 0.8754716981132076 0.3464203233256351 0.8764150943396226