0 0.9367924528301886 0.12243947858472998 0.3858490566037736 0.12243947858472998 0.38537735849056604 0.0446927374301676 0.9367924528301886 0.04422718808193669 0.9372641509433962 0.12197392923649907 0.9367924528301886 0.12243947858472998
0 0.49245283018867925 0.2704841713221601 0.3858490566037736 0.2704841713221601 0.38537735849056604 0.13128491620111732 0.5084905660377359 0.1308193668528864 0.5089622641509434 0.20577281191806332 0.49339622641509434 0.20623836126629422 0.49292452830188677 0.27001862197392923 0.49245283018867925 0.2704841713221601
0 0.6075471698113207 0.3580074487895717 0.5707547169811321 0.3580074487895717 0.5702830188679245 0.20670391061452514 0.5132075471698113 0.20623836126629422 0.5127358490566037 0.13128491620111732 0.7877358490566038 0.1308193668528864 0.7882075471698113 0.27001862197392923 0.6084905660377359 0.2704841713221601 0.6080188679245283 0.3575418994413408 0.6075471698113207 0.3580074487895717
0 0.9367924528301886 0.2704841713221601 0.7924528301886793 0.2704841713221601 0.7919811320754717 0.13128491620111732 0.9367924528301886 0.1308193668528864 0.9372641509433962 0.27001862197392923 0.9367924528301886 0.2704841713221601
0 0.5660377358490566 0.2704841713221601 0.4971698113207547 0.2704841713221601 0.49669811320754714 0.21042830540037244 0.5660377358490566 0.2099627560521415 0.5665094339622642 0.27001862197392923 0.5660377358490566 0.2704841713221601
0 0.9367924528301886 0.3580074487895717 0.6160377358490566 0.3580074487895717 0.6155660377358491 0.2783985102420857 0.9367924528301886 0.2779329608938548 0.9372641509433962 0.3575418994413408 0.9367924528301886 0.3580074487895717
0 0.5613207547169812 0.3580074487895717 0.3858490566037736 0.3580074487895717 0.38537735849056604 0.27932960893854747 0.5613207547169812 0.27886405959031657 0.5617924528301886 0.3575418994413408 0.5613207547169812 0.3580074487895717
0 0.22169811320754718 0.5283985102420856 0.07264150943396226 0.5283985102420856 0.07216981132075471 0.45716945996275604 0.22169811320754718 0.45670391061452514 0.22216981132075472 0.5279329608938548 0.22169811320754718 0.5283985102420856
0 0.37358490566037733 0.5283985102420856 0.22735849056603774 0.5283985102420856 0.2268867924528302 0.45716945996275604 0.37641509433962267 0.45670391061452514 0.3759433962264151 0.5232774674115456 0.3740566037735849 0.5242085661080075 0.3740566037735849 0.5279329608938548 0.37358490566037733 0.5283985102420856
0 0.7783018867924528 0.6922718808193669 0.5226415094339623 0.6922718808193669 0.5226415094339623 0.6913407821229051 0.5259433962264151 0.6890130353817505 0.5273584905660378 0.6866852886405959 0.5306603773584906 0.6843575418994413 0.5320754716981132 0.6820297951582868 0.534433962264151 0.680633147113594 0.5358490566037736 0.6783054003724395 0.5391509433962264 0.6759776536312849 0.5405660377358491 0.6736499068901304 0.5419811320754717 0.6731843575418994 0.5419811320754717 0.6499068901303539 0.3858490566037736 0.6494413407821229 0.38537735849056604 0.5363128491620112 0.7783018867924528 0.5358472998137802 0.7787735849056604 0.6918063314711359 0.7783018867924528 0.6922718808193669
0 0.8481132075471698 0.6922718808193669 0.7849056603773585 0.6922718808193669 0.784433962264151 0.6452513966480447 0.7825471698113208 0.6443202979515829 0.7825471698113208 0.5363128491620112 0.940566037735849 0.5358472998137802 0.9410377358490566 0.659217877094972 0.8490566037735849 0.659683426443203 0.8485849056603774 0.6918063314711359 0.8481132075471698 0.6922718808193669
0 0.37358490566037733 0.7425512104283054 0.06415094339622641 0.7425512104283054 0.06367924528301887 0.5391061452513967 0.3754716981132076 0.5386405959031657 0.3759433962264151 0.5791433891992551 0.375 0.5800744878957169 0.375 0.660148975791434 0.3740566037735849 0.6610800744878957 0.3740566037735849 0.7420856610800745 0.37358490566037733 0.7425512104283054
0 0.4641509433962264 0.702513966480447 0.3858490566037736 0.702513966480447 0.38537735849056604 0.6536312849162011 0.4641509433962264 0.6531657355679702 0.46462264150943394 0.702048417132216 0.4641509433962264 0.702513966480447
0 0.5066037735849057 0.702513966480447 0.4679245283018868 0.702513966480447 0.4674528301886792 0.6536312849162011 0.5377358490566038 0.6531657355679702 0.5382075471698113 0.6703910614525139 0.5070754716981132 0.7011173184357542 0.5066037735849057 0.702513966480447
0 0.9358490566037736 0.771415270018622 0.8556603773584905 0.771415270018622 0.855188679245283 0.6657355679702048 0.9358490566037736 0.6652700186219739 0.9363207547169812 0.770949720670391 0.9358490566037736 0.771415270018622
0 0.6056603773584905 0.8505586592178771 0.4981132075471698 0.8505586592178771 0.49764150943396224 0.7951582867783985 0.5716981132075472 0.7946927374301676 0.5721698113207547 0.7914338919925512 0.4981132075471698 0.7909683426443203 0.49764150943396224 0.7057728119180633 0.5084905660377359 0.7053072625698324 0.5103773584905661 0.7034450651769087 0.5127358490566037 0.702048417132216 0.5141509433962265 0.6997206703910615 0.5174528301886793 0.6973929236499069 0.5188679245283019 0.6950651769087524 0.5226415094339623 0.6922718808193669 0.6094339622641509 0.6922718808193669 0.6099056603773585 0.729050279329609 0.6066037735849057 0.7295158286778398 0.6061320754716981 0.8500931098696461 0.6056603773584905 0.8505586592178771
0 0.7679245283018868 0.8505586592178771 0.6103773584905661 0.8505586592178771 0.6099056603773585 0.6927374301675978 0.7679245283018868 0.6922718808193669 0.7683962264150943 0.8500931098696461 0.7679245283018868 0.8505586592178771
0 0.85 0.7695530726256983 0.7773584905660378 0.7695530726256983 0.7768867924528302 0.7029795158286778 0.8462264150943396 0.702513966480447 0.8466981132075472 0.7374301675977654 0.85 0.7378957169459963 0.8504716981132076 0.7690875232774674 0.85 0.7695530726256983
0 0.49339622641509434 0.8505586592178771 0.3858490566037736 0.8505586592178771 0.38537735849056604 0.7057728119180633 0.49339622641509434 0.7053072625698324 0.49386792452830186 0.8500931098696461 0.49339622641509434 0.8505586592178771
0 0.940566037735849 0.8505586592178771 0.7726415094339623 0.8505586592178771 0.7721698113207547 0.7774674115456238 0.940566037735849 0.777001862197393 0.9410377358490566 0.8500931098696461 0.940566037735849 0.8505586592178771