0 0.42998760842627015 0.5018610421836228 0.355638166047088 0.5018610421836228 0.3550185873605948 0.4913151364764268 0.1127633209417596 0.49069478908188585 0.11214374225526642 0.11042183622828784 0.42998760842627015 0.1098014888337469 0.4306071871127633 0.5012406947890818 0.42998760842627015 0.5018610421836228
0 0.6171003717472119 0.5676178660049628 0.4882280049566295 0.5676178660049628 0.4876084262701363 0.5037220843672456 0.4888475836431227 0.5024813895781638 0.4312267657992565 0.5018610421836228 0.4306071871127633 0.11042183622828784 0.6171003717472119 0.1098014888337469 0.6177199504337051 0.5669975186104218 0.6171003717472119 0.5676178660049628
0 0.7732342007434945 0.2847394540942928 0.6282527881040892 0.2847394540942928 0.627633209417596 0.11042183622828784 0.7732342007434945 0.1098014888337469 0.7738537794299876 0.2841191066997519 0.7732342007434945 0.2847394540942928
0 0.7732342007434945 0.4323821339950372 0.6282527881040892 0.4323821339950372 0.627633209417596 0.29528535980148884 0.7732342007434945 0.29466501240694787 0.7738537794299876 0.4317617866004963 0.7732342007434945 0.4323821339950372
0 0.7732342007434945 0.5676178660049628 0.6282527881040892 0.5676178660049628 0.627633209417596 0.44292803970223327 0.7732342007434945 0.4423076923076923 0.7738537794299876 0.5669975186104218 0.7732342007434945 0.5676178660049628
0 0.218091697645601 0.5961538461538461 0.14745972738537794 0.5961538461538461 0.14622057001239158 0.5936724565756824 0.1127633209417596 0.5936724565756824 0.11214374225526642 0.5012406947890818 0.218091697645601 0.500620347394541 0.21871127633209417 0.5955334987593052 0.218091697645601 0.5961538461538461
0 0.34324659231722426 0.5961538461538461 0.22800495662949194 0.5961538461538461 0.22738537794299876 0.5012406947890818 0.34324659231722426 0.500620347394541 0.34386617100371747 0.5955334987593052 0.34324659231722426 0.5961538461538461
0 0.4770755885997522 0.7760545905707196 0.355638166047088 0.7760545905707196 0.3550185873605948 0.5024813895781638 0.4882280049566295 0.5018610421836228 0.4876084262701363 0.5620347394540943 0.47831474597273854 0.5626550868486352 0.47769516728624534 0.7754342431761787 0.4770755885997522 0.7760545905707196
0 0.7732342007434945 0.880272952853598 0.4882280049566295 0.880272952853598 0.4876084262701363 0.5769230769230769 0.7732342007434945 0.576302729528536 0.7738537794299876 0.8796526054590571 0.7732342007434945 0.880272952853598
0 0.34324659231722426 0.880272952853598 0.1127633209417596 0.880272952853598 0.11214374225526642 0.6054590570719603 0.34324659231722426 0.6048387096774194 0.34386617100371747 0.8796526054590571 0.34324659231722426 0.880272952853598
0 0.4770755885997522 0.880272952853598 0.355638166047088 0.880272952853598 0.3550185873605948 0.7866004962779156 0.4770755885997522 0.7859801488833746 0.47769516728624534 0.8796526054590571 0.4770755885997522 0.880272952853598