0 0.2887402452619844 0.2937823834196891 0.04905239687848383 0.2937823834196891 0.048494983277591976 0.06528497409326425 0.2887402452619844 0.06476683937823834 0.28929765886287623 0.2932642487046632 0.2887402452619844 0.2937823834196891
0 0.4503901895206243 0.13730569948186527 0.29431438127090304 0.13730569948186527 0.29375696767001114 0.06528497409326425 0.4503901895206243 0.06476683937823834 0.45094760312151616 0.13678756476683937 0.4503901895206243 0.13730569948186527
0 0.7993311036789298 0.2937823834196891 0.46711259754738016 0.2937823834196891 0.4665551839464883 0.06528497409326425 0.7993311036789298 0.06476683937823834 0.7998885172798216 0.2932642487046632 0.7993311036789298 0.2937823834196891
0 0.3745819397993311 0.3984455958549223 0.29431438127090304 0.3984455958549223 0.29375696767001114 0.14196891191709846 0.4503901895206243 0.14145077720207253 0.45094760312151616 0.19481865284974093 0.3756967670011148 0.19533678756476683 0.375139353400223 0.39792746113989635 0.3745819397993311 0.3984455958549223
0 0.4503901895206243 0.2937823834196891 0.379041248606466 0.2937823834196891 0.37848383500557414 0.19896373056994818 0.4503901895206243 0.19844559585492227 0.45094760312151616 0.2932642487046632 0.4503901895206243 0.2937823834196891
0 0.22073578595317725 0.6626943005181347 0.04793756967670011 0.6626943005181347 0.048494983277591976 0.44145077720207254 0.22073578595317725 0.4409326424870466 0.22129319955406912 0.6621761658031088 0.22073578595317725 0.6626943005181347
0 0.4124860646599777 0.605699481865285 0.22742474916387959 0.605699481865285 0.22686733556298774 0.44145077720207254 0.4124860646599777 0.4409326424870466 0.41304347826086957 0.6051813471502591 0.4124860646599777 0.605699481865285
0 0.5674470457079153 0.6637305699481866 0.4180602006688963 0.6637305699481866 0.4175027870680045 0.44145077720207254 0.68561872909699 0.4409326424870466 0.6861761426978819 0.6310880829015544 0.568561872909699 0.6316062176165803 0.5680044593088072 0.6632124352331606 0.5674470457079153 0.6637305699481866
0 0.8004459308807135 0.6326424870466322 0.693422519509476 0.6326424870466322 0.6928651059085842 0.44145077720207254 0.8004459308807135 0.4409326424870466 0.8010033444816054 0.6321243523316062 0.8004459308807135 0.6326424870466322
0 0.37235228539576365 0.8792746113989637 0.22742474916387959 0.8792746113989637 0.22686733556298774 0.6113989637305699 0.4169453734671126 0.6108808290155441 0.4175027870680045 0.6632124352331606 0.3734671125975474 0.6637305699481866 0.3729096989966555 0.8787564766839379 0.37235228539576365 0.8792746113989637
0 0.68561872909699 0.7476683937823834 0.5797101449275363 0.7476683937823834 0.5791527313266444 0.6424870466321243 0.653288740245262 0.6419689119170985 0.6544035674470458 0.6398963730569949 0.68561872909699 0.6398963730569949 0.6861761426978819 0.7471502590673575 0.68561872909699 0.7476683937823834
0 0.7926421404682275 0.7870466321243523 0.6923076923076923 0.7870466321243523 0.6917502787068004 0.6404145077720207 0.7926421404682275 0.6398963730569949 0.7931995540691192 0.7865284974093264 0.7926421404682275 0.7870466321243523
0 0.5674470457079153 0.8792746113989637 0.3779264214046823 0.8792746113989637 0.3773690078037904 0.6715025906735751 0.4169453734671126 0.6709844559585493 0.4175027870680045 0.6642487046632124 0.5674470457079153 0.6637305699481866 0.5680044593088072 0.8787564766839379 0.5674470457079153 0.8792746113989637
0 0.13712374581939799 0.7466321243523316 0.04793756967670011 0.7466321243523316 0.04738015607580825 0.6704663212435233 0.13712374581939799 0.6699481865284974 0.13768115942028986 0.7461139896373057 0.13712374581939799 0.7466321243523316
0 0.22073578595317725 0.7466321243523316 0.1426978818283166 0.7466321243523316 0.14214046822742474 0.6704663212435233 0.22073578595317725 0.6699481865284974 0.22129319955406912 0.7461139896373057 0.22073578595317725 0.7466321243523316
0 0.22073578595317725 0.8792746113989637 0.04793756967670011 0.8792746113989637 0.04738015607580825 0.7512953367875648 0.22073578595317725 0.7507772020725388 0.22129319955406912 0.8787564766839379 0.22073578595317725 0.8792746113989637
0 0.798216276477146 0.8792746113989637 0.5741360089186176 0.8792746113989637 0.5735785953177257 0.755440414507772 0.68561872909699 0.7549222797927461 0.6861761426978819 0.7917098445595855 0.798216276477146 0.7922279792746114 0.7987736900780379 0.8787564766839379 0.798216276477146 0.8792746113989637