0 0.48092868988391374 0.2893569844789357 0.3880597014925373 0.2893569844789357 0.38723051409618575 0.1419068736141907 0.48092868988391374 0.14079822616407983 0.48175787728026537 0.28824833702882485 0.48092868988391374 0.2893569844789357
0 0.5638474295190713 0.2893569844789357 0.48756218905472637 0.2893569844789357 0.4867330016583748 0.1419068736141907 0.5638474295190713 0.14079822616407983 0.5646766169154229 0.28824833702882485 0.5638474295190713 0.2893569844789357
0 0.6716417910447762 0.2893569844789357 0.5688225538971807 0.2893569844789357 0.5679933665008292 0.1419068736141907 0.6716417910447762 0.14079822616407983 0.6724709784411277 0.28824833702882485 0.6716417910447762 0.2893569844789357
0 0.7346600331674958 0.22283813747228381 0.6766169154228856 0.22283813747228381 0.675787728026534 0.1419068736141907 0.7346600331674958 0.14079822616407983 0.7354892205638475 0.22172949002217296 0.7346600331674958 0.22283813747228381
0 0.7346600331674958 0.2893569844789357 0.6766169154228856 0.2893569844789357 0.675787728026534 0.22838137472283815 0.7346600331674958 0.22727272727272727 0.7354892205638475 0.28824833702882485 0.7346600331674958 0.2893569844789357
0 0.5091210613598673 0.4977827050997783 0.4759535655058043 0.4977827050997783 0.47512437810945274 0.35033259423503327 0.46102819237147596 0.3492239467849224 0.4601990049751244 0.29490022172949004 0.5870646766169154 0.29379157427937913 0.5887230514096186 0.2893569844789357 0.615257048092869 0.2893569844789357 0.6160862354892206 0.34811529933481156 0.5439469320066335 0.3492239467849224 0.5099502487562189 0.3946784922394678 0.5099502487562189 0.49667405764966743 0.5091210613598673 0.4977827050997783
0 0.7346600331674958 0.4977827050997783 0.6169154228855721 0.4977827050997783 0.6160862354892206 0.29046563192904656 0.6351575456053068 0.2893569844789357 0.6368159203980099 0.29379157427937913 0.7346600331674958 0.29379157427937913 0.7354892205638475 0.49667405764966743 0.7346600331674958 0.4977827050997783
0 0.41956882255389716 0.3492239467849224 0.3880597014925373 0.3492239467849224 0.38723051409618575 0.29490022172949004 0.41956882255389716 0.29379157427937913 0.42039800995024873 0.34811529933481156 0.41956882255389716 0.3492239467849224
0 0.45439469320066334 0.3492239467849224 0.42454394693200664 0.3492239467849224 0.42371475953565507 0.29490022172949004 0.45439469320066334 0.29379157427937913 0.4552238805970149 0.34811529933481156 0.45439469320066334 0.3492239467849224
0 0.4709784411276949 0.4977827050997783 0.3880597014925373 0.4977827050997783 0.38723051409618575 0.35476718403547675 0.4709784411276949 0.35365853658536583 0.47180762852404645 0.49667405764966743 0.4709784411276949 0.4977827050997783
0 0.6102819237147595 0.4977827050997783 0.5140961857379768 0.4977827050997783 0.5132669983416253 0.3991130820399113 0.5348258706467661 0.37028824833702884 0.5456053067993366 0.35365853658536583 0.6102819237147595 0.35365853658536583 0.6111111111111112 0.49667405764966743 0.6102819237147595 0.4977827050997783
0 0.33665008291873966 0.5798226164079823 0.22719734660033167 0.5798226164079823 0.2263681592039801 0.5099778270509978 0.33665008291873966 0.508869179600887 0.33747927031509123 0.5787139689578714 0.33665008291873966 0.5798226164079823
0 0.33665008291873966 0.8303769401330376 0.22719734660033167 0.8303769401330376 0.2263681592039801 0.5853658536585366 0.33665008291873966 0.5842572062084257 0.33747927031509123 0.8292682926829268 0.33665008291873966 0.8303769401330376