0 0.36331569664902996 0.21577123050259966 0.1710758377425044 0.21577123050259966 0.17019400352733685 0.0415944540727903 0.2257495590828924 0.04072790294627383 0.2310405643738977 0.03552859618717504 0.24162257495590828 0.026863084922010397 0.2716049382716049 0.026863084922010397 0.2751322751322751 0.030329289428076257 0.2874779541446208 0.04072790294627383 0.42857142857142855 0.04072790294627383 0.4470899470899471 0.022530329289428077 0.4479717813051146 0.01993067590987868 0.47619047619047616 0.01993067590987868 0.4858906525573192 0.029462738301559793 0.48677248677248675 0.032062391681109186 0.4894179894179894 0.03292894280762565 0.49559082892416223 0.04072790294627383 0.54673721340388 0.04072790294627383 0.5476190476190477 0.16984402079722705 0.36507936507936506 0.1707105719237435 0.36419753086419754 0.21490467937608318 0.36331569664902996 0.21577123050259966
0 0.7107583774250441 0.03726169844020797 0.6631393298059964 0.03726169844020797 0.6640211640211641 0.03292894280762565 0.6728395061728395 0.024263431542461005 0.6754850088183422 0.01993067590987868 0.6984126984126984 0.01993067590987868 0.7098765432098766 0.03292894280762565 0.7116402116402116 0.036395147313691506 0.7107583774250441 0.03726169844020797
0 0.9206349206349206 0.03726169844020797 0.8659611992945326 0.03726169844020797 0.8668430335097002 0.03292894280762565 0.8800705467372134 0.01993067590987868 0.9047619047619048 0.01993067590987868 0.9215167548500882 0.036395147313691506 0.9206349206349206 0.03726169844020797
0 0.7795414462081128 0.21750433275563258 0.6014109347442681 0.21750433275563258 0.6005291005291006 0.0415944540727903 0.8095238095238095 0.04072790294627383 0.810405643738977 0.18024263431542462 0.781305114638448 0.18110918544194107 0.7804232804232805 0.21663778162911612 0.7795414462081128 0.21750433275563258
0 0.8483245149911817 0.21750433275563258 0.7865961199294532 0.21750433275563258 0.7857142857142857 0.1854419410745234 0.8130511463844797 0.18457538994800693 0.8139329805996472 0.0415944540727903 0.9788359788359788 0.04072790294627383 0.9797178130511464 0.18024263431542462 0.8500881834215167 0.18110918544194107 0.8492063492063492 0.21663778162911612 0.8483245149911817 0.21750433275563258
0 0.3968253968253968 0.21577123050259966 0.36860670194003525 0.21577123050259966 0.36772486772486773 0.17504332755632582 0.3968253968253968 0.17417677642980936 0.3977072310405644 0.21490467937608318 0.3968253968253968 0.21577123050259966
0 0.4426807760141093 0.23830155979202772 0.42857142857142855 0.23830155979202772 0.427689594356261 0.2339688041594454 0.4144620811287478 0.22270363951473138 0.4056437389770723 0.21577123050259966 0.40299823633156967 0.21490467937608318 0.40299823633156967 0.18024263431542462 0.4426807760141093 0.17937608318890816 0.4435626102292769 0.23743500866551126 0.4426807760141093 0.23830155979202772
0 0.54673721340388 0.4098786828422877 0.42857142857142855 0.4098786828422877 0.427689594356261 0.24783362218370883 0.455026455026455 0.24696707105719237 0.4559082892416226 0.24263431542461006 0.4479717813051146 0.24176776429809357 0.4470899470899471 0.18024263431542462 0.54673721340388 0.17937608318890816 0.5476190476190477 0.18890814558058924 0.5573192239858906 0.18977469670710573 0.5582010582010583 0.22876949740034663 0.5485008818342152 0.2296360485268631 0.5476190476190477 0.4090121317157712 0.54673721340388 0.4098786828422877
0 0.8994708994708994 0.21750433275563258 0.855379188712522 0.21750433275563258 0.8544973544973545 0.1854419410745234 0.8994708994708994 0.18457538994800693 0.900352733686067 0.21663778162911612 0.8994708994708994 0.21750433275563258
0 0.9788359788359788 0.26256499133448874 0.9047619047619048 0.26256499133448874 0.9038800705467372 0.1854419410745234 0.9788359788359788 0.18457538994800693 0.9797178130511464 0.2616984402079723 0.9788359788359788 0.26256499133448874
0 0.2998236331569665 0.4098786828422877 0.1710758377425044 0.4098786828422877 0.17019400352733685 0.21663778162911612 0.2998236331569665 0.21577123050259966 0.30070546737213405 0.4090121317157712 0.2998236331569665 0.4098786828422877
0 0.41622574955908287 0.4098786828422877 0.37918871252204583 0.4098786828422877 0.3783068783068783 0.34488734835355284 0.30158730158730157 0.3440207972270364 0.30070546737213405 0.21663778162911612 0.3527336860670194 0.21577123050259966 0.35361552028218696 0.22357019064124783 0.400352733686067 0.2244367417677643 0.4038800705467372 0.22790294627383015 0.41710758377425045 0.2391681109185442 0.41710758377425045 0.4090121317157712 0.41622574955908287 0.4098786828422877
0 0.8465608465608465 0.4098786828422877 0.7389770723104057 0.4098786828422877 0.7380952380952381 0.3466204506065858 0.7354497354497355 0.34575389948006935 0.7345679012345679 0.4090121317157712 0.6014109347442681 0.4098786828422877 0.6005291005291006 0.22357019064124783 0.8994708994708994 0.22270363951473138 0.900352733686067 0.2616984402079723 0.7954144620811288 0.26256499133448874 0.7945326278659612 0.341421143847487 0.7865961199294532 0.34228769497400346 0.7857142857142857 0.34488734835355284 0.7971781305114638 0.34575389948006935 0.7980599647266314 0.268630849220104 0.8465608465608465 0.26776429809358754 0.8474426807760141 0.4090121317157712 0.8465608465608465 0.4098786828422877
0 0.9788359788359788 0.4098786828422877 0.8536155202821869 0.4098786828422877 0.8527336860670194 0.268630849220104 0.9788359788359788 0.26776429809358754 0.9797178130511464 0.4090121317157712 0.9788359788359788 0.4098786828422877
0 0.37389770723104054 0.4098786828422877 0.30687830687830686 0.4098786828422877 0.30599647266313934 0.35008665511265163 0.37389770723104054 0.3492201039861352 0.3747795414462081 0.4090121317157712 0.37389770723104054 0.4098786828422877
0 0.54673721340388 0.7253032928942807 0.4109347442680776 0.7253032928942807 0.41005291005291006 0.5961871750433275 0.42680776014109345 0.5953206239168111 0.4329805996472663 0.5892547660311959 0.43562610229276894 0.5849220103986135 0.4400352733686067 0.5823223570190641 0.4462081128747795 0.574523396880416 0.47795414462081126 0.574523396880416 0.4991181657848324 0.5953206239168111 0.54673721340388 0.5953206239168111 0.5476190476190477 0.7244367417677643 0.54673721340388 0.7253032928942807
0 0.30335097001763667 0.6750433275563258 0.1710758377425044 0.6750433275563258 0.17019400352733685 0.5961871750433275 0.2222222222222222 0.5953206239168111 0.2345679012345679 0.5831889081455806 0.23721340388007053 0.5823223570190641 0.23985890652557318 0.5779896013864818 0.27336860670194 0.5779896013864818 0.291005291005291 0.5953206239168111 0.30335097001763667 0.5953206239168111 0.30423280423280424 0.6741767764298093 0.30335097001763667 0.6750433275563258
0 0.14991181657848324 0.8206239168110918 0.021164021164021163 0.8206239168110918 0.020282186948853614 0.5961871750433275 0.14991181657848324 0.5953206239168111 0.15079365079365079 0.6256499133448874 0.16049382716049382 0.6265164644714039 0.16137566137566137 0.6741767764298093 0.15167548500881833 0.6750433275563258 0.15079365079365079 0.7036395147313691 0.16049382716049382 0.7045060658578857 0.16137566137566137 0.7538994800693241 0.15167548500881833 0.7547660311958405 0.15079365079365079 0.8197573656845754 0.14991181657848324 0.8206239168110918
0 0.4038800705467372 0.7686308492201039 0.31040564373897706 0.7686308492201039 0.30952380952380953 0.5961871750433275 0.4038800705467372 0.5953206239168111 0.40476190476190477 0.7677642980935875 0.4038800705467372 0.7686308492201039
0 0.30335097001763667 0.7686308492201039 0.1710758377425044 0.7686308492201039 0.17019400352733685 0.6811091854419411 0.30335097001763667 0.6802426343154246 0.30423280423280424 0.7677642980935875 0.30335097001763667 0.7686308492201039
0 0.47266313932980597 0.8258232235701907 0.43209876543209874 0.8258232235701907 0.4312169312169312 0.7902946273830156 0.41005291005291006 0.7694974003466204 0.41005291005291006 0.7313691507798961 0.47266313932980597 0.7305025996533796 0.47354497354497355 0.8249566724436742 0.47266313932980597 0.8258232235701907
0 0.5114638447971781 0.8258232235701907 0.47971781305114636 0.8258232235701907 0.47883597883597884 0.7313691507798961 0.5114638447971781 0.7305025996533796 0.5123456790123457 0.8249566724436742 0.5114638447971781 0.8258232235701907
0 0.54673721340388 0.962738301559792 0.3880070546737213 0.962738301559792 0.3871252204585538 0.9168110918544194 0.5167548500881834 0.915944540727903 0.517636684303351 0.7313691507798961 0.54673721340388 0.7305025996533796 0.5476190476190477 0.9618717504332756 0.54673721340388 0.962738301559792
0 0.30335097001763667 0.962738301559792 0.1710758377425044 0.962738301559792 0.17019400352733685 0.7746967071057193 0.30335097001763667 0.7738301559792028 0.30423280423280424 0.9618717504332756 0.30335097001763667 0.962738301559792
0 0.37037037037037035 0.9107452339688041 0.31040564373897706 0.9107452339688041 0.30952380952380953 0.7746967071057193 0.4056437389770723 0.7738301559792028 0.4074074074074074 0.7755632582322357 0.41181657848324515 0.7781629116117851 0.4126984126984127 0.7807625649913345 0.42416225749559083 0.7902946273830156 0.42592592592592593 0.7937608318890814 0.42592592592592593 0.8526863084922011 0.37742504409171074 0.8535528596187175 0.3765432098765432 0.8232235701906413 0.36860670194003525 0.8223570190641247 0.36772486772486773 0.8266897746967071 0.3712522045855379 0.82842287694974 0.3712522045855379 0.9098786828422877 0.37037037037037035 0.9107452339688041
0 0.5114638447971781 0.9107452339688041 0.43209876543209874 0.9107452339688041 0.4312169312169312 0.8318890814558059 0.5114638447971781 0.8310225303292894 0.5123456790123457 0.9098786828422877 0.5114638447971781 0.9107452339688041
0 0.42504409171075835 0.9107452339688041 0.37742504409171074 0.9107452339688041 0.3765432098765432 0.8596187175043327 0.42504409171075835 0.8587521663778163 0.42592592592592593 0.9098786828422877 0.42504409171075835 0.9107452339688041
0 0.38095238095238093 0.962738301559792 0.31040564373897706 0.962738301559792 0.30952380952380953 0.9168110918544194 0.38095238095238093 0.915944540727903 0.3818342151675485 0.9618717504332756 0.38095238095238093 0.962738301559792