0 0.4098360655737705 0.30714285714285716 0.06721311475409836 0.30714285714285716 0.06639344262295081 0.06233766233766234 0.4098360655737705 0.06168831168831169 0.41065573770491803 0.18961038961038962 0.40901639344262297 0.19090909090909092 0.40901639344262297 0.2636363636363636 0.41065573770491803 0.2649350649350649 0.41065573770491803 0.3064935064935065 0.4098360655737705 0.30714285714285716
0 0.819672131147541 0.462987012987013 0.42131147540983604 0.462987012987013 0.4204918032786885 0.2649350649350649 0.4098360655737705 0.2642857142857143 0.40901639344262297 0.19090909090909092 0.819672131147541 0.19025974025974027 0.8204918032786885 0.4623376623376623 0.819672131147541 0.462987012987013
0 0.23114754098360657 0.4344155844155844 0.06721311475409836 0.4344155844155844 0.06639344262295081 0.312987012987013 0.23114754098360657 0.31233766233766236 0.2319672131147541 0.43376623376623374 0.23114754098360657 0.4344155844155844
0 0.38688524590163936 0.5045454545454545 0.23934426229508196 0.5045454545454545 0.23852459016393443 0.312987012987013 0.4098360655737705 0.31233766233766236 0.41065573770491803 0.4623376623376623 0.3885245901639344 0.462987012987013 0.3877049180327869 0.5038961038961038 0.38688524590163936 0.5045454545454545
0 0.22459016393442624 0.5525974025974026 0.07213114754098361 0.5525974025974026 0.07131147540983607 0.44415584415584414 0.14262295081967213 0.4435064935064935 0.14344262295081966 0.44025974025974024 0.22459016393442624 0.4396103896103896 0.22540983606557377 0.551948051948052 0.22459016393442624 0.5525974025974026
0 0.5868852459016394 0.7045454545454546 0.39672131147540984 0.7045454545454546 0.3959016393442623 0.4701298701298701 0.419672131147541 0.4694805194805195 0.4204918032786885 0.4636363636363636 0.5295081967213114 0.462987012987013 0.530327868852459 0.4688311688311688 0.5868852459016394 0.4694805194805195 0.5877049180327869 0.7038961038961039 0.5868852459016394 0.7045454545454546
0 0.9327868852459016 0.6279220779220779 0.5967213114754099 0.6279220779220779 0.5959016393442623 0.4701298701298701 0.9327868852459016 0.4694805194805195 0.9336065573770492 0.6272727272727273 0.9327868852459016 0.6279220779220779
0 0.38688524590163936 0.5993506493506493 0.23934426229508196 0.5993506493506493 0.23852459016393443 0.5116883116883116 0.38688524590163936 0.5110389610389611 0.3877049180327869 0.5987012987012987 0.38688524590163936 0.5993506493506493
0 0.38688524590163936 0.8123376623376624 0.06721311475409836 0.8123376623376624 0.06639344262295081 0.561038961038961 0.23114754098360657 0.5603896103896104 0.2319672131147541 0.6038961038961039 0.38688524590163936 0.6045454545454545 0.3877049180327869 0.8116883116883117 0.38688524590163936 0.8123376623376624
0 0.9327868852459016 0.8123376623376624 0.5967213114754099 0.8123376623376624 0.5959016393442623 0.6337662337662338 0.9327868852459016 0.6331168831168831 0.9336065573770492 0.8116883116883117 0.9327868852459016 0.8123376623376624
0 0.5868852459016394 0.8123376623376624 0.39672131147540984 0.8123376623376624 0.3959016393442623 0.7116883116883117 0.5868852459016394 0.711038961038961 0.5877049180327869 0.8116883116883117 0.5868852459016394 0.8123376623376624
0 0.9442622950819672 0.95 0.7 0.95 0.6991803278688524 0.8285714285714286 0.9442622950819672 0.827922077922078 0.9450819672131148 0.9493506493506494 0.9442622950819672 0.95