0 0.30536451169188444 0.5698653198653199 0.2613480055020633 0.5698653198653199 0.26066024759284734 0.335016835016835 0.08528198074277854 0.3341750841750842 0.08459422283356259 0.09764309764309764 0.30536451169188444 0.0968013468013468 0.30605226960110044 0.569023569023569 0.30536451169188444 0.5698653198653199
0 0.8638239339752407 0.4941077441077441 0.8033012379642366 0.4941077441077441 0.8026134800550206 0.43602693602693604 0.5337001375515819 0.4351851851851852 0.5330123796423659 0.37373737373737376 0.422283356258597 0.3728956228956229 0.42159559834938104 0.09764309764309764 0.8638239339752407 0.0968013468013468 0.8645116918844566 0.49326599326599324 0.8638239339752407 0.4941077441077441
0 0.2558459422283356 0.5042087542087542 0.15818431911966988 0.5042087542087542 0.1574965612104539 0.34175084175084175 0.2558459422283356 0.3409090909090909 0.25653370013755156 0.5033670033670034 0.2558459422283356 0.5042087542087542
0 0.1485557083906465 0.5042087542087542 0.0907840440165062 0.5042087542087542 0.09009628610729023 0.3451178451178451 0.1485557083906465 0.3442760942760943 0.14924346629986246 0.5033670033670034 0.1485557083906465 0.5042087542087542
0 0.8569463548830811 0.6506734006734006 0.7702888583218707 0.6506734006734006 0.7696011004126547 0.5050505050505051 0.8569463548830811 0.5042087542087542 0.8576341127922971 0.6498316498316499 0.8569463548830811 0.6506734006734006
0 0.19807427785419532 0.6069023569023569 0.08803301237964237 0.6069023569023569 0.0873452544704264 0.5151515151515151 0.19807427785419532 0.5143097643097643 0.19876203576341128 0.6060606060606061 0.19807427785419532 0.6069023569023569
0 0.2558459422283356 0.6069023569023569 0.20357634112792297 0.6069023569023569 0.202888583218707 0.5151515151515151 0.2558459422283356 0.5143097643097643 0.25653370013755156 0.6060606060606061 0.2558459422283356 0.6069023569023569
0 0.33837689133425036 0.7735690235690236 0.2613480055020633 0.7735690235690236 0.26066024759284734 0.5707070707070707 0.33700137551581844 0.5698653198653199 0.33768913342503437 0.7003367003367004 0.312242090784044 0.7011784511784511 0.3115543328748281 0.7087542087542088 0.33837689133425036 0.7095959595959596 0.3390646492434663 0.7727272727272727 0.33837689133425036 0.7735690235690236
0 0.5006877579092159 0.8375420875420876 0.343878954607978 0.8375420875420876 0.343191196698762 0.7087542087542088 0.37276478679504815 0.7079124579124579 0.3734525447042641 0.702020202020202 0.33837689133425036 0.7011784511784511 0.33768913342503437 0.5707070707070707 0.5006877579092159 0.5698653198653199 0.5013755158184319 0.8367003367003367 0.5006877579092159 0.8375420875420876
0 0.687757909215956 0.8375420875420876 0.5089408528198074 0.8375420875420876 0.5082530949105915 0.5707070707070707 0.687757909215956 0.5698653198653199 0.688445667125172 0.8367003367003367 0.687757909215956 0.8375420875420876
0 0.2558459422283356 0.8375420875420876 0.08803301237964237 0.8375420875420876 0.0873452544704264 0.6144781144781145 0.2558459422283356 0.6136363636363636 0.25653370013755156 0.8367003367003367 0.2558459422283356 0.8375420875420876
0 0.8363136176066025 0.7735690235690236 0.7702888583218707 0.7735690235690236 0.7696011004126547 0.6632996632996633 0.8569463548830811 0.6624579124579124 0.8576341127922971 0.7474747474747475 0.8376891334250344 0.7483164983164983 0.8370013755158184 0.7727272727272727 0.8363136176066025 0.7735690235690236
0 0.33837689133425036 0.8375420875420876 0.2613480055020633 0.8375420875420876 0.26066024759284734 0.7811447811447811 0.33837689133425036 0.7803030303030303 0.3390646492434663 0.8367003367003367 0.33837689133425036 0.8375420875420876