0 0.5749674054758801 0.7433392539964476 0.3624511082138201 0.7433392539964476 0.3617992177314211 0.7300177619893428 0.3604954367666232 0.7282415630550622 0.3604954367666232 0.6856127886323268 0.35919165580182527 0.6838365896980462 0.35919165580182527 0.6429840142095915 0.3578878748370274 0.6412078152753108 0.3578878748370274 0.6127886323268206 0.35658409387222945 0.61101243339254 0.35658409387222945 0.5683836589698046 0.35528031290743156 0.566607460035524 0.35528031290743156 0.5399644760213144 0.379400260756193 0.5390763765541741 0.38005215123859193 0.4635879218472469 0.3624511082138201 0.4626998223801066 0.3617992177314211 0.3925399644760213 0.36310299869621904 0.3907637655417407 0.36310299869621904 0.3872113676731794 0.3617992177314211 0.38543516873889877 0.3617992177314211 0.37122557726465366 0.36310299869621904 0.369449378330373 0.36310299869621904 0.07992895204262877 0.5736636245110821 0.07904085257548846 0.5743155149934811 0.3641207815275311 0.546284224250326 0.3650088809946714 0.545632333767927 0.369449378330373 0.5749674054758801 0.3703374777975133 0.575619295958279 0.7424511545293073 0.5749674054758801 0.7433392539964476
0 0.6388526727509778 0.22291296625222023 0.5958279009126467 0.22291296625222023 0.5951760104302477 0.19005328596802842 0.5814863102998696 0.1891651865008881 0.5808344198174706 0.07992895204262877 0.6388526727509778 0.07904085257548846 0.6395045632333768 0.22202486678507993 0.6388526727509778 0.22291296625222023
0 0.8448500651890483 0.5230905861456483 0.6910039113428944 0.5230905861456483 0.6903520208604954 0.32326820603907636 0.6453715775749674 0.32238010657193605 0.6447196870925684 0.07992895204262877 0.8448500651890483 0.07904085257548846 0.8455019556714471 0.522202486678508 0.8448500651890483 0.5230905861456483
0 0.18252933507170796 0.38632326820603907 0.10039113428943937 0.38632326820603907 0.09973924380704041 0.21847246891651864 0.18252933507170796 0.21758436944937834 0.1831812255541069 0.38543516873889877 0.18252933507170796 0.38632326820603907
0 0.3546284224250326 0.38632326820603907 0.18904823989569752 0.38632326820603907 0.18839634941329855 0.21847246891651864 0.3559322033898305 0.21758436944937834 0.35528031290743156 0.38543516873889877 0.3546284224250326 0.38632326820603907
0 0.6388526727509778 0.32238010657193605 0.5814863102998696 0.32238010657193605 0.5808344198174706 0.23090586145648312 0.6388526727509778 0.23001776198934282 0.6395045632333768 0.32149200710479575 0.6388526727509778 0.32238010657193605
0 0.6857887874837028 0.6669626998223801 0.5814863102998696 0.6669626998223801 0.5808344198174706 0.5488454706927176 0.576271186440678 0.5479573712255773 0.575619295958279 0.37122557726465366 0.5801825293350718 0.3703374777975133 0.5808344198174706 0.33037300177619894 0.6857887874837028 0.32948490230905864 0.6864406779661016 0.6660746003552398 0.6857887874837028 0.6669626998223801
0 0.25684485006518903 0.5159857904085258 0.10039113428943937 0.5159857904085258 0.09973924380704041 0.39431616341030196 0.25554106910039115 0.39342806394316165 0.25684485006518903 0.391651865008881 0.25749674054758803 0.5150976909413855 0.25684485006518903 0.5159857904085258
0 0.3455019556714472 0.5159857904085258 0.2633637548891786 0.5159857904085258 0.2627118644067797 0.4635879218472469 0.2653194263363755 0.46181172291296624 0.2653194263363755 0.3978685612788632 0.3546284224250326 0.3969804618117229 0.35528031290743156 0.46181172291296624 0.3468057366362451 0.4626998223801066 0.34615384615384615 0.5150976909413855 0.3455019556714472 0.5159857904085258
0 0.2255541069100391 0.8179396092362344 0.10039113428943937 0.8179396092362344 0.09973924380704041 0.5239786856127886 0.2255541069100391 0.5230905861456483 0.22620599739243807 0.8170515097690941 0.2255541069100391 0.8179396092362344
0 0.3546284224250326 0.6420959147424512 0.2320730117340287 0.6420959147424512 0.23142112125162972 0.5239786856127886 0.34419817470664926 0.5230905861456483 0.34485006518904826 0.5364120781527532 0.3546284224250326 0.5373001776198935 0.35528031290743156 0.6412078152753108 0.3546284224250326 0.6420959147424512
0 0.8448500651890483 0.7433392539964476 0.6910039113428944 0.7433392539964476 0.6903520208604954 0.5310834813499112 0.8448500651890483 0.5301953818827708 0.8455019556714471 0.7424511545293073 0.8448500651890483 0.7433392539964476
0 0.3455019556714472 0.8179396092362344 0.2320730117340287 0.8179396092362344 0.23142112125162972 0.6483126110124334 0.34810951760104303 0.6474245115452931 0.34876140808344197 0.7424511545293073 0.34615384615384615 0.7442273534635879 0.34615384615384615 0.8170515097690941 0.3455019556714472 0.8179396092362344
0 0.6857887874837028 0.7433392539964476 0.5814863102998696 0.7433392539964476 0.5808344198174706 0.6749555950266429 0.6857887874837028 0.6740674955595026 0.6864406779661016 0.7424511545293073 0.6857887874837028 0.7433392539964476