0 0.3736842105263158 0.3472222222222222 0.19210526315789472 0.3472222222222222 0.19078947368421054 0.1925925925925926 0.3736842105263158 0.19166666666666668 0.375 0.34629629629629627 0.3736842105263158 0.3472222222222222
0 0.7236842105263158 0.41944444444444445 0.5026315789473684 0.41944444444444445 0.5013157894736842 0.35 0.38421052631578945 0.3490740740740741 0.3828947368421053 0.1925925925925926 0.7236842105263158 0.19166666666666668 0.725 0.4185185185185185 0.7236842105263158 0.41944444444444445
0 0.9631578947368421 0.31574074074074077 0.7342105263157894 0.31574074074074077 0.7328947368421053 0.1925925925925926 0.9631578947368421 0.19166666666666668 0.9644736842105263 0.3148148148148148 0.9631578947368421 0.31574074074074077
0 0.8342105263157895 0.4027777777777778 0.7342105263157894 0.4027777777777778 0.7328947368421053 0.32222222222222224 0.8342105263157895 0.3212962962962963 0.8355263157894737 0.40185185185185185 0.8342105263157895 0.4027777777777778
0 0.9631578947368421 0.4842592592592593 0.8447368421052631 0.4842592592592593 0.843421052631579 0.32222222222222224 0.9631578947368421 0.3212962962962963 0.9644736842105263 0.48333333333333334 0.9631578947368421 0.4842592592592593
0 0.4921052631578947 0.48055555555555557 0.38421052631578945 0.48055555555555557 0.3828947368421053 0.35 0.5 0.3490740740740741 0.5013157894736842 0.4185185185185185 0.49473684210526314 0.41944444444444445 0.4934210526315789 0.47962962962962963 0.4921052631578947 0.48055555555555557
0 0.2631578947368421 0.41944444444444445 0.19210526315789472 0.41944444444444445 0.19078947368421054 0.3537037037037037 0.2631578947368421 0.3527777777777778 0.2644736842105263 0.4185185185185185 0.2631578947368421 0.41944444444444445
0 0.3736842105263158 0.41944444444444445 0.2736842105263158 0.41944444444444445 0.2723684210526316 0.3537037037037037 0.3736842105263158 0.3527777777777778 0.375 0.4185185185185185 0.3736842105263158 0.41944444444444445
0 0.8342105263157895 0.537962962962963 0.7342105263157894 0.537962962962963 0.7328947368421053 0.40925925925925927 0.8342105263157895 0.4083333333333333 0.8355263157894737 0.5370370370370371 0.8342105263157895 0.537962962962963
0 0.7236842105263158 0.537962962962963 0.5026315789473684 0.537962962962963 0.5013157894736842 0.4203703703703704 0.7236842105263158 0.41944444444444445 0.725 0.5370370370370371 0.7236842105263158 0.537962962962963
0 0.3736842105263158 0.537962962962963 0.19210526315789472 0.537962962962963 0.19078947368421054 0.42592592592592593 0.3736842105263158 0.425 0.375 0.5370370370370371 0.3736842105263158 0.537962962962963
0 0.4921052631578947 0.537962962962963 0.38421052631578945 0.537962962962963 0.3828947368421053 0.48703703703703705 0.4921052631578947 0.4861111111111111 0.4934210526315789 0.5370370370370371 0.4921052631578947 0.537962962962963
0 0.9631578947368421 0.537962962962963 0.8447368421052631 0.537962962962963 0.843421052631579 0.49074074074074076 0.9631578947368421 0.4898148148148148 0.9644736842105263 0.5370370370370371 0.9631578947368421 0.537962962962963
0 0.9631578947368421 0.6935185185185185 0.7684210526315789 0.6935185185185185 0.7671052631578947 0.55 0.9631578947368421 0.549074074074074 0.9644736842105263 0.6925925925925925 0.9631578947368421 0.6935185185185185
0 0.968421052631579 0.9472222222222222 0.7526315789473684 0.9472222222222222 0.7513157894736842 0.7055555555555556 0.968421052631579 0.7046296296296296 0.9697368421052631 0.9462962962962963 0.968421052631579 0.9472222222222222