0 0.839047619047619 0.2893356643356643 0.7466666666666667 0.2893356643356643 0.7461904761904762 0.19405594405594406 0.839047619047619 0.19318181818181818 0.8395238095238096 0.28846153846153844 0.839047619047619 0.2893356643356643
0 0.839047619047619 0.5218531468531469 0.7466666666666667 0.5218531468531469 0.7461904761904762 0.29545454545454547 0.839047619047619 0.2945804195804196 0.8395238095238096 0.5209790209790209 0.839047619047619 0.5218531468531469
0 0.19142857142857142 0.5812937062937062 0.1295238095238095 0.5812937062937062 0.12904761904761905 0.3006993006993007 0.31333333333333335 0.29982517482517484 0.3138095238095238 0.5052447552447552 0.19238095238095237 0.5061188811188811 0.1919047619047619 0.5804195804195804 0.19142857142857142 0.5812937062937062
0 0.40095238095238095 0.4326923076923077 0.379047619047619 0.4326923076923077 0.37857142857142856 0.3006993006993007 0.40095238095238095 0.29982517482517484 0.4014285714285714 0.4318181818181818 0.40095238095238095 0.4326923076923077
0 0.4685714285714286 0.4326923076923077 0.40476190476190477 0.4326923076923077 0.4042857142857143 0.3006993006993007 0.4685714285714286 0.29982517482517484 0.46904761904761905 0.4318181818181818 0.4685714285714286 0.4326923076923077
0 0.6057142857142858 0.4833916083916084 0.5047619047619047 0.4833916083916084 0.5042857142857143 0.44755244755244755 0.49714285714285716 0.44667832167832167 0.49666666666666665 0.4388111888111888 0.49333333333333335 0.4326923076923077 0.4723809523809524 0.4326923076923077 0.4719047619047619 0.3006993006993007 0.6238095238095238 0.29982517482517484 0.6242857142857143 0.4230769230769231 0.6066666666666667 0.42395104895104896 0.6061904761904762 0.4825174825174825 0.6057142857142858 0.4833916083916084
0 0.6828571428571428 0.42045454545454547 0.6276190476190476 0.42045454545454547 0.6271428571428571 0.3006993006993007 0.6828571428571428 0.29982517482517484 0.6833333333333333 0.4195804195804196 0.6828571428571428 0.42045454545454547
0 0.7428571428571429 0.42045454545454547 0.6857142857142857 0.42045454545454547 0.6852380952380952 0.3006993006993007 0.7428571428571429 0.29982517482517484 0.7433333333333333 0.4195804195804196 0.7428571428571429 0.42045454545454547
0 0.6714285714285714 0.5270979020979021 0.6095238095238096 0.5270979020979021 0.6090476190476191 0.48426573426573427 0.6066666666666667 0.4833916083916084 0.6061904761904762 0.42482517482517484 0.7047619047619048 0.42395104895104896 0.7052380952380952 0.4737762237762238 0.6866666666666666 0.47465034965034963 0.6814285714285714 0.48426573426573427 0.6719047619047619 0.5034965034965035 0.6719047619047619 0.5262237762237763 0.6714285714285714 0.5270979020979021
0 0.7428571428571429 0.47465034965034963 0.7076190476190476 0.47465034965034963 0.7071428571428572 0.42482517482517484 0.7428571428571429 0.42395104895104896 0.7433333333333333 0.4737762237762238 0.7428571428571429 0.47465034965034963
0 0.4076190476190476 0.5463286713286714 0.379047619047619 0.5463286713286714 0.37857142857142856 0.4370629370629371 0.4076190476190476 0.4361888111888112 0.4080952380952381 0.5454545454545454 0.4076190476190476 0.5463286713286714
0 0.45904761904761904 0.5463286713286714 0.4104761904761905 0.5463286713286714 0.41 0.5087412587412588 0.44095238095238093 0.5078671328671329 0.44142857142857145 0.5052447552447552 0.4104761904761905 0.5043706293706294 0.41 0.4370629370629371 0.49238095238095236 0.4361888111888112 0.4938095238095238 0.4405594405594406 0.4938095238095238 0.46503496503496505 0.4723809523809524 0.4659090909090909 0.4595238095238095 0.48951048951048953 0.4595238095238095 0.5454545454545454 0.45904761904761904 0.5463286713286714
0 0.5047619047619047 0.5463286713286714 0.46190476190476193 0.5463286713286714 0.4614285714285714 0.49125874125874125 0.4723809523809524 0.47115384615384615 0.49333333333333335 0.47115384615384615 0.4938095238095238 0.5157342657342657 0.5047619047619047 0.5166083916083916 0.5052380952380953 0.5454545454545454 0.5047619047619047 0.5463286713286714
0 0.741904761904762 0.5270979020979021 0.6742857142857143 0.5270979020979021 0.6738095238095239 0.506993006993007 0.6766666666666666 0.5017482517482518 0.6780952380952381 0.4973776223776224 0.6795238095238095 0.4965034965034965 0.6885714285714286 0.4781468531468531 0.741904761904762 0.4781468531468531 0.7423809523809524 0.5262237762237763 0.741904761904762 0.5270979020979021
0 0.6066666666666667 0.6302447552447552 0.5076190476190476 0.6302447552447552 0.5071428571428571 0.5174825174825175 0.518095238095238 0.5166083916083916 0.5185714285714286 0.513986013986014 0.49714285714285716 0.5131118881118881 0.49666666666666665 0.49125874125874125 0.5038095238095238 0.49038461538461536 0.5042857142857143 0.48426573426573427 0.6066666666666667 0.4833916083916084 0.6071428571428571 0.6293706293706294 0.6066666666666667 0.6302447552447552
0 0.6504761904761904 0.6302447552447552 0.6095238095238096 0.6302447552447552 0.6090476190476191 0.5314685314685315 0.6504761904761904 0.5305944055944056 0.650952380952381 0.6293706293706294 0.6504761904761904 0.6302447552447552
0 0.7428571428571429 0.6302447552447552 0.6533333333333333 0.6302447552447552 0.6528571428571428 0.5314685314685315 0.7428571428571429 0.5305944055944056 0.7433333333333333 0.6293706293706294 0.7428571428571429 0.6302447552447552
0 0.5047619047619047 0.6302447552447552 0.379047619047619 0.6302447552447552 0.37857142857142856 0.5506993006993007 0.5047619047619047 0.5498251748251748 0.5052380952380953 0.6293706293706294 0.5047619047619047 0.6302447552447552