0 0.185761957730812 0.44405594405594406 0.03670745272525028 0.44405594405594406 0.036151279199110126 0.09557109557109557 0.22914349276974416 0.0944055944055944 0.2296996662958843 0.3543123543123543 0.20133481646273638 0.41375291375291373 0.185761957730812 0.44405594405594406
0 0.39043381535038935 0.4557109557109557 0.19021134593993325 0.4557109557109557 0.20244716351501668 0.42773892773892774 0.20411568409343714 0.42657342657342656 0.20578420467185762 0.42074592074592077 0.20745272525027808 0.4195804195804196 0.20912124582869857 0.41375291375291373 0.21078976640711902 0.4125874125874126 0.21134593993325917 0.4090909090909091 0.23526140155728587 0.3613053613053613 0.23526140155728587 0.09557109557109557 0.41824249165739713 0.0944055944055944 0.41879866518353726 0.44522144522144524 0.39154616240266965 0.44638694638694637 0.39098998887652947 0.45454545454545453 0.39043381535038935 0.4557109557109557
0 0.6373748609566184 0.4020979020979021 0.4994438264738598 0.4020979020979021 0.4988876529477197 0.27505827505827507 0.42380422691879865 0.2738927738927739 0.42324805339265853 0.09557109557109557 0.6373748609566184 0.0944055944055944 0.6379310344827587 0.40093240093240096 0.6373748609566184 0.4020979020979021
0 0.7363737486095662 0.32284382284382285 0.64293659621802 0.32284382284382285 0.6423804226918799 0.09557109557109557 0.7363737486095662 0.0944055944055944 0.7369299221357063 0.32167832167832167 0.7363737486095662 0.32284382284382285
0 0.92880978865406 0.3811188811188811 0.7508342602892102 0.3811188811188811 0.7502780867630701 0.09557109557109557 0.92880978865406 0.0944055944055944 0.9293659621802002 0.37995337995337997 0.92880978865406 0.3811188811188811
0 0.492769744160178 0.4020979020979021 0.42380422691879865 0.4020979020979021 0.42324805339265853 0.28438228438228436 0.492769744160178 0.28321678321678323 0.4933259176863181 0.40093240093240096 0.492769744160178 0.4020979020979021
0 0.7363737486095662 0.5046620046620046 0.6540600667408232 0.5046620046620046 0.6535038932146829 0.40326340326340326 0.64293659621802 0.4020979020979021 0.6423804226918799 0.3333333333333333 0.7363737486095662 0.3321678321678322 0.7369299221357063 0.5034965034965035 0.7363737486095662 0.5046620046620046
0 0.92880978865406 0.6655011655011654 0.7508342602892102 0.6655011655011654 0.7502780867630701 0.3916083916083916 0.92880978865406 0.39044289044289043 0.9293659621802002 0.6643356643356644 0.92880978865406 0.6655011655011654
0 0.5417130144605117 0.7261072261072261 0.42491657397107896 0.7261072261072261 0.42436040044493883 0.5804195804195804 0.45383759733036705 0.5792540792540792 0.45439377085650723 0.5687645687645687 0.26473859844271413 0.5675990675990676 0.26418242491657395 0.4568764568764569 0.42269187986651835 0.4557109557109557 0.42324805339265853 0.4149184149184149 0.5417130144605117 0.41375291375291373 0.5422691879866518 0.7249417249417249 0.5417130144605117 0.7261072261072261
0 0.6473859844271412 0.5652680652680653 0.5483870967741935 0.5652680652680653 0.5478309232480534 0.4149184149184149 0.625139043381535 0.41375291375291373 0.6256952169076752 0.4825174825174825 0.6473859844271412 0.4836829836829837 0.6479421579532815 0.5641025641025641 0.6473859844271412 0.5652680652680653
0 0.26362625139043383 0.9032634032634033 0.03670745272525028 0.9032634032634033 0.036151279199110126 0.4568764568764569 0.26362625139043383 0.4557109557109557 0.26418242491657395 0.9020979020979021 0.26362625139043383 0.9032634032634033
0 0.7363737486095662 0.9032634032634033 0.5483870967741935 0.9032634032634033 0.5478309232480534 0.5804195804195804 0.6529477196885428 0.5792540792540792 0.6535038932146829 0.5198135198135199 0.7363737486095662 0.5186480186480187 0.7369299221357063 0.9020979020979021 0.7363737486095662 0.9032634032634033
0 0.41824249165739713 0.9032634032634033 0.27030033370411566 0.9032634032634033 0.26974416017797553 0.5804195804195804 0.41935483870967744 0.5792540792540792 0.41991101223581756 0.7365967365967366 0.4471635150166852 0.7377622377622378 0.44771968854282534 0.8531468531468531 0.41935483870967744 0.8543123543123543 0.41879866518353726 0.9020979020979021 0.41824249165739713 0.9032634032634033
0 0.9399332591768632 0.9358974358974359 0.7508342602892102 0.9358974358974359 0.7502780867630701 0.682983682983683 0.9399332591768632 0.6818181818181818 0.9404894327030033 0.9347319347319347 0.9399332591768632 0.9358974358974359
0 0.5394883203559511 0.8543123543123543 0.4549499443826474 0.8543123543123543 0.45439377085650723 0.7389277389277389 0.5394883203559511 0.7377622377622378 0.5400444938820912 0.8531468531468531 0.5394883203559511 0.8543123543123543