0 0.3888888888888889 0.4730989956958393 0.26452020202020204 0.4730989956958393 0.26420454545454547 0.31850789096126253 0.14709595959595959 0.31814921090387377 0.14678030303030304 0.1836441893830703 0.1461489898989899 0.18292682926829268 0.1461489898989899 0.15781922525107603 0.3888888888888889 0.15746054519368724 0.38920454545454547 0.38593974175035867 0.3541666666666667 0.3862984218077475 0.3538510101010101 0.3902439024390244 0.3888888888888889 0.3906025824964132 0.38920454545454547 0.4727403156384505 0.3888888888888889 0.4730989956958393
0 0.7784090909090909 0.3217360114777618 0.663510101010101 0.3217360114777618 0.6631944444444444 0.1649928263988522 0.7784090909090909 0.16463414634146342 0.7787247474747475 0.321377331420373 0.7784090909090909 0.3217360114777618
0 0.7803030303030303 0.5986370157819225 0.7234848484848485 0.5986370157819225 0.7231691919191919 0.3242467718794835 0.7803030303030303 0.3238880918220947 0.7806186868686869 0.1649928263988522 0.9071969696969697 0.16463414634146342 0.9075126262626263 0.39239598278335724 0.8705808080808081 0.39275466284074606 0.8702651515151515 0.396700143472023 0.9071969696969697 0.39705882352941174 0.9075126262626263 0.4799139167862267 0.7809343434343434 0.4802725968436155 0.7806186868686869 0.5982783357245337 0.7803030303030303 0.5986370157819225
0 0.20202020202020202 0.39275466284074606 0.07449494949494949 0.39275466284074606 0.07417929292929293 0.23601147776183645 0.14583333333333334 0.23565279770444764 0.1461489898989899 0.1836441893830703 0.14678030303030304 0.1836441893830703 0.14678030303030304 0.31779053084648495 0.2013888888888889 0.31814921090387377 0.20170454545454544 0.35796269727403157 0.2023358585858586 0.3586800573888092 0.2023358585858586 0.39239598278335724 0.20202020202020202 0.39275466284074606
0 0.6603535353535354 0.3217360114777618 0.5928030303030303 0.3217360114777618 0.5924873737373737 0.24461979913916787 0.6603535353535354 0.24426111908177905 0.6606691919191919 0.321377331420373 0.6603535353535354 0.3217360114777618
0 0.25946969696969696 0.586441893830703 0.20265151515151514 0.586441893830703 0.2023358585858586 0.5172166427546628 0.20517676767676768 0.516857962697274 0.20549242424242425 0.3586800573888092 0.20202020202020202 0.3583213773314204 0.20170454545454544 0.31850789096126253 0.2638888888888889 0.31814921090387377 0.26420454545454547 0.4727403156384505 0.2601010101010101 0.4730989956958393 0.25978535353535354 0.5860832137733142 0.25946969696969696 0.586441893830703
0 0.7196969696969697 0.5986370157819225 0.5928030303030303 0.5986370157819225 0.5924873737373737 0.3242467718794835 0.7196969696969697 0.3238880918220947 0.7200126262626263 0.5982783357245337 0.7196969696969697 0.5986370157819225
0 0.13320707070707072 0.5139885222381636 0.07449494949494949 0.5139885222381636 0.07417929292929293 0.3981348637015782 0.20202020202020202 0.3977761836441894 0.2023358585858586 0.4878048780487805 0.13383838383838384 0.4881635581061693 0.13352272727272727 0.5136298421807748 0.13320707070707072 0.5139885222381636
0 0.32196969696969696 0.5606169296987088 0.26452020202020204 0.5606169296987088 0.26420454545454547 0.4770444763271162 0.32196969696969696 0.4766857962697274 0.32228535353535354 0.56025824964132 0.32196969696969696 0.5606169296987088
0 0.3851010101010101 0.5878766140602583 0.3244949494949495 0.5878766140602583 0.32417929292929293 0.4770444763271162 0.3851010101010101 0.4766857962697274 0.3854166666666667 0.5875179340028694 0.3851010101010101 0.5878766140602583
0 0.9071969696969697 0.6782639885222381 0.7834595959595959 0.6782639885222381 0.7831439393939394 0.4835007173601148 0.9071969696969697 0.483142037302726 0.9075126262626263 0.6779053084648493 0.9071969696969697 0.6782639885222381
0 0.1414141414141414 0.5893113342898135 0.07449494949494949 0.5893113342898135 0.07417929292929293 0.5172166427546628 0.13636363636363635 0.516857962697274 0.13667929292929293 0.4913916786226686 0.20202020202020202 0.49103299856527977 0.2023358585858586 0.5860832137733142 0.14204545454545456 0.586441893830703 0.14172979797979798 0.5889526542324247 0.1414141414141414 0.5893113342898135
0 0.3888888888888889 0.671090387374462 0.19886363636363635 0.671090387374462 0.1985479797979798 0.5903873744619799 0.2215909090909091 0.5900286944045912 0.2222222222222222 0.5893113342898135 0.25946969696969696 0.5893113342898135 0.2601010101010101 0.5907460545193687 0.2638888888888889 0.5907460545193687 0.26420454545454547 0.5645624103299857 0.3207070707070707 0.5642037302725968 0.3210227272727273 0.5918220946915351 0.3888888888888889 0.5921807747489239 0.38920454545454547 0.6707317073170732 0.3888888888888889 0.671090387374462
0 0.19633838383838384 0.671090387374462 0.14457070707070707 0.671090387374462 0.1442550505050505 0.5889526542324247 0.19633838383838384 0.5885939741750359 0.19665404040404041 0.6707317073170732 0.19633838383838384 0.671090387374462
0 0.1414141414141414 0.5900286944045912 0.07449494949494949 0.5900286944045912 0.07449494949494949 0.5893113342898135 0.1414141414141414 0.5893113342898135 0.1414141414141414 0.5900286944045912
0 0.7803030303030303 0.6782639885222381 0.6616161616161617 0.6782639885222381 0.6613005050505051 0.6018651362984218 0.7803030303030303 0.601506456241033 0.7806186868686869 0.6779053084648493 0.7803030303030303 0.6782639885222381
0 0.3996212121212121 0.6840028694404591 0.1736111111111111 0.6840028694404591 0.17329545454545456 0.6829268292682927 0.3996212121212121 0.6832855093256814 0.3996212121212121 0.6840028694404591
0 0.39204545454545453 0.913558106169297 0.19381313131313133 0.913558106169297 0.19349747474747475 0.9024390243902439 0.18623737373737373 0.9020803443328551 0.1865530303030303 0.7682926829268293 0.23232323232323232 0.7679340028694405 0.2326388888888889 0.7733142037302726 0.39204545454545453 0.7736728837876614 0.3923611111111111 0.9131994261119082 0.39204545454545453 0.913558106169297
0 0.5227272727272727 0.913558106169297 0.40214646464646464 0.913558106169297 0.40183080808080807 0.7718794835007173 0.5227272727272727 0.7715208034433285 0.5230429292929293 0.9131994261119082 0.5227272727272727 0.913558106169297