0 0.26495726495726496 0.2545871559633027 0.13675213675213677 0.2545871559633027 0.1363247863247863 0.11834862385321102 0.26495726495726496 0.11788990825688074 0.2653846153846154 0.25412844036697246 0.26495726495726496 0.2545871559633027
0 0.441025641025641 0.2665137614678899 0.39316239316239315 0.2665137614678899 0.3923076923076923 0.26559633027522933 0.27008547008547007 0.26559633027522933 0.26965811965811964 0.11834862385321102 0.4581196581196581 0.11788990825688074 0.4585470085470085 0.22660550458715598 0.44188034188034186 0.22706422018348624 0.44145299145299144 0.26605504587155965 0.441025641025641 0.2665137614678899
0 0.5487179487179488 0.17844036697247706 0.5162393162393163 0.17844036697247706 0.5158119658119659 0.11834862385321102 0.6034188034188034 0.11788990825688074 0.6038461538461538 0.15321100917431194 0.5769230769230769 0.1536697247706422 0.576068376068376 0.15458715596330275 0.5709401709401709 0.1591743119266055 0.5696581196581196 0.1596330275229358 0.5692307692307692 0.1610091743119266 0.5658119658119658 0.16376146788990825 0.5606837606837607 0.168348623853211 0.5564102564102564 0.1720183486238532 0.5504273504273505 0.1775229357798165 0.5487179487179488 0.17844036697247706
0 0.782051282051282 0.2371559633027523 0.6085470085470085 0.2371559633027523 0.6081196581196581 0.11834862385321102 0.782051282051282 0.11788990825688074 0.7824786324786325 0.23669724770642203 0.782051282051282 0.2371559633027523
0 0.5111111111111111 0.17844036697247706 0.46324786324786327 0.17844036697247706 0.46282051282051284 0.12385321100917432 0.5111111111111111 0.12339449541284404 0.5115384615384615 0.1779816513761468 0.5111111111111111 0.17844036697247706
0 0.6213675213675214 0.2545871559633027 0.44188034188034186 0.2545871559633027 0.44145299145299144 0.22752293577981653 0.4581196581196581 0.22706422018348624 0.4585470085470085 0.1834862385321101 0.5504273504273505 0.1830275229357798 0.552991452991453 0.18027522935779816 0.5572649572649573 0.17660550458715596 0.5623931623931624 0.1720183486238532 0.5683760683760684 0.1665137614678899 0.5743589743589743 0.1610091743119266 0.5786324786324787 0.1573394495412844 0.6034188034188034 0.1573394495412844 0.6038461538461538 0.24220183486238533 0.6213675213675214 0.2426605504587156 0.6217948717948718 0.25412844036697246 0.6213675213675214 0.2545871559633027
0 0.7068376068376069 0.31330275229357796 0.6273504273504273 0.31330275229357796 0.6269230769230769 0.24311926605504589 0.7068376068376069 0.2426605504587156 0.7072649572649573 0.3128440366972477 0.7068376068376069 0.31330275229357796
0 0.782051282051282 0.31330275229357796 0.711965811965812 0.31330275229357796 0.7115384615384616 0.24311926605504589 0.782051282051282 0.2426605504587156 0.7824786324786325 0.3128440366972477 0.782051282051282 0.31330275229357796
0 0.6213675213675214 0.4738532110091743 0.47435897435897434 0.4738532110091743 0.4735042735042735 0.47293577981651375 0.4700854700854701 0.4701834862385321 0.4683760683760684 0.46926605504587154 0.4670940170940171 0.4688073394495413 0.4666666666666667 0.46743119266055044 0.46495726495726497 0.46743119266055044 0.4623931623931624 0.4646788990825688 0.45897435897435895 0.46192660550458714 0.45555555555555555 0.4591743119266055 0.452991452991453 0.4573394495412844 0.45042735042735044 0.4555045871559633 0.4478632478632479 0.4536697247706422 0.4444444444444444 0.45091743119266053 0.44188034188034186 0.44908256880733943 0.4405982905982906 0.44862385321100917 0.4405982905982906 0.39174311926605504 0.2914529914529915 0.3912844036697248 0.29102564102564105 0.27155963302752295 0.3923076923076923 0.27110091743119263 0.3927350427350427 0.26697247706422017 0.441025641025641 0.2665137614678899 0.44145299145299144 0.25504587155963304 0.6213675213675214 0.2545871559633027 0.6217948717948718 0.47339449541284406 0.6213675213675214 0.4738532110091743
0 0.2863247863247863 0.3912844036697248 0.13675213675213677 0.3912844036697248 0.1363247863247863 0.26055045871559634 0.26495726495726496 0.26009174311926603 0.2653846153846154 0.2706422018348624 0.2863247863247863 0.27110091743119263 0.28675213675213673 0.3908256880733945 0.2863247863247863 0.3912844036697248
0 0.782051282051282 0.4738532110091743 0.6273504273504273 0.4738532110091743 0.6269230769230769 0.3192660550458716 0.782051282051282 0.31880733944954126 0.7824786324786325 0.47339449541284406 0.782051282051282 0.4738532110091743
0 0.27350427350427353 0.8215596330275229 0.12051282051282051 0.8215596330275229 0.12008547008547009 0.5146788990825688 0.27350427350427353 0.5142201834862385 0.27393162393162396 0.8211009174311926 0.27350427350427353 0.8215596330275229
0 0.43504273504273505 0.5885321100917431 0.28974358974358977 0.5885321100917431 0.28931623931623934 0.5348623853211009 0.43504273504273505 0.5344036697247706 0.4354700854700855 0.5880733944954128 0.43504273504273505 0.5885321100917431
0 0.5162393162393163 0.6380733944954129 0.441025641025641 0.6380733944954129 0.4405982905982906 0.5348623853211009 0.5162393162393163 0.5344036697247706 0.5166666666666667 0.6376146788990825 0.5162393162393163 0.6380733944954129
0 0.5170940170940171 0.7206422018348624 0.48205128205128206 0.7206422018348624 0.48162393162393163 0.6825688073394496 0.47863247863247865 0.6821100917431193 0.4782051282051282 0.7146788990825688 0.441025641025641 0.7151376146788991 0.4405982905982906 0.6431192660550459 0.5162393162393163 0.6426605504587156 0.5166666666666667 0.6385321100917432 0.5175213675213676 0.6385321100917432 0.5175213675213676 0.7201834862385321 0.5170940170940171 0.7206422018348624
0 0.7683760683760684 0.7610091743119266 0.5888888888888889 0.7610091743119266 0.5884615384615385 0.6522935779816513 0.5991452991452991 0.6518348623853211 0.5995726495726496 0.6477064220183486 0.5222222222222223 0.6472477064220183 0.5217948717948718 0.5348623853211009 0.6170940170940171 0.5344036697247706 0.6175213675213675 0.6284403669724771 0.6213675213675214 0.6288990825688073 0.6217948717948718 0.6174311926605505 0.7683760683760684 0.6169724770642202 0.7688034188034188 0.7605504587155963 0.7683760683760684 0.7610091743119266
0 0.7683760683760684 0.6114678899082568 0.6222222222222222 0.6114678899082568 0.6217948717948718 0.5348623853211009 0.7683760683760684 0.5344036697247706 0.7688034188034188 0.6110091743119266 0.7683760683760684 0.6114678899082568
0 0.43504273504273505 0.8013761467889908 0.28974358974358977 0.8013761467889908 0.28931623931623934 0.5944954128440367 0.43504273504273505 0.5940366972477065 0.4354700854700855 0.8009174311926606 0.43504273504273505 0.8013761467889908
0 0.5837606837606838 0.7151376146788991 0.5222222222222223 0.7151376146788991 0.5217948717948718 0.6522935779816513 0.5837606837606838 0.6518348623853211 0.5841880341880342 0.7146788990825688 0.5837606837606838 0.7151376146788991
0 0.6111111111111112 0.8169724770642202 0.5367521367521367 0.8169724770642202 0.5363247863247863 0.8018348623853211 0.441025641025641 0.8013761467889908 0.4405982905982906 0.7211009174311926 0.588034188034188 0.7206422018348624 0.5884615384615385 0.7605504587155963 0.6111111111111112 0.7610091743119266 0.6115384615384616 0.8165137614678899 0.6111111111111112 0.8169724770642202
0 0.7683760683760684 0.8931192660550459 0.6170940170940171 0.8931192660550459 0.6166666666666667 0.7669724770642202 0.7683760683760684 0.7665137614678899 0.7688034188034188 0.8926605504587156 0.7683760683760684 0.8931192660550459
0 0.517948717948718 0.8931192660550459 0.441025641025641 0.8931192660550459 0.4405982905982906 0.8073394495412844 0.5316239316239316 0.8068807339449541 0.532051282051282 0.8596330275229358 0.5188034188034188 0.8600917431192661 0.5183760683760684 0.8926605504587156 0.517948717948718 0.8931192660550459
0 0.6111111111111112 0.8931192660550459 0.5367521367521367 0.8931192660550459 0.5363247863247863 0.8229357798165138 0.6111111111111112 0.8224770642201835 0.6115384615384616 0.8926605504587156 0.6111111111111112 0.8931192660550459