0 0.30335731414868106 0.4264448336252189 0.2637889688249401 0.4264448336252189 0.263189448441247 0.3922942206654991 0.15347721822541965 0.3914185639229422 0.1528776978417266 0.2136602451838879 0.30335731414868106 0.212784588441331 0.3039568345323741 0.425569176882662 0.30335731414868106 0.4264448336252189
0 0.4148681055155875 0.4264448336252189 0.30815347721822545 0.4264448336252189 0.30755395683453235 0.2136602451838879 0.4148681055155875 0.212784588441331 0.4154676258992806 0.425569176882662 0.4148681055155875 0.4264448336252189
0 0.6235011990407674 0.47723292469352013 0.5095923261390888 0.47723292469352013 0.5083932853717026 0.4754816112084063 0.420863309352518 0.4754816112084063 0.42026378896882494 0.2136602451838879 0.6235011990407674 0.212784588441331 0.6241007194244604 0.4763572679509632 0.6235011990407674 0.47723292469352013
0 0.7805755395683454 0.4352014010507881 0.6282973621103117 0.4352014010507881 0.6276978417266187 0.2136602451838879 0.7805755395683454 0.212784588441331 0.7811750599520384 0.4343257443082312 0.7805755395683454 0.4352014010507881
0 0.2589928057553957 0.45796847635726795 0.15347721822541965 0.45796847635726795 0.1528776978417266 0.3975481611208406 0.2589928057553957 0.3966725043782837 0.2595923261390887 0.45709281961471104 0.2589928057553957 0.45796847635726795
0 0.4148681055155875 0.7084063047285464 0.3369304556354916 0.7084063047285464 0.3363309352517986 0.563922942206655 0.3303357314148681 0.5551663747810858 0.32194244604316546 0.5411558669001751 0.3213429256594724 0.5385288966725044 0.3183453237410072 0.5359019264448336 0.3117505995203837 0.5245183887915937 0.2637889688249401 0.5245183887915937 0.263189448441247 0.43257443082311736 0.4196642685851319 0.4316987740805604 0.42026378896882494 0.5236427320490368 0.41606714628297364 0.5245183887915937 0.4154676258992806 0.7075306479859895 0.4148681055155875 0.7084063047285464
0 0.7026378896882494 0.5612959719789843 0.6282973621103117 0.5612959719789843 0.6276978417266187 0.4413309982486865 0.7026378896882494 0.4404553415061296 0.7032374100719424 0.5604203152364273 0.7026378896882494 0.5612959719789843
0 0.7805755395683454 0.5612959719789843 0.7074340527577938 0.5612959719789843 0.7068345323741008 0.4413309982486865 0.7805755395683454 0.4404553415061296 0.7811750599520384 0.5604203152364273 0.7805755395683454 0.5612959719789843
0 0.2589928057553957 0.7084063047285464 0.15347721822541965 0.7084063047285464 0.1528776978417266 0.46409807355516636 0.2589928057553957 0.46322241681260945 0.2595923261390887 0.7075306479859895 0.2589928057553957 0.7084063047285464
0 0.6235011990407674 0.7084063047285464 0.420863309352518 0.7084063047285464 0.42026378896882494 0.4763572679509632 0.5083932853717026 0.4754816112084063 0.5089928057553957 0.4816112084063047 0.6235011990407674 0.48248686514886163 0.6241007194244604 0.7075306479859895 0.6235011990407674 0.7084063047285464
0 0.33213429256594723 0.6208406304728546 0.2637889688249401 0.6208406304728546 0.263189448441247 0.5306479859894921 0.30935251798561153 0.5297723292469352 0.31714628297362113 0.5411558669001751 0.32434052757793763 0.553415061295972 0.3273381294964029 0.5595446584938704 0.329136690647482 0.5604203152364273 0.3327338129496403 0.5674255691768827 0.3327338129496403 0.6199649737302977 0.33213429256594723 0.6208406304728546
0 0.7805755395683454 0.7084063047285464 0.6282973621103117 0.7084063047285464 0.6276978417266187 0.5691768826619965 0.7805755395683454 0.5683012259194395 0.7811750599520384 0.7075306479859895 0.7805755395683454 0.7084063047285464
0 0.33213429256594723 0.7084063047285464 0.2637889688249401 0.7084063047285464 0.263189448441247 0.626970227670753 0.33213429256594723 0.6260945709281961 0.3327338129496403 0.7075306479859895 0.33213429256594723 0.7084063047285464