0 0.5891089108910891 0.5379858657243817 0.07095709570957096 0.5379858657243817 0.07013201320132013 0.3244994110718492 0.9306930693069307 0.32420494699646646 0.9315181518151815 0.43521790341578326 0.5924092409240924 0.43551236749116606 0.5915841584158416 0.4416961130742049 0.5899339933993399 0.44228504122497053 0.5899339933993399 0.5376914016489989 0.5891089108910891 0.5379858657243817
0 0.9306930693069307 0.589811542991755 0.7128712871287128 0.589811542991755 0.7120462046204621 0.5530035335689046 0.6881188118811881 0.5527090694935218 0.6872937293729373 0.5471142520612485 0.6089108910891089 0.5468197879858657 0.608085808580858 0.44228504122497053 0.5924092409240924 0.4419905771495877 0.5915841584158416 0.43580683156654887 0.9306930693069307 0.43551236749116606 0.9315181518151815 0.5895170789163722 0.9306930693069307 0.589811542991755
0 0.6864686468646864 0.5532979976442874 0.5907590759075908 0.5532979976442874 0.5899339933993399 0.44228504122497053 0.6072607260726073 0.4419905771495877 0.608085808580858 0.5465253239104829 0.6864686468646864 0.5468197879858657 0.6872937293729373 0.5530035335689046 0.6864686468646864 0.5532979976442874
0 0.6452145214521452 0.8342167255594818 0.47029702970297027 0.8342167255594818 0.46947194719471946 0.732037691401649 0.3564356435643564 0.7317432273262662 0.3556105610561056 0.5382803297997645 0.5891089108910891 0.5379858657243817 0.5899339933993399 0.5530035335689046 0.6864686468646864 0.5532979976442874 0.6881188118811881 0.5527090694935218 0.7112211221122112 0.5527090694935218 0.7120462046204621 0.726148409893993 0.6468646864686468 0.7264428739693758 0.6460396039603961 0.833922261484099 0.6452145214521452 0.8342167255594818
0 0.3415841584158416 0.6598939929328622 0.07095709570957096 0.6598939929328622 0.07013201320132013 0.5429917550058893 0.3415841584158416 0.5426972909305064 0.3424092409240924 0.6595995288574794 0.3415841584158416 0.6598939929328622
0 0.9306930693069307 0.6575382803297998 0.7260726072607261 0.6575382803297998 0.7252475247524752 0.5954063604240283 0.9306930693069307 0.5951118963486455 0.9315181518151815 0.657243816254417 0.9306930693069307 0.6575382803297998
0 0.9306930693069307 0.7264428739693758 0.7260726072607261 0.7264428739693758 0.7252475247524752 0.6631330977620731 0.9306930693069307 0.6628386336866903 0.9315181518151815 0.726148409893993 0.9306930693069307 0.7264428739693758
0 0.33663366336633666 0.7299764428739693 0.08415841584158416 0.7299764428739693 0.08333333333333333 0.6702002355712603 0.23102310231023102 0.6699057714958775 0.23184818481848185 0.6648998822143698 0.33663366336633666 0.664605418138987 0.33745874587458746 0.7296819787985865 0.33663366336633666 0.7299764428739693
0 0.9306930693069307 0.9031213191990577 0.6617161716171617 0.9031213191990577 0.6608910891089109 0.7314487632508834 0.9306930693069307 0.7311542991755006 0.9315181518151815 0.9028268551236749 0.9306930693069307 0.9031213191990577
0 0.45544554455445546 0.9031213191990577 0.07095709570957096 0.9031213191990577 0.07013201320132013 0.7373380447585395 0.45544554455445546 0.7370435806831567 0.45627062706270627 0.9028268551236749 0.45544554455445546 0.9031213191990577
0 0.6452145214521452 0.9031213191990577 0.47029702970297027 0.9031213191990577 0.46947194719471946 0.839811542991755 0.6452145214521452 0.8395170789163722 0.6460396039603961 0.9028268551236749 0.6452145214521452 0.9031213191990577