0 0.3144016227180527 0.27882797731569 0.21095334685598377 0.27882797731569 0.2099391480730223 0.07561436672967864 0.36511156186612576 0.07466918714555766 0.3661257606490872 0.22873345935727787 0.36105476673427994 0.23156899810964082 0.35699797160243407 0.23156899810964082 0.35496957403651114 0.2334593572778828 0.3509127789046653 0.2334593572778828 0.3488843813387424 0.23534971644612476 0.3448275862068966 0.23724007561436672 0.3407707910750507 0.23724007561436672 0.33874239350912777 0.2391304347826087 0.33468559837728196 0.24102079395085066 0.3306288032454361 0.24102079395085066 0.3286004056795132 0.24291115311909262 0.32454361054766734 0.24291115311909262 0.3225152129817444 0.2448015122873346 0.3184584178498986 0.24669187145557656 0.3154158215010142 0.24763705103969755 0.3154158215010142 0.277882797731569 0.3144016227180527 0.27882797731569
0 0.6288032454361054 0.28638941398865786 0.37322515212981744 0.28638941398865786 0.372210953346856 0.07561436672967864 0.6288032454361054 0.07466918714555766 0.6298174442190669 0.28544423440453687 0.6288032454361054 0.28638941398865786
0 0.7890466531440162 0.27882797731569 0.6876267748478702 0.27882797731569 0.6866125760649088 0.2438563327032136 0.6795131845841785 0.24291115311909262 0.6774847870182555 0.24102079395085066 0.6713995943204868 0.24102079395085066 0.6693711967545639 0.2391304347826087 0.665314401622718 0.2391304347826087 0.6632860040567952 0.23724007561436672 0.6572008113590264 0.23724007561436672 0.6551724137931034 0.23534971644612476 0.6490872210953347 0.23534971644612476 0.6470588235294118 0.2334593572778828 0.640973630831643 0.2334593572778828 0.6389452332657201 0.23156899810964082 0.6348884381338742 0.23156899810964082 0.6338742393509128 0.07561436672967864 0.7890466531440162 0.07466918714555766 0.7900608519269777 0.277882797731569 0.7890466531440162 0.27882797731569
0 0.1926977687626775 0.5623818525519849 0.028397565922920892 0.5623818525519849 0.02738336713995943 0.13610586011342155 0.1926977687626775 0.13516068052930058 0.19371196754563894 0.5614366729678639 0.1926977687626775 0.5623818525519849
0 0.9716024340770791 0.5623818525519849 0.8093306288032455 0.5623818525519849 0.808316430020284 0.1890359168241966 0.9716024340770791 0.1880907372400756 0.9726166328600405 0.5614366729678639 0.9716024340770791 0.5623818525519849
0 0.36511156186612576 0.4281663516068053 0.3225152129817444 0.4281663516068053 0.32150101419878296 0.2495274102079395 0.3265720081135903 0.2485822306238185 0.3286004056795132 0.24669187145557656 0.332657200811359 0.24669187145557656 0.33468559837728196 0.2448015122873346 0.33874239350912777 0.24291115311909262 0.34279918864097364 0.24291115311909262 0.3448275862068966 0.24102079395085066 0.3488843813387424 0.24102079395085066 0.3509127789046653 0.2391304347826087 0.35496957403651114 0.23724007561436672 0.359026369168357 0.23724007561436672 0.36105476673427994 0.23534971644612476 0.36511156186612576 0.2334593572778828 0.3661257606490872 0.2892249527410208 0.40162271805273836 0.29017013232514177 0.4026369168356998 0.3270321361058601 0.3671399594320487 0.3279773156899811 0.3661257606490872 0.42722117202268434 0.36511156186612576 0.4281663516068053
0 0.6795131845841785 0.4281663516068053 0.6348884381338742 0.4281663516068053 0.6338742393509128 0.32892249527410206 0.5983772819472617 0.3279773156899811 0.5973630831643002 0.29111531190926276 0.6328600405679513 0.29017013232514177 0.6338742393509128 0.2381852551984877 0.640973630831643 0.23724007561436672 0.6430020283975659 0.2391304347826087 0.6470588235294118 0.2391304347826087 0.6490872210953347 0.24102079395085066 0.6551724137931034 0.24102079395085066 0.6572008113590264 0.24291115311909262 0.6632860040567952 0.24291115311909262 0.665314401622718 0.2448015122873346 0.6713995943204868 0.2448015122873346 0.6734279918864098 0.24669187145557656 0.6795131845841785 0.24669187145557656 0.6805273833671399 0.42722117202268434 0.6795131845841785 0.4281663516068053
0 0.3144016227180527 0.4224952741020794 0.21095334685598377 0.4224952741020794 0.2099391480730223 0.28544423440453687 0.3144016227180527 0.2844990548204159 0.3154158215010142 0.4215500945179584 0.3144016227180527 0.4224952741020794
0 0.7890466531440162 0.4224952741020794 0.6876267748478702 0.4224952741020794 0.6866125760649088 0.28544423440453687 0.7890466531440162 0.2844990548204159 0.7900608519269777 0.4215500945179584 0.7890466531440162 0.4224952741020794
0 0.4908722109533469 0.3544423440453686 0.41379310344827586 0.3544423440453686 0.4127789046653144 0.2948960302457467 0.4908722109533469 0.2939508506616257 0.4918864097363083 0.3534971644612476 0.4908722109533469 0.3544423440453686
0 0.5862068965517241 0.3544423440453686 0.5091277890466531 0.3544423440453686 0.5081135902636917 0.2948960302457467 0.5862068965517241 0.2939508506616257 0.5872210953346856 0.3534971644612476 0.5862068965517241 0.3544423440453686
0 0.4908722109533469 0.43383742911153117 0.37322515212981744 0.43383742911153117 0.372210953346856 0.332703213610586 0.40162271805273836 0.33175803402646503 0.4026369168356998 0.3629489603024575 0.4908722109533469 0.3638941398865784 0.4918864097363083 0.43289224952741023 0.4908722109533469 0.43383742911153117
0 0.6288032454361054 0.43383742911153117 0.5091277890466531 0.43383742911153117 0.5081135902636917 0.3648393194706994 0.5963488843813387 0.3638941398865784 0.5973630831643002 0.332703213610586 0.6288032454361054 0.33175803402646503 0.6298174442190669 0.43289224952741023 0.6288032454361054 0.43383742911153117
0 0.3022312373225152 0.4678638941398866 0.21095334685598377 0.4678638941398866 0.2099391480730223 0.42911153119092627 0.3022312373225152 0.4281663516068053 0.30324543610547666 0.4669187145557656 0.3022312373225152 0.4678638941398866
0 0.49290060851926976 0.5642722117202268 0.30628803245436104 0.5642722117202268 0.3052738336713996 0.4725897920604915 0.30730223123732253 0.4706994328922495 0.30730223123732253 0.42911153119092627 0.36511156186612576 0.4281663516068053 0.3661257606490872 0.44045368620037806 0.49290060851926976 0.44139886578449905 0.49391480730223125 0.5633270321361059 0.49290060851926976 0.5642722117202268
0 0.6957403651115619 0.5642722117202268 0.5070993914807302 0.5642722117202268 0.5060851926977687 0.44234404536862004 0.6328600405679513 0.44139886578449905 0.6338742393509128 0.42911153119092627 0.691683569979716 0.4281663516068053 0.6926977687626775 0.4706994328922495 0.6967545638945233 0.4725897920604915 0.6967545638945233 0.5633270321361059 0.6957403651115619 0.5642722117202268
0 0.7890466531440162 0.4678638941398866 0.6977687626774848 0.4678638941398866 0.6967545638945233 0.42911153119092627 0.7890466531440162 0.4281663516068053 0.7900608519269777 0.4669187145557656 0.7890466531440162 0.4678638941398866
0 0.30425963488843816 0.5623818525519849 0.21095334685598377 0.5623818525519849 0.2099391480730223 0.4725897920604915 0.30425963488843816 0.4716446124763705 0.3052738336713996 0.5614366729678639 0.30425963488843816 0.5623818525519849
0 0.7890466531440162 0.5623818525519849 0.6977687626774848 0.5623818525519849 0.6967545638945233 0.4725897920604915 0.7890466531440162 0.4716446124763705 0.7900608519269777 0.5614366729678639 0.7890466531440162 0.5623818525519849
0 0.49290060851926976 0.7684310018903592 0.21095334685598377 0.7684310018903592 0.2099391480730223 0.5689981096408318 0.30425963488843816 0.5680529300567108 0.30628803245436104 0.5642722117202268 0.49290060851926976 0.5642722117202268 0.49391480730223125 0.7674858223062382 0.49290060851926976 0.7684310018903592
0 0.7890466531440162 0.7684310018903592 0.5070993914807302 0.7684310018903592 0.5060851926977687 0.5652173913043478 0.6957403651115619 0.5642722117202268 0.6977687626774848 0.5680529300567108 0.7890466531440162 0.5680529300567108 0.7900608519269777 0.7674858223062382 0.7890466531440162 0.7684310018903592
0 0.8032454361054767 0.9763705103969754 0.1947261663286004 0.9763705103969754 0.19371196754563894 0.9035916824196597 0.8032454361054767 0.9026465028355387 0.8042596348884381 0.9754253308128544 0.8032454361054767 0.9763705103969754