0 0.6429075511644319 0.4459111397295557 0.5391672547635851 0.4459111397295557 0.5388143966125617 0.2762395363811977 0.7551164431898377 0.2759175788795879 0.755469301340861 0.4179008370895042 0.6436132674664785 0.418222794591114 0.6432604093154551 0.4455891822279459 0.6429075511644319 0.4459111397295557
0 0.3733239237826394 0.44977462974887317 0.06916019760056458 0.44977462974887317 0.06880733944954129 0.2781712813908564 0.3733239237826394 0.2778493238892466 0.37367678193366266 0.4494526722472634 0.3733239237826394 0.44977462974887317
0 0.844742413549753 0.3654217643271088 0.7657021877205363 0.3654217643271088 0.7653493295695131 0.2781712813908564 0.844742413549753 0.2778493238892466 0.8450952717007763 0.36509980682549903 0.844742413549753 0.3654217643271088
0 0.817925194071983 0.5103026400515132 0.7593507410021172 0.5103026400515132 0.7589978828510938 0.37475853187379266 0.8489767113620325 0.37443657437218286 0.8493295695130557 0.4996780424983902 0.8186309103740297 0.5 0.8182780522230063 0.5099806825499034 0.817925194071983 0.5103026400515132
0 0.7551164431898377 0.5379909851899549 0.5462244177840508 0.5379909851899549 0.5458715596330275 0.45009658725048296 0.6464361326746648 0.44977462974887317 0.6467889908256881 0.4224082421120412 0.7551164431898377 0.4220862846104314 0.755469301340861 0.5376690276883451 0.7551164431898377 0.5379909851899549
0 0.205363443895554 0.6216999356084997 0.06916019760056458 0.6216999356084997 0.06880733944954129 0.45009658725048296 0.2018348623853211 0.44977462974887317 0.2021877205363444 0.5660012878300065 0.205363443895554 0.5663232453316163 0.2057163020465773 0.6213779781068899 0.205363443895554 0.6216999356084997
0 0.27805222300635146 0.5296200901481004 0.20606916019760058 0.5296200901481004 0.2057163020465773 0.45396007726980037 0.27805222300635146 0.4536381197681906 0.2784050811573747 0.5292981326464906 0.27805222300635146 0.5296200901481004
0 0.3733239237826394 0.5296200901481004 0.27875793930839804 0.5296200901481004 0.2784050811573747 0.45396007726980037 0.3415666901905434 0.4536381197681906 0.3419195483415667 0.46297488731487446 0.3733239237826394 0.4632968448164842 0.37367678193366266 0.5292981326464906 0.3733239237826394 0.5296200901481004
0 0.3733239237826394 0.689311010946555 0.20606916019760058 0.689311010946555 0.2057163020465773 0.5344494526722473 0.3733239237826394 0.5341274951706375 0.37367678193366266 0.6889890534449453 0.3733239237826394 0.689311010946555
0 0.7021877205363444 0.6867353509336768 0.5391672547635851 0.6867353509336768 0.5388143966125617 0.5415325177076626 0.7021877205363444 0.5412105602060528 0.7025405786873676 0.686413393432067 0.7021877205363444 0.6867353509336768
0 0.8489767113620325 0.6867353509336768 0.7064220183486238 0.6867353509336768 0.7060691601976006 0.5415325177076626 0.8489767113620325 0.5412105602060528 0.8493295695130557 0.686413393432067 0.8489767113620325 0.6867353509336768
0 0.19971771347918138 0.689311010946555 0.06916019760056458 0.689311010946555 0.06880733944954129 0.6265292981326465 0.19971771347918138 0.6262073406310367 0.20007057163020467 0.6889890534449453 0.19971771347918138 0.689311010946555
0 0.4488355681016232 0.8689632968448164 0.3076923076923077 0.8689632968448164 0.3073394495412844 0.7830006439150032 0.4488355681016232 0.7826786864133934 0.44918842625264643 0.8686413393432066 0.4488355681016232 0.8689632968448164