0 0.38905413444378345 0.33517763541059986 0.27186198691255203 0.33517763541059986 0.2715645449137418 0.31624927198602215 0.2682926829268293 0.3159580663948748 0.267995240928019 0.33488642981945255 0.23557406305770376 0.33517763541059986 0.23527662105889352 0.31624927198602215 0.23200475907198095 0.3159580663948748 0.23170731707317074 0.33488642981945255 0.10886377156454491 0.33517763541059986 0.10856632956573468 0.12230634828188701 0.33908387864366446 0.12201514269073967 0.3393813206424747 0.1782178217821782 0.38905413444378345 0.17850902737332558 0.3893515764425937 0.33488642981945255 0.38905413444378345 0.33517763541059986
0 0.8994646044021416 0.3357600465928946 0.7376561570493754 0.3357600465928946 0.7373587150505652 0.31683168316831684 0.7352766210588935 0.31654047757716947 0.7349791790600833 0.33546884100174723 0.6995835812016656 0.3357600465928946 0.6992861392028554 0.31683168316831684 0.6972040452111838 0.31654047757716947 0.6969066032123736 0.33546884100174723 0.620464009518144 0.3357600465928946 0.6201665675193337 0.17996505532906232 0.6704342653182629 0.17967384973791498 0.6707317073170732 0.12347117064647642 0.8994646044021416 0.12317996505532906 0.8997620464009518 0.33546884100174723 0.8994646044021416 0.3357600465928946
0 0.33967876264128494 0.4370995923121724 0.10886377156454491 0.4370995923121724 0.10856632956573468 0.3832265579499126 0.1386079714455681 0.3829353523587653 0.13890541344437835 0.41059988351776355 0.14158239143367043 0.41089108910891087 0.14187983343248067 0.3972044263249854 0.19155264723378942 0.3969132207338381 0.19185008923259964 0.3890506697728596 0.21237358715050564 0.3887594641817123 0.21267102914931588 0.39603960396039606 0.21475312314098752 0.3963308095515434 0.21505056513979773 0.37740244612696566 0.21296847114812612 0.3771112405358183 0.21267102914931588 0.38380896913220736 0.19214753123140987 0.38410017472335467 0.19185008923259964 0.37798485730926035 0.1885782272456871 0.377693651718113 0.18828078524687686 0.39370995923121727 0.1421772754312909 0.3940011648223646 0.14187983343248067 0.37798485730926035 0.10886377156454491 0.377693651718113 0.10856632956573468 0.3500291205591147 0.13503866745984533 0.3497379149679674 0.13533610945865557 0.33896330809551545 0.38905413444378345 0.3386721025043681 0.3893515764425937 0.39662201514269074 0.3402736466389054 0.3969132207338381 0.3399762046400952 0.43680838672102507 0.33967876264128494 0.4370995923121724
0 0.8994646044021416 0.4370995923121724 0.6698393813206425 0.4370995923121724 0.6695419393218323 0.39662201514269074 0.620464009518144 0.3963308095515434 0.6201665675193337 0.33954571927781013 0.8732897085068412 0.33925451368666276 0.8735871505056514 0.34944670937682004 0.8994646044021416 0.3497379149679674 0.8997620464009518 0.37740244612696566 0.8667459845330161 0.377693651718113 0.8664485425342058 0.3931275480489225 0.8215348007138608 0.3934187536400699 0.8212373587150505 0.37798485730926035 0.817965496728138 0.377693651718113 0.8176680547293278 0.3832265579499126 0.7965496728138013 0.38351776354106 0.7962522308149911 0.37798485730926035 0.7929803688280785 0.377693651718113 0.7926829268292683 0.39662201514269074 0.7959547888161809 0.3969132207338381 0.7962522308149911 0.3890506697728596 0.8173706127305176 0.3887594641817123 0.8176680547293278 0.39662201514269074 0.8661511005353956 0.3969132207338381 0.8664485425342058 0.41118229470005824 0.8697204045211184 0.4114735002912056 0.8700178465199286 0.38264414676761793 0.8994646044021416 0.38235294117647056 0.8997620464009518 0.43680838672102507 0.8994646044021416 0.4370995923121724
0 0.7679952409280191 0.6863715783343041 0.6656751933372992 0.6863715783343041 0.665377751338489 0.65055329062318 0.669244497323022 0.6502620850320326 0.6695419393218323 0.594059405940594 0.7679952409280191 0.5937682003494467 0.7682926829268293 0.6860803727431567 0.7679952409280191 0.6863715783343041
0 0.9006543723973826 0.6863715783343041 0.7721594289113622 0.6863715783343041 0.771861986912552 0.6552125800815376 0.7947650208209399 0.6549213744903902 0.7950624628197501 0.6517181129877694 0.7721594289113622 0.651426907396622 0.771861986912552 0.594059405940594 0.9006543723973826 0.5937682003494467 0.9009518143961928 0.6860803727431567 0.9006543723973826 0.6863715783343041
0 0.23676383105294468 0.6863715783343041 0.10886377156454491 0.6863715783343041 0.10856632956573468 0.5946418171228888 0.23676383105294468 0.5943506115317414 0.2370612730517549 0.6511357018054746 0.21534800713860797 0.651426907396622 0.21505056513979773 0.6546301688992429 0.23676383105294468 0.6549213744903902 0.2370612730517549 0.6860803727431567 0.23676383105294468 0.6863715783343041
0 0.34443783462224864 0.6863715783343041 0.2409280190362879 0.6863715783343041 0.2406305770374777 0.5946418171228888 0.33967876264128494 0.5943506115317414 0.3399762046400952 0.6499708794408853 0.34443783462224864 0.6502620850320326 0.3447352766210589 0.6860803727431567 0.34443783462224864 0.6863715783343041
0 0.3896490184414039 0.8762376237623762 0.35633551457465795 0.8762376237623762 0.3560380725758477 0.8689574839836924 0.35157644259369425 0.8686662783925452 0.351279000594884 0.856144437973209 0.30696014277215944 0.8558532323820618 0.3066627007733492 0.7850902737332557 0.2843545508625818 0.7847990681421083 0.28405710886377156 0.726266744321491 0.30696014277215944 0.7259755387303436 0.30725758477096965 0.7233546884100175 0.2082093991671624 0.7230634828188701 0.20791195716835217 0.6907396622015143 0.34443783462224864 0.6904484566103669 0.3447352766210589 0.807804309842749 0.3509815585960738 0.8080955154338963 0.351279000594884 0.65055329062318 0.3896490184414039 0.6502620850320326 0.38994646044021414 0.8759464181712289 0.3896490184414039 0.8762376237623762
0 0.6531826293872695 0.8762376237623762 0.6198691255205235 0.8762376237623762 0.6195716835217132 0.65055329062318 0.6579417013682332 0.6502620850320326 0.6582391433670435 0.8089691322073383 0.6650803093396788 0.8092603377984857 0.665377751338489 0.6907396622015143 0.8019036287923855 0.6904484566103669 0.8022010707911957 0.7227722772277227 0.702558001189768 0.7230634828188701 0.7022605591909578 0.7256843331391962 0.7251635930993456 0.7259755387303436 0.7254610350981558 0.7880023296447292 0.702558001189768 0.7882935352358765 0.7022605591909578 0.8549796156086197 0.6585365853658537 0.855270821199767 0.6582391433670435 0.8683750728013978 0.65377751338489 0.8686662783925452 0.6534800713860797 0.8759464181712289 0.6531826293872695 0.8762376237623762
0 0.5026769779892921 0.7207338380896913 0.40630577037477694 0.7207338380896913 0.4060083283759667 0.6697728596389051 0.5026769779892921 0.6694816540477577 0.5029744199881023 0.720442632498544 0.5026769779892921 0.7207338380896913
0 0.6038072575847709 0.7207338380896913 0.5068411659726353 0.7207338380896913 0.5065437239738251 0.6697728596389051 0.6038072575847709 0.6694816540477577 0.6041046995835812 0.720442632498544 0.6038072575847709 0.7207338380896913
0 0.9006543723973826 0.7277227722772277 0.8060678167757287 0.7277227722772277 0.8057703747769185 0.6901572510192195 0.9006543723973826 0.6898660454280722 0.9009518143961928 0.7274315666860803 0.9006543723973826 0.7277227722772277
0 0.20345032718619868 0.7277227722772277 0.10886377156454491 0.7277227722772277 0.10856632956573468 0.6907396622015143 0.20345032718619868 0.6904484566103669 0.20374776918500892 0.7274315666860803 0.20345032718619868 0.7277227722772277
0 0.2694824509220702 0.9088526499708794 0.2082093991671624 0.9088526499708794 0.20791195716835217 0.856144437973209 0.2361689470553242 0.8558532323820618 0.23646638905413445 0.8526499708794408 0.2082093991671624 0.8523587652882936 0.20791195716835217 0.7559697146185207 0.2361689470553242 0.7556785090273733 0.23646638905413445 0.7530576587070472 0.2082093991671624 0.7527664531158998 0.20791195716835217 0.726266744321491 0.280785246876859 0.7259755387303436 0.28108268887566923 0.7874199184624345 0.30339083878643663 0.7877111240535818 0.3036882807852469 0.8555620267909144 0.27007733491969066 0.8558532323820618 0.26977989292088045 0.860221316249272 0.2712671029149316 0.8605125218404194 0.2715645449137418 0.906814210832848 0.27007733491969066 0.9071054164239953 0.26977989292088045 0.9085614443797321 0.2694824509220702 0.9088526499708794
0 0.801308744794765 0.9094350611531742 0.7400356930398573 0.9094350611531742 0.739738251041047 0.8555620267909144 0.7096966091612136 0.855270821199767 0.7093991671624034 0.8246942341292953 0.7394408090422367 0.824403028538148 0.739738251041047 0.8217821782178217 0.7061273051754908 0.8214909726266745 0.7058298631766805 0.7920792079207921 0.7287328970850684 0.7917880023296447 0.7290303390838786 0.726266744321491 0.801308744794765 0.7259755387303436 0.8016061867935752 0.8206173558532324 0.7751338488994646 0.8209085614443797 0.7748364069006544 0.8241118229470006 0.801308744794765 0.824403028538148 0.8016061867935752 0.9091438555620268 0.801308744794765 0.9094350611531742
0 0.20345032718619868 0.9088526499708794 0.10886377156454491 0.9088526499708794 0.10856632956573468 0.7315084449621433 0.20345032718619868 0.7312172393709959 0.20374776918500892 0.9085614443797321 0.20345032718619868 0.9088526499708794
0 0.9006543723973826 0.9094350611531742 0.8060678167757287 0.9094350611531742 0.8057703747769185 0.7320908561444379 0.9006543723973826 0.7317996505532907 0.9009518143961928 0.9091438555620268 0.9006543723973826 0.9094350611531742
0 0.3367043426531826 0.9071054164239953 0.27543129089827484 0.9071054164239953 0.27513384889946463 0.8608037274315666 0.3367043426531826 0.8605125218404194 0.3370017846519929 0.906814210832848 0.3367043426531826 0.9071054164239953
0 0.734681737061273 0.9071054164239953 0.6722189173111244 0.9071054164239953 0.671921475312314 0.8631333721607455 0.734681737061273 0.8628421665695981 0.7349791790600833 0.906814210832848 0.734681737061273 0.9071054164239953