0 0.47268408551068886 0.2690288713910761 0.39667458432304037 0.2690288713910761 0.39608076009501186 0.11286089238845144 0.47268408551068886 0.1115485564304462 0.47327790973871736 0.2677165354330709 0.47268408551068886 0.2690288713910761
0 0.6318289786223278 0.39763779527559057 0.5249406175771971 0.39763779527559057 0.5243467933491687 0.12073490813648294 0.6318289786223278 0.1194225721784777 0.6324228028503563 0.3963254593175853 0.6318289786223278 0.39763779527559057
0 0.8147268408551069 0.39501312335958005 0.6389548693586699 0.39501312335958005 0.6383610451306413 0.12073490813648294 0.8147268408551069 0.1194225721784777 0.8153206650831354 0.3937007874015748 0.8147268408551069 0.39501312335958005
0 0.9536817102137767 0.8175853018372703 0.815914489311164 0.8175853018372703 0.8153206650831354 0.12073490813648294 0.9536817102137767 0.1194225721784777 0.9542755344418052 0.8162729658792651 0.9536817102137767 0.8175853018372703
0 0.1828978622327791 0.2690288713910761 0.047505938242280284 0.2690288713910761 0.04691211401425178 0.17060367454068243 0.1828978622327791 0.16929133858267717 0.1834916864608076 0.2677165354330709 0.1828978622327791 0.2690288713910761
0 0.1543942992874109 0.46062992125984253 0.047505938242280284 0.46062992125984253 0.04691211401425178 0.29396325459317585 0.1543942992874109 0.2926509186351706 0.15498812351543942 0.45931758530183725 0.1543942992874109 0.46062992125984253
0 0.21971496437054633 0.5971128608923885 0.16152019002375298 0.5971128608923885 0.16092636579572447 0.29396325459317585 0.26247030878859856 0.2926509186351706 0.26306413301662707 0.33858267716535434 0.2642517814726841 0.34120734908136485 0.2642517814726841 0.3858267716535433 0.2209026128266033 0.38713910761154857 0.22030878859857483 0.5958005249343832 0.21971496437054633 0.5971128608923885
0 0.332541567695962 0.38713910761154857 0.27078384798099764 0.38713910761154857 0.27019002375296913 0.29396325459317585 0.332541567695962 0.2926509186351706 0.3331353919239905 0.3858267716535433 0.332541567695962 0.38713910761154857
0 0.39073634204275537 0.7335958005249343 0.3159144893111639 0.7335958005249343 0.3153206650831354 0.6115485564304461 0.33729216152019004 0.610236220472441 0.33788598574821854 0.5984251968503937 0.33907363420427555 0.5958005249343832 0.33907363420427555 0.5013123359580053 0.33788598574821854 0.49868766404199477 0.33788598574821854 0.29396325459317585 0.39073634204275537 0.2926509186351706 0.3913301662707839 0.7322834645669292 0.39073634204275537 0.7335958005249343
0 0.47743467933491684 0.43963254593175854 0.42399049881235157 0.43963254593175854 0.42339667458432306 0.3779527559055118 0.39667458432304037 0.3766404199475066 0.39608076009501186 0.29396325459317585 0.47743467933491684 0.2926509186351706 0.47802850356294535 0.43832020997375326 0.47743467933491684 0.43963254593175854
0 0.4192399049881235 0.4868766404199475 0.39667458432304037 0.4868766404199475 0.39608076009501186 0.3884514435695538 0.4192399049881235 0.38713910761154857 0.41983372921615203 0.48556430446194226 0.4192399049881235 0.4868766404199475
0 0.8147268408551069 0.60498687664042 0.6389548693586699 0.60498687664042 0.6383610451306413 0.3963254593175853 0.8147268408551069 0.39501312335958005 0.8153206650831354 0.6036745406824147 0.8147268408551069 0.60498687664042
0 0.33729216152019004 0.4868766404199475 0.22565320665083136 0.4868766404199475 0.22505938242280285 0.4015748031496063 0.33729216152019004 0.400262467191601 0.33788598574821854 0.48556430446194226 0.33729216152019004 0.4868766404199475
0 0.5831353919239906 0.55249343832021 0.5249406175771971 0.55249343832021 0.5243467933491687 0.4094488188976378 0.5831353919239906 0.40813648293963256 0.583729216152019 0.5511811023622047 0.5831353919239906 0.55249343832021
0 0.6318289786223278 0.60498687664042 0.6128266033254157 0.60498687664042 0.6122327790973872 0.5538057742782152 0.5890736342042755 0.55249343832021 0.588479809976247 0.4094488188976378 0.6318289786223278 0.40813648293963256 0.6324228028503563 0.6036745406824147 0.6318289786223278 0.60498687664042
0 0.47743467933491684 0.7335958005249343 0.39667458432304037 0.7335958005249343 0.39608076009501186 0.49868766404199477 0.42280285035629456 0.4973753280839895 0.42339667458432306 0.4409448818897638 0.47743467933491684 0.43963254593175854 0.47802850356294535 0.7322834645669292 0.47743467933491684 0.7335958005249343
0 0.1543942992874109 0.5971128608923885 0.047505938242280284 0.5971128608923885 0.04691211401425178 0.47506561679790027 0.1543942992874109 0.473753280839895 0.15498812351543942 0.5958005249343832 0.1543942992874109 0.5971128608923885
0 0.30997624703087884 0.8149606299212598 0.16152019002375298 0.8149606299212598 0.16092636579572447 0.6115485564304461 0.22446555819477435 0.610236220472441 0.22505938242280285 0.5013123359580053 0.33847980997624705 0.5 0.33907363420427555 0.5958005249343832 0.31116389548693585 0.5971128608923885 0.31057007125890734 0.8136482939632546 0.30997624703087884 0.8149606299212598
0 0.6852731591448931 0.8175853018372703 0.5249406175771971 0.8175853018372703 0.5243467933491687 0.5643044619422573 0.6068883610451307 0.562992125984252 0.6074821852731591 0.6141732283464567 0.6852731591448931 0.615485564304462 0.6858669833729216 0.8162729658792651 0.6852731591448931 0.8175853018372703
0 0.1543942992874109 0.8149606299212598 0.047505938242280284 0.8149606299212598 0.04691211401425178 0.6115485564304461 0.10926365795724466 0.610236220472441 0.10985748218527316 0.7401574803149606 0.1543942992874109 0.7414698162729659 0.15498812351543942 0.8136482939632546 0.1543942992874109 0.8149606299212598
0 0.1543942992874109 0.7283464566929134 0.11520190023752969 0.7283464566929134 0.11460807600950118 0.6115485564304461 0.1543942992874109 0.610236220472441 0.15498812351543942 0.7270341207349081 0.1543942992874109 0.7283464566929134
0 0.8099762470308789 0.8175853018372703 0.6912114014251781 0.8175853018372703 0.6906175771971497 0.6167979002624672 0.8099762470308789 0.615485564304462 0.8105700712589073 0.8162729658792651 0.8099762470308789 0.8175853018372703