0 0.5369030390738061 0.4015957446808511 0.07525325615050651 0.4015957446808511 0.07452966714905933 0.07801418439716312 0.5369030390738061 0.07712765957446809 0.5376266280752533 0.40070921985815605 0.5369030390738061 0.4015957446808511
0 0.6208393632416788 0.26861702127659576 0.5455861070911722 0.26861702127659576 0.5448625180897251 0.07801418439716312 0.6208393632416788 0.07712765957446809 0.6215629522431259 0.26773049645390073 0.6208393632416788 0.26861702127659576
0 0.85383502170767 0.3537234042553192 0.6295224312590448 0.3537234042553192 0.6287988422575976 0.07801418439716312 0.85383502170767 0.07712765957446809 0.8545586107091172 0.3528368794326241 0.85383502170767 0.3537234042553192
0 0.9638205499276411 0.7916666666666666 0.8813314037626628 0.7916666666666666 0.8806078147612156 0.7624113475177305 0.5455861070911722 0.7615248226950354 0.5448625180897251 0.2783687943262411 0.6208393632416788 0.2774822695035461 0.6215629522431259 0.3617021276595745 0.638205499276411 0.3625886524822695 0.6389290882778582 0.5780141843971631 0.85383502170767 0.5789007092198581 0.8545586107091172 0.6294326241134752 0.9638205499276411 0.6303191489361702 0.9645441389290883 0.7907801418439716 0.9638205499276411 0.7916666666666666
0 0.85383502170767 0.5700354609929078 0.6468885672937771 0.5700354609929078 0.64616497829233 0.36347517730496454 0.85383502170767 0.3625886524822695 0.8545586107091172 0.5691489361702128 0.85383502170767 0.5700354609929078
0 0.5369030390738061 0.6693262411347518 0.07525325615050651 0.6693262411347518 0.07452966714905933 0.41134751773049644 0.44138929088277856 0.4104609929078014 0.44211287988422576 0.5780141843971631 0.5369030390738061 0.5789007092198581 0.5376266280752533 0.6684397163120568 0.5369030390738061 0.6693262411347518
0 0.5369030390738061 0.5718085106382979 0.44862518089725034 0.5718085106382979 0.4479015918958032 0.41134751773049644 0.5369030390738061 0.4104609929078014 0.5376266280752533 0.5709219858156028 0.5369030390738061 0.5718085106382979
0 0.9551374819102749 0.6214539007092199 0.8625180897250362 0.6214539007092199 0.861794500723589 0.526595744680851 0.9551374819102749 0.525709219858156 0.9558610709117221 0.6205673758865248 0.9551374819102749 0.6214539007092199
0 0.4732272069464544 0.9512411347517731 0.07525325615050651 0.9512411347517731 0.07452966714905933 0.6790780141843972 0.5369030390738061 0.6781914893617021 0.5376266280752533 0.9361702127659575 0.47467438494934877 0.9370567375886525 0.47395079594790157 0.950354609929078 0.4732272069464544 0.9512411347517731
0 0.6874095513748191 0.9512411347517731 0.5643994211287988 0.9512411347517731 0.5636758321273516 0.9379432624113475 0.5455861070911722 0.9370567375886525 0.5448625180897251 0.799645390070922 0.5629522431259045 0.7987588652482269 0.5636758321273516 0.7712765957446809 0.6874095513748191 0.7703900709219859 0.6881331403762663 0.950354609929078 0.6874095513748191 0.9512411347517731
0 0.7206946454413893 0.8537234042553191 0.6960926193921853 0.8537234042553191 0.695369030390738 0.7712765957446809 0.7612156295224313 0.7703900709219859 0.7619392185238785 0.8262411347517731 0.7583212735166426 0.8289007092198581 0.7554269175108539 0.8306737588652482 0.7525325615050651 0.8324468085106383 0.748191027496382 0.8359929078014184 0.7452966714905933 0.8377659574468085 0.7424023154848046 0.8395390070921985 0.7395079594790159 0.8413120567375887 0.7366136034732272 0.8430851063829787 0.7337192474674384 0.8448581560283688 0.7308248914616498 0.8466312056737588 0.7279305354558611 0.848404255319149 0.7250361794500724 0.850177304964539 0.7206946454413893 0.8537234042553191
0 0.8393632416787264 0.9512411347517731 0.6960926193921853 0.9512411347517731 0.695369030390738 0.8617021276595744 0.7221418234442837 0.8608156028368794 0.723589001447178 0.8590425531914894 0.7264833574529667 0.8572695035460993 0.7293777134587555 0.8554964539007093 0.7322720694645442 0.8537234042553191 0.7351664254703328 0.8519503546099291 0.7380607814761215 0.850177304964539 0.7409551374819102 0.848404255319149 0.743849493487699 0.8466312056737588 0.7467438494934877 0.8448581560283688 0.7496382054992764 0.8430851063829787 0.7525325615050651 0.8413120567375887 0.7554269175108539 0.8395390070921985 0.7583212735166426 0.8377659574468085 0.7612156295224313 0.8359929078014184 0.76410998552822 0.8342198581560284 0.7677279305354558 0.8315602836879432 0.7677279305354558 0.8031914893617021 0.8393632416787264 0.8023049645390071 0.8400868306801736 0.950354609929078 0.8393632416787264 0.9512411347517731