0 0.20419847328244276 0.4898936170212766 0.09096692111959287 0.4898936170212766 0.08778625954198473 0.4845744680851064 0.08142493638676845 0.475 0.07410941475826972 0.46382978723404256 0.07410941475826972 0.20638297872340425 0.23282442748091603 0.20585106382978724 0.23314249363867684 0.48829787234042554 0.20483460559796438 0.4888297872340426 0.20419847328244276 0.4898936170212766
0 0.31170483460559795 0.36648936170212765 0.23918575063613232 0.36648936170212765 0.2388676844783715 0.20638297872340425 0.31170483460559795 0.20585106382978724 0.31202290076335876 0.3659574468085106 0.31170483460559795 0.36648936170212765
0 0.3657760814249364 0.25372340425531914 0.31806615776081426 0.25372340425531914 0.31774809160305345 0.20638297872340425 0.3657760814249364 0.20585106382978724 0.3660941475826972 0.2531914893617021 0.3657760814249364 0.25372340425531914
0 0.3460559796437659 0.6569148936170213 0.20483460559796438 0.6569148936170213 0.20451653944020357 0.5787234042553191 0.27353689567430023 0.5781914893617022 0.2738549618320611 0.46063829787234045 0.2684478371501272 0.4601063829787234 0.2681297709923664 0.5723404255319149 0.20483460559796438 0.5728723404255319 0.20451653944020357 0.48936170212765956 0.2385496183206107 0.4888297872340426 0.2388676844783715 0.37446808510638296 0.31743002544529264 0.373936170212766 0.31774809160305345 0.25957446808510637 0.36895674300254455 0.2590425531914894 0.36927480916030536 0.20638297872340425 0.45674300254452926 0.20585106382978724 0.4570610687022901 0.28829787234042553 0.45642493638676845 0.28936170212765955 0.45642493638676845 0.37127659574468086 0.3466921119592875 0.3718085106382979 0.3463740458015267 0.6563829787234042 0.3460559796437659 0.6569148936170213
0 0.7245547073791349 0.36648936170212765 0.5699745547073791 0.36648936170212765 0.5696564885496184 0.20638297872340425 0.7245547073791349 0.20585106382978724 0.7248727735368957 0.3659574468085106 0.7245547073791349 0.36648936170212765
0 0.8027989821882952 0.36648936170212765 0.7309160305343512 0.36648936170212765 0.7305979643765903 0.20638297872340425 0.8027989821882952 0.20585106382978724 0.803117048346056 0.3659574468085106 0.8027989821882952 0.36648936170212765
0 0.8384223918575063 0.3728723404255319 0.8091603053435115 0.3728723404255319 0.8088422391857506 0.20638297872340425 0.9472010178117048 0.20585106382978724 0.9475190839694656 0.3702127659574468 0.839058524173028 0.3707446808510638 0.8384223918575063 0.3728723404255319
0 0.6380407124681934 0.45053191489361705 0.5699745547073791 0.45053191489361705 0.5696564885496184 0.37340425531914895 0.6380407124681934 0.3728723404255319 0.6383587786259542 0.45 0.6380407124681934 0.45053191489361705
0 0.6940203562340967 0.4803191489361702 0.6418575063613231 0.4803191489361702 0.6415394402035624 0.37340425531914895 0.6940203562340967 0.3728723404255319 0.6943384223918575 0.4797872340425532 0.6940203562340967 0.4803191489361702
0 0.8384223918575063 0.6484042553191489 0.6978371501272265 0.6484042553191489 0.6975190839694656 0.37340425531914895 0.8384223918575063 0.3728723404255319 0.8387404580152672 0.6478723404255319 0.8384223918575063 0.6484042553191489
0 0.9472010178117048 0.5952127659574468 0.8447837150127226 0.5952127659574468 0.8444656488549618 0.37659574468085105 0.910941475826972 0.376063829787234 0.9112595419847328 0.39148936170212767 0.9312977099236641 0.3920212765957447 0.931615776081425 0.37659574468085105 0.9472010178117048 0.376063829787234 0.9475190839694656 0.5946808510638298 0.9472010178117048 0.5952127659574468
0 0.45610687022900764 0.5069148936170212 0.3530534351145038 0.5069148936170212 0.352735368956743 0.37872340425531914 0.42048346055979646 0.3781914893617021 0.4208015267175573 0.39148936170212767 0.4402035623409669 0.3920212765957447 0.4405216284987277 0.3776595744680851 0.45610687022900764 0.3771276595744681 0.45642493638676845 0.5063829787234042 0.45610687022900764 0.5069148936170212
0 0.6921119592875318 0.6537234042553192 0.5699745547073791 0.6537234042553192 0.5696564885496184 0.48617021276595745 0.5871501272264631 0.4856382978723404 0.587468193384224 0.4563829787234043 0.6380407124681934 0.45585106382978724 0.6383587786259542 0.4851063829787234 0.6921119592875318 0.4856382978723404 0.6924300254452926 0.6531914893617021 0.6921119592875318 0.6537234042553192
0 0.1272264631043257 0.6569148936170213 0.07442748091603053 0.6569148936170213 0.07410941475826972 0.474468085106383 0.07760814249363868 0.47925531914893615 0.08651399491094147 0.4930851063829787 0.08778625954198473 0.49414893617021277 0.1272264631043257 0.49414893617021277 0.1275445292620865 0.6563829787234042 0.1272264631043257 0.6569148936170213
0 0.19783715012722647 0.6569148936170213 0.1316793893129771 0.6569148936170213 0.1313613231552163 0.4946808510638298 0.19783715012722647 0.49414893617021277 0.19815521628498728 0.6563829787234042 0.19783715012722647 0.6569148936170213
0 0.3975826972010178 0.6079787234042553 0.3530534351145038 0.6079787234042553 0.352735368956743 0.5138297872340426 0.3975826972010178 0.5132978723404256 0.3979007633587786 0.6074468085106383 0.3975826972010178 0.6079787234042553
0 0.45610687022900764 0.6047872340425532 0.4033078880407125 0.6047872340425532 0.4029898218829516 0.5138297872340426 0.455470737913486 0.5132978723404256 0.45578880407124683 0.5904255319148937 0.45642493638676845 0.5914893617021276 0.45642493638676845 0.6042553191489362 0.45610687022900764 0.6047872340425532
0 0.9472010178117048 0.8856382978723404 0.7868956743002544 0.8856382978723404 0.7865776081424937 0.648936170212766 0.8384223918575063 0.6484042553191489 0.8387404580152672 0.6606382978723404 0.844147582697201 0.6611702127659574 0.8444656488549618 0.6021276595744681 0.9472010178117048 0.6015957446808511 0.9475190839694656 0.8851063829787233 0.9472010178117048 0.8856382978723404
0 0.45674300254452926 0.7154255319148937 0.3530534351145038 0.7154255319148937 0.352735368956743 0.6127659574468085 0.45674300254452926 0.6122340425531915 0.4570610687022901 0.7148936170212766 0.45674300254452926 0.7154255319148937
0 0.7360050890585241 0.7111702127659575 0.6997455470737913 0.7111702127659575 0.6994274809160306 0.6542553191489362 0.7360050890585241 0.6537234042553192 0.736323155216285 0.7106382978723405 0.7360050890585241 0.7111702127659575
0 0.7798982188295165 0.7111702127659575 0.739821882951654 0.7111702127659575 0.7395038167938931 0.6542553191489362 0.7798982188295165 0.6537234042553192 0.7802162849872774 0.7106382978723405 0.7798982188295165 0.7111702127659575
0 0.28880407124681934 0.7154255319148937 0.205470737913486 0.7154255319148937 0.20515267175572519 0.6627659574468086 0.28880407124681934 0.6622340425531915 0.28912213740458015 0.7148936170212766 0.28880407124681934 0.7154255319148937
0 0.3460559796437659 0.7154255319148937 0.29325699745547074 0.7154255319148937 0.2929389312977099 0.6627659574468086 0.3460559796437659 0.6622340425531915 0.3463740458015267 0.7148936170212766 0.3460559796437659 0.7154255319148937