0 0.5143229166666666 0.42431972789115646 0.26953125 0.42431972789115646 0.2688802083333333 0.20238095238095238 0.5143229166666666 0.20153061224489796 0.5149739583333334 0.42346938775510207 0.5143229166666666 0.42431972789115646
0 0.7122395833333334 0.3596938775510204 0.51953125 0.3596938775510204 0.5188802083333334 0.20238095238095238 0.7122395833333334 0.20153061224489796 0.712890625 0.358843537414966 0.7122395833333334 0.3596938775510204
0 0.85546875 0.46003401360544216 0.7942708333333334 0.46003401360544216 0.7936197916666666 0.4217687074829932 0.71875 0.42091836734693877 0.7180989583333334 0.20238095238095238 0.85546875 0.20153061224489796 0.8561197916666666 0.45918367346938777 0.85546875 0.46003401360544216
0 0.66015625 0.5127551020408163 0.5729166666666666 0.5127551020408163 0.572265625 0.47959183673469385 0.51953125 0.47874149659863946 0.5188802083333334 0.3656462585034014 0.7122395833333334 0.3647959183673469 0.712890625 0.477891156462585 0.6614583333333334 0.47874149659863946 0.6608072916666666 0.5119047619047619 0.66015625 0.5127551020408163
0 0.7734375 0.5977891156462585 0.71875 0.5977891156462585 0.7180989583333334 0.42857142857142855 0.7877604166666666 0.42772108843537415 0.7884114583333334 0.5595238095238095 0.7747395833333334 0.560374149659864 0.7740885416666666 0.5969387755102041 0.7734375 0.5977891156462585
0 0.38671875 0.5977891156462585 0.26953125 0.5977891156462585 0.2688802083333333 0.4302721088435374 0.38671875 0.429421768707483 0.3873697916666667 0.5969387755102041 0.38671875 0.5977891156462585
0 0.5143229166666666 0.5977891156462585 0.3880208333333333 0.5977891156462585 0.3873697916666667 0.4302721088435374 0.5143229166666666 0.429421768707483 0.5149739583333334 0.5969387755102041 0.5143229166666666 0.5977891156462585
0 0.85546875 0.5909863945578231 0.7942708333333334 0.5909863945578231 0.7936197916666666 0.467687074829932 0.85546875 0.46683673469387754 0.8561197916666666 0.5901360544217688 0.85546875 0.5909863945578231
0 0.5677083333333334 0.58078231292517 0.51953125 0.58078231292517 0.5188802083333334 0.48639455782312924 0.5677083333333334 0.48554421768707484 0.568359375 0.5799319727891157 0.5677083333333334 0.58078231292517
0 0.7122395833333334 0.5977891156462585 0.6653645833333334 0.5977891156462585 0.6647135416666666 0.48639455782312924 0.7122395833333334 0.48554421768707484 0.712890625 0.5969387755102041 0.7122395833333334 0.5977891156462585
0 0.66015625 0.5977891156462585 0.5729166666666666 0.5977891156462585 0.572265625 0.5187074829931972 0.66015625 0.5178571428571429 0.6608072916666666 0.5969387755102041 0.66015625 0.5977891156462585