0 0.2135523613963039 0.33462132921174653 0.14168377823408623 0.33462132921174653 0.14134154688569472 0.12828438948995363 0.24229979466119098 0.1275115919629057 0.24264202600958248 0.3261205564142195 0.21423682409308692 0.3268933539412674 0.2138945927446954 0.33384853168469864 0.2135523613963039 0.33462132921174653
0 0.32991101984941823 0.36398763523956723 0.3004791238877481 0.36398763523956723 0.3001368925393566 0.2596599690880989 0.3008213552361396 0.2581143740340031 0.3008213552361396 0.2550231839258114 0.30150581793292264 0.2534775888717156 0.30150581793292264 0.24884080370942813 0.30219028062970565 0.2472952086553323 0.30219028062970565 0.24420401854714066 0.3028747433264887 0.2426584234930448 0.3028747433264887 0.23647604327666152 0.30355920602327174 0.23493044822256567 0.30355920602327174 0.23183925811437403 0.30424366872005476 0.2302936630602782 0.30424366872005476 0.22565687789799072 0.3049281314168378 0.2241112828438949 0.3049281314168378 0.22102009273570325 0.3056125941136208 0.21947449768160743 0.3056125941136208 0.21638330757341576 0.3062970568104038 0.21483771251931993 0.3062970568104038 0.20865533230293662 0.3069815195071869 0.2071097372488408 0.3069815195071869 0.20401854714064915 0.3076659822039699 0.20247295208655333 0.3076659822039699 0.19783616692426584 0.3083504449007529 0.19629057187017002 0.3083504449007529 0.19319938176197837 0.30903490759753593 0.19165378670788252 0.30903490759753593 0.13137557959814528 0.37713894592744696 0.13060278207109738 0.37748117727583846 0.2751159196290572 0.33880903490759756 0.2758887171561051 0.33025325119780974 0.29520865533230295 0.33025325119780974 0.36321483771251933 0.32991101984941823 0.36398763523956723
0 0.4914442162902122 0.4180834621329212 0.40314852840520193 0.4180834621329212 0.3802190280629706 0.366306027820711 0.3802190280629706 0.13137557959814528 0.4914442162902122 0.13060278207109738 0.4917864476386037 0.41731066460587324 0.4914442162902122 0.4180834621329212
0 0.9028062970568104 0.1846986089644513 0.5496235455167693 0.1846986089644513 0.5492813141683778 0.13292117465224113 0.9028062970568104 0.1321483771251932 0.9031485284052019 0.1839258114374034 0.9028062970568104 0.1846986089644513
0 0.29774127310061604 0.258887171561051 0.24503764544832307 0.258887171561051 0.24469541409993156 0.1391035548686244 0.3066392881587953 0.13833075734157652 0.3069815195071869 0.1839258114374034 0.3062970568104038 0.18547140649149924 0.3062970568104038 0.1901081916537867 0.3056125941136208 0.19165378670788252 0.3056125941136208 0.1947449768160742 0.3049281314168378 0.19629057187017002 0.3049281314168378 0.19938176197836166 0.30424366872005476 0.2009273570324575 0.30424366872005476 0.2071097372488408 0.30355920602327174 0.20865533230293662 0.30355920602327174 0.2117465224111283 0.3028747433264887 0.2132921174652241 0.3028747433264887 0.21792890262751158 0.30219028062970565 0.21947449768160743 0.30219028062970565 0.2241112828438949 0.30150581793292264 0.22565687789799072 0.30150581793292264 0.2302936630602782 0.3008213552361396 0.23183925811437403 0.3008213552361396 0.23493044822256567 0.3001368925393566 0.23647604327666152 0.3001368925393566 0.23956723338485317 0.2994524298425736 0.241112828438949 0.2994524298425736 0.24574961360123648 0.29876796714579057 0.2472952086553323 0.29876796714579057 0.25193199381761977 0.29808350444900755 0.2534775888717156 0.29808350444900755 0.2581143740340031 0.29774127310061604 0.258887171561051
0 0.6529774127310062 0.5989180834621329 0.5496235455167693 0.5989180834621329 0.5492813141683778 0.19938176197836166 0.6529774127310062 0.19860896445131376 0.6533196440793977 0.598145285935085 0.6529774127310062 0.5989180834621329
0 0.6741957563312799 0.384080370942813 0.6563997262149213 0.384080370942813 0.6560574948665298 0.19938176197836166 0.6988364134154689 0.19860896445131376 0.6991786447638604 0.32921174652241114 0.6892539356605065 0.3516228748068006 0.687542778918549 0.35394126738794435 0.6872005475701575 0.3562596599690881 0.6861738535249828 0.357032457496136 0.6858316221765913 0.35935085007727974 0.6848049281314168 0.3601236476043277 0.6844626967830253 0.3624420401854714 0.6789869952087612 0.3732612055641422 0.6779603011635866 0.3740340030911901 0.6741957563312799 0.384080370942813
0 0.7262149212867899 0.6591962905718701 0.6933607118412046 0.6591962905718701 0.6930184804928131 0.5996908809891809 0.6563997262149213 0.5989180834621329 0.6560574948665298 0.4142194744976816 0.676933607118412 0.4134466769706337 0.6772758384668036 0.3848531684698609 0.6837782340862423 0.3701700154559505 0.6848049281314168 0.3693972179289026 0.6851471594798083 0.3670788253477589 0.6861738535249828 0.366306027820711 0.6865160848733745 0.36398763523956723 0.6967830253251198 0.34234930448222567 0.6984941820670774 0.3400309119010819 0.6988364134154689 0.3377125193199382 0.7019164955509924 0.3323029366306028 0.7019164955509924 0.19938176197836166 0.7980835044490076 0.19860896445131376 0.7984257357973991 0.598145285935085 0.7268993839835729 0.5989180834621329 0.7265571526351814 0.6584234930448223 0.7262149212867899 0.6591962905718701
0 0.9028062970568104 0.5989180834621329 0.8015058179329226 0.5989180834621329 0.8011635865845311 0.19938176197836166 0.9028062970568104 0.19860896445131376 0.9031485284052019 0.598145285935085 0.9028062970568104 0.5989180834621329
0 0.28199863107460643 0.3948995363214838 0.2648870636550308 0.3948995363214838 0.2645448323066393 0.37712519319938176 0.24503764544832307 0.37635239567233386 0.24469541409993156 0.26584234930448225 0.29637234770704995 0.2650695517774343 0.2973990417522245 0.26275115919629055 0.2973990417522245 0.2596599690880989 0.29808350444900755 0.2596599690880989 0.29808350444900755 0.36321483771251933 0.29671457905544146 0.36476043276661513 0.29637234770704995 0.3670788253477589 0.2929500342231348 0.3732612055641422 0.2919233401779603 0.3740340030911901 0.29021218343600275 0.3794435857805255 0.28542094455852157 0.38871715610510044 0.28199863107460643 0.3948995363214838
0 0.37713894592744696 0.36398763523956723 0.3326488706365503 0.36398763523956723 0.3323066392881588 0.29675425038639874 0.3343600273785079 0.2936630602782071 0.3347022587268994 0.29134466769706335 0.33572895277207393 0.29057187017001546 0.33607118412046544 0.2882534775888717 0.33915126625598907 0.2828438948995363 0.3394934976043806 0.28052550231839257 0.37713894592744696 0.28052550231839257 0.37748117727583846 0.36321483771251933 0.37713894592744696 0.36398763523956723
0 0.27720739219712526 0.6499227202472952 0.14099931553730322 0.6499227202472952 0.14134154688569472 0.33539412673879443 0.24229979466119098 0.33462132921174653 0.24264202600958248 0.401854714064915 0.27720739219712526 0.4026275115919629 0.27754962354551677 0.6491499227202473 0.27720739219712526 0.6499227202472952
0 0.37645448323066394 0.6499227202472952 0.2813141683778234 0.6499227202472952 0.2809719370294319 0.500772797527048 0.2778918548939083 0.5 0.27754962354551677 0.4034003091190108 0.28336755646817247 0.4026275115919629 0.28815879534565364 0.39180834621329214 0.2936344969199179 0.38098918083462135 0.2946611909650924 0.3802163833075734 0.2950034223134839 0.37789799072642966 0.2997946611909651 0.3686244204018547 0.37713894592744696 0.3686244204018547 0.37782340862423 0.3701700154559505 0.3788501026694045 0.37094281298299847 0.379192334017796 0.3732612055641422 0.3802190280629706 0.3740340030911901 0.3839835728952772 0.384080370942813 0.38501026694045176 0.3848531684698609 0.38535249828884327 0.38717156105100464 0.3863791923340178 0.38794435857805254 0.3887748117727584 0.3948995363214838 0.38980150581793294 0.3956723338485317 0.39014373716632444 0.3979907264296754 0.39117043121149897 0.3987635239567233 0.3935660506502396 0.40571870170015456 0.3945927446954141 0.40649149922720246 0.3949349760438056 0.4088098918083462 0.39596167008898014 0.4095826893353941 0.39835728952772076 0.41653786707882534 0.3993839835728953 0.41731066460587324 0.3997262149212868 0.419629057187017 0.4007529089664613 0.42040185471406494 0.40143737166324434 0.4234930448222566 0.40143737166324434 0.45904173106646057 0.4007529089664613 0.4605873261205564 0.4004106776180698 0.46290571870170016 0.3993839835728953 0.46367851622874806 0.3990417522245038 0.4659969088098918 0.39596167008898014 0.4714064914992272 0.38774811772758383 0.49149922720247297 0.3802190280629706 0.5100463678516228 0.3798767967145791 0.5123647604327666 0.378507871321013 0.5139103554868625 0.3607118412046543 0.5139103554868625 0.3603696098562628 0.5193199381761978 0.37645448323066394 0.5200927357032458 0.37679671457905545 0.6491499227202473 0.37645448323066394 0.6499227202472952
0 0.4914442162902122 0.6499227202472952 0.3798767967145791 0.6499227202472952 0.3795345653661875 0.5208655332302936 0.38774811772758383 0.5023183925811437 0.3887748117727584 0.49845440494590415 0.38980150581793294 0.49768160741885625 0.39014373716632444 0.4953632148377125 0.39117043121149897 0.4945904173106646 0.4007529089664613 0.4714064914992272 0.4010951403148528 0.46908809891808345 0.40212183436002735 0.46831530139103555 0.4024640657084189 0.4659969088098918 0.40349075975359344 0.4652241112828439 0.40417522245037646 0.46213292117465227 0.40417522245037646 0.4250386398763524 0.40349075975359344 0.4234930448222566 0.4914442162902122 0.42272024729520863 0.4917864476386037 0.6491499227202473 0.4914442162902122 0.6499227202472952
0 0.6865160848733745 0.6591962905718701 0.5496235455167693 0.6591962905718701 0.5492813141683778 0.6136012364760433 0.6865160848733745 0.6128284389489954 0.686858316221766 0.6584234930448223 0.6865160848733745 0.6591962905718701
0 0.9028062970568104 0.6591962905718701 0.7323750855578371 0.6591962905718701 0.7320328542094456 0.6136012364760433 0.9028062970568104 0.6128284389489954 0.9031485284052019 0.6584234930448223 0.9028062970568104 0.6591962905718701