0 0.520471894517696 0.08539458186101295 0.48299791811242193 0.08539458186101295 0.48265093684941013 0.08244994110718493 0.520471894517696 0.08186101295641932 0.5208188757807078 0.08480565371024736 0.520471894517696 0.08539458186101295
0 0.4365024288688411 0.4034157832744405 0.39972241498959055 0.4034157832744405 0.39937543372657874 0.10954063604240283 0.4823039555863983 0.10895170789163722 0.48265093684941013 0.09069493521790342 0.520471894517696 0.09010600706713781 0.5208188757807078 0.10836277974087162 0.6002775850104094 0.10895170789163722 0.6006245662734212 0.392226148409894 0.5621096460791117 0.3928150765606596 0.5617626648160999 0.4016489988221437 0.5267175572519084 0.40223792697290933 0.5263705759888966 0.3934040047114252 0.43719639139486466 0.3928150765606596 0.43684941013185286 0.4028268551236749 0.4365024288688411 0.4034157832744405
0 0.3712699514226232 0.42343934040047115 0.3702290076335878 0.42285041224970554 0.3702290076335878 0.4204946996466431 0.27203331020124916 0.4199057714958775 0.27168632893823735 0.10247349823321555 0.39000693962526023 0.10188457008244994 0.39035392088827203 0.10836277974087162 0.39902845246356694 0.10895170789163722 0.39937543372657874 0.4028268551236749 0.39070090215128384 0.4034157832744405 0.3893129770992366 0.40577149587750294 0.38723108952116586 0.4081272084805654 0.38584316446911865 0.4081272084805654 0.3851492019430951 0.4093050647820966 0.3830673143650243 0.411660777385159 0.3816793893129771 0.4128386336866902 0.3795975017349063 0.41519434628975266 0.37751561415683554 0.4175500588928151 0.37612768910478833 0.41872791519434627 0.3747397640527412 0.4199057714958775 0.37335183900069396 0.4210836277974087 0.3712699514226232 0.42343934040047115
0 0.7453157529493407 0.4458186101295642 0.659264399722415 0.4458186101295642 0.6585704371963914 0.444640753828033 0.6571825121443442 0.44346289752650175 0.6551006245662734 0.44110718492343937 0.6530187369882027 0.4387514723203769 0.6516308119361555 0.4387514723203769 0.6502428868841083 0.4363957597173145 0.6481609993060374 0.43404004711425204 0.6467730742539903 0.43404004711425204 0.6453851492019431 0.43168433451118965 0.6439972241498959 0.4305064782096584 0.6419153365718251 0.428150765606596 0.6405274115197779 0.42697290930506476 0.6384455239417072 0.4246171967020024 0.63705759888966 0.42343934040047115 0.6356696738376127 0.42226148409893993 0.6335877862595419 0.4199057714958775 0.6321998612074948 0.41872791519434627 0.6308119361554476 0.41872791519434627 0.6294240111034004 0.4163722025912839 0.6273421235253296 0.41401648998822144 0.6259541984732825 0.4128386336866902 0.6238723108952117 0.41048292108362777 0.6224843858431645 0.4093050647820966 0.6210964607911172 0.4081272084805654 0.6197085357390701 0.40694935217903416 0.6176266481609993 0.4045936395759717 0.6162387231089521 0.4034157832744405 0.6148507980569049 0.40223792697290933 0.6127689104788342 0.3998822143698469 0.6106870229007634 0.39752650176678445 0.6092990978487162 0.39752650176678445 0.6089521165857044 0.10247349823321555 0.8036086051353227 0.10188457008244994 0.8039555863983345 0.14840989399293286 0.8053435114503816 0.14958775029446408 0.8053435114503816 0.21319199057714958 0.8039555863983345 0.2143698468786808 0.8039555863983345 0.3710247349823322 0.8015267175572519 0.3739693757361602 0.7987508674531575 0.37750294464075385 0.7952810548230396 0.3822143698468787 0.7938931297709924 0.3833922261484099 0.792852185981957 0.3839811542991755 0.7925052047189451 0.38574793875147234 0.7914642609299097 0.38633686690223795 0.792852185981957 0.38987043580683156 0.7949340735600278 0.3945818610129564 0.7911172796668979 0.3998822143698469 0.7883414295628036 0.4034157832744405 0.7848716169326856 0.4081272084805654 0.7827897293546149 0.41048292108362777 0.7800138792505205 0.41401648998822144 0.7765440666204025 0.41872791519434627 0.7737682165163081 0.42226148409893993 0.7716863289382373 0.4246171967020024 0.768910478834143 0.428150765606596 0.7647467036780013 0.43404004711425204 0.7630117973629424 0.4299175500588928 0.7612768910478834 0.42579505300353354 0.7591950034698126 0.428150765606596 0.7557251908396947 0.43286219081272087 0.7529493407356003 0.4363957597173145 0.7501734906315058 0.43992932862190814 0.7473976405274115 0.44346289752650175 0.7453157529493407 0.4458186101295642
0 0.9514226231783484 0.35159010600706714 0.8112421929215823 0.35159010600706714 0.8108952116585705 0.2143698468786808 0.8091603053435115 0.2137809187279152 0.8088133240804997 0.14958775029446408 0.8105482303955587 0.14899882214369847 0.8108952116585705 0.10247349823321555 0.8868841082581541 0.10188457008244994 0.8875780707841776 0.10306242638398115 0.9077029840388618 0.10306242638398115 0.9083969465648855 0.10424028268551237 0.9104788341429563 0.10659599528857479 0.9125607217210271 0.10659599528857479 0.9139486467730743 0.10895170789163722 0.9153365718251214 0.10895170789163722 0.9167244968771686 0.11130742049469965 0.9181124219292158 0.11130742049469965 0.9188063844552394 0.11248527679623085 0.9201943095072866 0.11366313309776208 0.9215822345593337 0.11366313309776208 0.92470506592644 0.10836277974087162 0.9271339347675226 0.10306242638398115 0.9510756419153366 0.1425206124852768 0.9455239417071478 0.1519434628975265 0.9462179042331714 0.15312131919905772 0.9462179042331714 0.15547703180212014 0.946911866759195 0.15665488810365136 0.9476058292852186 0.15901060070671377 0.9482997918112422 0.16136631330977622 0.9489937543372657 0.16372202591283863 0.9496877168632893 0.16607773851590105 0.950381679389313 0.1684334511189635 0.9510756419153366 0.1707891637220259 0.9517696044413602 0.17314487632508835 0.9517696044413602 0.3510011778563015 0.9514226231783484 0.35159010600706714
0 0.8223455933379598 0.726148409893993 0.8213046495489243 0.7243816254416962 0.8199167244968771 0.7208480565371025 0.8171408743927828 0.7149587750294464 0.8136710617626648 0.7078916372202592 0.8129770992366412 0.7055359246171967 0.8126301179736294 0.7037691401648999 0.8115891741845941 0.7031802120141343 0.8108952116585705 0.7008244994110718 0.8105482303955587 0.699057714958775 0.8095072866065233 0.6984687868080094 0.8081193615544761 0.6949352179034158 0.8046495489243581 0.6878680800942285 0.8025676613462873 0.6831566548881036 0.8018736988202637 0.6808009422850412 0.8015267175572519 0.6790341578327445 0.8004857737682165 0.6784452296819788 0.7990978487161693 0.6749116607773852 0.7956280360860514 0.6678445229681979 0.792852185981957 0.6619552414605419 0.7921582234559333 0.6595995288574794 0.7900763358778626 0.6548881036513545 0.7866065232477446 0.6478209658421673 0.7852185981956974 0.6442873969375736 0.7838306731436503 0.64075382803298 0.7810548230395559 0.6348645465253239 0.7782789729354614 0.6289752650176679 0.7768910478834143 0.6254416961130742 0.7748091603053435 0.6207302709069493 0.7720333102012491 0.6148409893992933 0.7699514226231784 0.6101295641931684 0.7678695350451076 0.6054181389870436 0.7657876474670368 0.6007067137809188 0.7630117973629424 0.5948174322732627 0.7609299097848716 0.5901060070671378 0.7588480222068008 0.585394581861013 0.7567661346287301 0.5806831566548881 0.7539902845246357 0.574793875147232 0.7519083969465649 0.5700824499411072 0.7505204718945176 0.5665488810365136 0.7477446217904233 0.5606595995288575 0.7456627342123525 0.5559481743227326 0.7449687716863289 0.5535924617196702 0.741498959056211 0.5465253239104829 0.7401110340041638 0.5429917550058893 0.739764052741152 0.5412249705535924 0.7387231089521166 0.5406360424028268 0.738029146426093 0.5382803297997645 0.738029146426093 0.4734982332155477 0.7453157529493407 0.47290930506478207 0.7467036780013879 0.4705535924617197 0.7494795281054824 0.467020023557126 0.7522553782095767 0.4634864546525324 0.7557251908396947 0.4587750294464075 0.7591950034698126 0.4540636042402827 0.7612768910478834 0.45170789163722025 0.7640527411519777 0.44817432273262664 0.7675225537820958 0.44346289752650175 0.7685634975711312 0.44287396937573614 0.7678695350451076 0.44051825677267376 0.7675225537820958 0.4387514723203769 0.7664816099930604 0.4381625441696113 0.768910478834143 0.43404004711425204 0.7709923664122137 0.43168433451118965 0.7720333102012491 0.43109540636042404 0.7723802914642609 0.4293286219081272 0.7737682165163081 0.428150765606596 0.7772380291464261 0.42343934040047115 0.7793199167244969 0.4210836277974087 0.7820957668285913 0.4175500588928151 0.7855655794587092 0.4128386336866902 0.78764746703678 0.41048292108362777 0.7904233171408744 0.40694935217903416 0.7931991672449688 0.4034157832744405 0.7966689798750868 0.39870435806831567 0.7987508674531575 0.4034157832744405 0.7994448299791811 0.40223792697290933 0.8029146426092991 0.39752650176678445 0.8056904927133934 0.39399293286219084 0.8070784177654406 0.3928150765606596 0.8081193615544761 0.392226148409894 0.8084663428174879 0.39045936395759717 0.8105482303955587 0.38810365135453473 0.8147120055517002 0.3822143698468787 0.8160999306037474 0.38103651354534745 0.8188757807078417 0.37750294464075385 0.8202637057598889 0.3763250883392226 0.8584316446911867 0.3763250883392226 0.8601665510062456 0.3792697290930506 0.8615544760582928 0.3828032979976443 0.86294240111034 0.38633686690223795 0.8650242886884109 0.3910482921083628 0.8664122137404581 0.3945818610129564 0.8678001387925052 0.39811542991755006 0.8691880638445524 0.4016489988221437 0.8705759888965996 0.40518256772673733 0.8726578764746704 0.4098939929328622 0.8740458015267175 0.4134275618374558 0.8754337265787647 0.4169611307420495 0.8768216516308119 0.4204946996466431 0.8789035392088828 0.425206124852768 0.8795975017349064 0.4275618374558304 0.8816793893129771 0.43227326266195526 0.8830673143650243 0.43580683156654887 0.8851492019430951 0.44051825677267376 0.8858431644691187 0.44287396937573614 0.8872310895211658 0.4464075382803298 0.888619014573213 0.4499411071849234 0.8907009021512838 0.4546525323910483 0.892088827203331 0.4581861012956419 0.8934767522553783 0.4617196702002356 0.8948646773074254 0.4652532391048292 0.8969465648854962 0.46996466431095407 0.8976405274115198 0.4723203769140165 0.8997224149895906 0.47703180212014135 0.9011103400416377 0.48056537102473496 0.9031922276197085 0.48527679623085984 0.9038861901457321 0.4876325088339223 0.905968077723803 0.4923439340400471 0.9073560027758502 0.4958775029446408 0.9094378903539209 0.5005889281507656 0.9101318528799445 0.502944640753828 0.9122137404580153 0.5076560659599529 0.9136016655100625 0.5111896348645465 0.9156835530881332 0.5159010600706714 0.9163775156141568 0.5182567726737338 0.9184594031922276 0.5229681978798587 0.9198473282442748 0.5265017667844523 0.9219292158223455 0.5312131919905771 0.9219292158223455 0.5335689045936396 0.92470506592644 0.5382803297997645 0.92470506592644 0.5406360424028268 0.9281748785565579 0.5465253239104829 0.9281748785565579 0.5488810365135454 0.9309507286606523 0.5535924617196702 0.9309507286606523 0.5559481743227326 0.9337265787647467 0.5606595995288575 0.9344205412907703 0.5630153121319199 0.9371963913948647 0.568904593639576 0.9371963913948647 0.5712603062426383 0.9399722414989591 0.5759717314487632 0.9382373351839001 0.5777385159010601 0.9354614850798056 0.5812720848056537 0.9319916724496877 0.5859835100117785 0.9299097848716169 0.588339222614841 0.9271339347675226 0.5918727915194346 0.9236641221374046 0.5965842167255595 0.9208882720333103 0.6001177856301532 0.9188063844552394 0.6024734982332155 0.9153365718251214 0.6071849234393404 0.9125607217210271 0.610718492343934 0.9111727966689799 0.6118963486454653 0.9101318528799445 0.6124852767962309 0.9097848716169327 0.6142520612485277 0.9070090215128384 0.6177856301531213 0.9035392088827203 0.6224970553592462 0.9021512838306731 0.6236749116607774 0.9011103400416377 0.624263839811543 0.9007633587786259 0.6260306242638398 0.8993754337265788 0.627208480565371 0.8959056210964608 0.6319199057714959 0.8931297709923665 0.6354534746760895 0.8910478834142956 0.6378091872791519 0.8875780707841776 0.6425206124852768 0.8848022206800833 0.6460541813898705 0.8820263705759889 0.649587750294464 0.8792505204718946 0.6531213191990577 0.8757807078417765 0.6578327444051826 0.8730048577376822 0.6613663133097762 0.8709229701596114 0.6637220259128387 0.8674531575294934 0.6684334511189635 0.864677307425399 0.6719670200235571 0.8632893823733518 0.6731448763250883 0.8591256072172103 0.6790341578327445 0.8556557945870923 0.6837455830388692 0.8542678695350451 0.6849234393404005 0.8514920194309508 0.6884570082449941 0.8480222068008327 0.693168433451119 0.8452463566967384 0.6967020023557126 0.8431644691186676 0.699057714958775 0.8396946564885496 0.7037691401648999 0.8362248438584317 0.7084805653710248 0.8341429562803608 0.7108362779740872 0.8313671061762665 0.7143698468786808 0.8278972935461485 0.7190812720848057 0.8251214434420542 0.7226148409893993 0.8223455933379598 0.726148409893993
0 0.9424011103400416 0.571849234393404 0.9413601665510063 0.5712603062426383 0.9399722414989591 0.5677267373380448 0.9385843164469119 0.5641931684334511 0.9371963913948647 0.5606595995288575 0.9351145038167938 0.5559481743227326 0.9337265787647467 0.552414605418139 0.9330326162387231 0.5500588928150766 0.9309507286606523 0.5453474676089517 0.9302567661346287 0.5429917550058893 0.9281748785565579 0.5382803297997645 0.9267869535045108 0.5347467608951708 0.92470506592644 0.5300353356890459 0.9240111034004164 0.5276796230859835 0.9219292158223455 0.5229681978798587 0.9219292158223455 0.5206124852767963 0.9205412907702984 0.519434628975265 0.9191533657182512 0.5159010600706714 0.9184594031922276 0.5135453474676089 0.9163775156141568 0.508833922261484 0.9156835530881332 0.5064782096584217 0.9163775156141568 0.5041224970553593 0.9156835530881332 0.502944640753828 0.9142956280360861 0.4994110718492344 0.9129077029840389 0.4958775029446408 0.9115197779319917 0.4923439340400471 0.9101318528799445 0.48881036513545345 0.9080499653018737 0.4840989399293286 0.9066620402498266 0.48056537102473496 0.9052741151977793 0.47703180212014135 0.9038861901457321 0.4734982332155477 0.9018043025676613 0.46878680800942285 0.9011103400416377 0.4664310954063604 0.899028452463567 0.4617196702002356 0.8976405274115198 0.4581861012956419 0.895558639833449 0.4534746760895171 0.8948646773074254 0.45111896348645464 0.8927827897293547 0.4464075382803298 0.8913948646773074 0.44287396937573614 0.8893129770992366 0.4381625441696113 0.888619014573213 0.43580683156654887 0.8865371269951423 0.43109540636042404 0.8851492019430951 0.4275618374558304 0.8830673143650243 0.42285041224970554 0.8830673143650243 0.4204946996466431 0.8802914642609299 0.41578327444051827 0.8795975017349064 0.4134275618374558 0.8768216516308119 0.4075382803297998 0.8768216516308119 0.40518256772673733 0.8740458015267175 0.4004711425206125 0.8740458015267175 0.39811542991755006 0.8705759888965996 0.392226148409894 0.8705759888965996 0.38987043580683156 0.8678001387925052 0.38515901060070673 0.8678001387925052 0.3828032979976443 0.8657182512144345 0.3792697290930506 0.8650242886884109 0.37691401648998824 0.9403192227619709 0.3763250883392226 0.9406662040249827 0.39693757361601884 0.9507286606523248 0.39752650176678445 0.9510756419153366 0.5606595995288575 0.9472588480222068 0.565959952885748 0.945176960444136 0.5683156654888104 0.9424011103400416 0.571849234393404
0 0.6127689104788342 0.6095406360424028 0.6103400416377516 0.6042402826855123 0.6075641915336571 0.5983510011778563 0.6051353226925746 0.5930506478209658 0.5315752949340735 0.5930506478209658 0.5312283136710617 0.5842167255594818 0.5912560721721027 0.5836277974087162 0.5916030534351145 0.5771495877502945 0.4482997918112422 0.5765606595995288 0.4479528105482304 0.5312131919905771 0.44656488549618323 0.5300353356890459 0.44656488549618323 0.46760895170789163 0.4479528105482304 0.4664310954063604 0.4479528105482304 0.4169611307420495 0.5260235947258848 0.4163722025912839 0.5263705759888966 0.408716136631331 0.5614156835530881 0.4081272084805654 0.5617626648160999 0.41578327444051827 0.6086051353226926 0.4163722025912839 0.6089521165857044 0.39811542991755006 0.6106870229007634 0.39752650176678445 0.6120749479528106 0.3998822143698469 0.6141568355308813 0.40223792697290933 0.6155447605829285 0.4034157832744405 0.6169326856349757 0.4045936395759717 0.6190145732130465 0.40694935217903416 0.6204024982650936 0.4081272084805654 0.6217904233171409 0.4093050647820966 0.6231783483691881 0.41048292108362777 0.6252602359472589 0.4128386336866902 0.6266481609993061 0.41401648998822144 0.6287300485773768 0.4163722025912839 0.6308119361554476 0.41872791519434627 0.6321998612074948 0.41872791519434627 0.6328938237335184 0.4199057714958775 0.6349757113115891 0.42226148409893993 0.6363636363636364 0.42343934040047115 0.6377515614156836 0.4246171967020024 0.6398334489937544 0.42697290930506476 0.6412213740458015 0.428150765606596 0.6433032616238723 0.4305064782096584 0.6446911866759195 0.43168433451118965 0.6467730742539903 0.43404004711425204 0.6481609993060374 0.43404004711425204 0.6495489243580846 0.4363957597173145 0.6516308119361555 0.4387514723203769 0.6530187369882027 0.4387514723203769 0.6544066620402498 0.44110718492343937 0.6564885496183206 0.44346289752650175 0.6578764746703678 0.444640753828033 0.6589174184594032 0.4452296819787986 0.657529493407356 0.4464075382803298 0.657529493407356 0.5382803297997645 0.6568355308813324 0.5394581861012956 0.6568355308813324 0.541813898704358 0.6554476058292852 0.5441696113074205 0.6547536433032616 0.5465253239104829 0.6540596807772381 0.5488810365135454 0.6533657182512145 0.5512367491166078 0.6519777931991673 0.5547703180212014 0.6516308119361555 0.5565371024734982 0.6498959056210964 0.558303886925795 0.6460791117279667 0.565959952885748 0.6419153365718251 0.571849234393404 0.6384455239417072 0.5765606595995288 0.6349757113115891 0.5812720848056537 0.6328938237335184 0.5836277974087162 0.630117973629424 0.5871613663133097 0.6266481609993061 0.5918727915194346 0.6238723108952117 0.5954063604240283 0.6224843858431645 0.5965842167255595 0.621443442054129 0.5971731448763251 0.6210964607911172 0.598939929328622 0.6183206106870229 0.6024734982332155 0.6148507980569049 0.6071849234393404 0.6127689104788342 0.6095406360424028
0 0.3941707147814018 0.5812720848056537 0.3931297709923664 0.5806831566548881 0.39382373351839 0.5783274440518257 0.3934767522553782 0.5765606595995288 0.39208882720333105 0.5753828032979976 0.39000693962526023 0.5730270906949352 0.3886190145732131 0.571849234393404 0.38723108952116586 0.571849234393404 0.38653712699514226 0.5706713780918727 0.3851492019430951 0.5694935217903416 0.3830673143650243 0.5671378091872792 0.3816793893129771 0.565959952885748 0.3802914642609299 0.565959952885748 0.3795975017349063 0.5647820965842167 0.37751561415683554 0.5624263839811543 0.37612768910478833 0.5612485276796231 0.3747397640527412 0.5612485276796231 0.37404580152671757 0.5600706713780919 0.37196391394864675 0.5577149587750294 0.3705759888965996 0.5565371024734982 0.3691880638445524 0.5565371024734982 0.3684941013185288 0.555359246171967 0.3671061762664816 0.5541813898704359 0.3660652324774462 0.5535924617196702 0.3660652324774462 0.5477031802120141 0.3653712699514226 0.5465253239104829 0.3653712699514226 0.5429917550058893 0.36467730742539906 0.541813898704358 0.36467730742539906 0.5394581861012956 0.36398334489937545 0.5382803297997645 0.36398334489937545 0.5347467608951708 0.36328938237335184 0.5335689045936396 0.36328938237335184 0.5288574793875147 0.36259541984732824 0.5276796230859835 0.36259541984732824 0.5241460541813898 0.36190145732130463 0.5229681978798587 0.36190145732130463 0.5206124852767963 0.3612074947952811 0.519434628975265 0.36190145732130463 0.5182567726737338 0.36190145732130463 0.502944640753828 0.36259541984732824 0.5017667844522968 0.36259541984732824 0.4923439340400471 0.36328938237335184 0.4911660777385159 0.36328938237335184 0.4829210836277974 0.36398334489937545 0.4817432273262662 0.36398334489937545 0.47703180212014135 0.36467730742539906 0.4758539458186101 0.36467730742539906 0.4711425206124853 0.3653712699514226 0.46996466431095407 0.3653712699514226 0.4652532391048292 0.3660652324774462 0.464075382803298 0.3660652324774462 0.45700824499411075 0.3667591950034698 0.4558303886925795 0.3667591950034698 0.45111896348645464 0.3674531575294934 0.4499411071849234 0.3674531575294934 0.4452296819787986 0.36814712005551703 0.44405182567726736 0.36814712005551703 0.43934040047114253 0.3688410825815406 0.4381625441696113 0.3688410825815406 0.4334511189634865 0.3695350451075642 0.43227326266195526 0.3695350451075642 0.42402826855123676 0.3712699514226232 0.42343934040047115 0.37265787647467036 0.4210836277974087 0.37404580152671757 0.4199057714958775 0.3754337265787647 0.41872791519434627 0.37682165163081194 0.4175500588928151 0.3789035392088827 0.41519434628975266 0.3809854267869535 0.4128386336866902 0.3823733518390007 0.411660777385159 0.3844552394170715 0.4093050647820966 0.38584316446911865 0.4081272084805654 0.38723108952116586 0.4081272084805654 0.3886190145732131 0.40577149587750294 0.39070090215128384 0.4034157832744405 0.4038861901457321 0.4034157832744405 0.40423317140874393 0.4075382803297998 0.4365024288688411 0.4081272084805654 0.43684941013185286 0.41578327444051827 0.44066620402498263 0.4163722025912839 0.44101318528799444 0.4664310954063604 0.44344205412907706 0.467020023557126 0.4437890353920888 0.5300353356890459 0.44136016655100624 0.5306242638398115 0.44101318528799444 0.5759717314487632 0.3969465648854962 0.5765606595995288 0.3941707147814018 0.5812720848056537
0 0.26925746009715473 0.588339222614841 0.24635669673837612 0.588339222614841 0.24600971547536432 0.47820965842167257 0.2782789729354615 0.47762073027090696 0.2786259541984733 0.44287396937573614 0.3608605135322693 0.44228504122497053 0.3612074947952811 0.4452296819787986 0.3605135322692575 0.4464075382803298 0.3605135322692575 0.4546525323910483 0.35981956974323387 0.4558303886925795 0.35981956974323387 0.46054181389870436 0.35912560721721026 0.4617196702002356 0.35912560721721026 0.4664310954063604 0.35843164469118666 0.46760895170789163 0.35843164469118666 0.4723203769140165 0.3577376821651631 0.4734982332155477 0.3577376821651631 0.4793875147232038 0.3570437196391395 0.48056537102473496 0.3570437196391395 0.4876325088339223 0.3563497571131159 0.48881036513545345 0.3563497571131159 0.49469964664310956 0.3556557945870923 0.4958775029446408 0.3556557945870923 0.4994110718492344 0.3549618320610687 0.5005889281507656 0.3549618320610687 0.5064782096584217 0.35426786953504513 0.5076560659599529 0.35426786953504513 0.5170789163722026 0.3549618320610687 0.5182567726737338 0.3549618320610687 0.5217903415783275 0.3556557945870923 0.5229681978798587 0.3556557945870923 0.525323910482921 0.3563497571131159 0.5265017667844523 0.3563497571131159 0.5300353356890459 0.3570437196391395 0.5312131919905771 0.3570437196391395 0.535924617196702 0.3577376821651631 0.5371024734982333 0.3577376821651631 0.5406360424028268 0.35843164469118666 0.541813898704358 0.35843164469118666 0.5453474676089517 0.3247744621790423 0.5459363957597173 0.3244274809160305 0.5135453474676089 0.32130464954892435 0.5129564193168433 0.32095766828591255 0.5453474676089517 0.3025676613462873 0.5459363957597173 0.3018736988202637 0.5471142520612485 0.29909784871616935 0.5506478209658422 0.29562803608605137 0.555359246171967 0.29285218598195695 0.5588928150765606 0.2907702984038862 0.5612485276796231 0.2873004857737682 0.565959952885748 0.28452463566967384 0.5694935217903416 0.2817487855655795 0.5730270906949352 0.2789729354614851 0.5765606595995288 0.27550312283136713 0.5812720848056537 0.2741151977793199 0.582449941107185 0.27064538514920194 0.5871613663133097 0.26925746009715473 0.588339222614841
0 0.6897987508674531 0.5447585394581861 0.659264399722415 0.5447585394581861 0.6596113809854268 0.541813898704358 0.6603053435114504 0.5406360424028268 0.6603053435114504 0.5382803297997645 0.6609993060374739 0.5371024734982333 0.6609993060374739 0.4734982332155477 0.6897987508674531 0.47290930506478207 0.6901457321304649 0.5441696113074205 0.6897987508674531 0.5447585394581861
0 0.7189451769604441 0.6130742049469965 0.7179042331714087 0.6113074204946997 0.7151283830673144 0.6054181389870436 0.7130464954892436 0.6007067137809188 0.7116585704371964 0.5971731448763251 0.7088827203331021 0.591283863368669 0.7068008327550312 0.5865724381625441 0.705412907702984 0.5830388692579506 0.7026370575988896 0.5771495877502945 0.6998612074947953 0.5712603062426383 0.6991672449687717 0.568904593639576 0.6963913948646773 0.5630153121319199 0.6943095072866066 0.558303886925795 0.6929215822345594 0.5547703180212014 0.6929215822345594 0.4734982332155477 0.7349063150589868 0.47290930506478207 0.7352532963219987 0.5453474676089517 0.7161693268563497 0.5459363957597173 0.7158223455933379 0.5500588928150766 0.7356002775850105 0.5506478209658422 0.738029146426093 0.5547703180212014 0.7401110340041638 0.5594817432273262 0.741498959056211 0.5630153121319199 0.7449687716863289 0.5700824499411072 0.7463566967383761 0.5736160188457008 0.7470506592643997 0.5759717314487632 0.7439278278972935 0.5812720848056537 0.7404580152671756 0.5859835100117785 0.7376821651630812 0.5895170789163722 0.7356002775850105 0.5918727915194346 0.7321304649548924 0.5965842167255595 0.7286606523247745 0.6012956419316844 0.7258848022206801 0.6048292108362779 0.7231089521165857 0.6083627797408716 0.7203331020124913 0.6118963486454653 0.7189451769604441 0.6130742049469965
0 0.6738376127689105 0.7532391048292109 0.6727966689798751 0.751472320376914 0.6724496877168633 0.7497055359246172 0.6714087439278279 0.7491166077738516 0.6693268563497571 0.7444051825677267 0.6665510062456628 0.7385159010600707 0.6637751561415683 0.7326266195524146 0.6616932685634975 0.7279151943462897 0.6596113809854268 0.7232037691401649 0.657529493407356 0.71849234393404 0.6547536433032616 0.7126030624263839 0.6519777931991673 0.7067137809187279 0.6498959056210964 0.702002355712603 0.6478140180430256 0.6972909305064782 0.6457321304649549 0.6925795053003534 0.6429562803608605 0.6866902237926973 0.6401804302567662 0.6808009422850412 0.6380985426786954 0.6760895170789164 0.6360166551006246 0.6713780918727915 0.6339347675225537 0.6666666666666666 0.6304649548924358 0.6595995288574794 0.628383067314365 0.6548881036513545 0.6280360860513532 0.6531213191990577 0.6266481609993061 0.6531213191990577 0.6259541984732825 0.6542991755005889 0.6249132546842471 0.6548881036513545 0.6245662734212353 0.6566548881036514 0.6231783483691881 0.6578327444051826 0.6204024982650936 0.6613663133097762 0.6186675919500347 0.6584216725559482 0.6158917418459403 0.6525323910482921 0.6151977793199167 0.6501766784452296 0.6148507980569049 0.6484098939929329 0.6138098542678695 0.6478209658421673 0.6124219292158224 0.6442873969375736 0.6103400416377516 0.6395759717314488 0.6089521165857044 0.6360424028268551 0.6068702290076335 0.6313309776207303 0.6040943789035392 0.6254416961130742 0.6034004163775156 0.6230859835100118 0.6058292852185982 0.6201413427561837 0.6068702290076335 0.6195524146054181 0.6072172102706453 0.6177856301531213 0.6086051353226926 0.6166077738515902 0.6120749479528106 0.6118963486454653 0.6141568355308813 0.6095406360424028 0.6169326856349757 0.6060070671378092 0.6197085357390701 0.6024734982332155 0.6224843858431645 0.598939929328622 0.6252602359472589 0.5954063604240283 0.6280360860513532 0.5918727915194346 0.6308119361554476 0.588339222614841 0.6321998612074948 0.5871613663133097 0.6356696738376127 0.582449941107185 0.6384455239417072 0.5789163722025913 0.6405274115197779 0.5765606595995288 0.6439972241498959 0.571849234393404 0.6467730742539903 0.5683156654888104 0.6498959056210964 0.5641931684334511 0.6509368494101319 0.5612485276796231 0.6519777931991673 0.5606595995288575 0.6547536433032616 0.5547703180212014 0.6571825121443442 0.549469964664311 0.6911866759195003 0.549469964664311 0.6915336571825121 0.5547703180212014 0.6922276197085357 0.5559481743227326 0.6922276197085357 0.558303886925795 0.6943095072866066 0.5618374558303887 0.6963913948646773 0.5665488810365136 0.6977793199167245 0.5700824499411072 0.6981263011797363 0.571849234393404 0.6991672449687717 0.5724381625441696 0.6998612074947953 0.574793875147232 0.7002081887578071 0.5765606595995288 0.7012491325468425 0.5771495877502945 0.7026370575988896 0.5806831566548881 0.7047189451769604 0.585394581861013 0.7068008327550312 0.5901060070671378 0.707147814018043 0.5918727915194346 0.7081887578070785 0.5924617196702002 0.7088827203331021 0.5948174322732627 0.7116585704371964 0.6007067137809188 0.7137404580152672 0.6054181389870436 0.7158223455933379 0.6101295641931684 0.7179042331714087 0.6148409893992933 0.7185981956974323 0.6171967020023557 0.7168632893823733 0.6201413427561837 0.714087439278279 0.6236749116607774 0.7113115891741846 0.627208480565371 0.707147814018043 0.633097762073027 0.7043719639139486 0.6366313309776207 0.7015961138098543 0.6401648998822144 0.6988202637057599 0.643698468786808 0.6953504510756419 0.6484098939929329 0.6918806384455239 0.6531213191990577 0.6887578070784177 0.657243816254417 0.6894517696044413 0.6595995288574794 0.6908396946564885 0.6631330977620731 0.693615544760583 0.6690223792697291 0.6963913948646773 0.6749116607773852 0.6970853573907009 0.6772673733804476 0.6974323386537127 0.6790341578327445 0.6984732824427481 0.6796230859835101 0.6998612074947953 0.6831566548881036 0.7026370575988896 0.6890459363957597 0.7040249826509368 0.6925795053003534 0.7043719639139486 0.6943462897526502 0.705412907702984 0.6949352179034158 0.7061068702290076 0.6972909305064782 0.7064538514920194 0.699057714958775 0.7074947952810549 0.6996466431095406 0.7088827203331021 0.7031802120141343 0.7109646079111728 0.7078916372202592 0.710617626648161 0.709658421672556 0.707147814018043 0.7143698468786808 0.7057598889659958 0.7143698468786808 0.7029840388619014 0.7190812720848057 0.7015961138098543 0.7202591283863369 0.6981263011797363 0.7249705535924618 0.6967383761276891 0.7249705535924618 0.6960444136016655 0.7273262661955241 0.6939625260235948 0.7296819787985865 0.6918806384455239 0.732037691401649 0.6897987508674531 0.7343934040047114 0.6870229007633588 0.7379269729093051 0.684941013185288 0.7402826855123675 0.6828591256072172 0.7426383981154299 0.6807772380291465 0.7449941107184923 0.678001387925052 0.748527679623086 0.6766134628730048 0.7497055359246172 0.6738376127689105 0.7532391048292109
0 0.06037473976405274 0.8027090694935218 0.05968077723802915 0.8003533568904594 0.056210964607911175 0.8003533568904594 0.055517002081887576 0.7991755005889282 0.0520471894517696 0.7991755005889282 0.05135322692574601 0.797997644287397 0.048577376821651634 0.797997644287397 0.047883414295628035 0.7968197879858657 0.04441360166551006 0.7968197879858657 0.04371963913948647 0.7956419316843345 0.0388619014573213 0.7956419316843345 0.03816793893129771 0.7944640753828033 0.03469812630117974 0.7944640753828033 0.034004163775156145 0.7932862190812721 0.030534351145038167 0.7932862190812721 0.029840388619014575 0.7921083627797408 0.027064538514920196 0.7921083627797408 0.0263705759888966 0.7909305064782096 0.021512838306731435 0.7909305064782096 0.020818875780707843 0.7897526501766784 0.01734906315058987 0.7897526501766784 0.017002081887578072 0.552414605418139 0.09437890353920889 0.5518256772673734 0.09472588480222068 0.5889281507656066 0.12768910478834142 0.5895170789163722 0.1294240111034004 0.5936395759717314 0.1321998612074948 0.5995288574793876 0.13358778625954199 0.6030624263839811 0.13497571131158917 0.6065959952885748 0.13775156141568357 0.6124852767962309 0.13844552394170714 0.6148409893992933 0.14122137404580154 0.6207302709069493 0.14260929909784872 0.624263839811543 0.1439972241498959 0.6277974087161367 0.1460791117279667 0.6325088339222615 0.1450381679389313 0.6342756183745583 0.1439972241498959 0.6348645465253239 0.1436502428868841 0.6366313309776207 0.14226231783483692 0.6378091872791519 0.13879250520471895 0.6425206124852768 0.13601665510062458 0.6460541813898705 0.1339347675225538 0.6484098939929329 0.1304649548924358 0.6531213191990577 0.12768910478834142 0.6566548881036514 0.12491325468424705 0.660188457008245 0.12213740458015267 0.6637220259128387 0.11866759195003469 0.6684334511189635 0.11589174184594032 0.6719670200235571 0.11380985426786953 0.6743227326266196 0.11034004163775156 0.6790341578327445 0.10687022900763359 0.6837455830388692 0.10478834142956281 0.6861012956419317 0.10201249132546843 0.6896348645465253 0.09854267869535045 0.6943462897526502 0.09715475364330327 0.6955241460541813 0.09611380985426787 0.696113074204947 0.09576682859125607 0.6978798586572438 0.09437890353920889 0.699057714958775 0.09090909090909091 0.7037691401648999 0.08813324080499653 0.7073027090694936 0.08709229701596113 0.7078916372202592 0.08674531575294935 0.709658421672556 0.08535739070090215 0.7108362779740872 0.08258154059680778 0.7143698468786808 0.0791117279666898 0.7190812720848057 0.07702984038861901 0.7214369846878681 0.07425399028452463 0.7249705535924618 0.07078417765440666 0.7296819787985865 0.06904927133934767 0.7314487632508834 0.06904927133934767 0.7338044758539458 0.06835530881332408 0.734982332155477 0.06835530881332408 0.7385159010600707 0.06766134628730049 0.7396937573616019 0.06766134628730049 0.7444051825677267 0.0669673837612769 0.7455830388692579 0.0669673837612769 0.7491166077738516 0.0662734212352533 0.7502944640753828 0.0662734212352533 0.7573616018845701 0.0655794587092297 0.7585394581861012 0.0655794587092297 0.7620730270906949 0.0648854961832061 0.7632508833922261 0.0648854961832061 0.767962308598351 0.06419153365718251 0.7691401648998822 0.06419153365718251 0.7726737338044759 0.06349757113115892 0.773851590106007 0.06349757113115892 0.7785630153121319 0.06280360860513533 0.7797408716136631 0.06280360860513533 0.7856301531213192 0.06210964607911173 0.7868080094228505 0.06210964607911173 0.7915194346289752 0.061415683553088136 0.7926972909305064 0.061415683553088136 0.7962308598351001 0.06072172102706454 0.7974087161366313 0.06072172102706454 0.8021201413427562 0.06037473976405274 0.8027090694935218
0 0.11450381679389313 0.958186101295642 0.11207494795281055 0.9528857479387515 0.11138098542678695 0.950530035335689 0.11103400416377515 0.9487632508833922 0.10999306037473977 0.9481743227326266 0.10791117279666898 0.9434628975265018 0.10582928521859819 0.9387514723203769 0.1051353226925746 0.9363957597173145 0.10235947258848022 0.9305064782096584 0.10097154753643303 0.9269729093050648 0.09888965995836224 0.9222614840989399 0.09750173490631506 0.9187279151943463 0.09784871616932686 0.9169611307420494 0.09888965995836224 0.9163722025912838 0.09923664122137404 0.914605418138987 0.10062456627342123 0.9134275618374559 0.10340041637751561 0.9098939929328622 0.10582928521859819 0.9069493521790342 0.1051353226925746 0.9057714958775029 0.10235947258848022 0.8998822143698468 0.10097154753643303 0.8963486454652533 0.09888965995836224 0.8916372202591284 0.09611380985426787 0.8857479387514723 0.09611380985426787 0.8833922261484098 0.09472588480222068 0.8822143698468787 0.09333795975017349 0.8786808009422851 0.0912560721721027 0.8739693757361602 0.08986814712005552 0.8704358068315665 0.08709229701596113 0.8645465253239105 0.08570437196391395 0.8610129564193169 0.08362248438584316 0.856301531213192 0.08084663428174879 0.850412249705536 0.0794587092297016 0.8468786808009423 0.07807078417765441 0.8433451118963486 0.07598889659958362 0.8386336866902238 0.07460097154753643 0.8351001177856302 0.07182512144344205 0.8292108362779741 0.06974323386537128 0.8244994110718492 0.06835530881332408 0.8209658421672555 0.0662734212352533 0.8162544169611308 0.0662734212352533 0.806831566548881 0.0669673837612769 0.8056537102473498 0.0669673837612769 0.8021201413427562 0.06766134628730049 0.800942285041225 0.06766134628730049 0.7962308598351001 0.06835530881332408 0.7950530035335689 0.06835530881332408 0.7915194346289752 0.06904927133934767 0.790341578327444 0.06904927133934767 0.7832744405182568 0.06974323386537128 0.7820965842167256 0.06974323386537128 0.7773851590106007 0.07043719639139487 0.7762073027090695 0.07043719639139487 0.7726737338044759 0.07113115891741846 0.7714958775029447 0.07113115891741846 0.7667844522968198 0.07182512144344205 0.7656065959952886 0.07182512144344205 0.7597173144876325 0.07251908396946564 0.7585394581861012 0.07251908396946564 0.7538280329799765 0.07321304649548924 0.7526501766784452 0.07321304649548924 0.7491166077738516 0.07390700902151284 0.7479387514723204 0.07390700902151284 0.7432273262661955 0.07460097154753643 0.7420494699646644 0.07460097154753643 0.7385159010600707 0.07702984038861901 0.7343934040047114 0.0798056904927134 0.7308598351001178 0.08188757807078417 0.7285041224970553 0.08466342817487855 0.7249705535924618 0.08882720333102012 0.7190812720848057 0.09090909090909091 0.7167255594817432 0.0936849410131853 0.7131919905771495 0.09646079111727966 0.709658421672556 0.09993060374739764 0.7049469964664311 0.10131852879944483 0.7037691401648999 0.10235947258848022 0.7031802120141343 0.10270645385149202 0.7014134275618374 0.10478834142956281 0.699057714958775 0.10825815405968078 0.6943462897526502 0.11034004163775156 0.6919905771495878 0.11311589174184594 0.6884570082449941 0.11658570437196392 0.6837455830388692 0.1193615544760583 0.6802120141342756 0.12144344205412907 0.6778563015312132 0.12491325468424705 0.6731448763250883 0.12768910478834142 0.6696113074204947 0.1304649548924358 0.666077738515901 0.13324080499653018 0.6625441696113075 0.13671061762664816 0.6578327444051826 0.13948646773074255 0.6542991755005889 0.14156835530881332 0.6519434628975265 0.1443442054129077 0.6484098939929329 0.14850798056904926 0.6425206124852768 0.15058986814712005 0.6401648998822144 0.15336571825121442 0.6366313309776207 0.15614156835530882 0.633097762073027 0.1596113809854268 0.6283863368669023 0.16099930603747398 0.627208480565371 0.16204024982650936 0.6266195524146054 0.16238723108952116 0.6248527679623086 0.16446911866759195 0.6224970553592462 0.16724496877168632 0.6189634864546525 0.17002081887578072 0.6154299175500589 0.17279666897987508 0.6118963486454653 0.2761970853573907 0.6118963486454653 0.2768910478834143 0.610718492343934 0.27966689798750866 0.6071849234393404 0.28313671061762663 0.6024734982332155 0.28452463566967384 0.6012956419316844 0.28556557945870925 0.6007067137809188 0.28591256072172105 0.598939929328622 0.2879944482997918 0.5965842167255595 0.2914642609299098 0.5918727915194346 0.29354614850798055 0.5895170789163722 0.29458709229701596 0.5889281507656066 0.29493407356002777 0.5871613663133097 0.2963219986120749 0.5859835100117785 0.2997918112421929 0.5812720848056537 0.3025676613462873 0.5777385159010601 0.3046495489243581 0.5753828032979976 0.30742539902845245 0.571849234393404 0.3608605135322693 0.571849234393404 0.3612074947952811 0.5571260306242638 0.36294240111034004 0.5565371024734982 0.36433032616238725 0.5588928150765606 0.3657182512144344 0.5600706713780919 0.3671061762664816 0.5612485276796231 0.3684941013185288 0.5612485276796231 0.369882026370576 0.5636042402826855 0.3712699514226232 0.5647820965842167 0.37265787647467036 0.565959952885748 0.37404580152671757 0.5671378091872792 0.3754337265787647 0.5683156654888104 0.37751561415683554 0.5706713780918727 0.3789035392088827 0.571849234393404 0.3802914642609299 0.571849234393404 0.3816793893129771 0.5742049469964664 0.3830673143650243 0.5753828032979976 0.3844552394170715 0.5765606595995288 0.38584316446911865 0.5777385159010601 0.38723108952116586 0.5789163722025913 0.3886190145732131 0.5800942285041225 0.39000693962526023 0.5812720848056537 0.39139486467730744 0.582449941107185 0.3924358084663428 0.5830388692579506 0.39139486467730744 0.5848056537102474 0.3893129770992366 0.5871613663133097 0.38584316446911865 0.5918727915194346 0.3830673143650243 0.5954063604240283 0.3809854267869535 0.5977620730270907 0.37751561415683554 0.6024734982332155 0.37404580152671757 0.6071849234393404 0.3712699514226232 0.610718492343934 0.3684941013185288 0.6142520612485277 0.3657182512144344 0.6177856301531213 0.36224843858431643 0.6224970553592462 0.35877862595419846 0.627208480565371 0.3560027758501041 0.6307420494699647 0.3532269257460097 0.6342756183745583 0.3511450381679389 0.6366313309776207 0.34975711311589175 0.6378091872791519 0.3462873004857738 0.6425206124852768 0.3435114503816794 0.6460541813898705 0.342470506592644 0.6466431095406361 0.3421235253296322 0.6484098939929329 0.34073560027758504 0.649587750294464 0.3379597501734906 0.6531213191990577 0.33448993754337264 0.6578327444051826 0.33171408743927827 0.6613663133097762 0.33067314365024286 0.6619552414605419 0.3303261623872311 0.6637220259128387 0.3289382373351839 0.6648998822143698 0.32616238723108953 0.6684334511189635 0.32269257460097156 0.6731448763250883 0.3199167244968772 0.676678445229682 0.3178348369188064 0.6790341578327445 0.3143650242886884 0.6837455830388692 0.3108952116585704 0.6884570082449941 0.30811936155447606 0.6919905771495878 0.3060374739764053 0.6943462897526502 0.3025676613462873 0.699057714958775 0.29909784871616935 0.7037691401648999 0.2970159611380985 0.7061248527679623 0.29424011103400416 0.709658421672556 0.2907702984038862 0.7143698468786808 0.2879944482997918 0.7179034157832744 0.2866065232477446 0.7190812720848057 0.28556557945870925 0.7196702002355713 0.28521859819569745 0.7214369846878681 0.2824427480916031 0.7249705535924618 0.2789729354614851 0.7296819787985865 0.2775850104094379 0.7308598351001178 0.2765440666204025 0.7314487632508834 0.2761970853573907 0.7332155477031802 0.2748091603053435 0.7343934040047114 0.27064538514920194 0.7402826855123675 0.2685634975711312 0.7426383981154299 0.2675225537820958 0.7432273262661955 0.26717557251908397 0.7449941107184923 0.26578764746703676 0.7461719670200235 0.2630117973629424 0.7497055359246172 0.2588480222068008 0.7555948174322733 0.25676613462873005 0.7579505300353356 0.2539902845246357 0.7614840989399293 0.2512144344205413 0.765017667844523 0.2477446217904233 0.7697290930506479 0.24496877168632894 0.7732626619552415 0.24219292158223457 0.7767962308598351 0.23941707147814018 0.7803297997644287 0.2359472588480222 0.7850412249705536 0.23317140874392783 0.7885747938751473 0.23108952116585704 0.7909305064782096 0.22761970853573907 0.7956419316843345 0.2241498959056211 0.8003533568904594 0.2220680083275503 0.8027090694935218 0.21929215822345594 0.8062426383981154 0.21582234559333796 0.8109540636042403 0.2130464954892436 0.8144876325088339 0.2109646079111728 0.8168433451118964 0.20749479528105483 0.8215547703180212 0.20402498265093685 0.826266195524146 0.20263705759888967 0.8274440518256773 0.1991672449687717 0.8321554770318021 0.19569743233865372 0.8368669022379269 0.19292158223455932 0.8404004711425206 0.19083969465648856 0.842756183745583 0.1873698820263706 0.8474676089517079 0.1839000693962526 0.8521790341578327 0.18181818181818182 0.8545347467608951 0.17904233171408743 0.8580683156654888 0.17557251908396945 0.8627797408716137 0.17279666897987508 0.8663133097762074 0.17002081887578072 0.8698468786808009 0.16828591256072173 0.8716136631330977 0.1689798750867453 0.872791519434629 0.16828591256072173 0.8739693757361602 0.16793893129770993 0.875736160188457 0.16516308119361556 0.8792697290930507 0.16238723108952116 0.8828032979976443 0.1589174184594032 0.8875147232037691 0.1554476058292852 0.892226148409894 0.15405968077723803 0.8934040047114252 0.15058986814712005 0.8981154299175501 0.14850798056904926 0.9004711425206124 0.14781401804302569 0.8992932862190812 0.14642609299097847 0.8992932862190812 0.1443442054129077 0.9028268551236749 0.14052741151977793 0.9081272084805654 0.14260929909784872 0.911660777385159 0.1439972241498959 0.9151943462897526 0.14469118667591951 0.917550058892815 0.14156835530881332 0.9240282685512368 0.13948646773074255 0.9263839811542992 0.13844552394170714 0.9269729093050648 0.13809854267869534 0.9287396937573617 0.13671061762664816 0.9299175500588928 0.1339347675225538 0.9334511189634864 0.1304649548924358 0.9381625441696113 0.12768910478834142 0.941696113074205 0.12491325468424705 0.9452296819787986 0.12213740458015267 0.9487632508833922 0.11866759195003469 0.9534746760895171 0.11658570437196392 0.9558303886925795 0.11450381679389313 0.958186101295642
0 0.7231089521165857 0.8616018845700825 0.7206800832755031 0.856301531213192 0.7179042331714087 0.850412249705536 0.7151283830673144 0.8445229681978799 0.7130464954892436 0.839811542991755 0.7109646079111728 0.8351001177856302 0.7088827203331021 0.8303886925795053 0.705412907702984 0.823321554770318 0.7033310201249132 0.8186101295641932 0.7012491325468425 0.8138987043580683 0.6991672449687717 0.8091872791519434 0.6963913948646773 0.8032979976442874 0.693615544760583 0.7974087161366313 0.6908396946564885 0.7915194346289752 0.6873698820263706 0.784452296819788 0.686675919500347 0.7820965842167256 0.6863289382373352 0.7803297997644287 0.6852879944482998 0.7797408716136631 0.6845940319222762 0.7773851590106007 0.6842470506592644 0.7756183745583038 0.683206106870229 0.7750294464075382 0.6811242192921583 0.7703180212014135 0.6783483691880638 0.7644287396937574 0.6755725190839694 0.7585394581861012 0.6734906315058987 0.7538280329799765 0.6759195003469812 0.7497055359246172 0.6773074253990284 0.748527679623086 0.6800832755031229 0.7449941107184923 0.6821651630811936 0.7426383981154299 0.6842470506592644 0.7402826855123675 0.6863289382373352 0.7379269729093051 0.6891047883414295 0.7343934040047114 0.6911866759195003 0.732037691401649 0.6932685634975712 0.7296819787985865 0.6953504510756419 0.7273262661955241 0.6963913948646773 0.7267373380447585 0.6967383761276891 0.7249705535924618 0.6981263011797363 0.7249705535924618 0.7009021512838307 0.7202591283863369 0.7022900763358778 0.7190812720848057 0.7057598889659958 0.7143698468786808 0.707147814018043 0.7143698468786808 0.7099236641221374 0.709658421672556 0.7109646079111728 0.7090694935217904 0.7088827203331021 0.7043580683156655 0.7074947952810549 0.7008244994110718 0.707147814018043 0.699057714958775 0.7061068702290076 0.6984687868080094 0.705412907702984 0.696113074204947 0.7050659264399722 0.6943462897526502 0.7040249826509368 0.6937573616018846 0.7026370575988896 0.690223792697291 0.6998612074947953 0.6843345111896348 0.6984732824427481 0.6808009422850412 0.6981263011797363 0.6790341578327445 0.6970853573907009 0.6784452296819788 0.6963913948646773 0.6760895170789164 0.693615544760583 0.6702002355712603 0.6908396946564885 0.6643109540636042 0.6894517696044413 0.6607773851590106 0.6887578070784177 0.6584216725559482 0.6911866759195003 0.6531213191990577 0.6946564885496184 0.6484098939929329 0.6981263011797363 0.643698468786808 0.7009021512838307 0.6401648998822144 0.703678001387925 0.6366313309776207 0.7064538514920194 0.633097762073027 0.710617626648161 0.627208480565371 0.7133934767522554 0.6236749116607774 0.7161693268563497 0.6201413427561837 0.7196391394864677 0.6154299175500589 0.7224149895905622 0.6118963486454653 0.7244968771686329 0.6095406360424028 0.7272727272727273 0.6060070671378092 0.7300485773768216 0.6024734982332155 0.7314365024288688 0.6012956419316844 0.7324774462179042 0.6007067137809188 0.732824427480916 0.598939929328622 0.7349063150589868 0.5965842167255595 0.7369882026370576 0.5942285041224971 0.7390700902151284 0.5918727915194346 0.7425399028452464 0.5871613663133097 0.7439278278972935 0.5859835100117785 0.7473976405274115 0.5812720848056537 0.7494795281054824 0.5789163722025913 0.7519083969465649 0.5830388692579506 0.7539902845246357 0.5877502944640753 0.7567661346287301 0.5936395759717314 0.7595419847328244 0.5995288574793876 0.7616238723108952 0.6042402826855123 0.7637057598889659 0.6089517078916372 0.7657876474670368 0.6136631330977621 0.7685634975711312 0.6195524146054181 0.7720333102012491 0.6266195524146054 0.7741151977793199 0.6313309776207303 0.7761970853573907 0.6360424028268551 0.7782789729354614 0.64075382803298 0.7810548230395559 0.6466431095406361 0.7838306731436503 0.6525323910482921 0.7866065232477446 0.6584216725559482 0.7879944482997918 0.6619552414605419 0.7883414295628036 0.6637220259128387 0.789382373351839 0.6643109540636042 0.7900763358778626 0.6666666666666666 0.7904233171408744 0.6684334511189635 0.7914642609299097 0.6690223792697291 0.7935461485079806 0.673733804475854 0.7956280360860514 0.6784452296819788 0.7990978487161693 0.6855123674911661 0.8011797362942401 0.690223792697291 0.8018736988202637 0.6925795053003534 0.8022206800832755 0.6943462897526502 0.8032616238723109 0.6949352179034158 0.8053435114503816 0.6996466431095406 0.8081193615544761 0.7055359246171967 0.8108952116585705 0.7114252061248527 0.8129770992366412 0.7161366313309776 0.815058986814712 0.7208480565371025 0.8171408743927828 0.7255594817432274 0.8199167244968771 0.7314487632508834 0.8213046495489243 0.734982332155477 0.8209576682859125 0.7367491166077739 0.8199167244968771 0.7373380447585395 0.8195697432338653 0.7391048292108363 0.8181818181818182 0.7402826855123675 0.8147120055517002 0.7449941107184923 0.8119361554476058 0.748527679623086 0.8098542678695351 0.7508833922261484 0.806384455239417 0.7555948174322733 0.8036086051353227 0.7591283863368669 0.8008327550312283 0.7626619552414605 0.7987508674531575 0.765017667844523 0.794587092297016 0.7709069493521791 0.7925052047189451 0.7732626619552415 0.7897293546148508 0.7767962308598351 0.78764746703678 0.7791519434628975 0.7848716169326856 0.7826855123674912 0.7820957668285913 0.7862190812720848 0.7786259541984732 0.7909305064782096 0.7765440666204025 0.7932862190812721 0.7737682165163081 0.7968197879858657 0.7702984038861902 0.8015312131919906 0.7675225537820958 0.8050647820965842 0.765440666204025 0.8074204946996466 0.7626648160999306 0.8109540636042403 0.7591950034698126 0.8156654888103652 0.7578070784177654 0.8168433451118964 0.7567661346287301 0.817432273262662 0.7564191533657183 0.8191990577149588 0.7543372657876475 0.8215547703180212 0.7515614156835531 0.8250883392226148 0.7494795281054824 0.8274440518256773 0.7460097154753643 0.8321554770318021 0.7432338653712699 0.8356890459363958 0.7404580152671756 0.8392226148409894 0.7383761276891048 0.8415783274440518 0.7342123525329632 0.8474676089517079 0.7321304649548924 0.8498233215547704 0.7293546148507981 0.8533568904593639 0.7265787647467037 0.8568904593639576 0.7244968771686329 0.85924617196702 0.7234559333795975 0.8598351001177856 0.7231089521165857 0.8616018845700825
0 0.3802914642609299 0.693168433451119 0.3785565579458709 0.6914016489988222 0.37716863289382374 0.6878680800942285 0.3750867453157529 0.6831566548881036 0.37231089521165855 0.6772673733804476 0.3695350451075642 0.6713780918727915 0.36814712005551703 0.6678445229681979 0.3660652324774462 0.6631330977620731 0.36328938237335184 0.657243816254417 0.36190145732130463 0.6537102473498233 0.36433032616238725 0.649587750294464 0.366412213740458 0.6472320376914017 0.369882026370576 0.6425206124852768 0.37335183900069396 0.6378091872791519 0.3754337265787647 0.6354534746760895 0.37751561415683554 0.633097762073027 0.3816793893129771 0.627208480565371 0.3844552394170715 0.6236749116607774 0.38584316446911865 0.6224970553592462 0.3893129770992366 0.6177856301531213 0.3934767522553782 0.6118963486454653 0.3948646773074254 0.610718492343934 0.3976405274115198 0.6071849234393404 0.40111034004163776 0.6024734982332155 0.4031922276197085 0.6001177856301532 0.45176960444136016 0.6001177856301532 0.45176960444136016 0.6012956419316844 0.4496877168632894 0.6036513545347467 0.44691186675919503 0.6071849234393404 0.44344205412907706 0.6118963486454653 0.44066620402498263 0.6154299175500589 0.43789035392088826 0.6189634864546525 0.4351145038167939 0.6224970553592462 0.4316446911866759 0.627208480565371 0.42886884108258155 0.6307420494699647 0.4260929909784872 0.6342756183745583 0.42331714087439276 0.6378091872791519 0.4198473282442748 0.6425206124852768 0.4170714781401804 0.6460541813898705 0.41429562803608605 0.649587750294464 0.4115197779319917 0.6531213191990577 0.4080499653018737 0.6578327444051826 0.40527411519777934 0.6613663133097762 0.4031922276197085 0.6637220259128387 0.39972241498959055 0.6684334511189635 0.39625260235947257 0.6731448763250883 0.3948646773074254 0.6743227326266196 0.39139486467730744 0.6790341578327445 0.38792505204718947 0.6837455830388692 0.3851492019430951 0.6872791519434629 0.3830673143650243 0.6896348645465253 0.3802914642609299 0.693168433451119
0 0.15336571825121442 0.9110718492343934 0.15163081193615544 0.9081272084805654 0.15093684941013186 0.9057714958775029 0.15197779319916724 0.9040047114252061 0.15475364330326163 0.9004711425206124 0.157529493407356 0.8969375736160189 0.16030534351145037 0.8934040047114252 0.16446911866759195 0.8875147232037691 0.16724496877168632 0.8839811542991755 0.17002081887578072 0.8804475853945819 0.1710617626648161 0.8798586572438163 0.1714087439278279 0.8780918727915195 0.17383761276891047 0.8833922261484098 0.17279666897987508 0.8863368669022379 0.17002081887578072 0.8898704358068316 0.16724496877168632 0.8934040047114252 0.16377515614156835 0.8981154299175501 0.16099930603747398 0.9016489988221437 0.1589174184594032 0.9040047114252061 0.1554476058292852 0.908716136631331 0.15336571825121442 0.9110718492343934