0 0.49659045326915363 0.5859574468085106 0.403529883674288 0.5859574468085106 0.40332932210188527 0.31574468085106383 0.5234657039711191 0.3153191489361702 0.5236662655435219 0.265531914893617 0.6121139189731247 0.2651063829787234 0.6123144805455275 0.35148936170212763 0.6161251504211793 0.3519148936170213 0.616325711993582 0.4357446808510638 0.6167268351383874 0.43659574468085105 0.6167268351383874 0.5029787234042553 0.4969915764139591 0.5034042553191489 0.49679101484155636 0.585531914893617 0.49659045326915363 0.5859574468085106
0 0.24147613317288408 0.6063829787234043 0.1247492980344966 0.6063829787234043 0.12454873646209386 0.5012765957446809 0.12154031287605295 0.5008510638297873 0.12133975130365023 0.5412765957446809 0.032089851584436425 0.5417021276595745 0.031889290012033694 0.32170212765957445 0.10028078620136383 0.32127659574468087 0.10048134777376655 0.39659574468085107 0.152426795026073 0.39702127659574465 0.15262735659847573 0.2731914893617021 0.24147613317288408 0.27276595744680854 0.2416766947452868 0.6059574468085106 0.24147613317288408 0.6063829787234043
0 0.6177296430004011 0.3519148936170213 0.6125150421179302 0.3519148936170213 0.6123144805455275 0.31574468085106383 0.6177296430004011 0.3153191489361702 0.6179302045728039 0.35148936170212763 0.6177296430004011 0.3519148936170213
0 0.6979542719614922 0.4702127659574468 0.6197352587244284 0.4702127659574468 0.6195346971520257 0.43659574468085105 0.6165262735659848 0.43617021276595747 0.616325711993582 0.3523404255319149 0.6177296430004011 0.3519148936170213 0.6179302045728039 0.31574468085106383 0.6979542719614922 0.3153191489361702 0.698154833533895 0.4697872340425532 0.6979542719614922 0.4702127659574468
0 0.15002005615724026 0.3902127659574468 0.10389089450461292 0.3902127659574468 0.1036903329322102 0.32170212765957445 0.15002005615724026 0.32127659574468087 0.150220617729643 0.38978723404255317 0.15002005615724026 0.3902127659574468
0 0.2703569995988769 0.54 0.2458884877657441 0.54 0.24568792619334134 0.32170212765957445 0.32330525471319693 0.32127659574468087 0.32350581628559966 0.414468085106383 0.2908142799839551 0.4148936170212766 0.29041315683914964 0.4157446808510638 0.2898114721219414 0.41617021276595745 0.2896109105495387 0.4174468085106383 0.2890092258323305 0.4178723404255319 0.2888086642599278 0.41914893617021276 0.2882069795427196 0.4195744680851064 0.2880064179703169 0.4208510638297872 0.2874047332531087 0.42127659574468085 0.287204171680706 0.4225531914893617 0.28660248696349777 0.4229787234042553 0.28640192539109505 0.42425531914893616 0.2858002406738869 0.4246808510638298 0.28559967910148415 0.42595744680851066 0.284997994384276 0.42638297872340425 0.28479743281187325 0.4276595744680851 0.2841957480946651 0.4280851063829787 0.28399518652226236 0.42936170212765956 0.2833935018050541 0.4297872340425532 0.2831929402326514 0.43106382978723407 0.28259125551544323 0.43148936170212765 0.2823906939430405 0.4327659574468085 0.28178900922583233 0.43319148936170215 0.2815884476534296 0.43446808510638296 0.28098676293622143 0.4348936170212766 0.2705575611712796 0.45787234042553193 0.2705575611712796 0.5395744680851063 0.2703569995988769 0.54
0 0.32089851584436424 0.5391489361702128 0.273967107902126 0.5391489361702128 0.27376654632972325 0.46127659574468083 0.2833935018050541 0.4408510638297872 0.2835940633774569 0.43957446808510636 0.2841957480946651 0.4391489361702128 0.2843963096670678 0.4378723404255319 0.284997994384276 0.4374468085106383 0.2851985559566787 0.43617021276595747 0.2858002406738869 0.4357446808510638 0.2860008022462896 0.43446808510638296 0.28660248696349777 0.4340425531914894 0.2868030485359005 0.4327659574468085 0.2874047332531087 0.4323404255319149 0.28760529482551145 0.43106382978723407 0.2882069795427196 0.4306382978723404 0.28840754111512235 0.42936170212765956 0.2890092258323305 0.428936170212766 0.28920978740473324 0.4276595744680851 0.2898114721219414 0.4272340425531915 0.29001203369434414 0.42595744680851066 0.29061371841155237 0.425531914893617 0.2908142799839551 0.42425531914893616 0.29141596470116327 0.4238297872340426 0.29201764941837144 0.4217021276595745 0.32089851584436424 0.4217021276595745 0.32109907741676696 0.5387234042553192 0.32089851584436424 0.5391489361702128
0 0.6979542719614922 0.5842553191489361 0.6197352587244284 0.5842553191489361 0.6195346971520257 0.4757446808510638 0.6417970316887285 0.4753191489361702 0.6419975932611311 0.5174468085106383 0.6434015242679503 0.5178723404255319 0.6436020858403529 0.4757446808510638 0.6979542719614922 0.4753191489361702 0.698154833533895 0.5838297872340426 0.6979542719614922 0.5842553191489361
0 0.6161251504211793 0.6659574468085107 0.5214600882470919 0.6659574468085107 0.5212595266746891 0.6042553191489362 0.4969915764139591 0.6038297872340426 0.49679101484155636 0.5038297872340426 0.6165262735659848 0.5034042553191489 0.6167268351383874 0.6646808510638298 0.6161251504211793 0.6659574468085107
0 0.14841556357801844 0.754468085106383 0.032089851584436425 0.754468085106383 0.031889290012033694 0.548936170212766 0.12113918973124749 0.5485106382978724 0.12133975130365023 0.6127659574468085 0.14841556357801844 0.6131914893617021 0.1486161251504212 0.7540425531914894 0.14841556357801844 0.754468085106383
0 0.32330525471319693 0.754468085106383 0.2458884877657441 0.754468085106383 0.24568792619334134 0.548936170212766 0.32330525471319693 0.5485106382978724 0.32350581628559966 0.7540425531914894 0.32330525471319693 0.754468085106383
0 0.6979542719614922 0.7561702127659574 0.6197352587244284 0.7561702127659574 0.6195346971520257 0.5897872340425532 0.6979542719614922 0.5893617021276596 0.698154833533895 0.7557446808510638 0.6979542719614922 0.7561702127659574
0 0.5186522262334536 0.7561702127659574 0.403529883674288 0.7561702127659574 0.40332932210188527 0.5923404255319149 0.49378259125551544 0.5919148936170213 0.49398315282791816 0.6093617021276596 0.5186522262334536 0.6097872340425532 0.5188527878058564 0.7557446808510638 0.5186522262334536 0.7561702127659574
0 0.24147613317288408 0.754468085106383 0.15282791817087846 0.754468085106383 0.15262735659847573 0.6655319148936171 0.14881668672282392 0.6651063829787234 0.1486161251504212 0.6136170212765958 0.24147613317288408 0.6131914893617021 0.2416766947452868 0.7540425531914894 0.24147613317288408 0.754468085106383
0 0.5667870036101083 0.7561702127659574 0.5214600882470919 0.7561702127659574 0.5212595266746891 0.6714893617021277 0.5667870036101083 0.671063829787234 0.566987565182511 0.7557446808510638 0.5667870036101083 0.7561702127659574
0 0.6165262735659848 0.7561702127659574 0.5695948656237465 0.7561702127659574 0.5693943040513437 0.6714893617021277 0.6165262735659848 0.671063829787234 0.6167268351383874 0.7557446808510638 0.6165262735659848 0.7561702127659574