0 0.5816326530612245 0.44333333333333336 0.35034013605442177 0.44333333333333336 0.3486394557823129 0.24 0.5816326530612245 0.2388888888888889 0.5833333333333334 0.44222222222222224 0.5816326530612245 0.44333333333333336
0 0.9387755102040817 0.51 0.5952380952380952 0.51 0.5935374149659864 0.24 0.9387755102040817 0.2388888888888889 0.9404761904761905 0.5088888888888888 0.9387755102040817 0.51
0 0.5816326530612245 0.5366666666666666 0.35034013605442177 0.5366666666666666 0.3486394557823129 0.45111111111111113 0.5816326530612245 0.45 0.5833333333333334 0.5355555555555556 0.5816326530612245 0.5366666666666666
0 0.3163265306122449 0.5455555555555556 0.10204081632653061 0.5455555555555556 0.10034013605442177 0.4688888888888889 0.3163265306122449 0.4677777777777778 0.31802721088435376 0.5444444444444444 0.3163265306122449 0.5455555555555556
0 0.9387755102040817 0.6188888888888889 0.5952380952380952 0.6188888888888889 0.5935374149659864 0.5111111111111111 0.9387755102040817 0.51 0.9404761904761905 0.6177777777777778 0.9387755102040817 0.6188888888888889
0 0.4489795918367347 0.6188888888888889 0.35034013605442177 0.6188888888888889 0.3486394557823129 0.5444444444444444 0.4489795918367347 0.5433333333333333 0.45068027210884354 0.6177777777777778 0.4489795918367347 0.6188888888888889
0 0.5816326530612245 0.6188888888888889 0.45918367346938777 0.6188888888888889 0.4574829931972789 0.5444444444444444 0.5816326530612245 0.5433333333333333 0.5833333333333334 0.6177777777777778 0.5816326530612245 0.6188888888888889
0 0.3163265306122449 0.8388888888888889 0.08503401360544217 0.8388888888888889 0.08333333333333333 0.5555555555555556 0.3163265306122449 0.5544444444444444 0.31802721088435376 0.8377777777777777 0.3163265306122449 0.8388888888888889
0 0.7653061224489796 0.8211111111111111 0.5952380952380952 0.8211111111111111 0.5935374149659864 0.62 0.7006802721088435 0.6188888888888889 0.7023809523809523 0.7488888888888889 0.7653061224489796 0.75 0.7670068027210885 0.82 0.7653061224489796 0.8211111111111111
0 0.5816326530612245 0.8211111111111111 0.35034013605442177 0.8211111111111111 0.3486394557823129 0.6266666666666667 0.5816326530612245 0.6255555555555555 0.5833333333333334 0.82 0.5816326530612245 0.8211111111111111
0 0.9387755102040817 0.7455555555555555 0.7789115646258503 0.7455555555555555 0.7755102040816326 0.7433333333333333 0.7142857142857143 0.7433333333333333 0.7125850340136054 0.6266666666666667 0.9387755102040817 0.6255555555555555 0.9404761904761905 0.7444444444444445 0.9387755102040817 0.7455555555555555
0 0.935374149659864 0.8188888888888889 0.782312925170068 0.8188888888888889 0.7806122448979592 0.7555555555555555 0.935374149659864 0.7544444444444445 0.9370748299319728 0.8177777777777778 0.935374149659864 0.8188888888888889