0 0.4411134903640257 0.4814453125 0.3875802997858672 0.4814453125 0.3854389721627409 0.4794921875 0.2740899357601713 0.4794921875 0.27301927194860814 0.44921875 0.2698072805139186 0.4482421875 0.26873661670235544 0.478515625 0.12205567451820129 0.4794921875 0.12098501070663811 0.2890625 0.25910064239828695 0.2880859375 0.2623126338329764 0.28515625 0.27301927194860814 0.2734375 0.2837259100642398 0.26171875 0.2965738758029979 0.248046875 0.30620985010706636 0.2373046875 0.3426124197002141 0.2373046875 0.3436830835117773 0.41796875 0.4411134903640257 0.4189453125 0.4421841541755889 0.48046875 0.4411134903640257 0.4814453125
0 0.841541755888651 0.5068359375 0.715203426124197 0.5068359375 0.7141327623126338 0.244140625 0.7194860813704497 0.2392578125 0.841541755888651 0.2392578125 0.8426124197002142 0.505859375 0.841541755888651 0.5068359375
0 0.4346895074946467 0.3369140625 0.3490364025695932 0.3369140625 0.34796573875803 0.2421875 0.4346895074946467 0.2412109375 0.43576017130620986 0.3359375 0.4346895074946467 0.3369140625
0 0.6552462526766595 0.5302734375 0.5289079229122056 0.5302734375 0.5278372591006424 0.2890625 0.6638115631691649 0.2880859375 0.6895074946466809 0.2646484375 0.7130620985010707 0.2451171875 0.7141327623126338 0.505859375 0.6573875802997858 0.5068359375 0.6563169164882227 0.529296875 0.6552462526766595 0.5302734375
0 0.4346895074946467 0.4111328125 0.3533190578158458 0.4111328125 0.35224839400428265 0.34375 0.4346895074946467 0.3427734375 0.43576017130620986 0.41015625 0.4346895074946467 0.4111328125
0 0.8372591006423983 0.6494140625 0.6937901498929336 0.6494140625 0.6852248394004282 0.6416015625 0.6659528907922913 0.6259765625 0.658458244111349 0.62109375 0.658458244111349 0.53125 0.6563169164882227 0.529296875 0.6563169164882227 0.5078125 0.7516059957173448 0.5068359375 0.7537473233404711 0.5107421875 0.8372591006423983 0.5107421875 0.8383297644539615 0.6484375 0.8372591006423983 0.6494140625
0 0.5845824411134903 0.5908203125 0.5289079229122056 0.5908203125 0.5278372591006424 0.53515625 0.5845824411134903 0.5341796875 0.5856531049250535 0.58984375 0.5845824411134903 0.5908203125
0 0.6531049250535332 0.5908203125 0.5910064239828694 0.5908203125 0.5899357601713062 0.55078125 0.6017130620985011 0.5498046875 0.6027837259100642 0.53515625 0.6531049250535332 0.5341796875 0.6541755888650964 0.58984375 0.6531049250535332 0.5908203125
0 0.6916488222698073 0.7509765625 0.5289079229122056 0.7509765625 0.5278372591006424 0.595703125 0.6531049250535332 0.5947265625 0.6541755888650964 0.62109375 0.6788008565310493 0.6435546875 0.6927194860813705 0.654296875 0.6927194860813705 0.75 0.6916488222698073 0.7509765625
0 0.841541755888651 0.7216796875 0.6980728051391863 0.7216796875 0.6970021413276232 0.654296875 0.841541755888651 0.6533203125 0.8426124197002142 0.720703125 0.841541755888651 0.7216796875
0 0.8394004282655246 0.8388671875 0.7687366167023555 0.8388671875 0.7676659528907923 0.734375 0.8394004282655246 0.7333984375 0.8404710920770878 0.837890625 0.8394004282655246 0.8388671875