0 0.9563786008230453 0.2885304659498208 0.7094650205761317 0.2885304659498208 0.7090534979423868 0.07048984468339307 0.9563786008230453 0.06989247311827956 0.9567901234567902 0.28793309438470727 0.9563786008230453 0.2885304659498208
0 0.2205761316872428 0.8464755077658304 0.05596707818930041 0.8464755077658304 0.05555555555555555 0.16248506571087215 0.2205761316872428 0.16188769414575865 0.22098765432098766 0.47909199522102747 0.14897119341563786 0.479689366786141 0.148559670781893 0.5710872162485066 0.2205761316872428 0.5716845878136201 0.22098765432098766 0.8458781362007168 0.2205761316872428 0.8464755077658304
0 0.522633744855967 0.478494623655914 0.47160493827160493 0.478494623655914 0.4707818930041152 0.477299880525687 0.2880658436213992 0.477299880525687 0.2872427983539095 0.478494623655914 0.2271604938271605 0.478494623655914 0.22674897119341564 0.16248506571087215 0.522633744855967 0.16188769414575865 0.5230452674897119 0.20908004778972522 0.5222222222222223 0.21027479091995221 0.5222222222222223 0.4133811230585424 0.5230452674897119 0.4145758661887694 0.5230452674897119 0.4778972520908005 0.522633744855967 0.478494623655914
0 0.6962962962962963 0.41397849462365593 0.522633744855967 0.41397849462365593 0.5222222222222223 0.21027479091995221 0.6962962962962963 0.20967741935483872 0.6967078189300412 0.4133811230585424 0.6962962962962963 0.41397849462365593
0 0.9563786008230453 0.7532855436081243 0.7958847736625514 0.7532855436081243 0.7954732510288066 0.6093189964157706 0.7094650205761317 0.6087216248506571 0.7090534979423868 0.2974910394265233 0.9563786008230453 0.2968936678614098 0.9567901234567902 0.7526881720430108 0.9563786008230453 0.7532855436081243
0 0.6074074074074074 0.5716845878136201 0.5292181069958848 0.5716845878136201 0.5288065843621399 0.42054958183990443 0.6074074074074074 0.4199522102747909 0.6078189300411523 0.5710872162485066 0.6074074074074074 0.5716845878136201
0 0.6962962962962963 0.5716845878136201 0.6139917695473252 0.5716845878136201 0.6135802469135803 0.42054958183990443 0.6962962962962963 0.4199522102747909 0.6967078189300412 0.5710872162485066 0.6962962962962963 0.5716845878136201
0 0.4707818930041152 0.48805256869773 0.2880658436213992 0.48805256869773 0.2876543209876543 0.4778972520908005 0.4707818930041152 0.477299880525687 0.4711934156378601 0.4874551971326165 0.4707818930041152 0.48805256869773
0 0.35720164609053495 0.7246117084826762 0.2271604938271605 0.7246117084826762 0.22674897119341564 0.47909199522102747 0.2872427983539095 0.478494623655914 0.2876543209876543 0.4874551971326165 0.3563786008230453 0.48805256869773 0.3567901234567901 0.6081242532855436 0.35761316872427984 0.6093189964157706 0.35761316872427984 0.7240143369175627 0.35720164609053495 0.7246117084826762
0 0.522633744855967 0.8464755077658304 0.362962962962963 0.8464755077658304 0.3625514403292181 0.6093189964157706 0.35720164609053495 0.6087216248506571 0.3567901234567901 0.4886499402628435 0.4707818930041152 0.48805256869773 0.4711934156378601 0.47909199522102747 0.522633744855967 0.478494623655914 0.5230452674897119 0.8458781362007168 0.522633744855967 0.8464755077658304
0 0.2205761316872428 0.562126642771804 0.15473251028806584 0.562126642771804 0.15432098765432098 0.4886499402628435 0.2205761316872428 0.48805256869773 0.22098765432098766 0.5615292712066906 0.2205761316872428 0.562126642771804
0 0.6962962962962963 0.8464755077658304 0.5292181069958848 0.8464755077658304 0.5288065843621399 0.5794504181600956 0.6526748971193416 0.578853046594982 0.6530864197530865 0.6941457586618877 0.6962962962962963 0.6947431302270012 0.6967078189300412 0.8458781362007168 0.6962962962962963 0.8464755077658304
0 0.6962962962962963 0.6875746714456392 0.6576131687242799 0.6875746714456392 0.657201646090535 0.5794504181600956 0.6962962962962963 0.578853046594982 0.6967078189300412 0.6869772998805257 0.6962962962962963 0.6875746714456392
0 0.7893004115226337 0.6947431302270012 0.7094650205761317 0.6947431302270012 0.7090534979423868 0.6188769414575866 0.7893004115226337 0.6182795698924731 0.7897119341563786 0.6941457586618877 0.7893004115226337 0.6947431302270012
0 0.28888888888888886 0.8464755077658304 0.2271604938271605 0.8464755077658304 0.22674897119341564 0.7335722819593787 0.28888888888888886 0.7329749103942652 0.28930041152263375 0.8458781362007168 0.28888888888888886 0.8464755077658304
0 0.35720164609053495 0.8464755077658304 0.29547325102880656 0.8464755077658304 0.29506172839506173 0.7335722819593787 0.35720164609053495 0.7329749103942652 0.35761316872427984 0.8458781362007168 0.35720164609053495 0.8464755077658304