0 0.4228377614471453 0.4695364238410596 0.34595816845675526 0.4695364238410596 0.34567552289429054 0.19337748344370861 0.36856981345392875 0.19271523178807948 0.36885245901639346 0.18675496688741722 0.397399660825325 0.18609271523178808 0.39768230638778973 0.19205298013245034 0.4228377614471453 0.19271523178807948 0.42312040700960996 0.4688741721854305 0.4228377614471453 0.4695364238410596
0 0.2736009044657999 0.5993377483443708 0.21141888072357265 0.5993377483443708 0.2108535895986433 0.5980132450331126 0.11531938948558508 0.5980132450331126 0.11503674392312041 0.45827814569536424 0.11192764273600904 0.45761589403973507 0.11164499717354437 0.39072847682119205 0.11475409836065574 0.39006622516556294 0.11503674392312041 0.19337748344370861 0.2736009044657999 0.19271523178807948 0.27388355002826453 0.3390728476821192 0.26172979084228376 0.33973509933774837 0.2614471452798191 0.3973509933774834 0.2736009044657999 0.3980132450331126 0.27388355002826453 0.5986754966887418 0.2736009044657999 0.5993377483443708
0 0.5206331260599208 0.5503311258278145 0.4262295081967213 0.5503311258278145 0.42594686263425663 0.19337748344370861 0.5206331260599208 0.19271523178807948 0.5209157716223856 0.5496688741721855 0.5206331260599208 0.5503311258278145
0 0.9621254946297343 0.37284768211920527 0.7648388920293951 0.37284768211920527 0.7645562464669304 0.31920529801324504 0.6975692481628039 0.3185430463576159 0.6972866026003391 0.37218543046357616 0.5602035048049746 0.37284768211920527 0.5599208592425099 0.1947019867549669 0.9621254946297343 0.19403973509933775 0.962408140192199 0.37218543046357616 0.9621254946297343 0.37284768211920527
0 0.34200113058224985 0.32781456953642385 0.2769926512153759 0.32781456953642385 0.27671000565291126 0.20132450331125828 0.34200113058224985 0.20066225165562915 0.3422837761447145 0.3271523178807947 0.34200113058224985 0.32781456953642385
0 0.7167891464104014 0.43642384105960264 0.6958733747880158 0.43642384105960264 0.6955907292255512 0.3894039735099338 0.7037874505370265 0.3887417218543046 0.7040700960994912 0.3350993377483444 0.7247032221594121 0.3344370860927152 0.7249858677218768 0.3933774834437086 0.7207461842849068 0.39403973509933776 0.7204635387224421 0.343046357615894 0.7077444884115319 0.3423841059602649 0.7074618428490673 0.39867549668874175 0.7167891464104014 0.39933774834437086 0.7170717919728661 0.4357615894039735 0.7167891464104014 0.43642384105960264
0 0.7574901074053138 0.5039735099337749 0.6958733747880158 0.5039735099337749 0.6955907292255512 0.44370860927152317 0.719615602035048 0.44304635761589406 0.7198982475975128 0.4 0.7275296777840587 0.39933774834437086 0.7278123233465235 0.3350993377483444 0.7574901074053138 0.3344370860927152 0.7577727529677784 0.5033112582781457 0.7574901074053138 0.5039735099337749
0 0.34030525720746185 0.4629139072847682 0.28094968908988127 0.4629139072847682 0.2806670435274166 0.3880794701986755 0.27755794234030523 0.38741721854304634 0.2772752967778406 0.33642384105960266 0.34030525720746185 0.3357615894039735 0.3405879027699265 0.46225165562913906 0.34030525720746185 0.4629139072847682
0 0.6919163369135105 0.6099337748344371 0.5602035048049746 0.6099337748344371 0.5599208592425099 0.3894039735099338 0.6919163369135105 0.3887417218543046 0.6921989824759751 0.609271523178808 0.6919163369135105 0.6099337748344371
0 0.7891464104013567 0.8033112582781456 0.7303561334087055 0.8033112582781456 0.7300734878462408 0.6105960264900663 0.6958733747880158 0.6099337748344371 0.6955907292255512 0.5112582781456954 0.7603165630299604 0.5105960264900662 0.7605992085924251 0.3894039735099338 0.8304126625211984 0.3887417218543046 0.8306953080836631 0.609271523178808 0.789711701526286 0.6099337748344371 0.7894290559638214 0.8026490066225166 0.7891464104013567 0.8033112582781456
0 0.9621254946297343 0.6099337748344371 0.8343697003957038 0.6099337748344371 0.8340870548332391 0.3894039735099338 0.9621254946297343 0.3887417218543046 0.962408140192199 0.609271523178808 0.9621254946297343 0.6099337748344371
0 0.3448275862068966 0.804635761589404 0.2843414358394573 0.804635761589404 0.28405879027699266 0.704635761589404 0.282928208027134 0.7033112582781457 0.282928208027134 0.6516556291390728 0.28405879027699266 0.6503311258278146 0.28405879027699266 0.6 0.27416619559072924 0.5993377483443708 0.27388355002826453 0.4781456953642384 0.4228377614471453 0.4774834437086093 0.42312040700960996 0.6317880794701987 0.3499152063312606 0.6324503311258278 0.34963256076879595 0.6 0.3453928773318259 0.5993377483443708 0.34511023176936123 0.8039735099337748 0.3448275862068966 0.804635761589404
0 0.5206331260599208 0.804635761589404 0.4262295081967213 0.804635761589404 0.42594686263425663 0.5576158940397351 0.5206331260599208 0.5569536423841059 0.5209157716223856 0.8039735099337748 0.5206331260599208 0.804635761589404
0 0.2108535895986433 0.804635761589404 0.11531938948558508 0.804635761589404 0.11503674392312041 0.5986754966887418 0.2108535895986433 0.5980132450331126 0.21113623516110797 0.8039735099337748 0.2108535895986433 0.804635761589404
0 0.2724703222159412 0.8099337748344371 0.24024872809496892 0.8099337748344371 0.23996608253250423 0.8052980132450331 0.21424533634821932 0.804635761589404 0.21396269078575467 0.6066225165562914 0.2798191068400226 0.6059602649006622 0.2801017524024873 0.6503311258278146 0.2806670435274166 0.6516556291390728 0.2806670435274166 0.7033112582781457 0.2801017524024873 0.704635761589404 0.2801017524024873 0.8039735099337748 0.27303561334087056 0.804635761589404 0.27275296777840585 0.8092715231788079 0.2724703222159412 0.8099337748344371
0 0.7213114754098361 0.8033112582781456 0.5602035048049746 0.8033112582781456 0.5599208592425099 0.6264900662251656 0.7213114754098361 0.6258278145695364 0.7215941209723007 0.8026490066225166 0.7213114754098361 0.8033112582781456
0 0.9621254946297343 0.8033112582781456 0.7981910684002261 0.8033112582781456 0.7979084228377614 0.6264900662251656 0.9621254946297343 0.6258278145695364 0.962408140192199 0.8026490066225166 0.9621254946297343 0.8033112582781456
0 0.3900508762012436 0.804635761589404 0.3499152063312606 0.804635761589404 0.34963256076879595 0.6397350993377483 0.3900508762012436 0.6390728476821192 0.39033352176370834 0.8039735099337748 0.3900508762012436 0.804635761589404
0 0.4228377614471453 0.804635761589404 0.39344262295081966 0.804635761589404 0.393159977388355 0.6397350993377483 0.4228377614471453 0.6390728476821192 0.42312040700960996 0.8039735099337748 0.4228377614471453 0.804635761589404