0 0.35075 0.4005 0.156 0.4005 0.155875 0.17333333333333334 0.35075 0.17316666666666666 0.350875 0.375 0.350375 0.37533333333333335 0.3505 0.37583333333333335 0.350875 0.376 0.350875 0.4003333333333333 0.35075 0.4005
0 0.483 0.37583333333333335 0.351 0.37583333333333335 0.350875 0.17333333333333334 0.4835 0.17316666666666666 0.483625 0.375 0.483125 0.37533333333333335 0.483 0.37583333333333335
0 0.845 0.4031666666666667 0.75325 0.4031666666666667 0.753 0.4025 0.51775 0.4025 0.517625 0.17333333333333334 0.845 0.17316666666666666 0.845125 0.403 0.845 0.4031666666666667
0 0.35075 0.37583333333333335 0.350375 0.37566666666666665 0.3505 0.37516666666666665 0.350875 0.37533333333333335 0.35075 0.37583333333333335
0 0.4835 0.37583333333333335 0.483125 0.37566666666666665 0.48325 0.37516666666666665 0.483625 0.37533333333333335 0.4835 0.37583333333333335
0 0.39 0.6685 0.30825 0.6685 0.308125 0.5316666666666666 0.156 0.5315 0.155875 0.411 0.277 0.41083333333333333 0.277125 0.4013333333333333 0.156 0.40116666666666667 0.155875 0.40066666666666667 0.35075 0.4005 0.350875 0.38466666666666666 0.39 0.3845 0.390125 0.6683333333333333 0.39 0.6685
0 0.4835 0.49016666666666664 0.397 0.49016666666666664 0.396875 0.38466666666666666 0.4835 0.3845 0.483625 0.49 0.4835 0.49016666666666664
0 0.753 0.5341666666666667 0.51775 0.5341666666666667 0.517625 0.4026666666666667 0.753 0.4025 0.753125 0.534 0.753 0.5341666666666667
0 0.82825 0.5341666666666667 0.7595 0.5341666666666667 0.759375 0.4116666666666667 0.845 0.4115 0.845125 0.49366666666666664 0.8285 0.49383333333333335 0.828375 0.534 0.82825 0.5341666666666667
0 0.4835 0.6455 0.397 0.6455 0.396875 0.49033333333333334 0.4835 0.49016666666666664 0.483625 0.6453333333333333 0.4835 0.6455
0 0.3015 0.7558333333333334 0.156 0.7558333333333334 0.155875 0.5406666666666666 0.3015 0.5405 0.301625 0.7556666666666667 0.3015 0.7558333333333334
0 0.69125 0.7578333333333334 0.51775 0.7578333333333334 0.517625 0.5433333333333333 0.69125 0.5431666666666667 0.691375 0.7576666666666667 0.69125 0.7578333333333334
0 0.845 0.7578333333333334 0.698 0.7578333333333334 0.697875 0.5433333333333333 0.845 0.5431666666666667 0.845125 0.7576666666666667 0.845 0.7578333333333334
0 0.4835 0.7558333333333334 0.397 0.7558333333333334 0.396875 0.6543333333333333 0.4835 0.6541666666666667 0.483625 0.7556666666666667 0.4835 0.7558333333333334
0 0.39 0.7558333333333334 0.30825 0.7558333333333334 0.308125 0.6773333333333333 0.39 0.6771666666666667 0.390125 0.7556666666666667 0.39 0.7558333333333334