0 0.3646759847522236 0.3792918454935622 0.08767471410419314 0.3792918454935622 0.08703939008894536 0.20386266094420602 0.3646759847522236 0.20332618025751073 0.3653113087674714 0.37875536480686695 0.3646759847522236 0.3792918454935622
0 0.6912325285895807 0.45869098712446355 0.3735705209656925 0.45869098712446355 0.37293519695044475 0.20386266094420602 0.6912325285895807 0.20332618025751073 0.6918678526048284 0.4581545064377682 0.6912325285895807 0.45869098712446355
0 0.8996188055908514 0.42542918454935624 0.6988564167725541 0.42542918454935624 0.6982210927573063 0.20386266094420602 0.8996188055908514 0.20332618025751073 0.9002541296060991 0.4248927038626609 0.8996188055908514 0.42542918454935624
0 0.22236340533672172 0.5370171673819742 0.0940279542566709 0.5370171673819742 0.09339263024142312 0.44420600858369097 0.1156289707750953 0.4436695278969957 0.11626429479034307 0.43776824034334766 0.0940279542566709 0.43723175965665234 0.09339263024142312 0.38626609442060084 0.22236340533672172 0.3857296137339056 0.22299872935196952 0.4366952789699571 0.17026683608640406 0.43723175965665234 0.1696315120711563 0.44313304721030045 0.22236340533672172 0.4436695278969957 0.22299872935196952 0.5364806866952789 0.22236340533672172 0.5370171673819742
0 0.3646759847522236 0.5016094420600858 0.22998729351969505 0.5016094420600858 0.22935196950444728 0.3927038626609442 0.3570520965692503 0.39216738197424894 0.3576874205844981 0.4581545064377682 0.3646759847522236 0.45869098712446355 0.3653113087674714 0.5010729613733905 0.3646759847522236 0.5016094420600858
0 0.7941550190597204 0.5359442060085837 0.6988564167725541 0.5359442060085837 0.6982210927573063 0.43240343347639487 0.7941550190597204 0.43186695278969955 0.7947903430749682 0.5354077253218884 0.7941550190597204 0.5359442060085837
0 0.8996188055908514 0.5359442060085837 0.8017789072426937 0.5359442060085837 0.8011435832274459 0.43240343347639487 0.8996188055908514 0.43186695278969955 0.9002541296060991 0.5354077253218884 0.8996188055908514 0.5359442060085837
0 0.6912325285895807 0.7623390557939914 0.3735705209656925 0.7623390557939914 0.37293519695044475 0.4592274678111588 0.6912325285895807 0.45869098712446355 0.6918678526048284 0.7618025751072961 0.6912325285895807 0.7623390557939914
0 0.3646759847522236 0.6947424892703863 0.22998729351969505 0.6947424892703863 0.22935196950444728 0.5085836909871244 0.3646759847522236 0.5080472103004292 0.3653113087674714 0.5418454935622318 0.37229987293519695 0.5423819742489271 0.37293519695044475 0.6158798283261803 0.36594663278271916 0.6164163090128756 0.3653113087674714 0.694206008583691 0.3646759847522236 0.6947424892703863
0 0.8996188055908514 0.7623390557939914 0.6988564167725541 0.7623390557939914 0.6982210927573063 0.5418454935622318 0.8996188055908514 0.5413090128755365 0.9002541296060991 0.7618025751072961 0.8996188055908514 0.7623390557939914
0 0.22236340533672172 0.7623390557939914 0.08640406607369759 0.7623390557939914 0.08576874205844981 0.5429184549356223 0.22236340533672172 0.5423819742489271 0.22299872935196952 0.7618025751072961 0.22236340533672172 0.7623390557939914
0 0.3646759847522236 0.7623390557939914 0.22998729351969505 0.7623390557939914 0.22935196950444728 0.7006437768240343 0.3646759847522236 0.700107296137339 0.3653113087674714 0.7618025751072961 0.3646759847522236 0.7623390557939914