0 0.4891020052310375 0.30346820809248554 0.36704446381865735 0.30346820809248554 0.3666085440278989 0.10982658959537572 0.4891020052310375 0.1092485549132948 0.489537925021796 0.30289017341040464 0.4891020052310375 0.30346820809248554
0 0.6408020924149956 0.33005780346820807 0.5579773321708805 0.33005780346820807 0.557541412380122 0.3040462427745665 0.4934612031386225 0.30346820809248554 0.493025283347864 0.10982658959537572 0.6408020924149956 0.1092485549132948 0.6412380122057542 0.32947976878612717 0.6408020924149956 0.33005780346820807
0 0.5510026155187445 0.6179190751445087 0.5091543156059285 0.6179190751445087 0.50871839581517 0.5433526011560693 0.3905841325196164 0.5427745664739885 0.3897122929380994 0.5416184971098266 0.28945074106364427 0.5416184971098266 0.2890148212728858 0.3791907514450867 0.29642545771578027 0.3786127167630058 0.2972972972972973 0.37745664739884394 0.2990409764603313 0.3763005780346821 0.3016564952048823 0.3739884393063584 0.30340017436791633 0.37283236994219654 0.3060156931124673 0.37052023121387284 0.3086312118570183 0.36820809248554914 0.31037489102005233 0.3670520231213873 0.3129904097646033 0.3647398843930636 0.3147340889276373 0.36358381502890175 0.31734960767218834 0.36127167630057805 0.3199651264167393 0.35895953757225435 0.3217088055797733 0.3578034682080925 0.32432432432432434 0.3554913294797688 0.3260680034873583 0.35433526011560695 0.32868352223190933 0.35202312138728326 0.33129904097646035 0.34971098265895956 0.3330427201394943 0.3485549132947977 0.33565823888404533 0.346242774566474 0.33740191804707936 0.34508670520231216 0.33914559721011334 0.3439306358381503 0.34263295553618134 0.34046242774566476 0.34437663469921537 0.3393063583815029 0.3469921534437663 0.3369942196531792 0.34873583260680036 0.33583815028901737 0.35135135135135137 0.33352601156069367 0.35309503051438534 0.33236994219653176 0.35571054925893636 0.33005780346820807 0.3583260680034874 0.32774566473988437 0.36006974716652135 0.3265895953757225 0.36268526591107236 0.3242774566473988 0.3644289450741064 0.32312138728323697 0.3666085440278989 0.3213872832369942 0.3666085440278989 0.30982658959537573 0.5510026155187445 0.3092485549132948 0.551438535309503 0.6173410404624278 0.5510026155187445 0.6179190751445087
0 0.6338273757628596 0.430635838150289 0.5579773321708805 0.430635838150289 0.557541412380122 0.3895953757225434 0.5632083696599826 0.3890173410404624 0.5636442894507411 0.34104046242774566 0.6338273757628596 0.34046242774566476 0.6342632955536182 0.4300578034682081 0.6338273757628596 0.430635838150289
0 0.7890148212728858 0.5566473988439307 0.7523975588491717 0.5566473988439307 0.7519616390584133 0.37803468208092483 0.7890148212728858 0.37745664739884394 0.7894507410636443 0.5560693641618497 0.7890148212728858 0.5566473988439307
0 0.8805579773321709 0.5566473988439307 0.7942458587619878 0.5566473988439307 0.7938099389712293 0.37803468208092483 0.8805579773321709 0.37745664739884394 0.8809938971229294 0.5560693641618497 0.8805579773321709 0.5566473988439307
0 0.28596338273757627 0.6005780346820809 0.08282476024411509 0.6005780346820809 0.08238884045335658 0.3791907514450867 0.28596338273757627 0.3786127167630058 0.2863993025283348 0.6 0.28596338273757627 0.6005780346820809
0 0.7428073234524848 0.461849710982659 0.6451612903225806 0.461849710982659 0.6447253705318221 0.3815028901734104 0.7428073234524848 0.3809248554913295 0.7432432432432432 0.461271676300578 0.7428073234524848 0.461849710982659
0 0.7462946817785527 0.5578034682080925 0.5562336530078466 0.5578034682080925 0.555797733217088 0.4751445086705202 0.5684394071490846 0.4745664739884393 0.5688753269398431 0.43815028901734104 0.6390584132519617 0.4375722543352601 0.6394943330427202 0.46705202312138727 0.7462946817785527 0.4676300578034682 0.7467306015693113 0.5572254335260116 0.7462946817785527 0.5578034682080925
0 0.3897122929380994 0.7196531791907514 0.28945074106364427 0.7196531791907514 0.2890148212728858 0.5421965317919075 0.3897122929380994 0.5416184971098266 0.3901482127288579 0.7190751445086705 0.3897122929380994 0.7196531791907514
0 0.44812554489973844 0.6179190751445087 0.3940714908456844 0.6179190751445087 0.3936355710549259 0.5479768786127167 0.44812554489973844 0.5473988439306359 0.44856146469049696 0.6173410404624278 0.44812554489973844 0.6179190751445087
0 0.5047951176983435 0.6179190751445087 0.45161290322580644 0.6179190751445087 0.451176983435048 0.5479768786127167 0.5047951176983435 0.5473988439306359 0.505231037489102 0.6173410404624278 0.5047951176983435 0.6179190751445087
0 0.6155187445510026 0.6179190751445087 0.5562336530078466 0.6179190751445087 0.555797733217088 0.5641618497109827 0.6155187445510026 0.5635838150289018 0.6159546643417612 0.6173410404624278 0.6155187445510026 0.6179190751445087
0 0.7462946817785527 0.8352601156069365 0.6294681778552746 0.8352601156069365 0.6290322580645161 0.8023121387283237 0.6207497820401047 0.8017341040462428 0.6203138622493461 0.5641618497109827 0.7462946817785527 0.5635838150289018 0.7467306015693113 0.8346820809248555 0.7462946817785527 0.8352601156069365
0 0.8805579773321709 0.8352601156069365 0.7523975588491717 0.8352601156069365 0.7519616390584133 0.5641618497109827 0.8805579773321709 0.5635838150289018 0.8809938971229294 0.8346820809248555 0.8805579773321709 0.8352601156069365
0 0.28596338273757627 0.7335260115606936 0.08282476024411509 0.7335260115606936 0.08238884045335658 0.6057803468208093 0.28596338273757627 0.6052023121387283 0.2863993025283348 0.638150289017341 0.2885789014821273 0.638728323699422 0.2890148212728858 0.715606936416185 0.2868352223190933 0.7161849710982658 0.2863993025283348 0.7329479768786127 0.28596338273757627 0.7335260115606936
0 0.5047951176983435 0.8352601156069365 0.41935483870967744 0.8352601156069365 0.4084568439407149 0.8208092485549133 0.4080209241499564 0.8190751445086705 0.4049694856146469 0.8161849710982659 0.4045335658238884 0.8144508670520231 0.4023539668700959 0.8127167630057803 0.3936355710549259 0.8 0.3936355710549259 0.6242774566473989 0.5047951176983435 0.6236994219653179 0.505231037489102 0.8346820809248555 0.5047951176983435 0.8352601156069365
0 0.6155187445510026 0.8352601156069365 0.5091543156059285 0.8352601156069365 0.50871839581517 0.6242774566473989 0.6155187445510026 0.6236994219653179 0.6159546643417612 0.8346820809248555 0.6155187445510026 0.8352601156069365
0 0.33478639930252835 0.8005780346820809 0.28945074106364427 0.8005780346820809 0.2890148212728858 0.7248554913294798 0.33478639930252835 0.7242774566473988 0.3352223190932868 0.8 0.33478639930252835 0.8005780346820809
0 0.3897122929380994 0.8005780346820809 0.33827375762859635 0.8005780346820809 0.33783783783783783 0.7248554913294798 0.3897122929380994 0.7242774566473988 0.3901482127288579 0.8 0.3897122929380994 0.8005780346820809
0 0.25719267654751526 0.8352601156069365 0.08282476024411509 0.8352601156069365 0.08238884045335658 0.7341040462427746 0.28596338273757627 0.7335260115606936 0.2863993025283348 0.8 0.2833478639930253 0.8005780346820809 0.2820401046207498 0.8023121387283237 0.2816041848299913 0.8040462427745665 0.2794245858761988 0.8057803468208092 0.27898866608544026 0.807514450867052 0.2759372275501308 0.8104046242774566 0.27550130775937226 0.8121387283236994 0.2724498692240628 0.815028901734104 0.27201394943330426 0.8167630057803468 0.26634699215344376 0.823121387283237 0.26591107236268524 0.8248554913294798 0.26285963382737576 0.8277456647398844 0.26242371403661724 0.8294797687861272 0.25937227550130776 0.8323699421965318 0.25893635571054924 0.8341040462427746 0.25719267654751526 0.8352601156069365