0 0.5233881163084703 0.45638489208633093 0.43489254108723135 0.45638489208633093 0.43426042983565105 0.42356115107913667 0.3034134007585335 0.4231115107913669 0.3027812895069532 0.25989208633093525 0.5233881163084703 0.25944244604316546 0.5240202275600506 0.45593525179856115 0.5233881163084703 0.45638489208633093
0 0.9443742098609356 0.4348021582733813 0.5360303413400759 0.4348021582733813 0.5353982300884956 0.25989208633093525 0.7395701643489254 0.25944244604316546 0.7408343868520859 0.260341726618705 0.9443742098609356 0.260341726618705 0.9450063211125158 0.43435251798561153 0.9443742098609356 0.4348021582733813
0 0.38179519595448796 0.5256294964028777 0.3034134007585335 0.5256294964028777 0.3027812895069532 0.42985611510791366 0.42604298356510745 0.4294064748201439 0.42667509481668775 0.493705035971223 0.38179519595448796 0.5256294964028777
0 0.9443742098609356 0.5912769784172662 0.6687737041719343 0.5912769784172662 0.668141592920354 0.5593525179856115 0.6586599241466498 0.5589028776978417 0.6580278128950695 0.5899280575539568 0.5360303413400759 0.5903776978417267 0.5353982300884956 0.4352517985611511 0.9443742098609356 0.4348021582733813 0.9450063211125158 0.5908273381294964 0.9443742098609356 0.5912769784172662
0 0.5233881163084703 0.5921762589928058 0.38558786346396967 0.5921762589928058 0.38495575221238937 0.5323741007194245 0.3906447534766119 0.5283273381294964 0.3925410872313527 0.5278776978417267 0.39570164348925413 0.5247302158273381 0.3975979772439949 0.5242805755395683 0.40707964601769914 0.516636690647482 0.40897597977243993 0.5161870503597122 0.41845764854614415 0.5085431654676259 0.42035398230088494 0.5080935251798561 0.42351453855878635 0.5049460431654677 0.4254108723135272 0.5044964028776978 0.43426042983565105 0.4973021582733813 0.43426042983565105 0.4631294964028777 0.5233881163084703 0.4626798561151079 0.5240202275600506 0.591726618705036 0.5233881163084703 0.5921762589928058
0 0.2806573957016435 0.5885791366906474 0.04424778761061947 0.5885791366906474 0.04361567635903919 0.48381294964028776 0.2806573957016435 0.483363309352518 0.28128950695322374 0.5881294964028777 0.2806573957016435 0.5885791366906474
0 0.3754740834386852 0.5921762589928058 0.3034134007585335 0.5921762589928058 0.3027812895069532 0.5323741007194245 0.3754740834386852 0.5319244604316546 0.37610619469026546 0.591726618705036 0.3754740834386852 0.5921762589928058
0 0.6573957016434893 0.8277877697841727 0.5360303413400759 0.8277877697841727 0.5353982300884956 0.5908273381294964 0.6573957016434893 0.5903776978417267 0.6580278128950695 0.8273381294964028 0.6573957016434893 0.8277877697841727
0 0.2806573957016435 0.8475719424460432 0.035398230088495575 0.8475719424460432 0.0347661188369153 0.5926258992805755 0.03603034134007586 0.5926258992805755 0.03666245259165613 0.5939748201438849 0.2806573957016435 0.5939748201438849 0.28128950695322374 0.8471223021582733 0.2806573957016435 0.8475719424460432
0 0.5233881163084703 0.6821043165467626 0.3034134007585335 0.6821043165467626 0.3027812895069532 0.5980215827338129 0.5233881163084703 0.5975719424460432 0.5240202275600506 0.6816546762589928 0.5233881163084703 0.6821043165467626
0 0.8040455120101138 0.6839028776978417 0.6687737041719343 0.6839028776978417 0.668141592920354 0.5980215827338129 0.8040455120101138 0.5975719424460432 0.804677623261694 0.6834532374100719 0.8040455120101138 0.6839028776978417
0 0.9443742098609356 0.6839028776978417 0.8141592920353983 0.6839028776978417 0.8135271807838179 0.5980215827338129 0.9443742098609356 0.5975719424460432 0.9450063211125158 0.6834532374100719 0.9443742098609356 0.6839028776978417
0 0.5233881163084703 0.8277877697841727 0.3034134007585335 0.8277877697841727 0.3027812895069532 0.6888489208633094 0.5233881163084703 0.6883992805755396 0.5240202275600506 0.8273381294964028 0.5233881163084703 0.8277877697841727
0 0.9443742098609356 0.8277877697841727 0.6687737041719343 0.8277877697841727 0.668141592920354 0.6906474820143885 0.9443742098609356 0.6901978417266187 0.9450063211125158 0.8273381294964028 0.9443742098609356 0.8277877697841727