0 0.1673228346456693 0.4264240506329114 0.03051181102362205 0.4264240506329114 0.030019685039370077 0.05063291139240506 0.1673228346456693 0.049841772151898736 0.16781496062992127 0.42563291139240506 0.1673228346456693 0.4264240506329114
0 0.41929133858267714 0.5371835443037974 0.36023622047244097 0.5371835443037974 0.359744094488189 0.3639240506329114 0.35531496062992124 0.36313291139240506 0.35482283464566927 0.5268987341772152 0.1732283464566929 0.5276898734177216 0.17273622047244094 0.05063291139240506 0.4045275590551181 0.049841772151898736 0.4050196850393701 0.13449367088607594 0.6348425196850394 0.13528481012658228 0.6353346456692913 0.49683544303797467 0.5029527559055118 0.497626582278481 0.5024606299212598 0.5348101265822784 0.4202755905511811 0.5356012658227848 0.41929133858267714 0.5371835443037974
0 0.9498031496062992 0.6416139240506329 0.6417322834645669 0.6416139240506329 0.6412401574803149 0.1360759493670886 0.7135826771653543 0.13528481012658228 0.7140748031496063 0.05063291139240506 0.8494094488188977 0.049841772151898736 0.8499015748031497 0.3813291139240506 0.9498031496062992 0.38212025316455694 0.9502952755905512 0.6408227848101266 0.9498031496062992 0.6416139240506329
0 0.9498031496062992 0.17484177215189872 0.8562992125984252 0.17484177215189872 0.8558070866141733 0.05063291139240506 0.9498031496062992 0.049841772151898736 0.9502952755905512 0.17405063291139242 0.9498031496062992 0.17484177215189872
0 0.9498031496062992 0.372626582278481 0.8562992125984252 0.372626582278481 0.8558070866141733 0.185126582278481 0.9498031496062992 0.1843354430379747 0.9502952755905512 0.37183544303797467 0.9498031496062992 0.372626582278481
0 0.14566929133858267 0.6811708860759493 0.03051181102362205 0.6811708860759493 0.030019685039370077 0.43829113924050633 0.1673228346456693 0.4375 0.16781496062992127 0.5268987341772152 0.1466535433070866 0.5276898734177216 0.14616141732283464 0.680379746835443 0.14566929133858267 0.6811708860759493
0 0.5738188976377953 0.6242088607594937 0.5078740157480315 0.6242088607594937 0.5073818897637795 0.509493670886076 0.5738188976377953 0.5087025316455697 0.5743110236220472 0.6234177215189873 0.5738188976377953 0.6242088607594937
0 0.6348425196850394 0.6242088607594937 0.5807086614173228 0.6242088607594937 0.5802165354330708 0.509493670886076 0.6348425196850394 0.5087025316455697 0.6353346456692913 0.6234177215189873 0.6348425196850394 0.6242088607594937
0 0.41437007874015747 0.9090189873417721 0.1515748031496063 0.9090189873417721 0.15108267716535434 0.5363924050632911 0.359251968503937 0.5356012658227848 0.36023622047244097 0.5371835443037974 0.41929133858267714 0.5371835443037974 0.4197834645669291 0.6170886075949367 0.4153543307086614 0.617879746835443 0.41486220472440943 0.9082278481012658 0.41437007874015747 0.9090189873417721
0 0.5019685039370079 0.8109177215189873 0.4202755905511811 0.8109177215189873 0.4197834645669291 0.5363924050632911 0.5019685039370079 0.5356012658227848 0.5024606299212598 0.810126582278481 0.5019685039370079 0.8109177215189873
0 0.6348425196850394 0.9090189873417721 0.5078740157480315 0.9090189873417721 0.5073818897637795 0.6329113924050633 0.6348425196850394 0.632120253164557 0.6353346456692913 0.9082278481012658 0.6348425196850394 0.9090189873417721
0 0.7086614173228346 0.9090189873417721 0.6417322834645669 0.9090189873417721 0.6412401574803149 0.6518987341772152 0.7086614173228346 0.6511075949367089 0.7091535433070866 0.9082278481012658 0.7086614173228346 0.9090189873417721
0 0.7062007874015748 0.8481012658227848 0.7062007874015748 0.7974683544303798 0.6446850393700787 0.7966772151898734 0.6441929133858267 0.8481012658227848 0.7057086614173228 0.8488924050632911 0.7062007874015748 0.8481012658227848
0 0.7062007874015748 0.9050632911392406 0.7062007874015748 0.8560126582278481 0.6446850393700787 0.8552215189873418 0.6441929133858267 0.9050632911392406 0.7057086614173228 0.9058544303797469 0.7062007874015748 0.9050632911392406
0 0.9498031496062992 0.9090189873417721 0.7145669291338582 0.9090189873417721 0.7140748031496063 0.6518987341772152 0.9498031496062992 0.6511075949367089 0.9502952755905512 0.9082278481012658 0.9498031496062992 0.9090189873417721
0 0.14566929133858267 0.9090189873417721 0.03051181102362205 0.9090189873417721 0.030019685039370077 0.689873417721519 0.14566929133858267 0.6890822784810127 0.14616141732283464 0.9082278481012658 0.14566929133858267 0.9090189873417721
0 0.7057086614173228 0.8488924050632911 0.6446850393700787 0.8488924050632911 0.6441929133858267 0.7974683544303798 0.7057086614173228 0.7966772151898734 0.7062007874015748 0.8481012658227848 0.7057086614173228 0.8488924050632911
0 0.5019685039370079 0.9090189873417721 0.4202755905511811 0.9090189873417721 0.4197834645669291 0.8227848101265823 0.5019685039370079 0.821993670886076 0.5024606299212598 0.9082278481012658 0.5019685039370079 0.9090189873417721
0 0.7057086614173228 0.9058544303797469 0.6446850393700787 0.9058544303797469 0.6441929133858267 0.8560126582278481 0.7057086614173228 0.8552215189873418 0.7062007874015748 0.9050632911392406 0.7057086614173228 0.9058544303797469