0 0.3393939393939394 0.7013888888888888 0.19696969696969696 0.7013888888888888 0.19545454545454546 0.4523809523809524 0.4212121212121212 0.4513888888888889 0.42272727272727273 0.6567460317460317 0.4121212121212121 0.6636904761904762 0.396969696969697 0.6716269841269841 0.3787878787878788 0.6815476190476191 0.3606060606060606 0.691468253968254 0.34545454545454546 0.6994047619047619 0.3393939393939394 0.7013888888888888
0 0.6181818181818182 0.5982142857142857 0.4303030303030303 0.5982142857142857 0.4287878787878788 0.4523809523809524 0.6181818181818182 0.4513888888888889 0.6196969696969697 0.5972222222222222 0.6181818181818182 0.5982142857142857
0 0.7424242424242424 0.5188492063492064 0.6272727272727273 0.5188492063492064 0.6257575757575757 0.4523809523809524 0.7424242424242424 0.4513888888888889 0.7439393939393939 0.5178571428571429 0.7424242424242424 0.5188492063492064
0 0.7424242424242424 0.6101190476190477 0.6272727272727273 0.6101190476190477 0.6257575757575757 0.5238095238095238 0.7424242424242424 0.5228174603174603 0.7439393939393939 0.6091269841269841 0.7424242424242424 0.6101190476190477
0 0.8484848484848485 0.6498015873015873 0.7636363636363637 0.6498015873015873 0.7621212121212121 0.5734126984126984 0.8484848484848485 0.5724206349206349 0.85 0.6488095238095238 0.8484848484848485 0.6498015873015873
0 0.5151515151515151 0.6517857142857143 0.4303030303030303 0.6517857142857143 0.4287878787878788 0.6051587301587301 0.5151515151515151 0.6041666666666666 0.5166666666666667 0.6507936507936508 0.5151515151515151 0.6517857142857143
0 0.6181818181818182 0.6517857142857143 0.5242424242424243 0.6517857142857143 0.5227272727272727 0.6051587301587301 0.6181818181818182 0.6041666666666666 0.6196969696969697 0.6507936507936508 0.6181818181818182 0.6517857142857143
0 0.7424242424242424 0.7013888888888888 0.6272727272727273 0.7013888888888888 0.6257575757575757 0.6111111111111112 0.7424242424242424 0.6101190476190477 0.7439393939393939 0.7003968253968254 0.7424242424242424 0.7013888888888888
0 0.5424242424242425 0.7906746031746031 0.41818181818181815 0.7906746031746031 0.4166666666666667 0.75 0.40606060606060607 0.7430555555555556 0.4015151515151515 0.7420634920634921 0.396969696969697 0.7371031746031746 0.3924242424242424 0.7361111111111112 0.38181818181818183 0.7271825396825397 0.37727272727272726 0.7261904761904762 0.36666666666666664 0.7172619047619048 0.3621212121212121 0.7162698412698413 0.3515151515151515 0.7073412698412699 0.346969696969697 0.7063492063492064 0.3409090909090909 0.7003968253968254 0.3575757575757576 0.691468253968254 0.37575757575757573 0.6815476190476191 0.3939393939393939 0.6716269841269841 0.4090909090909091 0.6636904761904762 0.4212121212121212 0.6577380952380952 0.6181818181818182 0.6577380952380952 0.6196969696969697 0.7003968253968254 0.509090909090909 0.7013888888888888 0.5075757575757576 0.7063492063492064 0.5424242424242425 0.7073412698412699 0.543939393939394 0.7896825396825397 0.5424242424242425 0.7906746031746031
0 0.40606060606060607 0.8462301587301587 0.19696969696969696 0.8462301587301587 0.19545454545454546 0.7083333333333334 0.3393939393939394 0.7073412698412699 0.4075757575757576 0.751984126984127 0.4075757575757576 0.8452380952380952 0.40606060606060607 0.8462301587301587
0 0.7424242424242424 0.8462301587301587 0.5545454545454546 0.8462301587301587 0.553030303030303 0.7083333333333334 0.7424242424242424 0.7073412698412699 0.7439393939393939 0.8452380952380952 0.7424242424242424 0.8462301587301587
0 0.5424242424242425 0.8462301587301587 0.41818181818181815 0.8462301587301587 0.4166666666666667 0.7976190476190477 0.5424242424242425 0.7966269841269841 0.543939393939394 0.8452380952380952 0.5424242424242425 0.8462301587301587
0 0.23939393939393938 0.9831349206349206 0.12727272727272726 0.9831349206349206 0.12575757575757576 0.9067460317460317 0.23939393939393938 0.9057539682539683 0.2409090909090909 0.9821428571428571 0.23939393939393938 0.9831349206349206