0 0.6044600938967136 0.11996336996336997 0.42370892018779344 0.11996336996336997 0.4231220657276995 0.038461538461538464 0.6044600938967136 0.037545787545787544 0.6050469483568075 0.11904761904761904 0.6044600938967136 0.11996336996336997
0 0.18192488262910797 0.2518315018315018 0.04107981220657277 0.2518315018315018 0.040492957746478875 0.04395604395604396 0.18192488262910797 0.04304029304029304 0.18251173708920188 0.2509157509157509 0.18192488262910797 0.2518315018315018
0 0.24647887323943662 0.18772893772893773 0.18661971830985916 0.18772893772893773 0.18603286384976525 0.04395604395604396 0.24647887323943662 0.04304029304029304 0.24706572769953053 0.18681318681318682 0.24647887323943662 0.18772893772893773
0 0.36619718309859156 0.2573260073260073 0.2511737089201878 0.2573260073260073 0.2505868544600939 0.04395604395604396 0.36619718309859156 0.04304029304029304 0.36678403755868544 0.2564102564102564 0.36619718309859156 0.2573260073260073
0 0.6948356807511737 0.25366300366300365 0.6197183098591549 0.25366300366300365 0.619131455399061 0.047619047619047616 0.6948356807511737 0.046703296703296704 0.6954225352112676 0.25274725274725274 0.6948356807511737 0.25366300366300365
0 0.8110328638497653 0.25366300366300365 0.7007042253521126 0.25366300366300365 0.7001173708920188 0.047619047619047616 0.8110328638497653 0.046703296703296704 0.8116197183098591 0.25274725274725274 0.8110328638497653 0.25366300366300365
0 0.9354460093896714 0.14743589743589744 0.818075117370892 0.14743589743589744 0.8174882629107981 0.047619047619047616 0.9354460093896714 0.046703296703296704 0.9360328638497653 0.14652014652014653 0.9354460093896714 0.14743589743589744
0 0.9354460093896714 0.25366300366300365 0.818075117370892 0.25366300366300365 0.8174882629107981 0.15384615384615385 0.9354460093896714 0.15293040293040294 0.9360328638497653 0.25274725274725274 0.9354460093896714 0.25366300366300365
0 0.36619718309859156 0.7426739926739927 0.04107981220657277 0.7426739926739927 0.040492957746478875 0.48717948717948717 0.1596244131455399 0.48626373626373626 0.1602112676056338 0.25824175824175827 0.18544600938967137 0.2573260073260073 0.18603286384976525 0.19413919413919414 0.24647887323943662 0.19322344322344323 0.24706572769953053 0.26373626373626374 0.36619718309859156 0.26465201465201466 0.36678403755868544 0.3717948717948718 0.2511737089201878 0.3727106227106227 0.2505868544600939 0.48534798534798534 0.36619718309859156 0.48626373626373626 0.36678403755868544 0.7417582417582418 0.36619718309859156 0.7426739926739927
0 0.15610328638497653 0.47893772893772896 0.04107981220657277 0.47893772893772896 0.040492957746478875 0.25824175824175827 0.15610328638497653 0.2573260073260073 0.15669014084507044 0.47802197802197804 0.15610328638497653 0.47893772893772896
0 0.7887323943661971 0.7335164835164835 0.7112676056338029 0.7335164835164835 0.7106807511737089 0.489010989010989 0.7300469483568075 0.4880952380952381 0.7306338028169014 0.47985347985347987 0.6197183098591549 0.47893772893772896 0.619131455399061 0.26373626373626374 0.9354460093896714 0.26282051282051283 0.9360328638497653 0.37362637362637363 0.812206572769953 0.37454212454212454 0.8116197183098591 0.5 0.789906103286385 0.5009157509157509 0.7893192488262911 0.7326007326007326 0.7887323943661971 0.7335164835164835
0 0.36619718309859156 0.47893772893772896 0.2546948356807512 0.47893772893772896 0.25410798122065725 0.3791208791208791 0.36619718309859156 0.3782051282051282 0.36678403755868544 0.47802197802197804 0.36619718309859156 0.47893772893772896
0 0.8931924882629108 0.5009157509157509 0.8603286384976526 0.5009157509157509 0.8597417840375586 0.49633699633699635 0.8215962441314554 0.49542124542124544 0.8210093896713615 0.3882783882783883 0.931924882629108 0.3873626373626374 0.9325117370892019 0.49633699633699635 0.8943661971830986 0.49725274725274726 0.8931924882629108 0.5009157509157509
0 0.704225352112676 0.7335164835164835 0.6197183098591549 0.7335164835164835 0.619131455399061 0.489010989010989 0.704225352112676 0.4880952380952381 0.70481220657277 0.7326007326007326 0.704225352112676 0.7335164835164835
0 0.8438967136150235 0.5723443223443223 0.795774647887324 0.5723443223443223 0.79518779342723 0.510989010989011 0.8438967136150235 0.51007326007326 0.8444835680751174 0.5714285714285714 0.8438967136150235 0.5723443223443223
0 0.9354460093896714 0.7335164835164835 0.795774647887324 0.7335164835164835 0.79518779342723 0.5824175824175825 0.8497652582159625 0.5815018315018315 0.8503521126760564 0.510989010989011 0.9354460093896714 0.51007326007326 0.9360328638497653 0.7326007326007326 0.9354460093896714 0.7335164835164835