0 0.26956521739130435 0.17194244604316547 0.18164251207729468 0.17194244604316547 0.18115942028985507 0.07050359712230216 0.2743961352657005 0.06978417266187051 0.2748792270531401 0.13525179856115108 0.27053140096618356 0.13597122302158274 0.27004830917874395 0.1712230215827338 0.26956521739130435 0.17194244604316547
0 0.3893719806763285 0.2079136690647482 0.3140096618357488 0.2079136690647482 0.3135265700483092 0.18273381294964028 0.2772946859903382 0.18201438848920864 0.2768115942028985 0.1366906474820144 0.2748792270531401 0.13525179856115108 0.2748792270531401 0.07050359712230216 0.3893719806763285 0.06978417266187051 0.3898550724637681 0.20719424460431654 0.3893719806763285 0.2079136690647482
0 0.7275362318840579 0.1316546762589928 0.642512077294686 0.1316546762589928 0.6420289855072464 0.07194244604316546 0.7275362318840579 0.07122302158273382 0.7280193236714976 0.13093525179856116 0.7275362318840579 0.1316546762589928
0 0.8473429951690822 0.2539568345323741 0.7913043478260869 0.2539568345323741 0.7821256038647343 0.24028776978417266 0.7806763285024154 0.23669064748201438 0.7792270531400967 0.23597122302158274 0.7676328502415459 0.21726618705035972 0.7729468599033816 0.21654676258992805 0.7734299516908213 0.1856115107913669 0.7391304347826086 0.18489208633093526 0.7386473429951691 0.1381294964028777 0.7333333333333333 0.13741007194244603 0.7328502415458937 0.07194244604316546 0.8473429951690822 0.07122302158273382 0.8478260869565217 0.25323741007194245 0.8473429951690822 0.2539568345323741
0 0.7314009661835749 0.29280575539568343 0.642512077294686 0.29280575539568343 0.6420289855072464 0.13237410071942446 0.7275362318840579 0.1316546762589928 0.7280193236714976 0.14388489208633093 0.7314009661835749 0.1446043165467626 0.7318840579710145 0.2920863309352518 0.7314009661835749 0.29280575539568343
0 0.2772946859903382 0.35611510791366907 0.18164251207729468 0.35611510791366907 0.18115942028985507 0.18273381294964028 0.27053140096618356 0.18201438848920864 0.2710144927536232 0.2158273381294964 0.2772946859903382 0.21654676258992805 0.2777777777777778 0.3553956834532374 0.2772946859903382 0.35611510791366907
0 0.39516908212560387 0.44244604316546765 0.28405797101449276 0.44244604316546765 0.28357487922705316 0.21726618705035972 0.3130434782608696 0.21654676258992805 0.3135265700483092 0.20863309352517986 0.3893719806763285 0.2079136690647482 0.3903381642512077 0.2093525179856115 0.39516908212560387 0.2093525179856115 0.39565217391304347 0.441726618705036 0.39516908212560387 0.44244604316546765
0 0.5893719806763285 0.44244604316546765 0.3961352657004831 0.44244604316546765 0.39565217391304347 0.21007194244604316 0.5893719806763285 0.2093525179856115 0.5898550724637681 0.441726618705036 0.5893719806763285 0.44244604316546765
0 0.8473429951690822 0.35179856115107916 0.8241545893719807 0.35179856115107916 0.8236714975845411 0.30071942446043165 0.7903381642512077 0.3 0.7898550724637681 0.30503597122302156 0.8193236714975846 0.3057553956834532 0.8198067632850241 0.3510791366906475 0.7391304347826086 0.35179856115107916 0.7386473429951691 0.21726618705035972 0.7603864734299517 0.21654676258992805 0.7753623188405797 0.23884892086330936 0.785024154589372 0.25467625899280577 0.7864734299516908 0.258273381294964 0.7893719806763285 0.26115107913669067 0.8473429951690822 0.26115107913669067 0.8478260869565217 0.3510791366906475 0.8473429951690822 0.35179856115107916
0 0.7314009661835749 0.35179856115107916 0.642512077294686 0.35179856115107916 0.6420289855072464 0.2935251798561151 0.7314009661835749 0.29280575539568343 0.7318840579710145 0.3510791366906475 0.7314009661835749 0.35179856115107916
0 0.2792270531400966 0.44244604316546765 0.2531400966183575 0.44244604316546765 0.25265700483091785 0.3726618705035971 0.2792270531400966 0.37194244604316545 0.2797101449275362 0.441726618705036 0.2792270531400966 0.44244604316546765
0 0.5990338164251208 0.5949640287769784 0.5806763285024155 0.5949640287769784 0.578743961352657 0.5920863309352518 0.5768115942028985 0.5920863309352518 0.5758454106280193 0.5906474820143884 0.5729468599033817 0.5877697841726619 0.5710144927536231 0.5863309352517986 0.5690821256038647 0.5848920863309353 0.5671497584541063 0.5834532374100719 0.5642512077294686 0.5805755395683453 0.5072463768115942 0.5805755395683453 0.5067632850241546 0.5453237410071943 0.5990338164251208 0.5446043165467626 0.5995169082125604 0.5942446043165468 0.5990338164251208 0.5949640287769784
0 0.6705314009661836 0.6553956834532374 0.6048309178743961 0.6553956834532374 0.6043478260869565 0.5453237410071943 0.6705314009661836 0.5446043165467626 0.6710144927536232 0.6546762589928058 0.6705314009661836 0.6553956834532374
0 0.7188405797101449 0.6553956834532374 0.6772946859903382 0.6553956834532374 0.6768115942028986 0.5453237410071943 0.7188405797101449 0.5446043165467626 0.7193236714975846 0.6546762589928058 0.7188405797101449 0.6553956834532374
0 0.5990338164251208 0.6467625899280576 0.5072463768115942 0.6467625899280576 0.5067632850241546 0.5841726618705037 0.5603864734299517 0.5834532374100719 0.561352657004831 0.5848920863309353 0.5632850241545894 0.5863309352517986 0.5652173913043478 0.5877697841726619 0.5671497584541063 0.5892086330935252 0.5690821256038647 0.5906474820143884 0.5710144927536231 0.5920863309352518 0.5729468599033817 0.5935251798561151 0.5748792270531401 0.5949640287769784 0.5768115942028985 0.5964028776978417 0.5797101449275363 0.5992805755395684 0.5816425120772947 0.6007194244604317 0.5990338164251208 0.6007194244604317 0.5995169082125604 0.6460431654676259 0.5990338164251208 0.6467625899280576
0 0.6028985507246377 0.8280575539568346 0.5072463768115942 0.8280575539568346 0.5067632850241546 0.6561151079136691 0.5652173913043478 0.6553956834532374 0.5657004830917874 0.7482014388489209 0.6028985507246377 0.7489208633093525 0.6033816425120773 0.8273381294964028 0.6028985507246377 0.8280575539568346
0 0.6173913043478261 0.7402877697841727 0.5729468599033817 0.7402877697841727 0.572463768115942 0.6561151079136691 0.5951690821256038 0.6553956834532374 0.5956521739130435 0.6906474820143885 0.6173913043478261 0.6913669064748201 0.6178743961352657 0.739568345323741 0.6173913043478261 0.7402877697841727
0 0.7188405797101449 0.9071942446043165 0.6888888888888889 0.9071942446043165 0.6884057971014492 0.8719424460431655 0.6850241545893719 0.8712230215827338 0.6845410628019324 0.9064748201438849 0.6106280193236715 0.9071942446043165 0.6101449275362318 0.7496402877697842 0.6231884057971014 0.7489208633093525 0.6236714975845411 0.6920863309352518 0.6357487922705314 0.6913669064748201 0.636231884057971 0.6676258992805756 0.7188405797101449 0.6669064748201439 0.7193236714975846 0.7223021582733813 0.6801932367149759 0.7230215827338129 0.6797101449275362 0.7784172661870503 0.6840579710144927 0.779136690647482 0.6845410628019324 0.8330935251798561 0.6879227053140097 0.8338129496402877 0.6884057971014492 0.7741007194244605 0.6840579710144927 0.7733812949640287 0.6835748792270532 0.7323741007194244 0.7188405797101449 0.7316546762589928 0.7193236714975846 0.9064748201438849 0.7188405797101449 0.9071942446043165
0 0.9120772946859903 0.9071942446043165 0.7246376811594203 0.9071942446043165 0.7241545893719806 0.6848920863309352 0.9120772946859903 0.6841726618705036 0.91256038647343 0.9064748201438849 0.9120772946859903 0.9071942446043165
0 0.6009661835748792 0.9359712230215828 0.43285024154589374 0.9359712230215828 0.4323671497584541 0.841726618705036 0.5748792270531401 0.8410071942446044 0.5758454106280193 0.839568345323741 0.6009661835748792 0.839568345323741 0.6014492753623188 0.935251798561151 0.6009661835748792 0.9359712230215828