0 0.6992014196983141 0.35685884691848907 0.6078083407275954 0.35685884691848907 0.6073646850044365 0.11332007952286283 0.6992014196983141 0.11232604373757456 0.6996450754214729 0.3558648111332008 0.6992014196983141 0.35685884691848907
0 0.8154392191659272 0.3489065606361829 0.7284826974267968 0.3489065606361829 0.7249334516415262 0.34095427435387676 0.7204968944099379 0.33300198807157055 0.7151730257320319 0.3230616302186879 0.7116237799467613 0.31709741550695825 0.7049689440993789 0.30417495029821073 0.7049689440993789 0.11332007952286283 0.8260869565217391 0.11232604373757456 0.826530612244898 0.3220675944333996 0.823868677905945 0.32803180914512925 0.8181011535048802 0.3429423459244533 0.8163265306122449 0.3429423459244533 0.8158828748890861 0.34791252485089463 0.8154392191659272 0.3489065606361829
0 0.9370008873114463 0.31510934393638174 0.8305235137533274 0.31510934393638174 0.8300798580301686 0.11332007952286283 0.9370008873114463 0.11232604373757456 0.9374445430346051 0.31411530815109345 0.9370008873114463 0.31510934393638174
0 0.2111801242236025 0.6053677932405567 0.1188997338065661 0.6053677932405567 0.11845607808340727 0.4850894632206759 0.06388642413487133 0.4840954274353877 0.06344276841171251 0.23658051689860835 0.11712511091393078 0.2355864811133201 0.11756876663708962 0.11530815109343936 0.29281277728482696 0.1143141153081511 0.2932564330079858 0.30218687872763417 0.2950310559006211 0.30417495029821073 0.2950310559006211 0.34791252485089463 0.27506654835847383 0.3489065606361829 0.274622892635315 0.34393638170974156 0.21739130434782608 0.3429423459244533 0.21694764862466726 0.33399602385685884 0.2111801242236025 0.33300198807157055 0.21073646850044367 0.36381709741550694 0.21650399290150843 0.3648111332007952 0.21694764862466726 0.588469184890656 0.21206743566992015 0.5894632206759444 0.21162377994676132 0.6043737574552683 0.2111801242236025 0.6053677932405567
0 0.2963620230700976 0.3489065606361829 0.2950310559006211 0.34791252485089463 0.2950310559006211 0.30417495029821073 0.29591836734693877 0.30218687872763417 0.29591836734693877 0.11530815109343936 0.36024844720496896 0.1143141153081511 0.36069210292812776 0.341948310139165 0.2972493345164153 0.3429423459244533 0.2968056787932564 0.34791252485089463 0.2963620230700976 0.3489065606361829
0 0.44986690328305234 0.3429423459244533 0.36379769299023956 0.3429423459244533 0.36335403726708076 0.11530815109343936 0.44986690328305234 0.1143141153081511 0.4503105590062112 0.341948310139165 0.44986690328305234 0.3429423459244533
0 0.9370008873114463 0.6073558648111332 0.9059449866903283 0.6073558648111332 0.9055013309671694 0.4691848906560636 0.8154392191659272 0.46819085487077533 0.8149955634427685 0.6063618290258449 0.7054125998225377 0.6073558648111332 0.7049689440993789 0.31610337972166996 0.7089618456078084 0.3230616302186879 0.7133984028393966 0.33101391650099404 0.7178349600709849 0.3389662027833002 0.7191659272404614 0.3399602385685885 0.7196095829636202 0.3429423459244533 0.7240461401952085 0.3508946322067594 0.7267080745341615 0.3548707753479125 0.7799467613132209 0.3548707753479125 0.7803904170363798 0.39165009940357853 0.8225377107364685 0.3926441351888668 0.8229813664596274 0.34393638170974156 0.826530612244898 0.3359840954274354 0.831410825199645 0.3230616302186879 0.9370008873114463 0.3230616302186879 0.9374445430346051 0.6063618290258449 0.9370008873114463 0.6073558648111332
0 0.21650399290150843 0.3648111332007952 0.2111801242236025 0.3648111332007952 0.21073646850044367 0.33399602385685884 0.21650399290150843 0.33300198807157055 0.21694764862466726 0.341948310139165 0.2741792369121562 0.3429423459244533 0.274622892635315 0.34791252485089463 0.21739130434782608 0.3489065606361829 0.21694764862466726 0.36381709741550694 0.21650399290150843 0.3648111332007952
0 0.32741792369121564 0.6053677932405567 0.21739130434782608 0.6053677932405567 0.21694764862466726 0.3499005964214712 0.2963620230700976 0.3489065606361829 0.2968056787932564 0.3518886679920477 0.29281277728482696 0.352882703777336 0.29236912156166817 0.42147117296222664 0.2937000887311446 0.4224652087475149 0.29414374445430347 0.3856858846918489 0.32741792369121564 0.38469184890656066 0.32786157941437444 0.4393638170974155 0.32963620230700974 0.441351888667992 0.32963620230700974 0.5129224652087475 0.32786157941437444 0.5149105367793241 0.32786157941437444 0.6043737574552683 0.32741792369121564 0.6053677932405567
0 0.4143744454303461 0.5278330019880716 0.3318544809228039 0.5278330019880716 0.3314108251996451 0.5149105367793241 0.32963620230700974 0.5129224652087475 0.32963620230700974 0.441351888667992 0.3314108251996451 0.4393638170974155 0.3314108251996451 0.3538767395626243 0.44986690328305234 0.352882703777336 0.4503105590062112 0.44532803180914515 0.4152617568766637 0.4463220675944334 0.41481810115350487 0.5268389662027833 0.4143744454303461 0.5278330019880716
0 0.6992014196983141 0.6073558648111332 0.6078083407275954 0.6073558648111332 0.6073646850044365 0.36779324055666 0.6992014196983141 0.3667992047713718 0.6996450754214729 0.6063618290258449 0.6992014196983141 0.6073558648111332
0 0.44986690328305234 0.6053677932405567 0.36557231588287487 0.6053677932405567 0.36512866015971607 0.5347912524850894 0.417036379769299 0.5337972166998012 0.4174800354924579 0.45129224652087474 0.44986690328305234 0.45029821073558646 0.4503105590062112 0.6043737574552683 0.44986690328305234 0.6053677932405567
0 0.90150842945874 0.6073558648111332 0.8198757763975155 0.6073558648111332 0.8194321206743567 0.47713717693836977 0.90150842945874 0.4761431411530815 0.9019520851818988 0.6063618290258449 0.90150842945874 0.6073558648111332
0 0.4906832298136646 0.6113320079522863 0.45607808340727596 0.6113320079522863 0.4556344276841171 0.49502982107355864 0.4906832298136646 0.49403578528827036 0.49112688553682343 0.610337972166998 0.4906832298136646 0.6113320079522863
0 0.976929902395741 0.7803180914512923 0.8535936113575865 0.7803180914512923 0.8531499556344276 0.6202783300198808 0.9423247559893523 0.6192842942345924 0.9427684117125111 0.5069582504970179 0.976929902395741 0.5059642147117296 0.9773735581188997 0.7793240556660039 0.976929902395741 0.7803180914512923
0 0.36202307009760426 0.6053677932405567 0.3318544809228039 0.6053677932405567 0.3314108251996451 0.5347912524850894 0.36202307009760426 0.5337972166998012 0.3624667258207631 0.6043737574552683 0.36202307009760426 0.6053677932405567
0 0.5585625554569654 0.9980119284294234 0.5585625554569654 0.9502982107355865 0.6495119787045253 0.9493041749502982 0.6499556344276841 0.9980119284294234
0 0.6543921916592724 0.9980119284294234 0.6543921916592724 0.9502982107355865 0.7018633540372671 0.9493041749502982 0.7023070097604259 0.9980119284294234
0 0.7102928127772848 0.9980119284294234 0.7102928127772848 0.9502982107355865 0.7879325643300799 0.9493041749502982 0.7883762200532387 0.9980119284294234