0 0.5353115727002967 0.48849693251533743 0.511572700296736 0.48849693251533743 0.5112759643916914 0.2883435582822086 0.44154302670623147 0.2875766871165644 0.44124629080118694 0.1058282208588957 0.5667655786350149 0.10506134969325154 0.5670623145400594 0.3220858895705521 0.5454005934718101 0.32285276073619634 0.5451038575667656 0.4647239263803681 0.540652818991098 0.46549079754601225 0.5400593471810089 0.4639570552147239 0.5359050445103858 0.4639570552147239 0.5356083086053413 0.48773006134969327 0.5353115727002967 0.48849693251533743
0 0.4367952522255193 0.2906441717791411 0.4035608308605341 0.2906441717791411 0.4032640949554896 0.10736196319018405 0.4367952522255193 0.10659509202453987 0.4370919881305638 0.2898773006134969 0.4367952522255193 0.2906441717791411
0 0.14183976261127595 0.276840490797546 0.1258160237388724 0.276840490797546 0.1255192878338279 0.22392638036809817 0.1537091988130564 0.22315950920245398 0.1540059347181009 0.2469325153374233 0.14836795252225518 0.26150306748466257 0.14747774480712167 0.26226993865030673 0.14718100890207717 0.2645705521472393 0.14629080118694363 0.26533742331288346 0.14599406528189912 0.26763803680981596 0.14183976261127595 0.276840490797546
0 0.1946587537091988 0.4363496932515337 0.1679525222551929 0.4363496932515337 0.16765578635014836 0.3911042944785276 0.15964391691394658 0.370398773006135 0.15074183976261127 0.34892638036809814 0.1258160237388724 0.34892638036809814 0.1255192878338279 0.2822085889570552 0.14421364985163204 0.28144171779141103 0.14718100890207717 0.2737730061349693 0.156973293768546 0.25 0.156973293768546 0.22392638036809817 0.1946587537091988 0.22315950920245398 0.19495548961424333 0.43558282208588955 0.1946587537091988 0.4363496932515337
0 0.23620178041543027 0.3473926380368098 0.21127596439169138 0.3473926380368098 0.21097922848664688 0.34049079754601225 0.19762611275964392 0.3397239263803681 0.19732937685459942 0.22392638036809817 0.24985163204747773 0.22315950920245398 0.25014836795252227 0.34049079754601225 0.23679525222551928 0.3412576687116564 0.23649851632047478 0.34662576687116564 0.23620178041543027 0.3473926380368098
0 0.3293768545994065 0.49003067484662577 0.257566765578635 0.49003067484662577 0.25727002967359053 0.47699386503067487 0.25281899109792283 0.4762269938650307 0.25252225519287835 0.22392638036809817 0.3258160237388724 0.22315950920245398 0.3261127596439169 0.4754601226993865 0.3121661721068249 0.4762269938650307 0.3118694362017804 0.48773006134969327 0.3293768545994065 0.48849693251533743 0.3293768545994065 0.49003067484662577
0 0.39762611275964393 0.4133435582822086 0.32997032640949553 0.4133435582822086 0.32967359050445105 0.22392638036809817 0.39762611275964393 0.22315950920245398 0.3979228486646884 0.4125766871165644 0.39762611275964393 0.4133435582822086
0 0.7459940652818992 0.47929447852760737 0.6949554896142434 0.47929447852760737 0.6946587537091988 0.2254601226993865 0.7459940652818992 0.22469325153374234 0.7462908011869436 0.4785276073619632 0.7459940652818992 0.47929447852760737
0 0.8237388724035608 0.7323619631901841 0.6338278931750742 0.7323619631901841 0.6341246290801187 0.495398773006135 0.7543026706231454 0.4946319018404908 0.7545994065281899 0.4785276073619632 0.7495548961424332 0.47776073619631904 0.7492581602373887 0.2254601226993865 0.8902077151335311 0.22469325153374234 0.8905044510385757 0.4156441717791411 0.858160237388724 0.41641104294478526 0.8578635014836795 0.47699386503067487 0.8083086053412463 0.47776073619631904 0.8080118694362017 0.49079754601226994 0.8237388724035608 0.4915644171779141 0.8240356083086053 0.553680981595092 0.8148367952522255 0.5544478527607362 0.814540059347181 0.5628834355828221 0.8237388724035608 0.5636503067484663 0.8240356083086053 0.7315950920245399 0.8237388724035608 0.7323619631901841
0 0.42670623145400594 0.38420245398773006 0.40059347181008903 0.38420245398773006 0.4002967359050445 0.3067484662576687 0.42670623145400594 0.30598159509202455 0.42700296735905047 0.3834355828220859 0.42670623145400594 0.38420245398773006
0 0.4919881305637982 0.5191717791411042 0.4605341246290801 0.5191717791411042 0.46023738872403563 0.4815950920245399 0.40059347181008903 0.4808282208588957 0.4002967359050445 0.39263803680981596 0.42670623145400594 0.3918711656441718 0.42700296735905047 0.4432515337423313 0.429080118694362 0.44401840490797545 0.42937685459940655 0.3067484662576687 0.5044510385756676 0.30598159509202455 0.5047477744807122 0.4708588957055215 0.49258160237388726 0.47162576687116564 0.49228486646884273 0.5184049079754601 0.4919881305637982 0.5191717791411042
0 0.24985163204747773 0.4762269938650307 0.19821958456973293 0.4762269938650307 0.19792284866468843 0.4110429447852761 0.21068249258160238 0.4102760736196319 0.21097922848664688 0.4049079754601227 0.19525222551928784 0.4041411042944785 0.19495548961424333 0.34662576687116564 0.21068249258160238 0.3458588957055215 0.21127596439169138 0.3473926380368098 0.23620178041543027 0.3473926380368098 0.23679525222551928 0.3458588957055215 0.24985163204747773 0.3458588957055215 0.25014836795252227 0.4754601226993865 0.24985163204747773 0.4762269938650307
0 0.16498516320474776 0.4762269938650307 0.1258160237388724 0.4762269938650307 0.1255192878338279 0.35736196319018404 0.14896142433234422 0.3565950920245399 0.1513353115727003 0.36273006134969327 0.15222551928783382 0.36349693251533743 0.15252225519287835 0.36579754601226994 0.16142433234421366 0.38726993865030673 0.1652818991097923 0.39570552147239263 0.1652818991097923 0.4754601226993865 0.16498516320474776 0.4762269938650307
0 0.3578635014836795 0.4762269938650307 0.32997032640949553 0.4762269938650307 0.32967359050445105 0.4217791411042945 0.3578635014836795 0.4210122699386503 0.35816023738872405 0.4754601226993865 0.3578635014836795 0.4762269938650307
0 0.39762611275964393 0.6265337423312883 0.3311572700296736 0.6265337423312883 0.33086053412462907 0.5628834355828221 0.34124629080118696 0.5621165644171779 0.34154302670623143 0.5552147239263804 0.3311572700296736 0.5544478527607362 0.33086053412462907 0.49079754601226994 0.3578635014836795 0.49003067484662577 0.35816023738872405 0.4217791411042945 0.39762611275964393 0.4210122699386503 0.3979228486646884 0.6257668711656442 0.39762611275964393 0.6265337423312883
0 0.9845697329376855 0.7323619631901841 0.8302670623145401 0.7323619631901841 0.8299703264094955 0.49233128834355827 0.8635014836795252 0.4915644171779141 0.8637982195845697 0.4294478527607362 0.8902077151335311 0.42868098159509205 0.8905044510385757 0.48773006134969327 0.9845697329376855 0.48849693251533743 0.98486646884273 0.7315950920245399 0.9845697329376855 0.7323619631901841
0 0.32759643916913944 0.7338957055214724 0.2545994065281899 0.7338957055214724 0.2543026706231454 0.5644171779141104 0.255786350148368 0.5621165644171779 0.256973293768546 0.5621165644171779 0.25727002967359053 0.5552147239263804 0.23798219584569733 0.5544478527607362 0.23768545994065282 0.5613496932515337 0.2510385756676558 0.5621165644171779 0.2513353115727003 0.7331288343558282 0.13887240356083086 0.7338957055214724 0.13857566765578636 0.49233128834355827 0.1685459940652819 0.4915644171779141 0.1688427299703264 0.4447852760736196 0.1946587537091988 0.44401840490797545 0.19495548961424333 0.4892638036809816 0.3305637982195846 0.49003067484662577 0.33086053412462907 0.553680981595092 0.31869436201780416 0.5544478527607362 0.3183976261127596 0.5613496932515337 0.32759643916913944 0.5621165644171779 0.327893175074184 0.7331288343558282 0.32759643916913944 0.7338957055214724
0 0.6 0.6633435582822086 0.571513353115727 0.6633435582822086 0.5712166172106825 0.6180981595092024 0.5632047477744807 0.6173312883435583 0.5626112759643916 0.61579754601227 0.5388724035608309 0.61579754601227 0.5385756676557863 0.588957055214724 0.5391691394658754 0.5874233128834356 0.5391691394658754 0.5475460122699386 0.5397626112759644 0.5460122699386503 0.5397626112759644 0.5214723926380368 0.5403560830860534 0.5199386503067485 0.5403560830860534 0.48006134969325154 0.544213649851632 0.47929447852760737 0.5448071216617211 0.4808282208588957 0.5525222551928783 0.4808282208588957 0.5531157270029674 0.48236196319018404 0.5637982195845698 0.48236196319018404 0.5643916913946587 0.4838957055214724 0.572106824925816 0.4838957055214724 0.5727002967359051 0.4854294478527607 0.5839762611275965 0.4854294478527607 0.5845697329376854 0.4869631901840491 0.5916913946587538 0.4869631901840491 0.5922848664688427 0.48849693251533743 0.6035608308605341 0.48849693251533743 0.6038575667655787 0.5122699386503068 0.6032640949554896 0.5138036809815951 0.6032640949554896 0.5352760736196319 0.6026706231454005 0.5368098159509203 0.6026706231454005 0.5690184049079755 0.6020771513353116 0.5705521472392638 0.6020771513353116 0.593558282208589 0.6014836795252225 0.5950920245398773 0.6014836795252225 0.6273006134969326 0.6008902077151336 0.6288343558282209 0.6008902077151336 0.6503067484662577 0.6002967359050445 0.651840490797546 0.6002967359050445 0.6625766871165644 0.6 0.6633435582822086
0 0.3578635014836795 0.49003067484662577 0.32997032640949553 0.49003067484662577 0.32997032640949553 0.48849693251533743 0.3578635014836795 0.48849693251533743 0.3578635014836795 0.49003067484662577
0 0.457566765578635 0.5636503067484663 0.40059347181008903 0.5636503067484663 0.4002967359050445 0.4892638036809816 0.457566765578635 0.48849693251533743 0.45786350148367955 0.5628834355828221 0.457566765578635 0.5636503067484663
0 0.4919881305637982 0.7338957055214724 0.40059347181008903 0.7338957055214724 0.4002967359050445 0.5705521472392638 0.4599406528189911 0.5697852760736196 0.46023738872403563 0.5291411042944786 0.4919881305637982 0.5283742331288344 0.49228486646884273 0.7331288343558282 0.4919881305637982 0.7338957055214724
0 0.39762611275964393 0.7338957055214724 0.3311572700296736 0.7338957055214724 0.33086053412462907 0.6365030674846626 0.39762611275964393 0.6357361963190185 0.3979228486646884 0.7331288343558282 0.39762611275964393 0.7338957055214724