0 0.5178571428571429 0.3846801346801347 0.3815789473684211 0.3846801346801347 0.38110902255639095 0.08417508417508418 0.5178571428571429 0.08333333333333333 0.5183270676691729 0.3838383838383838 0.5178571428571429 0.3846801346801347
0 0.6654135338345865 0.47053872053872053 0.525375939849624 0.47053872053872053 0.5249060150375939 0.08417508417508418 0.6654135338345865 0.08333333333333333 0.6658834586466166 0.4696969696969697 0.6654135338345865 0.47053872053872053
0 0.4830827067669173 0.7264309764309764 0.19454887218045114 0.7264309764309764 0.19407894736842105 0.23063973063973064 0.3806390977443609 0.2297979797979798 0.38110902255639095 0.38215488215488214 0.3801691729323308 0.3838383838383838 0.3801691729323308 0.5858585858585859 0.4407894736842105 0.5867003367003367 0.44125939849624063 0.38552188552188554 0.5178571428571429 0.3846801346801347 0.5183270676691729 0.4730639730639731 0.5145676691729323 0.4797979797979798 0.512687969924812 0.48484848484848486 0.5089285714285714 0.49326599326599324 0.5070488721804511 0.4983164983164983 0.506578947368421 0.5008417508417509 0.5051691729323309 0.5016835016835017 0.5032894736842105 0.5067340067340067 0.5028195488721805 0.5092592592592593 0.5014097744360902 0.51010101010101 0.49953007518796994 0.5151515151515151 0.4957706766917293 0.5235690235690236 0.49201127819548873 0.531986531986532 0.4901315789473684 0.5370370370370371 0.48966165413533835 0.5395622895622896 0.4882518796992481 0.5404040404040404 0.48637218045112784 0.5454545454545454 0.48543233082706766 0.5488215488215489 0.4849624060150376 0.5513468013468014 0.48355263157894735 0.5521885521885522 0.48355263157894735 0.7255892255892256 0.4830827067669173 0.7264309764309764
0 0.4407894736842105 0.5867003367003367 0.3806390977443609 0.5867003367003367 0.3801691729323308 0.3838383838383838 0.4407894736842105 0.3846801346801347 0.44125939849624063 0.5858585858585859 0.4407894736842105 0.5867003367003367
0 0.6654135338345865 0.7264309764309764 0.48966165413533835 0.7264309764309764 0.4891917293233083 0.5589225589225589 0.49107142857142855 0.5555555555555556 0.49295112781954886 0.5505050505050505 0.4934210526315789 0.547979797979798 0.4948308270676692 0.5471380471380471 0.4967105263157895 0.5420875420875421 0.49718045112781956 0.5395622895622896 0.49859022556390975 0.5387205387205387 0.49953007518796994 0.5353535353535354 0.5032894736842105 0.5269360269360269 0.5070488721804511 0.5185185185185185 0.5098684210526315 0.5117845117845118 0.512687969924812 0.5050505050505051 0.5145676691729323 0.5 0.5150375939849624 0.49747474747474746 0.5164473684210527 0.49663299663299665 0.5183270676691729 0.49158249158249157 0.5225563909774437 0.4823232323232323 0.6654135338345865 0.4823232323232323 0.6658834586466166 0.7255892255892256 0.6654135338345865 0.7264309764309764
0 0.8505639097744361 0.8240740740740741 0.7424812030075187 0.8240740740740741 0.7420112781954887 0.6346801346801347 0.8505639097744361 0.6338383838383839 0.8510338345864662 0.8232323232323232 0.8505639097744361 0.8240740740740741
0 0.9642857142857143 0.8240740740740741 0.856203007518797 0.8240740740740741 0.855733082706767 0.6346801346801347 0.9642857142857143 0.6338383838383839 0.9647556390977443 0.8232323232323232 0.9642857142857143 0.8240740740740741
0 0.5676691729323309 0.8981481481481481 0.4548872180451128 0.8981481481481481 0.4544172932330827 0.8080808080808081 0.43796992481203006 0.7786195286195287 0.4356203007518797 0.7760942760942761 0.4332706766917293 0.7702020202020202 0.4309210526315789 0.7676767676767676 0.42951127819548873 0.7634680134680135 0.42716165413533835 0.7609427609427609 0.424812030075188 0.7550505050505051 0.4083646616541353 0.7272727272727273 0.4830827067669173 0.7264309764309764 0.48355263157894735 0.7356902356902357 0.5676691729323309 0.7365319865319865 0.5681390977443609 0.8973063973063973 0.5676691729323309 0.8981481481481481
0 0.27349624060150374 0.8981481481481481 0.19454887218045114 0.8981481481481481 0.19407894736842105 0.7373737373737373 0.27349624060150374 0.7365319865319865 0.27396616541353386 0.8973063973063973 0.27349624060150374 0.8981481481481481
0 0.4483082706766917 0.8981481481481481 0.41635338345864664 0.8981481481481481 0.4158834586466165 0.8737373737373737 0.36466165413533835 0.872895622895623 0.3641917293233083 0.8973063973063973 0.28383458646616544 0.8981481481481481 0.2833646616541353 0.8047138047138047 0.28101503759398494 0.8038720538720538 0.2805451127819549 0.7373737373737373 0.4050751879699248 0.7365319865319865 0.4257518796992481 0.7735690235690236 0.42716165413533835 0.7744107744107744 0.42857142857142855 0.7786195286195287 0.4318609022556391 0.7828282828282829 0.4323308270676692 0.7853535353535354 0.4356203007518797 0.7895622895622896 0.43703007518796994 0.7937710437710438 0.44031954887218044 0.797979797979798 0.4407894736842105 0.8005050505050505 0.4440789473684211 0.8047138047138047 0.44548872180451127 0.8089225589225589 0.44877819548872183 0.8131313131313131 0.44877819548872183 0.8973063973063973 0.4483082706766917 0.8981481481481481
0 0.6654135338345865 0.8981481481481481 0.5742481203007519 0.8981481481481481 0.5737781954887218 0.7373737373737373 0.6654135338345865 0.7365319865319865 0.6658834586466166 0.8973063973063973 0.6654135338345865 0.8981481481481481