0 0.3465045592705167 0.9154727793696275 0.030395136778115502 0.9154727793696275 0.029635258358662615 0.11174785100286533 0.0547112462006079 0.11031518624641834 0.05547112462006079 0.5787965616045845 0.21580547112462006 0.5802292263610315 0.21656534954407294 0.6819484240687679 0.3465045592705167 0.6833810888252149 0.3472644376899696 0.9140401146131805 0.3465045592705167 0.9154727793696275
0 0.9559270516717325 0.29083094555873923 0.8844984802431611 0.29083094555873923 0.8837386018237082 0.12893982808022922 0.9559270516717325 0.12750716332378223 0.9566869300911854 0.28939828080229224 0.9559270516717325 0.29083094555873923
0 0.20212765957446807 0.3653295128939828 0.06990881458966565 0.3653295128939828 0.06914893617021277 0.13753581661891118 0.20212765957446807 0.1361031518624642 0.20288753799392098 0.3638968481375358 0.20212765957446807 0.3653295128939828
0 0.3890577507598784 0.2822349570200573 0.20820668693009117 0.2822349570200573 0.2074468085106383 0.13753581661891118 0.3890577507598784 0.1361031518624642 0.3898176291793313 0.2808022922636103 0.3890577507598784 0.2822349570200573
0 0.45896656534954405 0.2822349570200573 0.39361702127659576 0.2822349570200573 0.39285714285714285 0.13753581661891118 0.45896656534954405 0.1361031518624642 0.45972644376899696 0.2808022922636103 0.45896656534954405 0.2822349570200573
0 0.5 0.32808022922636104 0.46504559270516715 0.32808022922636104 0.4642857142857143 0.13753581661891118 0.5 0.1361031518624642 0.5007598784194529 0.32664756446991405 0.5 0.32808022922636104
0 0.6550151975683891 0.32808022922636104 0.506079027355623 0.32808022922636104 0.5053191489361702 0.13753581661891118 0.6550151975683891 0.1361031518624642 0.6557750759878419 0.32664756446991405 0.6550151975683891 0.32808022922636104
0 0.2872340425531915 0.5544412607449857 0.20820668693009117 0.5544412607449857 0.2074468085106383 0.28939828080229224 0.36930091185410335 0.28796561604584525 0.3700607902735562 0.4297994269340974 0.2887537993920973 0.43123209169054444 0.28799392097264437 0.5530085959885387 0.2872340425531915 0.5544412607449857
0 0.4148936170212766 0.6575931232091691 0.3465045592705167 0.6575931232091691 0.34574468085106386 0.44126074498567336 0.3708206686930091 0.43982808022922637 0.371580547112462 0.4326647564469914 0.3700607902735562 0.4297994269340974 0.3700607902735562 0.28939828080229224 0.4148936170212766 0.28796561604584525 0.4156534954407295 0.6561604584527221 0.4148936170212766 0.6575931232091691
0 0.6550151975683891 0.6575931232091691 0.41641337386018235 0.6575931232091691 0.4156534954407295 0.28939828080229224 0.45896656534954405 0.28796561604584525 0.45972644376899696 0.335243553008596 0.6550151975683891 0.336676217765043 0.6557750759878419 0.6561604584527221 0.6550151975683891 0.6575931232091691
0 0.20212765957446807 0.5544412607449857 0.06990881458966565 0.5544412607449857 0.06914893617021277 0.3753581661891118 0.20212765957446807 0.37392550143266473 0.20288753799392098 0.5530085959885387 0.20212765957446807 0.5544412607449857
0 0.3404255319148936 0.5544412607449857 0.2948328267477204 0.5544412607449857 0.29407294832826747 0.44126074498567336 0.3404255319148936 0.43982808022922637 0.3411854103343465 0.5530085959885387 0.3404255319148936 0.5544412607449857