0 0.19817507841459936 0.2311491935483871 0.10293698317650414 0.2311491935483871 0.1027944111776447 0.14516129032258066 0.19817507841459936 0.14506048387096773 0.1983176504134588 0.2310483870967742 0.19817507841459936 0.2311491935483871
0 0.20501853435985173 0.14546370967741937 0.20459081836327345 0.14536290322580644 0.20473339036213287 0.14506048387096773 0.20516110635871115 0.14516129032258066 0.20501853435985173 0.14546370967741937
0 0.44453949244368407 0.2311491935483871 0.20530367835757057 0.2311491935483871 0.20501853435985173 0.23074596774193548 0.20459081836327345 0.2306451612903226 0.20459081836327345 0.14556451612903226 0.20516110635871115 0.14536290322580644 0.20530367835757057 0.14506048387096773 0.44453949244368407 0.14506048387096773 0.4446820644425435 0.2310483870967742 0.44453949244368407 0.2311491935483871
0 0.6538351867693185 0.32691532258064515 0.5315084117479327 0.32691532258064515 0.5313658397490733 0.31028225806451615 0.45109780439121755 0.3101814516129032 0.45095523239235813 0.14516129032258066 0.6538351867693185 0.14506048387096773 0.6539777587681779 0.3268145161290323 0.6538351867693185 0.32691532258064515
0 0.20501853435985173 0.2311491935483871 0.20459081836327345 0.2310483870967742 0.20473339036213287 0.23074596774193548 0.20516110635871115 0.23084677419354838 0.20501853435985173 0.2311491935483871
0 0.3242087254063302 0.4073588709677419 0.10293698317650414 0.4073588709677419 0.1027944111776447 0.23568548387096774 0.3242087254063302 0.23558467741935485 0.32435129740518964 0.40725806451612906 0.3242087254063302 0.4073588709677419
0 0.44453949244368407 0.32691532258064515 0.33048189335614486 0.32691532258064515 0.33033932135728544 0.23568548387096774 0.44453949244368407 0.23558467741935485 0.4446820644425435 0.3268145161290323 0.44453949244368407 0.32691532258064515
0 0.739093242087254 0.45191532258064515 0.7382378100940975 0.45191532258064515 0.7380952380952381 0.451008064516129 0.33048189335614486 0.45090725806451615 0.33033932135728544 0.33145161290322583 0.739093242087254 0.3313508064516129 0.7392358140861135 0.4518145161290323 0.739093242087254 0.45191532258064515
0 0.3242087254063302 0.5400201612903226 0.10236669518106643 0.5400201612903226 0.10222412318220701 0.5395161290322581 0.1027944111776447 0.5393145161290323 0.1027944111776447 0.41169354838709676 0.3242087254063302 0.4115927419354839 0.32435129740518964 0.5399193548387097 0.3242087254063302 0.5400201612903226
0 0.4662104362703165 0.6327620967741936 0.33048189335614486 0.6327620967741936 0.33033932135728544 0.451008064516129 0.4006273167949815 0.45090725806451615 0.4007698887938409 0.5316532258064516 0.401482748788138 0.5317540322580645 0.40176789278585684 0.5313508064516129 0.4704875962360992 0.5313508064516129 0.4706301682349587 0.5723790322580645 0.46649558026803534 0.5724798387096774 0.4663530082691759 0.6326612903225807 0.4662104362703165 0.6327620967741936
0 0.7379526660963787 0.6902217741935484 0.47276874821785003 0.6902217741935484 0.4726261762189906 0.5725806451612904 0.4707727402338181 0.5724798387096774 0.4706301682349587 0.5314516129032258 0.40176789278585684 0.5313508064516129 0.401482748788138 0.5317540322580645 0.4009124607927003 0.5317540322580645 0.4007698887938409 0.451008064516129 0.7379526660963787 0.45090725806451615 0.7380952380952381 0.6901209677419354 0.7379526660963787 0.6902217741935484
0 0.48602794411177647 0.527016129032258 0.48602794411177647 0.4544354838709677 0.40775591673795264 0.45433467741935485 0.4076133447390932 0.527016129032258 0.48588537211291705 0.527116935483871 0.48602794411177647 0.527016129032258
0 0.48588537211291705 0.527116935483871 0.40775591673795264 0.527116935483871 0.4076133447390932 0.4544354838709677 0.48588537211291705 0.45433467741935485 0.48602794411177647 0.527016129032258 0.48588537211291705 0.527116935483871
0 0.3242087254063302 0.6902217741935484 0.10236669518106643 0.6902217741935484 0.10222412318220701 0.5443548387096774 0.3242087254063302 0.5442540322580646 0.32435129740518964 0.6901209677419354 0.3242087254063302 0.6902217741935484
0 0.4662104362703165 0.6902217741935484 0.33048189335614486 0.6902217741935484 0.33033932135728544 0.6372983870967742 0.4662104362703165 0.6371975806451613 0.4663530082691759 0.6901209677419354 0.4662104362703165 0.6902217741935484
0 0.5474764756201882 0.8138104838709678 0.43826632449386943 0.8138104838709678 0.43812375249500995 0.7032258064516129 0.5474764756201882 0.703125 0.5476190476190477 0.8137096774193548 0.5474764756201882 0.8138104838709678
0 0.7433704020530368 0.8134072580645161 0.5526090675791274 0.8134072580645161 0.5524664955802681 0.7038306451612903 0.5518962075848304 0.7036290322580645 0.5518962075848304 0.7032258064516129 0.7433704020530368 0.703125 0.7435129740518962 0.8133064516129033 0.7433704020530368 0.8134072580645161
0 0.7433704020530368 0.977116935483871 0.3766752209865982 0.977116935483871 0.3765326489877388 0.8173387096774194 0.7433704020530368 0.8172379032258065 0.7435129740518962 0.9770161290322581 0.7433704020530368 0.977116935483871