0 0.2994350282485876 0.2820404721753794 0.08333333333333333 0.2820404721753794 0.0826271186440678 0.07588532883642496 0.2994350282485876 0.07546374367622259 0.3001412429378531 0.28161888701517707 0.2994350282485876 0.2820404721753794
0 0.4675141242937853 0.7795109612141653 0.2443502824858757 0.7795109612141653 0.24364406779661016 0.6947723440134908 0.0847457627118644 0.6943507588532883 0.08403954802259887 0.6045531197301856 0.4675141242937853 0.6041315345699831 0.4682203389830508 0.7790893760539629 0.4675141242937853 0.7795109612141653
0 0.7005649717514124 0.7609612141652614 0.536723163841808 0.7609612141652614 0.5360169491525424 0.6053962900505903 0.7005649717514124 0.6049747048903878 0.701271186440678 0.760539629005059 0.7005649717514124 0.7609612141652614
0 0.922316384180791 0.7247048903878583 0.7076271186440678 0.7247048903878583 0.7069209039548022 0.6053962900505903 0.922316384180791 0.6049747048903878 0.9230225988700564 0.7242833052276559 0.922316384180791 0.7247048903878583
0 0.23587570621468926 0.8022765598650927 0.0847457627118644 0.8022765598650927 0.08403954802259887 0.6947723440134908 0.23587570621468926 0.6943507588532883 0.2365819209039548 0.7403035413153457 0.24293785310734464 0.7407251264755481 0.24364406779661016 0.7790893760539629 0.23728813559322035 0.7795109612141653 0.2365819209039548 0.8018549747048904 0.23587570621468926 0.8022765598650927
0 0.24293785310734464 0.7407251264755481 0.23728813559322035 0.7407251264755481 0.2365819209039548 0.6947723440134908 0.24293785310734464 0.6943507588532883 0.24364406779661016 0.7403035413153457 0.24293785310734464 0.7407251264755481
0 0.922316384180791 0.8393760539629005 0.8234463276836158 0.8393760539629005 0.8227401129943502 0.8010118043844857 0.7076271186440678 0.8005902192242833 0.7069209039548022 0.7284991568296796 0.8022598870056498 0.7280775716694773 0.8029661016949152 0.769814502529511 0.922316384180791 0.7702360876897133 0.9230225988700564 0.8389544688026982 0.922316384180791 0.8393760539629005
0 0.922316384180791 0.7668634064080945 0.809322033898305 0.7668634064080945 0.8086158192090396 0.7284991568296796 0.922316384180791 0.7280775716694773 0.9230225988700564 0.7664418212478921 0.922316384180791 0.7668634064080945
0 0.7005649717514124 0.9211635750421585 0.536723163841808 0.9211635750421585 0.5360169491525424 0.7647554806070826 0.7005649717514124 0.7643338954468802 0.701271186440678 0.9207419898819561 0.7005649717514124 0.9211635750421585
0 0.3559322033898305 0.877318718381113 0.24293785310734464 0.877318718381113 0.2422316384180791 0.7833052276559865 0.2796610169491525 0.7828836424957841 0.2803672316384181 0.7799325463743676 0.4675141242937853 0.7795109612141653 0.4682203389830508 0.8372681281618887 0.3573446327683616 0.8376897133220911 0.356638418079096 0.8768971332209107 0.3559322033898305 0.877318718381113
0 0.8163841807909604 0.9186340640809444 0.7076271186440678 0.9186340640809444 0.7069209039548022 0.8052276559865092 0.8163841807909604 0.804806070826307 0.817090395480226 0.918212478920742 0.8163841807909604 0.9186340640809444
0 0.23587570621468926 0.9203204047217538 0.0847457627118644 0.9203204047217538 0.08403954802259887 0.806070826306914 0.23587570621468926 0.8056492411467117 0.2365819209039548 0.9198988195615514 0.23587570621468926 0.9203204047217538
0 0.4675141242937853 0.9203204047217538 0.3629943502824859 0.9203204047217538 0.3622881355932203 0.842327150084317 0.4675141242937853 0.8419055649241147 0.4682203389830508 0.9198988195615514 0.4675141242937853 0.9203204047217538
0 0.9138418079096046 0.9186340640809444 0.8234463276836158 0.9186340640809444 0.8227401129943502 0.8448566610455311 0.9138418079096046 0.8444350758853288 0.91454802259887 0.918212478920742 0.9138418079096046 0.9186340640809444
0 0.346045197740113 0.9203204047217538 0.24293785310734464 0.9203204047217538 0.2422316384180791 0.8811129848229342 0.346045197740113 0.8806913996627319 0.3467514124293785 0.9198988195615514 0.346045197740113 0.9203204047217538