0 0.5748792270531401 0.46949891067538124 0.5333333333333333 0.46949891067538124 0.5328502415458937 0.17429193899782136 0.6260869565217392 0.17320261437908496 0.6265700483091787 0.42483660130718953 0.5758454106280193 0.42592592592592593 0.5753623188405798 0.4684095860566449 0.5748792270531401 0.46949891067538124
0 0.7594202898550725 0.7854030501089324 0.6309178743961352 0.7854030501089324 0.6304347826086957 0.17429193899782136 0.7623188405797101 0.17320261437908496 0.7628019323671498 0.33769063180827885 0.8579710144927536 0.33877995642701525 0.8584541062801933 0.4749455337690632 0.7429951690821256 0.4760348583877996 0.7425120772946859 0.39433551198257083 0.6753623188405797 0.39324618736383443 0.6748792270531401 0.39869281045751637 0.6647342995169082 0.3997821350762527 0.6642512077294686 0.47058823529411764 0.6782608695652174 0.47167755991285404 0.678743961352657 0.4008714596949891 0.7381642512077294 0.3997821350762527 0.7386473429951691 0.6230936819172114 0.7594202898550725 0.6241830065359477 0.759903381642512 0.7843137254901961 0.7594202898550725 0.7854030501089324
0 0.9526570048309179 0.6220043572984749 0.8618357487922705 0.6220043572984749 0.8613526570048309 0.17429193899782136 0.9526570048309179 0.17320261437908496 0.9531400966183575 0.6209150326797386 0.9526570048309179 0.6220043572984749
0 0.11304347826086956 0.31699346405228757 0.04057971014492753 0.31699346405228757 0.04009661835748792 0.1786492374727669 0.11304347826086956 0.1775599128540305 0.11352657004830918 0.3159041394335512 0.11304347826086956 0.31699346405228757
0 0.17777777777777778 0.3082788671023965 0.12173913043478261 0.3082788671023965 0.121256038647343 0.1786492374727669 0.17777777777777778 0.1775599128540305 0.1782608695652174 0.30718954248366015 0.17777777777777778 0.3082788671023965
0 0.29082125603864734 0.5413943355119826 0.18454106280193236 0.5413943355119826 0.18405797101449275 0.39651416122004357 0.2 0.3954248366013072 0.20048309178743962 0.3877995642701525 0.18454106280193236 0.3867102396514161 0.18405797101449275 0.3289760348583878 0.20096618357487922 0.32788671023965144 0.20144927536231885 0.3202614379084967 0.1855072463768116 0.31917211328976036 0.185024154589372 0.1786492374727669 0.3652173913043478 0.1775599128540305 0.36570048309178743 0.5381263616557734 0.29178743961352654 0.5392156862745098 0.29082125603864734 0.5413943355119826
0 0.4579710144927536 0.6154684095860566 0.3719806763285024 0.6154684095860566 0.3714975845410628 0.1786492374727669 0.4579710144927536 0.1775599128540305 0.45845410628019323 0.6143790849673203 0.4579710144927536 0.6154684095860566
0 0.16618357487922705 0.4760348583877996 0.04057971014492753 0.4760348583877996 0.04009661835748792 0.32679738562091504 0.16618357487922705 0.32570806100217864 0.16666666666666666 0.4749455337690632 0.16618357487922705 0.4760348583877996
0 0.6260869565217392 0.5130718954248366 0.5797101449275363 0.5130718954248366 0.5792270531400966 0.4357298474945534 0.6260869565217392 0.434640522875817 0.6265700483091787 0.5119825708061002 0.6260869565217392 0.5130718954248366
0 0.6260869565217392 0.7854030501089324 0.5333333333333333 0.7854030501089324 0.5328502415458937 0.4793028322440087 0.5748792270531401 0.4782135076252723 0.5753623188405798 0.5206971677559913 0.6260869565217392 0.5217864923747276 0.6265700483091787 0.7843137254901961 0.6260869565217392 0.7854030501089324
0 0.8579710144927536 0.7854030501089324 0.7642512077294686 0.7854030501089324 0.763768115942029 0.616557734204793 0.7429951690821256 0.6154684095860566 0.7425120772946859 0.48366013071895425 0.8579710144927536 0.48257080610021785 0.8584541062801933 0.7843137254901961 0.8579710144927536 0.7854030501089324
0 0.17971014492753623 0.7766884531590414 0.04057971014492753 0.7766884531590414 0.04009661835748792 0.485838779956427 0.17971014492753623 0.48474945533769065 0.18019323671497584 0.775599128540305 0.17971014492753623 0.7766884531590414
0 0.3652173913043478 0.7766884531590414 0.2927536231884058 0.7766884531590414 0.2922705314009662 0.681917211328976 0.18454106280193236 0.6808278867102396 0.18405797101449275 0.5424836601307189 0.29082125603864734 0.5413943355119826 0.29178743961352654 0.545751633986928 0.3652173913043478 0.545751633986928 0.36570048309178743 0.775599128540305 0.3652173913043478 0.7766884531590414
0 0.23671497584541062 0.7766884531590414 0.18454106280193236 0.7766884531590414 0.18405797101449275 0.690631808278867 0.23671497584541062 0.6895424836601307 0.23719806763285023 0.775599128540305 0.23671497584541062 0.7766884531590414
0 0.28695652173913044 0.7766884531590414 0.242512077294686 0.7766884531590414 0.24202898550724639 0.6928104575163399 0.28695652173913044 0.6917211328976035 0.28743961352657005 0.775599128540305 0.28695652173913044 0.7766884531590414