0 0.264721772015127 0.4147141518275539 0.12641815235008103 0.4147141518275539 0.12614802809292275 0.05529522024367385 0.27984873041599134 0.054826616682286784 0.2801188546731497 0.15557638238050608 0.28065910318746623 0.15651358950328023 0.28065910318746623 0.3542642924086223 0.2801188546731497 0.35520149953139646 0.27957860615883307 0.3570759137769447 0.27957860615883307 0.358950328022493 0.2784981091301999 0.36082474226804123 0.2779578606158833 0.3626991565135895 0.27741761210156674 0.36457357075913777 0.27741761210156674 0.3673851921274602 0.27633711507293357 0.3692596063730084 0.2752566180443004 0.37207122774133083 0.2752566180443004 0.37488284910965325 0.2747163695299838 0.37582005623242737 0.2741761210156672 0.3776944704779756 0.273095623987034 0.380506091846298 0.273095623987034 0.3823805060918463 0.27255537547271746 0.38331771321462044 0.27255537547271746 0.3851921274601687 0.2714748784440843 0.38706654170571697 0.2709346299297677 0.3889409559512652 0.2709346299297677 0.3908153701968135 0.27039438141545113 0.3917525773195876 0.2698541329011345 0.3936269915651359 0.2693138843868179 0.39550140581068416 0.2693138843868179 0.39737582005623245 0.26877363587250136 0.3983130271790066 0.2676931388438682 0.40112464854732893 0.2671528903295516 0.4029990627928772 0.2671528903295516 0.40581068416119964 0.26661264181523503 0.40674789128397376 0.2655321447866018 0.4095595126522962 0.26499189627228525 0.4114339268978444 0.26499189627228525 0.41424554826616683 0.264721772015127 0.4147141518275539
0 0.31766612641815234 0.15604498594189317 0.28038897893030795 0.15604498594189317 0.2801188546731497 0.05529522024367385 0.31766612641815234 0.054826616682286784 0.3179362506753106 0.15557638238050608 0.31766612641815234 0.15604498594189317
0 0.3981631550513236 0.1944704779756326 0.3236088600756348 0.1944704779756326 0.3233387358184765 0.05529522024367385 0.3981631550513236 0.054826616682286784 0.3984332793084819 0.19400187441424555 0.3981631550513236 0.1944704779756326
0 0.49810913019989195 0.1944704779756326 0.4035656401944895 0.1944704779756326 0.40329551593733115 0.05529522024367385 0.49810913019989195 0.054826616682286784 0.4983792544570502 0.19400187441424555 0.49810913019989195 0.1944704779756326
0 0.7498649378714208 0.2507029053420806 0.5964343598055105 0.2507029053420806 0.5961642355483523 0.1527647610121837 0.7531064289573204 0.15229615745079664 0.7533765532144786 0.19306466729147143 0.7504051863857374 0.19353327085285849 0.7501350621285792 0.25023430178069356 0.7498649378714208 0.2507029053420806
0 0.9675850891410048 0.4400187441424555 0.8352242031334414 0.4400187441424555 0.8349540788762831 0.1527647610121837 0.9675850891410048 0.15229615745079664 0.9678552133981632 0.4395501405810684 0.9675850891410048 0.4400187441424555
0 0.8292814694759589 0.4400187441424555 0.7558076715289033 0.4400187441424555 0.755537547271745 0.20337394564198688 0.8292814694759589 0.20290534208059982 0.8295515937331173 0.4395501405810684 0.8292814694759589 0.4400187441424555
0 0.4343598055105348 0.4147141518275539 0.3646677471636953 0.4147141518275539 0.364397622906537 0.204311152764761 0.4343598055105348 0.20384254920337394 0.43462992976769316 0.41424554826616683 0.4343598055105348 0.4147141518275539
0 0.49810913019989195 0.3697282099343955 0.4403025391680173 0.3697282099343955 0.440032414910859 0.204311152764761 0.49810913019989195 0.20384254920337394 0.4983792544570502 0.3692596063730084 0.49810913019989195 0.3697282099343955
0 0.35926526202052944 0.5440487347703843 0.2668827660723933 0.5440487347703843 0.26661264181523503 0.5014058106841612 0.26094003241491087 0.5009372071227741 0.26066990815775254 0.4245548266166823 0.26418152350081037 0.4240862230552952 0.26445164775796864 0.41518275538894095 0.26499189627228525 0.41424554826616683 0.26499189627228525 0.4114339268978444 0.2655321447866018 0.4104967197750703 0.26661264181523503 0.4076850984067479 0.2671528903295516 0.40581068416119964 0.2671528903295516 0.4029990627928772 0.2676931388438682 0.4020618556701031 0.26877363587250136 0.3992502343017807 0.2693138843868179 0.39737582005623245 0.2693138843868179 0.39550140581068416 0.2698541329011345 0.39456419868791004 0.27039438141545113 0.39268978444236174 0.2709346299297677 0.3908153701968135 0.2709346299297677 0.3889409559512652 0.2714748784440843 0.3880037488284911 0.27255537547271746 0.3851921274601687 0.27255537547271746 0.38331771321462044 0.273095623987034 0.3823805060918463 0.273095623987034 0.380506091846298 0.2741761210156672 0.3786316776007498 0.2747163695299838 0.3767572633552015 0.2752566180443004 0.37488284910965325 0.2752566180443004 0.37207122774133083 0.27633711507293357 0.3701968134957826 0.27741761210156674 0.3673851921274602 0.27741761210156674 0.36457357075913777 0.2779578606158833 0.36363636363636365 0.2784981091301999 0.36176194939081535 0.27957860615883307 0.358950328022493 0.27957860615883307 0.3570759137769447 0.2801188546731497 0.3561387066541706 0.2809292274446245 0.3537956888472352 0.2857914640734738 0.3537956888472352 0.2860615883306321 0.20618556701030927 0.35926526202052944 0.2057169634489222 0.3595353862776877 0.5435801312089972 0.35926526202052944 0.5440487347703843
0 0.7498649378714208 0.5609184629803187 0.5964343598055105 0.5609184629803187 0.5961642355483523 0.2614807872539831 0.7498649378714208 0.26101218369259604 0.7501350621285792 0.5604498594189316 0.7498649378714208 0.5609184629803187
0 0.49810913019989195 0.6658856607310215 0.3646677471636953 0.6658856607310215 0.364397622906537 0.42361761949390814 0.43381955699621827 0.4231490159325211 0.43408968125337655 0.41518275538894095 0.43462992976769316 0.41424554826616683 0.43462992976769316 0.3795688847235239 0.49810913019989195 0.37910028116213684 0.4983792544570502 0.6654170571696345 0.49810913019989195 0.6658856607310215
0 0.26039978390059426 0.6658856607310215 0.12641815235008103 0.6658856607310215 0.12614802809292275 0.4245548266166823 0.26039978390059426 0.4240862230552952 0.26066990815775254 0.6654170571696345 0.26039978390059426 0.6658856607310215
0 0.8292814694759589 0.5609184629803187 0.7558076715289033 0.5609184629803187 0.755537547271745 0.4498594189315839 0.8292814694759589 0.4493908153701968 0.8295515937331173 0.5604498594189316 0.8292814694759589 0.5609184629803187
0 0.9675850891410048 0.5609184629803187 0.8352242031334414 0.5609184629803187 0.8349540788762831 0.4498594189315839 0.9675850891410048 0.4493908153701968 0.9678552133981632 0.5604498594189316 0.9675850891410048 0.5609184629803187
0 0.31118314424635335 0.6658856607310215 0.2668827660723933 0.6658856607310215 0.26661264181523503 0.5548266166822868 0.31118314424635335 0.5543580131208997 0.3114532685035116 0.6654170571696345 0.31118314424635335 0.6658856607310215
0 0.35926526202052944 0.6658856607310215 0.3171258779038358 0.6658856607310215 0.31685575364667745 0.5548266166822868 0.35926526202052944 0.5543580131208997 0.3595353862776877 0.6654170571696345 0.35926526202052944 0.6658856607310215