0 0.5322271857051691 0.3025383707201889 0.36853860880663686 0.3025383707201889 0.368379068283344 0.23730814639905548 0.37109125717932356 0.237012987012987 0.3712507977026165 0.01829988193624557 0.5290363752393108 0.018004722550177096 0.5291959157626037 0.22904368358913813 0.5322271857051691 0.22933884297520662 0.5323867262284621 0.3022432113341204 0.5322271857051691 0.3025383707201889
0 0.3608806636885769 0.5788075560802833 0.06828334396936822 0.5788075560802833 0.0681238034460753 0.24557260920897284 0.3608806636885769 0.24527744982290436 0.36104020421186983 0.5785123966942148 0.3608806636885769 0.5788075560802833
0 0.6518825781748564 0.5788075560802833 0.5995532865347798 0.5788075560802833 0.5993937460114869 0.5017709563164109 0.5938098276962348 0.5014757969303424 0.593490746649649 0.5008854781582054 0.5421186981493299 0.5008854781582054 0.541959157626037 0.24557260920897284 0.6649649010848756 0.24527744982290436 0.6651244416081685 0.5011806375442739 0.6522016592214422 0.5014757969303424 0.6520421186981493 0.5785123966942148 0.6518825781748564 0.5788075560802833
0 0.7431397574984046 0.3999409681227863 0.6707083599234206 0.3999409681227863 0.6705488194001277 0.24557260920897284 0.7431397574984046 0.24527744982290436 0.7432992980216975 0.39964580873671784 0.7431397574984046 0.3999409681227863
0 0.8075941289087428 0.3999409681227863 0.7479259731971921 0.3999409681227863 0.7477664326738992 0.24557260920897284 0.8075941289087428 0.24527744982290436 0.8077536694320357 0.39964580873671784 0.8075941289087428 0.3999409681227863
0 0.5373324824505424 0.493211334120425 0.36630504148053605 0.493211334120425 0.36614550095724313 0.31463990554899646 0.5373324824505424 0.31434474616292796 0.5374920229738354 0.49291617473435656 0.5373324824505424 0.493211334120425
0 0.929483088704531 0.8125737898465171 0.8194001276324187 0.8125737898465171 0.8192405871091257 0.40436835891381345 0.8219527760051053 0.404073199527745 0.8221123165283982 0.3435655253837072 0.8551372048500319 0.3432703659976387 0.8552967453733248 0.4090909090909091 0.929483088704531 0.40938606847697756 0.9296426292278238 0.8122786304604487 0.929483088704531 0.8125737898465171
0 0.8075941289087428 0.8037190082644629 0.6707083599234206 0.8037190082644629 0.6705488194001277 0.4085005903187721 0.8075941289087428 0.4082054309327037 0.8077536694320357 0.8034238488783944 0.8075941289087428 0.8037190082644629
0 0.4700063816209317 0.7098583234946871 0.39470325462667516 0.7098583234946871 0.39454371410338224 0.5791027154663518 0.36119974473516275 0.5788075560802833 0.36104020421186983 0.5011806375442739 0.593490746649649 0.5008854781582054 0.5936502871729419 0.5785123966942148 0.47032546266751757 0.5788075560802833 0.47016592214422465 0.7095631641086186 0.4700063816209317 0.7098583234946871
0 0.21186981493299298 0.8060802833530106 0.06828334396936822 0.8060802833530106 0.0681238034460753 0.5867768595041323 0.21186981493299298 0.5864817001180638 0.2120293554562859 0.8057851239669421 0.21186981493299298 0.8060802833530106
0 0.3347160178685386 0.8060802833530106 0.21761327377153797 0.8060802833530106 0.21745373324824505 0.5867768595041323 0.3347160178685386 0.5864817001180638 0.33487555839183153 0.8057851239669421 0.3347160178685386 0.8060802833530106
0 0.38895979578813017 0.8060802833530106 0.3398213146139119 0.8060802833530106 0.33966177409061904 0.5867768595041323 0.38895979578813017 0.5864817001180638 0.3891193363114231 0.8057851239669421 0.38895979578813017 0.8060802833530106
0 0.5293554562858966 0.6596812278630461 0.47543075941289087 0.6596812278630461 0.47527121888959795 0.5879574970484062 0.5293554562858966 0.5876623376623377 0.5295149968091896 0.6593860684769776 0.5293554562858966 0.6596812278630461
0 0.6649649010848756 0.8037190082644629 0.5350989151244416 0.8037190082644629 0.5349393746011487 0.5879574970484062 0.6649649010848756 0.5876623376623377 0.6651244416081685 0.8034238488783944 0.6649649010848756 0.8037190082644629
0 0.5293554562858966 0.8037190082644629 0.47543075941289087 0.8037190082644629 0.47527121888959795 0.6676505312868949 0.5293554562858966 0.6673553719008265 0.5295149968091896 0.8034238488783944 0.5293554562858966 0.8037190082644629
0 0.4700063816209317 0.7771546635182999 0.39470325462667516 0.7771546635182999 0.39454371410338224 0.7201889020070839 0.4700063816209317 0.7198937426210154 0.47016592214422465 0.7768595041322314 0.4700063816209317 0.7771546635182999