0 0.39370932754880694 0.32381615598885793 0.15726681127982647 0.32381615598885793 0.15672451193058567 0.0807799442896936 0.39370932754880694 0.08008356545961003 0.3942516268980477 0.3231197771587744 0.39370932754880694 0.32381615598885793
0 0.6594360086767896 0.32381615598885793 0.4197396963123644 0.32381615598885793 0.41919739696312364 0.28133704735376047 0.40130151843817785 0.28064066852367686 0.4007592190889371 0.0807799442896936 0.5466377440347071 0.08008356545961003 0.547180043383948 0.23259052924791088 0.6594360086767896 0.23328690807799443 0.6599783080260304 0.3231197771587744 0.6594360086767896 0.32381615598885793
0 0.6529284164859002 0.2193593314763231 0.5585683297180043 0.2193593314763231 0.5580260303687635 0.0807799442896936 0.6529284164859002 0.08008356545961003 0.653470715835141 0.21866295264623956 0.6529284164859002 0.2193593314763231
0 0.8763557483731019 0.32520891364902504 0.7039045553145337 0.32520891364902504 0.702819956616052 0.32381615598885793 0.6648590021691974 0.32381615598885793 0.6643167028199566 0.0807799442896936 0.9099783080260304 0.08008356545961003 0.9105206073752712 0.3231197771587744 0.8774403470715835 0.32381615598885793 0.8763557483731019 0.32520891364902504
0 0.9099783080260304 0.6246518105849582 0.6648590021691974 0.6246518105849582 0.6643167028199566 0.33147632311977715 0.702819956616052 0.3307799442896936 0.7033622559652929 0.32590529247910865 0.8763557483731019 0.32520891364902504 0.8768980477223427 0.33008356545961004 0.9099783080260304 0.3307799442896936 0.9105206073752712 0.6239554317548747 0.9099783080260304 0.6246518105849582
0 0.3405639913232104 0.6274373259052924 0.15726681127982647 0.6274373259052924 0.15672451193058567 0.33147632311977715 0.3405639913232104 0.3307799442896936 0.3411062906724512 0.6267409470752089 0.3405639913232104 0.6274373259052924
0 0.6637744034707158 0.6260445682451253 0.34164859002169196 0.6260445682451253 0.3411062906724512 0.33147632311977715 0.6637744034707158 0.3307799442896936 0.6643167028199566 0.6253481894150418 0.6637744034707158 0.6260445682451253
0 0.5531453362255966 0.8976323119777159 0.447939262472885 0.8976323119777159 0.44739696312364424 0.7395543175487466 0.3405639913232104 0.7388579387186629 0.34002169197396964 0.628133704735376 0.34164859002169196 0.6260445682451253 0.6637744034707158 0.6260445682451253 0.6643167028199566 0.7395543175487466 0.5542299349240781 0.7402506963788301 0.5536876355748374 0.8969359331476323 0.5531453362255966 0.8976323119777159
0 0.8221258134490239 0.8976323119777159 0.6713665943600867 0.8976323119777159 0.670824295010846 0.6323119777158774 0.8221258134490239 0.6316155988857939 0.8226681127982647 0.8969359331476323 0.8221258134490239 0.8976323119777159
0 0.33405639913232105 0.8976323119777159 0.15835140997830802 0.8976323119777159 0.15780911062906725 0.6866295264623955 0.15672451193058567 0.6852367688022284 0.15672451193058567 0.6350974930362117 0.33405639913232105 0.6344011142061281 0.3345986984815618 0.8969359331476323 0.33405639913232105 0.8976323119777159
0 0.44143167028199565 0.8976323119777159 0.3405639913232104 0.8976323119777159 0.34002169197396964 0.7479108635097493 0.44143167028199565 0.7472144846796658 0.4419739696312364 0.8969359331476323 0.44143167028199565 0.8976323119777159
0 0.6637744034707158 0.8976323119777159 0.5954446854663774 0.8976323119777159 0.5949023861171366 0.8523676880222841 0.5607375271149675 0.8516713091922006 0.5601952277657267 0.7493036211699164 0.6637744034707158 0.7486072423398329 0.6643167028199566 0.8969359331476323 0.6637744034707158 0.8976323119777159