0 0.9273624823695346 0.33015741507870755 0.7679830747531735 0.33015741507870755 0.7676304654442877 0.10107705053852527 0.9273624823695346 0.10066280033140017 0.9277150916784203 0.32974316487158245 0.9273624823695346 0.33015741507870755
0 0.33568406205923834 0.46023198011599004 0.18899858956276447 0.46023198011599004 0.18864598025387871 0.33305716652858325 0.056417489421720736 0.33264291632145815 0.05606488011283498 0.10190555095277548 0.33568406205923834 0.10149130074565037 0.3360366713681241 0.45981772990886494 0.33568406205923834 0.46023198011599004
0 0.7552891396332864 0.21748135874067936 0.655148095909732 0.21748135874067936 0.6547954866008463 0.11184755592377796 0.7552891396332864 0.11143330571665286 0.7556417489421721 0.21706710853355426 0.7552891396332864 0.21748135874067936
0 0.763046544428773 0.4212924606462303 0.6488011283497884 0.4212924606462303 0.6484485190409027 0.35542667771333886 0.6805359661495064 0.35501242750621376 0.6808885754583921 0.33388566694283345 0.6488011283497884 0.33347141673570835 0.6484485190409027 0.22866611433305717 0.763046544428773 0.22825186412593207 0.7633991537376587 0.4208782104391052 0.763046544428773 0.4212924606462303
0 0.9273624823695346 0.45857497928748964 0.7679830747531735 0.45857497928748964 0.7676304654442877 0.3355426677713339 0.9273624823695346 0.3351284175642088 0.9277150916784203 0.45816072908036454 0.9273624823695346 0.45857497928748964
0 0.18406205923836388 0.6499585749792874 0.056417489421720736 0.6499585749792874 0.05606488011283498 0.35791217895608946 0.08956276445698166 0.35749792874896436 0.08991537376586742 0.3388566694283347 0.18406205923836388 0.3384424192212096 0.18441466854724964 0.6495443247721624 0.18406205923836388 0.6499585749792874
0 0.5303244005641748 0.6499585749792874 0.346262341325811 0.6499585749792874 0.34590973201692526 0.41922120961060483 0.5303244005641748 0.41880695940347973 0.5306770098730607 0.6495443247721624 0.5303244005641748 0.6499585749792874
0 0.9273624823695346 0.6491300745650372 0.6488011283497884 0.6491300745650372 0.6484485190409027 0.4258492129246065 0.729901269393512 0.4254349627174814 0.7302538787023978 0.4631317315658658 0.9273624823695346 0.4635459817729909 0.9277150916784203 0.6487158243579122 0.9273624823695346 0.6491300745650372
0 0.763046544428773 0.45857497928748964 0.7348377997179125 0.45857497928748964 0.7344851904090268 0.4258492129246065 0.763046544428773 0.4254349627174814 0.7633991537376587 0.45816072908036454 0.763046544428773 0.45857497928748964
0 0.33568406205923834 0.5712510356255178 0.18899858956276447 0.5712510356255178 0.18864598025387871 0.4656172328086164 0.33568406205923834 0.4652029826014913 0.3360366713681241 0.5708367854183927 0.33568406205923834 0.5712510356255178
0 0.2524682651622003 0.6499585749792874 0.18899858956276447 0.6499585749792874 0.18864598025387871 0.575807787903894 0.2524682651622003 0.5753935376967688 0.25282087447108603 0.6495443247721624 0.2524682651622003 0.6499585749792874
0 0.33568406205923834 0.6499585749792874 0.25740479548660083 0.6499585749792874 0.2570521861777151 0.575807787903894 0.33568406205923834 0.5753935376967688 0.3360366713681241 0.6495443247721624 0.33568406205923834 0.6499585749792874
0 0.3385049365303244 0.9540182270091135 0.25035260930888575 0.9540182270091135 0.25 0.7572493786246893 0.3385049365303244 0.7568351284175642 0.33885754583921013 0.9536039768019884 0.3385049365303244 0.9540182270091135