0 0.8020304568527918 0.16220423412204235 0.7050761421319797 0.16220423412204235 0.7048223350253807 0.11706102117061021 0.6873096446700507 0.11674968866749688 0.6870558375634518 0.031133250311332503 0.8020304568527918 0.030821917808219176 0.8022842639593909 0.16189290161892902 0.8020304568527918 0.16220423412204235
0 0.332994923857868 0.1765255292652553 0.2319796954314721 0.1765255292652553 0.2317258883248731 0.10460772104607721 0.22385786802030458 0.09495641344956414 0.22309644670050763 0.09464508094645081 0.2218274111675127 0.09246575342465753 0.22106598984771575 0.0921544209215442 0.21979695431472082 0.08997509339975093 0.21903553299492387 0.0896637608966376 0.21878172588832487 0.08872976338729763 0.21802030456852792 0.08841843088418432 0.21802030456852792 0.031755915317559155 0.333502538071066 0.03144458281444583 0.33375634517766495 0.12266500622665007 0.333248730964467 0.1232876712328767 0.333248730964467 0.17621419676214198 0.332994923857868 0.1765255292652553
0 0.6532994923857868 0.23567870485678705 0.5736040609137056 0.23567870485678705 0.5733502538071066 0.08717310087173101 0.6532994923857868 0.08686176836861768 0.6535532994923858 0.23536737235367372 0.6532994923857868 0.23567870485678705
0 0.701015228426396 0.16220423412204235 0.6568527918781726 0.16220423412204235 0.6565989847715736 0.08717310087173101 0.6837563451776649 0.08686176836861768 0.684010152284264 0.12017434620174346 0.701015228426396 0.12048567870485678 0.7012690355329949 0.16189290161892902 0.701015228426396 0.16220423412204235
0 0.916751269035533 0.2014321295143213 0.8055837563451776 0.2014321295143213 0.8053299492385787 0.08779576587795766 0.916751269035533 0.08748443337484434 0.917005076142132 0.20112079701120797 0.916751269035533 0.2014321295143213
0 0.283248730964467 0.23443337484433374 0.10355329949238579 0.23443337484433374 0.1032994923857868 0.2054794520547945 0.10279187817258884 0.20485678704856788 0.10279187817258884 0.08904109589041095 0.10228426395939086 0.08841843088418432 0.21421319796954313 0.08810709838107099 0.2149746192893401 0.08904109589041095 0.2152284263959391 0.08997509339975093 0.217005076142132 0.09153175591531756 0.21725888324873097 0.09246575342465753 0.21903553299492387 0.09402241594022416 0.21928934010152284 0.09495641344956414 0.22741116751269036 0.10429638854296389 0.2281725888324873 0.10460772104607721 0.2281725888324873 0.17995018679950187 0.283248730964467 0.1802615193026152 0.283502538071066 0.23412204234122042 0.283248730964467 0.23443337484433374
0 0.44619289340101526 0.1815068493150685 0.39390862944162436 0.1815068493150685 0.3934010152284264 0.1802615193026152 0.3916243654822335 0.17870485678704856 0.3913705583756345 0.17777085927770858 0.3895939086294416 0.17621419676214198 0.38934010152284265 0.175280199252802 0.38756345177664975 0.17372353673723537 0.38730964467005075 0.1727895392278954 0.38553299492385784 0.17123287671232876 0.3852791878172589 0.17029887920298878 0.383502538071066 0.16874221668742218 0.383248730964467 0.1678082191780822 0.38147208121827414 0.16625155666251556 0.38121827411167514 0.1653175591531756 0.37944162436548223 0.16376089663760895 0.37918781725888323 0.162826899128269 0.3774111675126904 0.16127023661270237 0.3771573604060914 0.1603362391033624 0.3753807106598985 0.15877957658779576 0.3751269035532995 0.15784557907845578 0.3733502538071066 0.15628891656288915 0.3730964467005076 0.1553549190535492 0.37208121827411167 0.15473225404732255 0.3461928934010152 0.15473225404732255 0.34187817258883246 0.14881693648816938 0.3398477157360406 0.14570361145703611 0.33908629441624366 0.14414694894146948 0.3383248730964467 0.14383561643835616 0.3383248730964467 0.10024906600249066 0.34060913705583756 0.09806973848069739 0.34187817258883246 0.09713574097135741 0.34213197969543147 0.09620174346201743 0.34365482233502537 0.09495641344956414 0.3444162436548223 0.09464508094645081 0.3446700507614213 0.09371108343711083 0.3472081218274112 0.09122042341220424 0.44619289340101526 0.09122042341220424 0.4464467005076142 0.18119551681195517 0.44619289340101526 0.1815068493150685
0 0.5172588832487309 0.2151307596513076 0.4543147208121827 0.2151307596513076 0.45406091370558377 0.15379825653798257 0.5172588832487309 0.15348692403486924 0.51751269035533 0.21481942714819427 0.5172588832487309 0.2151307596513076
0 0.3913705583756345 0.2350560398505604 0.3380710659898477 0.2350560398505604 0.3378172588832487 0.1581569115815691 0.3715736040609137 0.15784557907845578 0.3725888324873096 0.15971357409713574 0.3738578680203046 0.16064757160647572 0.3746192893401015 0.16220423412204235 0.3758883248730964 0.16313823163138233 0.3766497461928934 0.16469489414694893 0.37791878172588833 0.1656288916562889 0.3786802030456853 0.16718555417185554 0.3799492385786802 0.16811955168119552 0.38071065989847713 0.16967621419676215 0.3819796954314721 0.1706102117061021 0.38274111675126904 0.17216687422166874 0.38401015228426394 0.17310087173100872 0.3847715736040609 0.17465753424657535 0.38604060913705585 0.17559153175591533 0.3868020304568528 0.17714819427148193 0.3880710659898477 0.1780821917808219 0.38883248730964465 0.17963885429638854 0.3901015228426396 0.18057285180572852 0.39086294416243655 0.18212951432129515 0.3916243654822335 0.18244084682440848 0.3916243654822335 0.23474470734744707 0.3913705583756345 0.2350560398505604
0 0.8020304568527918 0.38511830635118305 0.6873096446700507 0.38511830635118305 0.6870558375634518 0.30884184308841844 0.6852791878172588 0.3085305105853051 0.6850253807106599 0.3848069738480697 0.5736040609137056 0.38511830635118305 0.5733502538071066 0.23848069738480698 0.6639593908629442 0.23816936488169366 0.6642131979695431 0.30759651307596514 0.6685279187817259 0.30790784557907847 0.6687817258883249 0.23599003735990037 0.6568527918781726 0.23567870485678705 0.6565989847715736 0.16687422166874222 0.8020304568527918 0.1665628891656289 0.8022842639593909 0.3848069738480697 0.8020304568527918 0.38511830635118305
0 0.332994923857868 0.23443337484433374 0.28730964467005077 0.23443337484433374 0.28705583756345177 0.18057285180572852 0.332994923857868 0.1802615193026152 0.333248730964467 0.23412204234122042 0.332994923857868 0.23443337484433374
0 0.22233502538071065 0.38511830635118305 0.10406091370558376 0.38511830635118305 0.10380710659898477 0.28953922789539227 0.03401015228426396 0.28922789539227894 0.03375634517766497 0.1843088418430884 0.10253807106598985 0.1839975093399751 0.10279187817258884 0.20485678704856788 0.1032994923857868 0.2054794520547945 0.1032994923857868 0.23412204234122042 0.1964467005076142 0.23443337484433374 0.1967005076142132 0.3057285180572852 0.22233502538071065 0.3060398505603985 0.22258883248730965 0.3848069738480697 0.22233502538071065 0.38511830635118305
0 0.44873096446700506 0.2350560398505604 0.3949238578680203 0.2350560398505604 0.3946700507614213 0.18493150684931506 0.44873096446700506 0.18462017434620173 0.44898477157360406 0.23474470734744707 0.44873096446700506 0.2350560398505604
0 0.8710659898477158 0.26183063511830634 0.8055837563451776 0.26183063511830634 0.8053299492385787 0.20610211706102116 0.8705583756345178 0.20579078455790784 0.8710659898477158 0.20516811955168118 0.8713197969543147 0.261519302615193 0.8710659898477158 0.26183063511830634
0 0.916751269035533 0.26183063511830634 0.8741116751269036 0.26183063511830634 0.8738578680203045 0.2054794520547945 0.916751269035533 0.20516811955168118 0.917005076142132 0.261519302615193 0.916751269035533 0.26183063511830634
0 0.332994923857868 0.38511830635118305 0.22284263959390863 0.38511830635118305 0.22258883248730965 0.30635118306351183 0.19898477157360406 0.3060398505603985 0.19873096446700508 0.23474470734744707 0.332994923857868 0.23443337484433374 0.333248730964467 0.3848069738480697 0.332994923857868 0.38511830635118305
0 0.44873096446700506 0.3197384806973848 0.33705583756345175 0.3197384806973848 0.3368020304568528 0.23910336239103364 0.44873096446700506 0.2387920298879203 0.44898477157360406 0.3194271481942715 0.44873096446700506 0.3197384806973848
0 0.916751269035533 0.38511830635118305 0.8055837563451776 0.38511830635118305 0.8053299492385787 0.2658779576587796 0.916751269035533 0.26556662515566626 0.917005076142132 0.3848069738480697 0.916751269035533 0.38511830635118305
0 0.3903553299492386 0.38511830635118305 0.33705583756345175 0.38511830635118305 0.3368020304568528 0.3244084682440847 0.3903553299492386 0.3240971357409714 0.39060913705583755 0.3848069738480697 0.3903553299492386 0.38511830635118305
0 0.44873096446700506 0.38511830635118305 0.39441624365482236 0.38511830635118305 0.39416243654822336 0.3244084682440847 0.44873096446700506 0.3240971357409714 0.44898477157360406 0.3848069738480697 0.44873096446700506 0.38511830635118305
0 0.5253807106598984 0.48100871731008715 0.09543147208121827 0.48100871731008715 0.09517766497461928 0.39663760896637607 0.09467005076142132 0.3960149439601494 0.4578680203045685 0.39570361145703614 0.4581218274111675 0.3331257783312578 0.5253807106598984 0.33281444582814446 0.5256345177664975 0.4806973848069738 0.5253807106598984 0.48100871731008715
0 0.5451776649746193 0.5962017434620175 0.44060913705583754 0.5962017434620175 0.4403553299492386 0.5155666251556662 0.5451776649746193 0.5152552926525529 0.5454314720812182 0.5958904109589042 0.5451776649746193 0.5962017434620175
0 0.6137055837563452 0.7717932752179327 0.4401015228426396 0.7717932752179327 0.4403553299492386 0.599626400996264 0.5477157360406092 0.5993150684931506 0.5479695431472081 0.5155666251556662 0.6137055837563452 0.5152552926525529 0.6139593908629442 0.7714819427148194 0.6137055837563452 0.7717932752179327
0 0.43451776649746193 0.9193648816936488 0.43426395939086293 0.7783312577833126 0.6192893401015228 0.7780199252801993 0.6195431472081219 0.9184308841843088 0.4350253807106599 0.9187422166874222 0.43451776649746193 0.9193648816936488