0 0.7927927927927928 0.2342741935483871 0.6602316602316602 0.2342741935483871 0.6595881595881596 0.06854838709677419 0.7927927927927928 0.06814516129032258 0.7934362934362934 0.23387096774193547 0.7927927927927928 0.2342741935483871
0 0.2625482625482625 0.3318548387096774 0.1994851994851995 0.3318548387096774 0.19884169884169883 0.24596774193548387 0.3088803088803089 0.24556451612903227 0.30952380952380953 0.29435483870967744 0.3120978120978121 0.29516129032258065 0.30694980694980695 0.29838709677419356 0.3005148005148005 0.3032258064516129 0.29407979407979407 0.30806451612903224 0.2876447876447876 0.31290322580645163 0.27863577863577865 0.3193548387096774 0.27606177606177607 0.3217741935483871 0.26576576576576577 0.32903225806451614 0.2625482625482625 0.3318548387096774
0 0.41827541827541825 0.294758064516129 0.3153153153153153 0.294758064516129 0.31467181467181465 0.24596774193548387 0.41827541827541825 0.24556451612903227 0.4189189189189189 0.29435483870967744 0.41827541827541825 0.294758064516129
0 0.5585585585585585 0.3971774193548387 0.4247104247104247 0.3971774193548387 0.4240669240669241 0.24596774193548387 0.5585585585585585 0.24556451612903227 0.5592020592020592 0.3967741935483871 0.5585585585585585 0.3971774193548387
0 0.7927927927927928 0.3971774193548387 0.5662805662805663 0.3971774193548387 0.5656370656370656 0.24596774193548387 0.7927927927927928 0.24556451612903227 0.7934362934362934 0.3967741935483871 0.7927927927927928 0.3971774193548387
0 0.41827541827541825 0.39395161290322583 0.1994851994851995 0.39395161290322583 0.19884169884169883 0.3362903225806452 0.26640926640926643 0.33588709677419354 0.26833976833976836 0.3346774193548387 0.2747747747747748 0.32983870967741935 0.2812097812097812 0.325 0.2876447876447876 0.32016129032258067 0.2953667953667954 0.31451612903225806 0.29922779922779924 0.31129032258064515 0.30952380952380953 0.3040322580645161 0.3120978120978121 0.3016129032258065 0.3153153153153153 0.29879032258064514 0.41827541827541825 0.29879032258064514 0.4189189189189189 0.3935483870967742 0.41827541827541825 0.39395161290322583
0 0.4272844272844273 0.5375 0.1994851994851995 0.5375 0.19884169884169883 0.40161290322580645 0.4272844272844273 0.4012096774193548 0.42792792792792794 0.5370967741935484 0.4272844272844273 0.5375
0 0.7927927927927928 0.6286290322580645 0.435006435006435 0.6286290322580645 0.4343629343629344 0.40161290322580645 0.7927927927927928 0.4012096774193548 0.7934362934362934 0.6282258064516129 0.7927927927927928 0.6286290322580645
0 0.31145431145431146 0.6842741935483871 0.1994851994851995 0.6842741935483871 0.19884169884169883 0.5411290322580645 0.4272844272844273 0.540725806451613 0.42792792792792794 0.65 0.3127413127413127 0.6504032258064516 0.3120978120978121 0.6838709677419355 0.31145431145431146 0.6842741935483871
0 0.546975546975547 0.7673387096774194 0.435006435006435 0.7673387096774194 0.4343629343629344 0.6290322580645161 0.5482625482625483 0.6286290322580645 0.5489060489060489 0.6548387096774193 0.5501930501930502 0.6556451612903226 0.5501930501930502 0.7064516129032258 0.5514800514800515 0.707258064516129 0.5514800514800515 0.7330645161290322 0.5482625482625483 0.7334677419354839 0.5476190476190477 0.7669354838709678 0.546975546975547 0.7673387096774194
0 0.7927927927927928 0.8512096774193548 0.5546975546975547 0.8512096774193548 0.5540540540540541 0.7338709677419355 0.5514800514800515 0.7330645161290322 0.5514800514800515 0.707258064516129 0.5501930501930502 0.7064516129032258 0.5501930501930502 0.6556451612903226 0.5489060489060489 0.6548387096774193 0.5489060489060489 0.6290322580645161 0.7927927927927928 0.6286290322580645 0.7934362934362934 0.8508064516129032 0.7927927927927928 0.8512096774193548
0 0.4272844272844273 0.7189516129032258 0.3178893178893179 0.7189516129032258 0.31724581724581724 0.6548387096774193 0.4272844272844273 0.6544354838709677 0.42792792792792794 0.7185483870967742 0.4272844272844273 0.7189516129032258
0 0.4272844272844273 0.8512096774193548 0.1994851994851995 0.8512096774193548 0.19884169884169883 0.6887096774193548 0.31145431145431146 0.6883064516129033 0.3120978120978121 0.7225806451612903 0.4272844272844273 0.722983870967742 0.42792792792792794 0.8508064516129032 0.4272844272844273 0.8512096774193548
0 0.546975546975547 0.8512096774193548 0.435006435006435 0.8512096774193548 0.4343629343629344 0.771774193548387 0.546975546975547 0.7713709677419355 0.5476190476190477 0.8508064516129032 0.546975546975547 0.8512096774193548