0 0.6700819672131147 0.4056261343012704 0.5389344262295082 0.4056261343012704 0.5379098360655737 0.13611615245009073 0.7602459016393442 0.13520871143375682 0.7612704918032787 0.3629764065335753 0.6721311475409836 0.36388384754990927 0.6711065573770492 0.4047186932849365 0.6700819672131147 0.4056261343012704
0 0.9569672131147541 0.36388384754990927 0.7684426229508197 0.36388384754990927 0.7674180327868853 0.13611615245009073 0.9569672131147541 0.13520871143375682 0.9579918032786885 0.3629764065335753 0.9569672131147541 0.36388384754990927
0 0.21311475409836064 0.4909255898366606 0.08196721311475409 0.4909255898366606 0.08094262295081968 0.47186932849364793 0.05942622950819672 0.470961887477314 0.0584016393442623 0.13793103448275862 0.4774590163934426 0.13702359346642468 0.47848360655737704 0.35571687840290384 0.2151639344262295 0.3566243194192377 0.21413934426229508 0.4900181488203267 0.21311475409836064 0.4909255898366606
0 0.36270491803278687 0.6379310344827587 0.2581967213114754 0.6379310344827587 0.257172131147541 0.6206896551724138 0.2151639344262295 0.6197822141560798 0.21413934426229508 0.35753176043557167 0.36270491803278687 0.3566243194192377 0.3637295081967213 0.6370235934664247 0.36270491803278687 0.6379310344827587
0 0.4774590163934426 0.48548094373865697 0.36475409836065575 0.48548094373865697 0.3637295081967213 0.426497277676951 0.4077868852459016 0.42558983666061706 0.4088114754098361 0.42105263157894735 0.3709016393442623 0.42014519056261346 0.3698770491803279 0.3629764065335753 0.4774590163934426 0.3620689655172414 0.47848360655737704 0.484573502722323 0.4774590163934426 0.48548094373865697
0 0.9569672131147541 0.4945553539019964 0.6782786885245902 0.4945553539019964 0.6772540983606558 0.3702359346642468 0.9569672131147541 0.36932849364791287 0.9579918032786885 0.49364791288566245 0.9569672131147541 0.4945553539019964
0 0.6700819672131147 0.5980036297640653 0.5389344262295082 0.5980036297640653 0.5379098360655737 0.4101633393829401 0.6700819672131147 0.4092558983666062 0.6711065573770492 0.5970961887477314 0.6700819672131147 0.5980036297640653
0 0.21311475409836064 0.7159709618874773 0.05942622950819672 0.7159709618874773 0.0584016393442623 0.49183303085299457 0.21311475409836064 0.4909255898366606 0.21413934426229508 0.5190562613430127 0.2069672131147541 0.5199637023593466 0.20594262295081966 0.6243194192377496 0.21311475409836064 0.6252268602540835 0.21413934426229508 0.7150635208711433 0.21311475409836064 0.7159709618874773
0 0.4774590163934426 0.5707803992740472 0.3729508196721312 0.5707803992740472 0.3719262295081967 0.49183303085299457 0.4610655737704918 0.4909255898366606 0.46209016393442626 0.5081669691470054 0.4774590163934426 0.5090744101633394 0.47848360655737704 0.5698729582577132 0.4774590163934426 0.5707803992740472
0 0.9569672131147541 0.7141560798548094 0.6782786885245902 0.7141560798548094 0.6772540983606558 0.5408348457350273 0.7233606557377049 0.5399274047186933 0.7243852459016393 0.5009074410163339 0.9569672131147541 0.5 0.9579918032786885 0.7132486388384754 0.9569672131147541 0.7141560798548094
0 0.4774590163934426 0.7159709618874773 0.3790983606557377 0.7159709618874773 0.3780737704918033 0.6751361161524501 0.3729508196721312 0.6742286751361162 0.3719262295081967 0.5771324863883848 0.4774590163934426 0.5762250453720508 0.47848360655737704 0.7150635208711433 0.4774590163934426 0.7159709618874773
0 0.6700819672131147 0.7141560798548094 0.5389344262295082 0.7141560798548094 0.5379098360655737 0.6025408348457351 0.6700819672131147 0.6016333938294011 0.6711065573770492 0.7132486388384754 0.6700819672131147 0.7141560798548094
0 0.25 0.7159709618874773 0.2151639344262295 0.7159709618874773 0.21413934426229508 0.6261343012704175 0.25 0.6252268602540835 0.2510245901639344 0.7150635208711433 0.25 0.7159709618874773
0 0.3483606557377049 0.7159709618874773 0.2581967213114754 0.7159709618874773 0.257172131147541 0.6442831215970962 0.36270491803278687 0.6433756805807622 0.3637295081967213 0.6733212341197822 0.35040983606557374 0.6742286751361162 0.34938524590163933 0.7150635208711433 0.3483606557377049 0.7159709618874773
0 0.48565573770491804 0.9754990925589837 0.36065573770491804 0.9754990925589837 0.35963114754098363 0.8166969147005445 0.48565573770491804 0.8157894736842105 0.48668032786885246 0.9745916515426497 0.48565573770491804 0.9754990925589837