0 0.3010204081632653 0.22925170068027212 0.22142857142857142 0.22925170068027212 0.2209183673469388 0.06802721088435375 0.37755102040816324 0.0673469387755102 0.3780612244897959 0.1836734693877551 0.3020408163265306 0.18435374149659864 0.30153061224489797 0.22857142857142856 0.3010204081632653 0.22925170068027212
0 0.5112244897959184 0.22925170068027212 0.3826530612244898 0.22925170068027212 0.3821428571428571 0.06802721088435375 0.5112244897959184 0.0673469387755102 0.511734693877551 0.22857142857142856 0.5112244897959184 0.22925170068027212
0 0.6377551020408163 0.27687074829931974 0.5377551020408163 0.27687074829931974 0.5372448979591836 0.06802721088435375 0.6377551020408163 0.0673469387755102 0.638265306122449 0.2761904761904762 0.6377551020408163 0.27687074829931974
0 0.6928571428571428 0.18435374149659864 0.6438775510204081 0.18435374149659864 0.6433673469387755 0.06802721088435375 0.6928571428571428 0.0673469387755102 0.6933673469387756 0.1836734693877551 0.6928571428571428 0.18435374149659864
0 0.8295918367346938 0.22380952380952382 0.6979591836734694 0.22380952380952382 0.6974489795918367 0.06802721088435375 0.8295918367346938 0.0673469387755102 0.8301020408163265 0.22312925170068026 0.8295918367346938 0.22380952380952382
0 0.35 0.22925170068027212 0.3051020408163265 0.22925170068027212 0.30459183673469387 0.1891156462585034 0.35 0.18843537414965986 0.35051020408163264 0.22857142857142856 0.35 0.22925170068027212
0 0.6908163265306122 0.27687074829931974 0.6438775510204081 0.27687074829931974 0.6433673469387755 0.1891156462585034 0.6908163265306122 0.18843537414965986 0.6913265306122449 0.2761904761904762 0.6908163265306122 0.27687074829931974
0 0.7295918367346939 0.35306122448979593 0.6959183673469388 0.35306122448979593 0.6954081632653061 0.22857142857142856 0.7295918367346939 0.22789115646258504 0.7301020408163266 0.3523809523809524 0.7295918367346939 0.35306122448979593
0 0.8295918367346938 0.4170068027210884 0.6959183673469388 0.4170068027210884 0.6954081632653061 0.35918367346938773 0.7326530612244898 0.3585034013605442 0.7331632653061224 0.22857142857142856 0.8295918367346938 0.22789115646258504 0.8301020408163265 0.4163265306122449 0.8295918367346938 0.4170068027210884
0 0.33163265306122447 0.3380952380952381 0.2571428571428571 0.3380952380952381 0.2566326530612245 0.27755102040816326 0.22142857142857142 0.27687074829931974 0.2209183673469388 0.23401360544217686 0.33163265306122447 0.23333333333333334 0.33214285714285713 0.33741496598639453 0.33163265306122447 0.3380952380952381
0 0.5112244897959184 0.4142857142857143 0.3377551020408163 0.4142857142857143 0.33724489795918366 0.23401360544217686 0.5112244897959184 0.23333333333333334 0.511734693877551 0.41360544217687073 0.5112244897959184 0.4142857142857143
0 0.2673469387755102 0.3870748299319728 0.22040816326530613 0.3870748299319728 0.21989795918367347 0.2829931972789116 0.25204081632653064 0.282312925170068 0.25255102040816324 0.34285714285714286 0.2673469387755102 0.3435374149659864 0.26785714285714285 0.38639455782312926 0.2673469387755102 0.3870748299319728
0 0.6908163265306122 0.4170068027210884 0.5377551020408163 0.4170068027210884 0.5372448979591836 0.3945578231292517 0.5979591836734693 0.39387755102040817 0.5984693877551021 0.3891156462585034 0.5714285714285714 0.38843537414965984 0.5709183673469388 0.32108843537414966 0.5959183673469388 0.32040816326530613 0.5964285714285714 0.31564625850340133 0.5663265306122449 0.3149659863945578 0.5658163265306122 0.3877551020408163 0.5377551020408163 0.38843537414965984 0.5372448979591836 0.2857142857142857 0.6908163265306122 0.28503401360544217 0.6913265306122449 0.4163265306122449 0.6908163265306122 0.4170068027210884
0 0.3051020408163265 0.3870748299319728 0.27346938775510204 0.3870748299319728 0.2729591836734694 0.3442176870748299 0.3051020408163265 0.3435374149659864 0.3056122448979592 0.38639455782312926 0.3051020408163265 0.3870748299319728
0 0.33163265306122447 0.4142857142857143 0.3112244897959184 0.4142857142857143 0.3107142857142857 0.3442176870748299 0.33163265306122447 0.3435374149659864 0.33214285714285713 0.41360544217687073 0.33163265306122447 0.4142857142857143
0 0.4816326530612245 0.6142857142857143 0.39183673469387753 0.6142857142857143 0.39132653061224487 0.46258503401360546 0.49387755102040815 0.46190476190476193 0.4943877551020408 0.5727891156462585 0.4933673469387755 0.5741496598639456 0.4923469387755102 0.5768707482993197 0.4923469387755102 0.5795918367346938 0.4913265306122449 0.580952380952381 0.4903061224489796 0.5836734693877551 0.4903061224489796 0.5863945578231292 0.48928571428571427 0.5877551020408164 0.488265306122449 0.5904761904761905 0.488265306122449 0.5931972789115646 0.4872448979591837 0.5945578231292517 0.48622448979591837 0.5972789115646259 0.48622448979591837 0.601360544217687 0.48520408163265305 0.6027210884353742 0.48418367346938773 0.6054421768707483 0.48418367346938773 0.6081632653061224 0.48316326530612247 0.6095238095238096 0.48214285714285715 0.6122448979591837 0.4816326530612245 0.6142857142857143
0 0.5214285714285715 0.5761904761904761 0.5193877551020408 0.5748299319727891 0.5173469387755102 0.5748299319727891 0.5163265306122449 0.573469387755102 0.5142857142857142 0.572108843537415 0.5122448979591837 0.5707482993197279 0.5102040816326531 0.5693877551020409 0.5081632653061224 0.5693877551020409 0.5071428571428571 0.5680272108843537 0.5051020408163265 0.5666666666666667 0.503061224489796 0.5666666666666667 0.5020408163265306 0.5653061224489796 0.49948979591836734 0.563265306122449 0.49948979591836734 0.46258503401360546 0.5642857142857143 0.46190476190476193 0.564795918367347 0.563265306122449 0.5438775510204081 0.5639455782312925 0.5433673469387755 0.5741496598639456 0.5224489795918368 0.5748299319727891 0.5214285714285715 0.5761904761904761
0 0.6693877551020408 0.6714285714285714 0.6030612244897959 0.6714285714285714 0.6025510204081632 0.5768707482993197 0.5704081632653061 0.5761904761904761 0.5698979591836735 0.46258503401360546 0.6326530612244898 0.46190476190476193 0.6331632653061224 0.5768707482993197 0.6632653061224489 0.5775510204081633 0.6637755102040817 0.6272108843537415 0.6693877551020408 0.6278911564625851 0.6698979591836735 0.6707482993197279 0.6693877551020408 0.6714285714285714
0 0.6632653061224489 0.572108843537415 0.6377551020408163 0.572108843537415 0.6372448979591837 0.46258503401360546 0.6632653061224489 0.46190476190476193 0.6637755102040817 0.5714285714285714 0.6632653061224489 0.572108843537415
0 0.5214285714285715 0.6142857142857143 0.48775510204081635 0.6142857142857143 0.4872448979591837 0.6108843537414966 0.488265306122449 0.6095238095238096 0.48928571428571427 0.6068027210884354 0.48928571428571427 0.6040816326530613 0.4903061224489796 0.6027210884353742 0.4903061224489796 0.6 0.4913265306122449 0.5986394557823129 0.4923469387755102 0.5959183673469388 0.4923469387755102 0.5931972789115646 0.4933673469387755 0.5918367346938775 0.4943877551020408 0.5891156462585034 0.4943877551020408 0.5863945578231292 0.4954081632653061 0.5850340136054422 0.4954081632653061 0.582312925170068 0.49642857142857144 0.580952380952381 0.49744897959183676 0.5782312925170068 0.49744897959183676 0.5755102040816327 0.498469387755102 0.5741496598639456 0.4989795918367347 0.572108843537415 0.5010204081632653 0.573469387755102 0.503061224489796 0.5748299319727891 0.5051020408163265 0.5748299319727891 0.5061224489795918 0.5761904761904761 0.5081632653061224 0.5775510204081633 0.5102040816326531 0.5789115646258504 0.5122448979591837 0.5789115646258504 0.513265306122449 0.5802721088435374 0.5153061224489796 0.5816326530612245 0.5173469387755102 0.5816326530612245 0.5183673469387755 0.5829931972789115 0.5204081632653061 0.5843537414965987 0.5219387755102041 0.5850340136054422 0.5219387755102041 0.6136054421768707 0.5214285714285715 0.6142857142857143
0 0.5969387755102041 0.6197278911564625 0.5744897959183674 0.6197278911564625 0.5739795918367347 0.6149659863945578 0.5428571428571428 0.6142857142857143 0.5423469387755102 0.580952380952381 0.5969387755102041 0.5802721088435374 0.5974489795918367 0.6190476190476191 0.5969387755102041 0.6197278911564625
0 0.47551020408163264 0.7693877551020408 0.42244897959183675 0.7693877551020408 0.4219387755102041 0.6612244897959184 0.4173469387755102 0.6605442176870748 0.41683673469387755 0.7687074829931972 0.3877551020408163 0.7693877551020408 0.38724489795918365 0.6204081632653061 0.4826530612244898 0.6197278911564625 0.48367346938775513 0.6210884353741497 0.4857142857142857 0.6197278911564625 0.5663265306122449 0.6197278911564625 0.5668367346938775 0.6272108843537415 0.5969387755102041 0.6278911564625851 0.5974489795918367 0.6707482993197279 0.47653061224489796 0.6714285714285714 0.4760204081632653 0.7687074829931972 0.47551020408163264 0.7693877551020408
0 0.6693877551020408 0.791156462585034 0.4816326530612245 0.791156462585034 0.48112244897959183 0.6775510204081633 0.6693877551020408 0.6768707482993197 0.6698979591836735 0.7904761904761904 0.6693877551020408 0.791156462585034
0 0.46938775510204084 0.8673469387755102 0.3357142857142857 0.8673469387755102 0.3352040816326531 0.7768707482993197 0.46122448979591835 0.7761904761904762 0.461734693877551 0.8122448979591836 0.46938775510204084 0.8129251700680272 0.4698979591836735 0.8666666666666667 0.46938775510204084 0.8673469387755102