0 0.30019880715705766 0.5108024691358025 0.22813121272365805 0.5108024691358025 0.227882703777336 0.49382716049382713 0.1312127236580517 0.4935185185185185 0.13096421471172962 0.3425925925925926 0.2276341948310139 0.34228395061728395 0.227882703777336 0.32654320987654323 0.1312127236580517 0.32623456790123456 0.13096421471172962 0.15864197530864196 0.48061630218687873 0.15833333333333333 0.4808648111332008 0.3271604938271605 0.43190854870775347 0.3274691358024691 0.43141153081510936 0.32623456790123456 0.30069582504970177 0.32623456790123456 0.3004473161033797 0.5104938271604939 0.30019880715705766 0.5108024691358025
0 0.8593439363817097 0.36141975308641977 0.7778330019880716 0.36141975308641977 0.7775844930417495 0.32654320987654323 0.5248508946322068 0.32623456790123456 0.5246023856858847 0.15864197530864196 0.5253479125248509 0.15833333333333333 0.525844930417495 0.15895061728395063 0.8593439363817097 0.15895061728395063 0.8595924453280318 0.3611111111111111 0.8593439363817097 0.36141975308641977
0 0.31461232604373757 0.5515432098765433 0.30069582504970177 0.5515432098765433 0.3004473161033797 0.32654320987654323 0.371272365805169 0.32623456790123456 0.37152087475149104 0.34382716049382717 0.31510934393638174 0.3441358024691358 0.3148608349900596 0.5512345679012346 0.31461232604373757 0.5515432098765433
0 0.48061630218687873 0.7577160493827161 0.31411530815109345 0.7577160493827161 0.3138667992047714 0.6265432098765432 0.30069582504970177 0.6262345679012346 0.3004473161033797 0.5518518518518518 0.31461232604373757 0.5515432098765433 0.3148608349900596 0.34444444444444444 0.371272365805169 0.3441358024691358 0.37152087475149104 0.32654320987654323 0.43141153081510936 0.32623456790123456 0.4316600397614314 0.3432098765432099 0.48061630218687873 0.3435185185185185 0.4808648111332008 0.7574074074074074 0.48061630218687873 0.7577160493827161
0 0.76441351888668 0.49537037037037035 0.5248508946322068 0.49537037037037035 0.5246023856858847 0.3425925925925926 0.76441351888668 0.34228395061728395 0.764662027833002 0.49506172839506174 0.76441351888668 0.49537037037037035
0 0.8593439363817097 0.45092592592592595 0.7778330019880716 0.45092592592592595 0.7775844930417495 0.37777777777777777 0.8593439363817097 0.37746913580246916 0.8595924453280318 0.4506172839506173 0.8593439363817097 0.45092592592592595
0 0.8593439363817097 0.7570987654320988 0.7112326043737575 0.7570987654320988 0.7109840954274353 0.5117283950617284 0.7773359840954275 0.5114197530864197 0.7775844930417495 0.46728395061728395 0.8593439363817097 0.4669753086419753 0.8595924453280318 0.7567901234567901 0.8593439363817097 0.7570987654320988
0 0.1317097415506958 0.5108024691358025 0.13096421471172962 0.5104938271604939 0.1312127236580517 0.5095679012345679 0.1319582504970179 0.5098765432098765 0.1317097415506958 0.5108024691358025
0 0.30069582504970177 0.7577160493827161 0.24055666003976142 0.7577160493827161 0.24030815109343936 0.6462962962962963 0.1312127236580517 0.6459876543209877 0.13096421471172962 0.5111111111111111 0.1319582504970179 0.5104938271604939 0.13220675944333996 0.5095679012345679 0.2276341948310139 0.5095679012345679 0.22813121272365805 0.5108024691358025 0.30019880715705766 0.5108024691358025 0.3004473161033797 0.6259259259259259 0.3009443339960239 0.6265432098765432 0.3009443339960239 0.7574074074074074 0.30069582504970177 0.7577160493827161
0 0.6978131212723658 0.616358024691358 0.5248508946322068 0.616358024691358 0.5246023856858847 0.5117283950617284 0.6978131212723658 0.5114197530864197 0.6980616302186878 0.6160493827160494 0.6978131212723658 0.616358024691358
0 0.6978131212723658 0.7570987654320988 0.5248508946322068 0.7570987654320988 0.5246023856858847 0.6339506172839506 0.6978131212723658 0.633641975308642 0.6980616302186878 0.7567901234567901 0.6978131212723658 0.7570987654320988
0 0.2271371769383698 0.7577160493827161 0.1312127236580517 0.7577160493827161 0.13096421471172962 0.6623456790123456 0.2271371769383698 0.6620370370370371 0.22738568588469185 0.7574074074074074 0.2271371769383698 0.7577160493827161