0 0.3468013468013468 0.26274787535410765 0.14646464646464646 0.26274787535410765 0.14562289562289563 0.08781869688385269 0.3468013468013468 0.08711048158640226 0.34764309764309764 0.26203966005665724 0.3468013468013468 0.26274787535410765
0 0.5707070707070707 0.3335694050991501 0.3552188552188552 0.3335694050991501 0.3543771043771044 0.08781869688385269 0.39730639730639733 0.08711048158640226 0.39814814814814814 0.19263456090651557 0.4225589225589226 0.2131728045325779 0.42508417508417506 0.21388101983002833 0.43097643097643096 0.22025495750708216 0.4335016835016835 0.22096317280453256 0.43434343434343436 0.22308781869688385 0.43686868686868685 0.2237960339943343 0.4393939393939394 0.2273371104815864 0.44191919191919193 0.22804532577903683 0.44276094276094274 0.2301699716713881 0.51010101010101 0.2301699716713881 0.5117845117845118 0.23158640226628896 0.5757575757575758 0.23158640226628896 0.5765993265993266 0.2747875354107649 0.5387205387205387 0.2754957507082153 0.5378787878787878 0.2790368271954674 0.5707070707070707 0.2797450424929179 0.5715488215488216 0.3328611898016997 0.5707070707070707 0.3335694050991501
0 0.5707070707070707 0.22592067988668554 0.44612794612794615 0.22592067988668554 0.4444444444444444 0.22308781869688385 0.44191919191919193 0.22237960339943344 0.44107744107744107 0.22025495750708216 0.4335016835016835 0.21529745042492918 0.43265993265993263 0.2131728045325779 0.4031986531986532 0.18980169971671387 0.4031986531986532 0.08781869688385269 0.6178451178451179 0.08711048158640226 0.6186868686868687 0.20113314447592068 0.5723905723905723 0.20184135977337112 0.5715488215488216 0.22521246458923513 0.5707070707070707 0.22592067988668554
0 0.8383838383838383 0.4157223796033994 0.5791245791245792 0.4157223796033994 0.5782828282828283 0.3271954674220963 0.5959595959595959 0.3264872521246459 0.5968013468013468 0.29745042492917845 0.5791245791245792 0.29674220963172804 0.5782828282828283 0.2762039660056657 0.5765993265993266 0.2747875354107649 0.5765993265993266 0.20254957507082152 0.6178451178451179 0.20184135977337112 0.6186868686868687 0.08781869688385269 0.8383838383838383 0.08711048158640226 0.8392255892255892 0.415014164305949 0.8383838383838383 0.4157223796033994
0 0.32491582491582494 0.4157223796033994 0.14646464646464646 0.4157223796033994 0.14562289562289563 0.26912181303116145 0.3468013468013468 0.26841359773371104 0.34764309764309764 0.3328611898016997 0.3265993265993266 0.3335694050991501 0.32575757575757575 0.415014164305949 0.32491582491582494 0.4157223796033994
0 0.45791245791245794 0.4157223796033994 0.335016835016835 0.4157223796033994 0.3341750841750842 0.3413597733711048 0.45791245791245794 0.3406515580736544 0.45875420875420875 0.415014164305949 0.45791245791245794 0.4157223796033994
0 0.569023569023569 0.4157223796033994 0.4663299663299663 0.4157223796033994 0.4654882154882155 0.3413597733711048 0.569023569023569 0.3406515580736544 0.5698653198653199 0.415014164305949 0.569023569023569 0.4157223796033994
0 0.3333333333333333 0.7740793201133145 0.1414141414141414 0.7740793201133145 0.14057239057239057 0.613314447592068 0.3333333333333333 0.6126062322946175 0.3341750841750842 0.773371104815864 0.3333333333333333 0.7740793201133145
0 0.6952861952861953 0.8264872521246459 0.3434343434343434 0.8264872521246459 0.3425925925925926 0.7209631728045326 0.39057239057239057 0.7202549575070821 0.39141414141414144 0.6501416430594901 0.3897306397306397 0.6501416430594901 0.3897306397306397 0.71671388101983 0.3434343434343434 0.7174220963172805 0.3425925925925926 0.613314447592068 0.6952861952861953 0.6126062322946175 0.6961279461279462 0.8257790368271954 0.6952861952861953 0.8264872521246459
0 0.8265993265993266 0.6735127478753541 0.7037037037037037 0.6735127478753541 0.7028619528619529 0.613314447592068 0.8265993265993266 0.6126062322946175 0.8274410774410774 0.6728045325779037 0.8265993265993266 0.6735127478753541
0 0.8265993265993266 0.7415014164305949 0.7037037037037037 0.7415014164305949 0.7028619528619529 0.6798866855524079 0.8265993265993266 0.6791784702549575 0.8274410774410774 0.7407932011331445 0.8265993265993266 0.7415014164305949
0 0.8265993265993266 0.8434844192634561 0.7037037037037037 0.8434844192634561 0.7028619528619529 0.7507082152974505 0.8265993265993266 0.75 0.8274410774410774 0.8427762039660056 0.8265993265993266 0.8434844192634561
0 0.3333333333333333 0.9468838526912181 0.14309764309764308 0.9468838526912181 0.14225589225589225 0.8640226628895185 0.14057239057239057 0.8626062322946175 0.14057239057239057 0.7804532577903682 0.3333333333333333 0.7797450424929179 0.3341750841750842 0.9461756373937678 0.3333333333333333 0.9468838526912181
0 0.5185185185185185 0.9468838526912181 0.3434343434343434 0.9468838526912181 0.3425925925925926 0.8328611898016998 0.5185185185185185 0.8321529745042493 0.5193602693602694 0.9461756373937678 0.5185185185185185 0.9468838526912181
0 0.6952861952861953 0.9468838526912181 0.5269360269360269 0.9468838526912181 0.5260942760942761 0.8328611898016998 0.5656565656565656 0.8321529745042493 0.5664983164983165 0.8569405099150141 0.5841750841750841 0.8576487252124646 0.585016835016835 0.8328611898016998 0.6952861952861953 0.8321529745042493 0.6961279461279462 0.9461756373937678 0.6952861952861953 0.9468838526912181
0 0.8265993265993266 0.9468838526912181 0.7037037037037037 0.9468838526912181 0.7028619528619529 0.8541076487252125 0.8265993265993266 0.853399433427762 0.8274410774410774 0.9461756373937678 0.8265993265993266 0.9468838526912181