0 0.5387096774193548 0.6417165668662674 0.3258064516129032 0.6417165668662674 0.32560483870967744 0.42971200456230396 0.5443548387096774 0.42956943256344454 0.5445564516129032 0.5258055317935557 0.5441532258064516 0.5258055317935557 0.5441532258064516 0.5072711719418306 0.5391129032258064 0.5071285999429712 0.5389112903225807 0.6415739948674081 0.5387096774193548 0.6417165668662674
0 0.7157258064516129 0.5259481037924152 0.5447580645161291 0.5259481037924152 0.5445564516129032 0.42971200456230396 0.7157258064516129 0.42956943256344454 0.7159274193548387 0.5258055317935557 0.7157258064516129 0.5259481037924152
0 0.32056451612903225 0.6094952951240377 0.15645161290322582 0.6094952951240377 0.15625 0.4964357000285144 0.32056451612903225 0.496293128029655 0.32076612903225804 0.6093527231251782 0.32056451612903225 0.6094952951240377
0 0.7157258064516129 0.6123467351012262 0.5443548387096774 0.6123467351012262 0.5441532258064516 0.5295124037639007 0.632258064516129 0.5293698317650414 0.6324596774193548 0.5828343313373253 0.7157258064516129 0.5829769033361848 0.7159274193548387 0.6122041631023667 0.7157258064516129 0.6123467351012262
0 0.7157258064516129 0.5795551753635586 0.6375 0.5795551753635586 0.6372983870967742 0.5295124037639007 0.7157258064516129 0.5293698317650414 0.7159274193548387 0.5794126033646991 0.7157258064516129 0.5795551753635586
0 0.32056451612903225 0.6973196464214428 0.15645161290322582 0.6973196464214428 0.15625 0.6130595950955232 0.32056451612903225 0.6129170230966638 0.32076612903225804 0.6971770744225834 0.32056451612903225 0.6973196464214428
0 0.7157258064516129 0.6973196464214428 0.5443548387096774 0.6973196464214428 0.5441532258064516 0.6159110350727117 0.7157258064516129 0.6157684630738522 0.7159274193548387 0.6971770744225834 0.7157258064516129 0.6973196464214428
0 0.5387096774193548 0.6973196464214428 0.4528225806451613 0.6973196464214428 0.4526209677419355 0.6452808668377531 0.4806451612903226 0.6451382948388936 0.4808467741935484 0.6418591388651269 0.5387096774193548 0.6417165668662674 0.5389112903225807 0.6971770744225834 0.5387096774193548 0.6973196464214428
0 0.3778225806451613 0.6973196464214428 0.3258064516129032 0.6973196464214428 0.32560483870967744 0.6452808668377531 0.3778225806451613 0.6451382948388936 0.3780241935483871 0.6971770744225834 0.3778225806451613 0.6973196464214428
0 0.4475806451612903 0.6973196464214428 0.38306451612903225 0.6973196464214428 0.38286290322580646 0.6452808668377531 0.4475806451612903 0.6451382948388936 0.4477822580645161 0.6971770744225834 0.4475806451612903 0.6973196464214428
0 0.4657258064516129 0.8159395494724836 0.3270161290322581 0.8159395494724836 0.3268145161290323 0.7065868263473054 0.4657258064516129 0.7064442543484459 0.4659274193548387 0.8157969774736242 0.4657258064516129 0.8159395494724836