0 0.34076015727391873 0.44372294372294374 0.1743119266055046 0.44372294372294374 0.17365661861074705 0.14862914862914864 0.6186107470511141 0.1479076479076479 0.6192660550458715 0.43001443001443 0.5425950196592398 0.43073593073593075 0.5419397116644823 0.43722943722943725 0.3420707732634338 0.4379509379509379 0.3414154652686763 0.443001443001443 0.34076015727391873 0.44372294372294374
0 0.745740498034076 0.17243867243867245 0.6251638269986893 0.17243867243867245 0.6245085190039319 0.14862914862914864 0.745740498034076 0.1479076479076479 0.7463958060288336 0.1717171717171717 0.745740498034076 0.17243867243867245
0 0.8466579292267365 0.2417027417027417 0.7522935779816514 0.2417027417027417 0.7516382699868939 0.14862914862914864 0.8466579292267365 0.1479076479076479 0.8473132372214941 0.240981240981241 0.8466579292267365 0.2417027417027417
0 0.9685452162516383 0.5014430014430015 0.7522935779816514 0.5014430014430015 0.7516382699868939 0.24675324675324675 0.8505897771952818 0.24603174603174602 0.8512450851900393 0.14862914862914864 0.9685452162516383 0.1479076479076479 0.9692005242463958 0.5007215007215007 0.9685452162516383 0.5014430014430015
0 0.745740498034076 0.2417027417027417 0.6251638269986893 0.2417027417027417 0.6245085190039319 0.1774891774891775 0.745740498034076 0.17676767676767677 0.7463958060288336 0.240981240981241 0.745740498034076 0.2417027417027417
0 0.745740498034076 0.424963924963925 0.6251638269986893 0.424963924963925 0.6245085190039319 0.24675324675324675 0.745740498034076 0.24603174603174602 0.7463958060288336 0.42424242424242425 0.745740498034076 0.424963924963925
0 0.745740498034076 0.9184704184704184 0.63564875491481 0.9184704184704184 0.6349934469200524 0.6017316017316018 0.5425950196592398 0.601010101010101 0.5419397116644823 0.4314574314574315 0.745740498034076 0.43073593073593075 0.7463958060288336 0.9177489177489178 0.745740498034076 0.9184704184704184
0 0.5360419397116645 0.6313131313131313 0.1743119266055046 0.6313131313131313 0.17365661861074705 0.4444444444444444 0.5360419397116645 0.44372294372294374 0.536697247706422 0.6305916305916306 0.5360419397116645 0.6313131313131313
0 0.9685452162516383 0.6284271284271284 0.7798165137614679 0.6284271284271284 0.7791612057667103 0.6031746031746031 0.7522935779816514 0.6024531024531025 0.7516382699868939 0.5079365079365079 0.9685452162516383 0.5072150072150072 0.9692005242463958 0.6277056277056277 0.9685452162516383 0.6284271284271284
0 0.6290956749672346 0.6313131313131313 0.5425950196592398 0.6313131313131313 0.5419397116644823 0.6075036075036075 0.6290956749672346 0.6067821067821068 0.6297509829619922 0.6305916305916306 0.6290956749672346 0.6313131313131313
0 0.7745740498034076 0.6284271284271284 0.7522935779816514 0.6284271284271284 0.7516382699868939 0.6075036075036075 0.7745740498034076 0.6067821067821068 0.7752293577981652 0.6277056277056277 0.7745740498034076 0.6284271284271284
0 0.9685452162516383 0.9184704184704184 0.7522935779816514 0.9184704184704184 0.7516382699868939 0.6435786435786436 0.9685452162516383 0.6428571428571429 0.9692005242463958 0.9177489177489178 0.9685452162516383 0.9184704184704184