0 0.19140625 0.2941520467836257 0.1103515625 0.2941520467836257 0.10986328125 0.14502923976608187 0.19140625 0.14444444444444443 0.19189453125 0.2935672514619883 0.19140625 0.2941520467836257
0 0.2509765625 0.24035087719298245 0.197265625 0.24035087719298245 0.19677734375 0.14502923976608187 0.2509765625 0.14444444444444443 0.25146484375 0.23976608187134502 0.2509765625 0.24035087719298245
0 0.33984375 0.387719298245614 0.197265625 0.387719298245614 0.19677734375 0.24678362573099416 0.33984375 0.24619883040935672 0.34033203125 0.3871345029239766 0.33984375 0.387719298245614
0 0.513671875 0.39239766081871347 0.3447265625 0.39239766081871347 0.34423828125 0.24678362573099416 0.513671875 0.24619883040935672 0.51416015625 0.391812865497076 0.513671875 0.39239766081871347
0 0.19140625 0.387719298245614 0.1103515625 0.387719298245614 0.10986328125 0.2994152046783626 0.19140625 0.29883040935672517 0.19189453125 0.3871345029239766 0.19140625 0.387719298245614
0 0.2470703125 0.539766081871345 0.1103515625 0.539766081871345 0.10986328125 0.3929824561403509 0.2470703125 0.39239766081871347 0.24755859375 0.5391812865497077 0.2470703125 0.539766081871345
0 0.3427734375 0.6508771929824562 0.251953125 0.6508771929824562 0.25146484375 0.3929824561403509 0.3427734375 0.39239766081871347 0.34326171875 0.6502923976608187 0.3427734375 0.6508771929824562
0 0.513671875 0.6508771929824562 0.34375 0.6508771929824562 0.34326171875 0.3929824561403509 0.513671875 0.39239766081871347 0.51416015625 0.6502923976608187 0.513671875 0.6508771929824562
0 0.2470703125 0.6684210526315789 0.1103515625 0.6684210526315789 0.10986328125 0.5461988304093567 0.2470703125 0.5456140350877193 0.24755859375 0.6678362573099416 0.2470703125 0.6684210526315789
0 0.3388671875 0.795906432748538 0.251953125 0.795906432748538 0.25146484375 0.6514619883040935 0.310546875 0.6508771929824562 0.31103515625 0.6549707602339181 0.3388671875 0.6555555555555556 0.33935546875 0.7953216374269005 0.3388671875 0.795906432748538
0 0.513671875 0.795906432748538 0.3427734375 0.795906432748538 0.34228515625 0.656140350877193 0.513671875 0.6555555555555556 0.51416015625 0.7953216374269005 0.513671875 0.795906432748538
0 0.1748046875 0.7374269005847953 0.1103515625 0.7374269005847953 0.10986328125 0.6736842105263158 0.1748046875 0.6730994152046783 0.17529296875 0.7368421052631579 0.1748046875 0.7374269005847953
0 0.2470703125 0.7374269005847953 0.1796875 0.7374269005847953 0.17919921875 0.6736842105263158 0.2470703125 0.6730994152046783 0.24755859375 0.7368421052631579 0.2470703125 0.7374269005847953
0 0.2470703125 0.8976608187134503 0.1103515625 0.8976608187134503 0.10986328125 0.7426900584795322 0.2470703125 0.7421052631578947 0.24755859375 0.8970760233918129 0.2470703125 0.8976608187134503