0 0.8615384615384616 0.298314606741573 0.6115384615384616 0.298314606741573 0.6105769230769231 0.15056179775280898 0.051923076923076926 0.15 0.05096153846153846 0.015730337078651686 0.8615384615384616 0.015168539325842697 0.8625 0.29775280898876405 0.8615384615384616 0.298314606741573
0 0.5980769230769231 0.298314606741573 0.06346153846153846 0.298314606741573 0.0625 0.1550561797752809 0.5980769230769231 0.1544943820224719 0.5990384615384615 0.29775280898876405 0.5980769230769231 0.298314606741573
0 0.5384615384615384 0.5252808988764045 0.07307692307692308 0.5252808988764045 0.07211538461538461 0.3112359550561798 0.5384615384615384 0.3106741573033708 0.5394230769230769 0.5247191011235955 0.5384615384615384 0.5252808988764045
0 0.8442307692307692 0.5264044943820225 0.5538461538461539 0.5264044943820225 0.5528846153846154 0.3112359550561798 0.8442307692307692 0.3106741573033708 0.8451923076923077 0.5258426966292135 0.8442307692307692 0.5264044943820225
0 0.625 0.7578651685393258 0.4480769230769231 0.7578651685393258 0.44711538461538464 0.5258426966292135 0.5384615384615384 0.5252808988764045 0.5394230769230769 0.5337078651685393 0.625 0.5342696629213484 0.6259615384615385 0.7573033707865169 0.625 0.7578651685393258
0 0.2153846153846154 0.6342696629213483 0.07307692307692308 0.6342696629213483 0.07211538461538461 0.5325842696629214 0.2153846153846154 0.5320224719101123 0.21634615384615385 0.6337078651685393 0.2153846153846154 0.6342696629213483
0 0.4346153846153846 0.6342696629213483 0.22884615384615384 0.6342696629213483 0.22788461538461538 0.5325842696629214 0.4346153846153846 0.5320224719101123 0.4355769230769231 0.6337078651685393 0.4346153846153846 0.6342696629213483
0 0.8442307692307692 0.7938202247191011 0.6384615384615384 0.7938202247191011 0.6375 0.5348314606741573 0.8442307692307692 0.5342696629213484 0.8451923076923077 0.7932584269662921 0.8442307692307692 0.7938202247191011
0 0.4346153846153846 0.7938202247191011 0.07307692307692308 0.7938202247191011 0.07211538461538461 0.6426966292134831 0.4346153846153846 0.6421348314606742 0.4355769230769231 0.7932584269662921 0.4346153846153846 0.7938202247191011
0 0.625 0.7938202247191011 0.4480769230769231 0.7938202247191011 0.44711538461538464 0.7662921348314606 0.625 0.7657303370786517 0.6259615384615385 0.7932584269662921 0.625 0.7938202247191011
0 0.4346153846153846 0.9028089887640449 0.2923076923076923 0.9028089887640449 0.29134615384615387 0.8067415730337079 0.4346153846153846 0.8061797752808989 0.4355769230769231 0.902247191011236 0.4346153846153846 0.9028089887640449