0 0.29121475054229934 0.565136476426799 0.13882863340563992 0.565136476426799 0.13855748373101953 0.12406947890818859 0.29067245119305857 0.12344913151364764 0.29121475054229934 0.12220843672456576 0.2914859002169197 0.3337468982630273 0.28253796095444683 0.33436724565756826 0.28226681127982645 0.46029776674937967 0.29121475054229934 0.4609181141439206 0.2914859002169197 0.48759305210918114 0.2960954446854664 0.4882133995037221 0.2963665943600868 0.5583126550868487 0.2917570498915401 0.5589330024813896 0.2914859002169197 0.5645161290322581 0.29121475054229934 0.565136476426799
0 0.41268980477223427 0.40012406947890816 0.29663774403470716 0.40012406947890816 0.2963665943600868 0.1228287841191067 0.41268980477223427 0.12220843672456576 0.41296095444685466 0.39950372208436724 0.41268980477223427 0.40012406947890816
0 0.8882863340563991 0.28970223325062033 0.6849240780911063 0.28970223325062033 0.684652928416486 0.12406947890818859 0.960412147505423 0.12344913151364764 0.9606832971800434 0.19602977667493796 0.8888286334056399 0.1966501240694789 0.8885574837310195 0.2890818858560794 0.8882863340563991 0.28970223325062033
0 0.960412147505423 0.565136476426799 0.8335140997830802 0.565136476426799 0.8332429501084598 0.5558312655086849 0.8297180043383948 0.5552109181141439 0.8294468546637744 0.5645161290322581 0.6849240780911063 0.565136476426799 0.684652928416486 0.3002481389578164 0.829175704989154 0.29962779156327546 0.8294468546637744 0.47022332506203474 0.8324295010845987 0.47084367245657566 0.8327006507592191 0.3002481389578164 0.8931670281995662 0.29962779156327546 0.8934381778741866 0.20843672456575682 0.960412147505423 0.20781637717121587 0.9606832971800434 0.5645161290322581 0.960412147505423 0.565136476426799
0 0.504880694143167 0.6433002481389578 0.4197396963123644 0.6433002481389578 0.419468546637744 0.38089330024813894 0.504880694143167 0.380272952853598 0.5051518438177874 0.6426799007444168 0.504880694143167 0.6433002481389578
0 0.5845986984815619 0.4944168734491315 0.5184381778741866 0.4944168734491315 0.5181670281995662 0.4441687344913151 0.5097613882863341 0.4435483870967742 0.5094902386117137 0.38089330024813894 0.5845986984815619 0.380272952853598 0.5848698481561823 0.49379652605459057 0.5845986984815619 0.4944168734491315
0 0.6572668112798264 0.5415632754342432 0.5894793926247288 0.5415632754342432 0.5892082429501084 0.38089330024813894 0.6572668112798264 0.380272952853598 0.6575379609544468 0.5409429280397022 0.6572668112798264 0.5415632754342432
0 0.41268980477223427 0.7983870967741935 0.29663774403470716 0.7983870967741935 0.2963665943600868 0.413151364764268 0.41268980477223427 0.412531017369727 0.41296095444685466 0.7977667493796526 0.41268980477223427 0.7983870967741935
0 0.11279826464208242 0.642059553349876 0.031453362255965296 0.642059553349876 0.031182212581344904 0.47146401985111663 0.11279826464208242 0.47084367245657566 0.11306941431670282 0.641439205955335 0.11279826464208242 0.642059553349876
0 0.5845986984815619 0.6433002481389578 0.5097613882863341 0.6433002481389578 0.5094902386117137 0.5632754342431762 0.5178958785249458 0.5626550868486352 0.5181670281995662 0.5062034739454094 0.5845986984815619 0.5055831265508685 0.5848698481561823 0.6426799007444168 0.5845986984815619 0.6433002481389578
0 0.6572668112798264 0.7971464019851117 0.5894793926247288 0.7971464019851117 0.5892082429501084 0.5508684863523573 0.6572668112798264 0.5502481389578163 0.6575379609544468 0.7965260545905707 0.6572668112798264 0.7971464019851117
0 0.24674620390455532 0.7983870967741935 0.13882863340563992 0.7983870967741935 0.13855748373101953 0.5769230769230769 0.17462039045553146 0.576302729528536 0.17489154013015185 0.7196029776674938 0.17678958785249457 0.7202233250620348 0.17706073752711496 0.5769230769230769 0.24674620390455532 0.576302729528536 0.2470173535791757 0.7977667493796526 0.24674620390455532 0.7983870967741935
0 0.29121475054229934 0.6892059553349876 0.2554229934924078 0.6892059553349876 0.25515184381778744 0.5769230769230769 0.29121475054229934 0.576302729528536 0.2914859002169197 0.6885856079404467 0.29121475054229934 0.6892059553349876
0 0.829175704989154 0.7537220843672456 0.6843817787418656 0.7537220843672456 0.6841106290672451 0.5794044665012407 0.829175704989154 0.5787841191066998 0.8294468546637744 0.7531017369727047 0.829175704989154 0.7537220843672456
0 0.960412147505423 0.7537220843672456 0.8335140997830802 0.7537220843672456 0.8332429501084598 0.5794044665012407 0.960412147505423 0.5787841191066998 0.9606832971800434 0.7531017369727047 0.960412147505423 0.7537220843672456
0 0.11279826464208242 0.7971464019851117 0.031453362255965296 0.7971464019851117 0.031182212581344904 0.6488833746898263 0.11279826464208242 0.6482630272952854 0.11306941431670282 0.7965260545905707 0.11279826464208242 0.7971464019851117
0 0.46691973969631234 0.7276674937965261 0.4197396963123644 0.7276674937965261 0.419468546637744 0.6538461538461539 0.46691973969631234 0.6532258064516129 0.4671908893709328 0.7270471464019851 0.46691973969631234 0.7276674937965261
0 0.5845986984815619 0.7971464019851117 0.47234273318872017 0.7971464019851117 0.4720715835140998 0.6538461538461539 0.504880694143167 0.6532258064516129 0.5054229934924078 0.6544665012406948 0.5845986984815619 0.6544665012406948 0.5848698481561823 0.7965260545905707 0.5845986984815619 0.7971464019851117
0 0.29121475054229934 0.7983870967741935 0.25216919739696314 0.7983870967741935 0.25189804772234275 0.7009925558312655 0.29121475054229934 0.7003722084367245 0.2914859002169197 0.7977667493796526 0.29121475054229934 0.7983870967741935