0 0.651017214397496 0.34273504273504274 0.3192488262910798 0.34273504273504274 0.31846635367762127 0.0905982905982906 0.41158059467918623 0.08974358974358974 0.4154929577464789 0.08547008547008547 0.4162754303599374 0.0829059829059829 0.42018779342723006 0.08034188034188035 0.4209702660406886 0.07777777777777778 0.4491392801251956 0.04871794871794872 0.6165884194053208 0.04871794871794872 0.622848200312989 0.05555555555555555 0.6291079812206573 0.06068376068376068 0.6400625978090767 0.07094017094017094 0.6463223787167449 0.07606837606837606 0.6533646322378717 0.08205128205128205 0.6533646322378717 0.14871794871794872 0.6517996870109546 0.15042735042735042 0.6517996870109546 0.3418803418803419 0.651017214397496 0.34273504273504274
0 0.3114241001564945 0.3034188034188034 0.2190923317683881 0.3034188034188034 0.21830985915492956 0.2717948717948718 0.12050078247261346 0.2709401709401709 0.11971830985915492 0.0905982905982906 0.3114241001564945 0.08974358974358974 0.31220657276995306 0.30256410256410254 0.3114241001564945 0.3034188034188034
0 0.8826291079812206 0.34273504273504274 0.6525821596244131 0.34273504273504274 0.6517996870109546 0.15042735042735042 0.8873239436619719 0.14957264957264957 0.8881064162754304 0.26324786324786326 0.8841940532081377 0.2641025641025641 0.8834115805946792 0.3418803418803419 0.8826291079812206 0.34273504273504274
0 0.2112676056338028 0.3803418803418803 0.12050078247261346 0.3803418803418803 0.11971830985915492 0.27863247863247864 0.2112676056338028 0.2777777777777778 0.21205007824726135 0.37948717948717947 0.2112676056338028 0.3803418803418803
0 0.3114241001564945 0.3803418803418803 0.2190923317683881 0.3803418803418803 0.21830985915492956 0.3094017094017094 0.3114241001564945 0.30854700854700856 0.31220657276995306 0.37948717948717947 0.3114241001564945 0.3803418803418803
0 0.4616588419405321 0.647008547008547 0.4131455399061033 0.647008547008547 0.37715179968701096 0.6076923076923076 0.3192488262910798 0.6076923076923076 0.31846635367762127 0.3435897435897436 0.5665101721439749 0.34273504273504274 0.5672926447574335 0.40854700854700854 0.5618153364632238 0.4094017094017094 0.5610328638497653 0.6068376068376068 0.49765258215962443 0.6076923076923076 0.4616588419405321 0.647008547008547
0 0.6541471048513302 0.5307692307692308 0.568075117370892 0.5307692307692308 0.5672926447574335 0.3435897435897436 0.6541471048513302 0.34273504273504274 0.6549295774647887 0.3487179487179487 0.6838810641627543 0.34957264957264955 0.6846635367762128 0.46495726495726497 0.6557120500782473 0.4658119658119658 0.6549295774647887 0.5299145299145299 0.6541471048513302 0.5307692307692308
0 0.8356807511737089 0.5085470085470085 0.7433489827856025 0.5085470085470085 0.7425665101721439 0.4735042735042735 0.7715179968701096 0.47264957264957264 0.7723004694835681 0.4666666666666667 0.6901408450704225 0.4658119658119658 0.689358372456964 0.3504273504273504 0.8826291079812206 0.34957264957264955 0.8834115805946792 0.37948717948717947 0.837245696400626 0.3803418803418803 0.8364632237871674 0.5076923076923077 0.8356807511737089 0.5085470085470085
0 0.3114241001564945 0.6076923076923076 0.12050078247261346 0.6076923076923076 0.11971830985915492 0.38632478632478634 0.3114241001564945 0.3854700854700855 0.31220657276995306 0.6068376068376068 0.3114241001564945 0.6076923076923076
0 0.945226917057903 0.5085470085470085 0.8435054773082942 0.5085470085470085 0.8427230046948356 0.38803418803418804 0.945226917057903 0.3871794871794872 0.9460093896713615 0.5076923076923077 0.945226917057903 0.5085470085470085
0 0.7370892018779343 0.6076923076923076 0.6604068857589984 0.6076923076923076 0.6596244131455399 0.4735042735042735 0.7370892018779343 0.47264957264957264 0.7378716744913928 0.6068376068376068 0.7370892018779343 0.6076923076923076
0 0.94679186228482 0.8658119658119658 0.7496087636932708 0.8658119658119658 0.7488262910798122 0.5213675213675214 0.94679186228482 0.5205128205128206 0.9475743348982786 0.864957264957265 0.94679186228482 0.8658119658119658
0 0.6541471048513302 0.6076923076923076 0.568075117370892 0.6076923076923076 0.5672926447574335 0.5367521367521367 0.6541471048513302 0.5358974358974359 0.6549295774647887 0.6068376068376068 0.6541471048513302 0.6076923076923076
0 0.7480438184663537 0.8658119658119658 0.6651017214397497 0.8658119658119658 0.6643192488262911 0.6205128205128205 0.7480438184663537 0.6196581196581197 0.7488262910798122 0.864957264957265 0.7480438184663537 0.8658119658119658