0 0.2029520295202952 0.2349768875192604 0.07134071340713408 0.2349768875192604 0.07072570725707257 0.11556240369799692 0.2029520295202952 0.1147919876733436 0.2035670356703567 0.23420647149460708 0.2029520295202952 0.2349768875192604
0 0.3591635916359164 0.4399075500770416 0.2091020910209102 0.4399075500770416 0.20848708487084872 0.11556240369799692 0.3591635916359164 0.1147919876733436 0.35977859778597787 0.4391371340523883 0.3591635916359164 0.4399075500770416
0 0.5953259532595326 0.4491525423728814 0.5153751537515375 0.4491525423728814 0.514760147601476 0.4406779661016949 0.3677736777367774 0.4399075500770416 0.3671586715867159 0.11556240369799692 0.6863468634686347 0.1147919876733436 0.6869618696186962 0.4406779661016949 0.5965559655596556 0.44144838212634824 0.5959409594095941 0.44838212634822805 0.5953259532595326 0.4491525423728814
0 0.7687576875768758 0.44144838212634824 0.6924969249692496 0.44144838212634824 0.6918819188191881 0.11556240369799692 0.9618696186961869 0.1147919876733436 0.9624846248462484 0.41910631741140214 0.7699876998769988 0.41987673343605547 0.7693726937269373 0.4406779661016949 0.7687576875768758 0.44144838212634824
0 0.2029520295202952 0.4399075500770416 0.07134071340713408 0.4399075500770416 0.07072570725707257 0.24499229583975346 0.2029520295202952 0.24422187981510016 0.2035670356703567 0.4391371340523883 0.2029520295202952 0.4399075500770416
0 0.9618696186961869 0.7927580893682589 0.7749077490774908 0.7927580893682589 0.7742927429274292 0.4268104776579353 0.9618696186961869 0.42604006163328195 0.9624846248462484 0.7919876733436055 0.9618696186961869 0.7927580893682589
0 0.1931119311193112 0.7927580893682589 0.07134071340713408 0.7927580893682589 0.07072570725707257 0.551617873651772 0.11439114391143912 0.5508474576271186 0.11500615006150061 0.5439137134052389 0.07134071340713408 0.5431432973805855 0.07072570725707257 0.44838212634822805 0.1931119311193112 0.4476117103235747 0.1937269372693727 0.7919876733436055 0.1931119311193112 0.7927580893682589
0 0.5079950799507995 0.7927580893682589 0.2004920049200492 0.7927580893682589 0.1998769987699877 0.44838212634822805 0.5079950799507995 0.4476117103235747 0.508610086100861 0.7919876733436055 0.5079950799507995 0.7927580893682589
0 0.7687576875768758 0.4491525423728814 0.6875768757687577 0.4491525423728814 0.6875768757687577 0.4476117103235747 0.7687576875768758 0.4476117103235747 0.7687576875768758 0.4491525423728814
0 0.6519065190651907 0.6756548536209553 0.5153751537515375 0.6756548536209553 0.514760147601476 0.44992295839753466 0.7687576875768758 0.4491525423728814 0.7693726937269373 0.5439137134052389 0.6531365313653137 0.5446841294298922 0.6525215252152522 0.674884437596302 0.6519065190651907 0.6756548536209553
0 0.7687576875768758 0.6571648690292758 0.6580565805658056 0.6571648690292758 0.6574415744157441 0.551617873651772 0.7687576875768758 0.5508474576271186 0.7693726937269373 0.6563944530046225 0.7687576875768758 0.6571648690292758
0 0.7687576875768758 0.7927580893682589 0.6580565805658056 0.7927580893682589 0.6574415744157441 0.6656394453004623 0.7687576875768758 0.6648690292758089 0.7693726937269373 0.7919876733436055 0.7687576875768758 0.7927580893682589
0 0.6519065190651907 0.7927580893682589 0.5153751537515375 0.7927580893682589 0.514760147601476 0.6825885978428351 0.6519065190651907 0.6818181818181818 0.6525215252152522 0.7919876733436055 0.6519065190651907 0.7927580893682589