0 0.6910714285714286 0.44257950530035334 0.5339285714285714 0.44257950530035334 0.5330357142857143 0.1855123674911661 0.6910714285714286 0.18462897526501768 0.6919642857142857 0.4416961130742049 0.6910714285714286 0.44257950530035334
0 0.8785714285714286 0.3401060070671378 0.7 0.3401060070671378 0.6991071428571428 0.1855123674911661 0.8785714285714286 0.18462897526501768 0.8794642857142857 0.3392226148409894 0.8785714285714286 0.3401060070671378
0 0.4392857142857143 0.5697879858657244 0.3142857142857143 0.5697879858657244 0.31339285714285714 0.41519434628975266 0.11785714285714285 0.41431095406360424 0.11696428571428572 0.1872791519434629 0.4607142857142857 0.18639575971731448 0.4616071428571429 0.5618374558303887 0.44107142857142856 0.5627208480565371 0.4401785714285714 0.568904593639576 0.4392857142857143 0.5697879858657244
0 0.7839285714285714 0.5397526501766784 0.7 0.5397526501766784 0.6991071428571428 0.3480565371024735 0.7839285714285714 0.3471731448763251 0.7848214285714286 0.45229681978798586 0.7571428571428571 0.4531802120141343 0.75625 0.4575971731448763 0.7839285714285714 0.4584805653710247 0.7848214285714286 0.5388692579505301 0.7839285714285714 0.5397526501766784
0 0.8785714285714286 0.4531802120141343 0.7946428571428571 0.4531802120141343 0.79375 0.3480565371024735 0.8785714285714286 0.3471731448763251 0.8794642857142857 0.45229681978798586 0.8785714285714286 0.4531802120141343
0 0.3053571428571429 0.651060070671378 0.11785714285714285 0.651060070671378 0.11696428571428572 0.4204946996466431 0.3053571428571429 0.4196113074204947 0.30625 0.6501766784452296 0.3053571428571429 0.651060070671378
0 0.6910714285714286 0.6492932862190812 0.5339285714285714 0.6492932862190812 0.5330357142857143 0.450530035335689 0.6910714285714286 0.4496466431095406 0.6919642857142857 0.6484098939929329 0.6910714285714286 0.6492932862190812
0 0.8785714285714286 0.5256183745583038 0.7946428571428571 0.5256183745583038 0.79375 0.45936395759717313 0.8785714285714286 0.4584805653710247 0.8794642857142857 0.5247349823321554 0.8785714285714286 0.5256183745583038
0 0.8785714285714286 0.6492932862190812 0.7946428571428571 0.6492932862190812 0.79375 0.5300353356890459 0.8785714285714286 0.5291519434628975 0.8794642857142857 0.6484098939929329 0.8785714285714286 0.6492932862190812
0 0.7839285714285714 0.6492932862190812 0.7 0.6492932862190812 0.6991071428571428 0.5459363957597173 0.7839285714285714 0.5450530035335689 0.7848214285714286 0.6484098939929329 0.7839285714285714 0.6492932862190812
0 0.36964285714285716 0.651060070671378 0.3142857142857143 0.651060070671378 0.31339285714285714 0.5777385159010601 0.36964285714285716 0.5768551236749117 0.3705357142857143 0.6501766784452296 0.36964285714285716 0.651060070671378
0 0.4607142857142857 0.651060070671378 0.3767857142857143 0.651060070671378 0.37589285714285714 0.5777385159010601 0.4607142857142857 0.5768551236749117 0.4616071428571429 0.6501766784452296 0.4607142857142857 0.651060070671378
0 0.46785714285714286 0.9337455830388692 0.3767857142857143 0.9337455830388692 0.37589285714285714 0.7597173144876325 0.46785714285714286 0.758833922261484 0.46875 0.9328621908127208 0.46785714285714286 0.9337455830388692