0 0.9343629343629344 0.46334012219959264 0.7111969111969112 0.46334012219959264 0.7108108108108108 0.4093686354378819 0.7088803088803088 0.40835030549898166 0.7081081081081081 0.4103869653767821 0.6092664092664093 0.4103869653767821 0.6088803088803089 0.059063136456211814 0.7088803088803088 0.05804480651731161 0.7092664092664093 0.23014256619144602 0.7915057915057915 0.23116089613034624 0.7918918918918919 0.059063136456211814 0.9343629343629344 0.05804480651731161 0.9347490347490347 0.4623217922606925 0.9343629343629344 0.46334012219959264
0 0.7884169884169884 0.2230142566191446 0.7127413127413127 0.2230142566191446 0.7123552123552124 0.059063136456211814 0.7884169884169884 0.05804480651731161 0.7888030888030888 0.2219959266802444 0.7884169884169884 0.2230142566191446
0 0.17297297297297298 0.16395112016293278 0.07644787644787644 0.16395112016293278 0.07606177606177607 0.06517311608961303 0.17297297297297298 0.06415478615071284 0.17335907335907336 0.1629327902240326 0.17297297297297298 0.16395112016293278
0 0.2525096525096525 0.7138492871690427 0.15289575289575288 0.7138492871690427 0.1525096525096525 0.5498981670061099 0.19845559845559846 0.5488798370672098 0.19884169884169883 0.3645621181262729 0.17683397683397684 0.3635437881873727 0.17644787644787646 0.2219959266802444 0.21698841698841698 0.2209775967413442 0.21737451737451738 0.15885947046843177 0.2138996138996139 0.15784114052953158 0.21351351351351353 0.20977596741344195 0.17683397683397684 0.21079429735234215 0.17644787644787646 0.06517311608961303 0.2525096525096525 0.06415478615071284 0.2528957528957529 0.7128309572301426 0.2525096525096525 0.7138492871690427
0 0.39845559845559847 0.4409368635437882 0.2579150579150579 0.4409368635437882 0.25752895752895755 0.06517311608961303 0.39845559845559847 0.06415478615071284 0.39884169884169884 0.439918533604888 0.39845559845559847 0.4409368635437882
0 0.17297297297297298 0.3635437881873727 0.07644787644787644 0.3635437881873727 0.07606177606177607 0.17311608961303462 0.17297297297297298 0.17209775967413443 0.17335907335907336 0.3625254582484725 0.17297297297297298 0.3635437881873727
0 0.14826254826254825 0.5386965376782077 0.07644787644787644 0.5386965376782077 0.07606177606177607 0.3727087576374745 0.14826254826254825 0.37169042769857435 0.14864864864864866 0.5376782077393075 0.14826254826254825 0.5386965376782077
0 0.19536679536679535 0.5386965376782077 0.16061776061776062 0.5386965376782077 0.16023166023166024 0.5193482688391039 0.15289575289575288 0.5183299389002036 0.1525096525096525 0.3727087576374745 0.19536679536679535 0.37169042769857435 0.19575289575289576 0.5376782077393075 0.19536679536679535 0.5386965376782077
0 0.7081081081081081 0.7281059063136456 0.6092664092664093 0.7281059063136456 0.6088803088803089 0.41140529531568226 0.7081081081081081 0.4103869653767821 0.7084942084942085 0.7270875763747454 0.7081081081081081 0.7281059063136456
0 0.39845559845559847 0.7138492871690427 0.2702702702702703 0.7138492871690427 0.2698841698841699 0.6680244399185336 0.2579150579150579 0.6670061099796334 0.25752895752895755 0.45213849287169044 0.39845559845559847 0.4511201629327902 0.39884169884169884 0.7128309572301426 0.39845559845559847 0.7138492871690427
0 0.7768339768339768 0.7281059063136456 0.7111969111969112 0.7281059063136456 0.7108108108108108 0.4725050916496945 0.7884169884169884 0.4714867617107943 0.7888030888030888 0.6232179226069247 0.7776061776061776 0.6242362525458248 0.7772200772200772 0.7270875763747454 0.7768339768339768 0.7281059063136456
0 0.9343629343629344 0.7281059063136456 0.7930501930501931 0.7281059063136456 0.7926640926640927 0.4725050916496945 0.9343629343629344 0.4714867617107943 0.9347490347490347 0.7270875763747454 0.9343629343629344 0.7281059063136456
0 0.14826254826254825 0.7138492871690427 0.07644787644787644 0.7138492871690427 0.07606177606177607 0.5498981670061099 0.14826254826254825 0.5488798370672098 0.14864864864864866 0.7128309572301426 0.14826254826254825 0.7138492871690427