0 0.6788685524126455 0.3911960132890365 0.6148086522462562 0.3911960132890365 0.6143926788685524 0.14285714285714285 0.7046589018302829 0.1420265780730897 0.7050748752079867 0.1777408637873754 0.7096505823627288 0.17857142857142858 0.7100665557404326 0.23920265780730898 0.7054908485856906 0.24003322259136212 0.7050748752079867 0.3554817275747508 0.6797004991680532 0.35631229235880396 0.6792845257903494 0.3903654485049834 0.6788685524126455 0.3911960132890365
0 0.8519134775374376 0.42441860465116277 0.7853577371048253 0.42441860465116277 0.7849417637271214 0.3920265780730897 0.7104825291181365 0.3911960132890365 0.7100665557404326 0.14285714285714285 0.7778702163061564 0.1420265780730897 0.7782861896838602 0.19435215946843853 0.9550748752079867 0.1951827242524917 0.9554908485856906 0.4152823920265781 0.8527454242928453 0.4161129568106312 0.8523294509151415 0.42358803986710963 0.8519134775374376 0.42441860465116277
0 0.2237936772046589 0.33970099667774084 0.13643926788685523 0.33970099667774084 0.1360232945091514 0.15282392026578073 0.21713810316139767 0.15199335548172757 0.2175540765391015 0.2009966777408638 0.2237936772046589 0.20182724252491693 0.22420965058236272 0.3388704318936877 0.2237936772046589 0.33970099667774084
0 0.2978369384359401 0.41777408637873753 0.22961730449251247 0.41777408637873753 0.22920133111480864 0.2026578073089701 0.2978369384359401 0.20182724252491693 0.29825291181364394 0.4169435215946844 0.2978369384359401 0.41777408637873753
0 0.37104825291181365 0.32475083056478404 0.3036605657237937 0.32475083056478404 0.30324459234608986 0.2026578073089701 0.37104825291181365 0.20182724252491693 0.3714642262895175 0.3239202657807309 0.37104825291181365 0.32475083056478404
0 0.4700499168053245 0.4526578073089701 0.3793677204658902 0.4526578073089701 0.37895174708818635 0.2026578073089701 0.4700499168053245 0.20182724252491693 0.4704658901830283 0.45182724252491696 0.4700499168053245 0.4526578073089701
0 0.3752079866888519 0.4526578073089701 0.3036605657237937 0.4526578073089701 0.30324459234608986 0.33554817275747506 0.3752079866888519 0.3347176079734219 0.37562396006655574 0.45182724252491696 0.3752079866888519 0.4526578073089701
0 0.2237936772046589 0.5274086378737541 0.13643926788685523 0.5274086378737541 0.1360232945091514 0.3488372093023256 0.2237936772046589 0.3480066445182724 0.22420965058236272 0.526578073089701 0.2237936772046589 0.5274086378737541
0 0.7046589018302829 0.48421926910299 0.6148086522462562 0.48421926910299 0.6143926788685524 0.4019933554817276 0.6788685524126455 0.4011627906976744 0.6792845257903494 0.43521594684385384 0.6813643926788685 0.436046511627907 0.6817803660565723 0.3588039867109635 0.7046589018302829 0.3579734219269103 0.7050748752079867 0.4833887043189369 0.7046589018302829 0.48421926910299
0 0.7778702163061564 0.6852159468438538 0.7104825291181365 0.6852159468438538 0.7100665557404326 0.3920265780730897 0.7845257903494176 0.3911960132890365 0.7849417637271214 0.42358803986710963 0.8901830282861897 0.42441860465116277 0.8905990016638935 0.5365448504983389 0.778702163061564 0.5373754152823921 0.7782861896838602 0.6843853820598007 0.7778702163061564 0.6852159468438538
0 0.9550748752079867 0.5373754152823921 0.8935108153078203 0.5373754152823921 0.8930948419301165 0.42524916943521596 0.9550748752079867 0.42441860465116277 0.9554908485856906 0.5365448504983389 0.9550748752079867 0.5373754152823921
0 0.2961730449251248 0.6852159468438538 0.26622296173044924 0.6852159468438538 0.2658069883527454 0.5348837209302325 0.22961730449251247 0.5340531561461794 0.22920133111480864 0.4269102990033223 0.2978369384359401 0.4260797342192691 0.29825291181364394 0.46179401993355484 0.40931780366056575 0.462624584717608 0.4097337770382696 0.5332225913621262 0.29700499168053246 0.5340531561461794 0.29658901830282863 0.6843853820598007 0.2961730449251248 0.6852159468438538
0 0.4700499168053245 0.5340531561461794 0.4176372712146423 0.5340531561461794 0.41722129783693845 0.4684385382059801 0.4700499168053245 0.4676079734219269 0.4704658901830283 0.5332225913621262 0.4700499168053245 0.5340531561461794
0 0.7046589018302829 0.7616279069767442 0.6148086522462562 0.7616279069767442 0.6143926788685524 0.4883720930232558 0.7046589018302829 0.48754152823920266 0.7050748752079867 0.760797342192691 0.7046589018302829 0.7616279069767442
0 0.6023294509151415 0.8280730897009967 0.5124792013311148 0.8280730897009967 0.512063227953411 0.5299003322259136 0.6064891846921797 0.5290697674418605 0.6069051580698835 0.760797342192691 0.6031613976705491 0.7616279069767442 0.6027454242928453 0.8272425249169435 0.6023294509151415 0.8280730897009967
0 0.26039933444259566 0.6852159468438538 0.20632279534109818 0.6852159468438538 0.20590682196339435 0.5448504983388704 0.26039933444259566 0.5440199335548173 0.2608153078202995 0.6843853820598007 0.26039933444259566 0.6852159468438538
0 0.8618968386023295 0.7616279069767442 0.78369384359401 0.7616279069767442 0.7832778702163061 0.5448504983388704 0.8618968386023295 0.5440199335548173 0.8623128119800333 0.760797342192691 0.8618968386023295 0.7616279069767442
0 0.9550748752079867 0.7616279069767442 0.8660565723793677 0.7616279069767442 0.8656405990016639 0.5448504983388704 0.9550748752079867 0.5440199335548173 0.9554908485856906 0.760797342192691 0.9550748752079867 0.7616279069767442
0 0.20549084858569053 0.7616279069767442 0.13643926788685523 0.7616279069767442 0.1360232945091514 0.5481727574750831 0.20549084858569053 0.5473421926910299 0.20590682196339435 0.760797342192691 0.20549084858569053 0.7616279069767442
0 0.47420965058236275 0.7616279069767442 0.20632279534109818 0.7616279069767442 0.20590682196339435 0.7059800664451827 0.30615640599001664 0.7051495016611296 0.30657237936772047 0.5548172757475083 0.47420965058236275 0.5539867109634552 0.4746256239600666 0.760797342192691 0.47420965058236275 0.7616279069767442
0 0.7778702163061564 0.7616279069767442 0.7104825291181365 0.7616279069767442 0.7100665557404326 0.6960132890365448 0.7778702163061564 0.6951827242524917 0.7782861896838602 0.760797342192691 0.7778702163061564 0.7616279069767442