0 0.29405405405405405 0.20228310502283106 0.12432432432432433 0.20228310502283106 0.12378378378378378 0.06575342465753424 0.3481081081081081 0.06529680365296804 0.34864864864864864 0.16712328767123288 0.3232432432432432 0.16757990867579908 0.3227027027027027 0.1771689497716895 0.2951351351351351 0.1776255707762557 0.2945945945945946 0.20182648401826483 0.29405405405405405 0.20228310502283106
0 0.6129729729729729 0.2278538812785388 0.48864864864864865 0.2278538812785388 0.4881081081081081 0.2091324200913242 0.3491891891891892 0.20867579908675798 0.3491891891891892 0.20776255707762556 0.3881081081081081 0.20776255707762556 0.3886486486486487 0.20273972602739726 0.35027027027027025 0.20228310502283106 0.3497297297297297 0.1680365296803653 0.34864864864864864 0.16712328767123288 0.34864864864864864 0.06575342465753424 0.6129729729729729 0.06529680365296804 0.6135135135135135 0.2273972602739726 0.6129729729729729 0.2278538812785388
0 0.932972972972973 0.3867579908675799 0.6281081081081081 0.3867579908675799 0.6275675675675676 0.18082191780821918 0.774054054054054 0.18036529680365296 0.7745945945945946 0.20639269406392693 0.7718918918918919 0.20684931506849316 0.7713513513513514 0.21643835616438356 0.8497297297297297 0.21689497716894976 0.8502702702702702 0.20730593607305936 0.8454054054054054 0.20684931506849316 0.8448648648648649 0.17990867579908676 0.932972972972973 0.17945205479452056 0.9335135135135135 0.3863013698630137 0.932972972972973 0.3867579908675799
0 0.2724324324324324 0.3776255707762557 0.12432432432432433 0.3776255707762557 0.12378378378378378 0.20821917808219179 0.2724324324324324 0.20776255707762556 0.27297297297297296 0.3771689497716895 0.2724324324324324 0.3776255707762557
0 0.3481081081081081 0.20867579908675798 0.2789189189189189 0.20867579908675798 0.2789189189189189 0.20776255707762556 0.3481081081081081 0.20776255707762556 0.3481081081081081 0.20867579908675798
0 0.4875675675675676 0.3776255707762557 0.3675675675675676 0.3776255707762557 0.36702702702702705 0.32511415525114157 0.35135135135135137 0.31187214611872144 0.3497297297297297 0.31141552511415527 0.3491891891891892 0.31004566210045664 0.3464864864864865 0.308675799086758 0.34594594594594597 0.30730593607305934 0.34324324324324323 0.3059360730593607 0.3427027027027027 0.3045662100456621 0.34 0.30319634703196346 0.33945945945945943 0.30182648401826484 0.33783783783783783 0.3013698630136986 0.3362162162162162 0.2990867579908676 0.31891891891891894 0.2853881278538813 0.2789189189189189 0.2853881278538813 0.27837837837837837 0.2091324200913242 0.4875675675675676 0.20867579908675798 0.4881081081081081 0.3771689497716895 0.4875675675675676 0.3776255707762557
0 0.6129729729729729 0.3776255707762557 0.49405405405405406 0.3776255707762557 0.4935135135135135 0.2328767123287671 0.6129729729729729 0.2324200913242009 0.6135135135135135 0.3771689497716895 0.6129729729729729 0.3776255707762557
0 0.36108108108108106 0.3776255707762557 0.2789189189189189 0.3776255707762557 0.27837837837837837 0.291324200913242 0.31675675675675674 0.2908675799086758 0.32972972972972975 0.30182648401826484 0.33135135135135135 0.30228310502283107 0.33297297297297296 0.3045662100456621 0.3345945945945946 0.3050228310502283 0.3362162162162162 0.30730593607305934 0.33783783783783783 0.30776255707762556 0.33837837837837836 0.3091324200913242 0.36 0.3264840182648402 0.36162162162162165 0.3269406392694064 0.36162162162162165 0.3771689497716895 0.36108108108108106 0.3776255707762557
0 0.3124324324324324 0.6698630136986301 0.1264864864864865 0.6698630136986301 0.12594594594594594 0.5570776255707762 0.3124324324324324 0.55662100456621 0.312972972972973 0.6694063926940639 0.3124324324324324 0.6698630136986301
0 0.44972972972972974 0.7228310502283105 0.38594594594594595 0.7228310502283105 0.3848648648648649 0.7210045662100457 0.32216216216216215 0.7210045662100457 0.3216216216216216 0.6949771689497717 0.34702702702702704 0.6945205479452055 0.34756756756756757 0.6602739726027397 0.32216216216216215 0.6598173515981736 0.3216216216216216 0.6547945205479452 0.31945945945945947 0.6538812785388128 0.31945945945945947 0.6155251141552511 0.3216216216216216 0.6146118721461187 0.3216216216216216 0.5570776255707762 0.6054054054054054 0.55662100456621 0.605945945945946 0.7205479452054795 0.4508108108108108 0.7210045662100457 0.44972972972972974 0.7228310502283105
0 0.3372972972972973 0.7867579908675799 0.1264864864864865 0.7867579908675799 0.12594594594594594 0.6767123287671233 0.3124324324324324 0.6762557077625571 0.312972972972973 0.7278538812785388 0.3372972972972973 0.728310502283105 0.33783783783783783 0.7863013698630137 0.3372972972972973 0.7867579908675799
0 0.7924324324324324 0.8671232876712329 0.6151351351351352 0.8671232876712329 0.6145945945945946 0.6785388127853881 0.7567567567567568 0.678082191780822 0.7572972972972973 0.7205479452054795 0.7924324324324324 0.7210045662100457 0.792972972972973 0.8666666666666667 0.7924324324324324 0.8671232876712329
0 0.4810810810810811 0.8680365296803653 0.34378378378378377 0.8680365296803653 0.34324324324324323 0.7287671232876712 0.4810810810810811 0.728310502283105 0.48162162162162164 0.867579908675799 0.4810810810810811 0.8680365296803653
0 0.6054054054054054 0.8680365296803653 0.4908108108108108 0.8680365296803653 0.49027027027027026 0.7689497716894977 0.4881081081081081 0.7680365296803653 0.4881081081081081 0.7287671232876712 0.6054054054054054 0.728310502283105 0.605945945945946 0.867579908675799 0.6054054054054054 0.8680365296803653
0 0.24324324324324326 0.8634703196347032 0.13297297297297297 0.8634703196347032 0.13243243243243244 0.7908675799086758 0.24324324324324326 0.7904109589041096 0.2437837837837838 0.863013698630137 0.24324324324324326 0.8634703196347032
0 0.3372972972972973 0.8680365296803653 0.24972972972972973 0.8680365296803653 0.2491891891891892 0.7908675799086758 0.3372972972972973 0.7904109589041096 0.33783783783783783 0.867579908675799 0.3372972972972973 0.8680365296803653