0 0.283987915407855 0.1872641509433962 0.08056394763343404 0.1872641509433962 0.08006042296072508 0.016037735849056604 0.3393756294058409 0.015566037735849057 0.33987915407854985 0.13584905660377358 0.3323262839879154 0.1419811320754717 0.33081570996978854 0.14245283018867924 0.3293051359516616 0.14481132075471698 0.32779456193353473 0.14528301886792452 0.32628398791540786 0.14764150943396226 0.324773413897281 0.1481132075471698 0.32326283987915405 0.15047169811320754 0.3217522658610272 0.1509433962264151 0.3202416918429003 0.15330188679245282 0.3187311178247734 0.15377358490566037 0.31722054380664655 0.1561320754716981 0.3157099697885196 0.15660377358490565 0.31419939577039274 0.1589622641509434 0.31268882175226587 0.15943396226415094 0.29204431017119836 0.17971698113207546 0.2905337361530715 0.180188679245283 0.2890231621349446 0.18254716981132074 0.28751258811681774 0.1830188679245283 0.28600201409869086 0.18537735849056602 0.28449144008056393 0.18584905660377357 0.283987915407855 0.1872641509433962
0 0.4914400805639476 0.23632075471698114 0.3413897280966767 0.23632075471698114 0.3393756294058409 0.23443396226415095 0.337865055387714 0.2339622641509434 0.3363544813695871 0.23160377358490566 0.33484390735146025 0.23113207547169812 0.3333333333333333 0.22877358490566038 0.3293051359516616 0.2259433962264151 0.32779456193353473 0.22547169811320755 0.32628398791540786 0.22311320754716982 0.324773413897281 0.22264150943396227 0.32326283987915405 0.22028301886792453 0.3217522658610272 0.219811320754717 0.32124874118831825 0.21839622641509435 0.31017119838872104 0.2089622641509434 0.2990936555891239 0.19952830188679246 0.297583081570997 0.19905660377358492 0.29607250755287007 0.19669811320754718 0.2945619335347432 0.19622641509433963 0.2930513595166163 0.1938679245283019 0.2895266868076536 0.19150943396226416 0.31822759315206445 0.16556603773584905 0.324773413897281 0.16037735849056603 0.3252769385699899 0.1589622641509434 0.32779456193353473 0.15754716981132075 0.3282980866062437 0.1561320754716981 0.33081570996978854 0.15471698113207547 0.33131923464249746 0.15330188679245282 0.3469284994964753 0.13962264150943396 0.3469284994964753 0.016037735849056604 0.4914400805639476 0.015566037735849057 0.4919436052366566 0.12641509433962264 0.4229607250755287 0.1268867924528302 0.42245720040281975 0.15943396226415094 0.4269889224572004 0.15990566037735848 0.42749244712990936 0.1311320754716981 0.4914400805639476 0.13066037735849056 0.4919436052366566 0.2358490566037736 0.4914400805639476 0.23632075471698114
0 0.7623363544813696 0.23632075471698114 0.499496475327291 0.23632075471698114 0.4989929506545821 0.016037735849056604 0.7623363544813696 0.015566037735849057 0.7628398791540786 0.2358490566037736 0.7623363544813696 0.23632075471698114
0 0.324269889224572 0.3740566037735849 0.08056394763343404 0.3740566037735849 0.08006042296072508 0.19433962264150945 0.2799597180261833 0.1938679245283019 0.2814702920443102 0.19528301886792454 0.28197381671701915 0.19669811320754718 0.28449144008056393 0.19811320754716982 0.2849949647532729 0.19952830188679246 0.28751258811681774 0.2009433962264151 0.2880161127895267 0.20235849056603775 0.2930513595166163 0.20613207547169812 0.2945619335347432 0.20660377358490567 0.29607250755287007 0.2089622641509434 0.30513595166163143 0.21650943396226416 0.31319234642497484 0.22311320754716982 0.3157099697885196 0.22452830188679246 0.3162134944612286 0.2259433962264151 0.3187311178247734 0.22735849056603774 0.3192346424974824 0.22877358490566038 0.32326283987915405 0.23160377358490566 0.324773413897281 0.2320754716981132 0.32628398791540786 0.23443396226415095 0.32779456193353473 0.2349056603773585 0.3293051359516616 0.23726415094339623 0.338368580060423 0.24481132075471698 0.3403826787512588 0.24481132075471698 0.34088620342396775 0.330188679245283 0.3252769385699899 0.3306603773584906 0.324773413897281 0.37358490566037733 0.324269889224572 0.3740566037735849
0 0.7623363544813696 0.3740566037735849 0.675730110775428 0.3740566037735849 0.675226586102719 0.24433962264150944 0.7623363544813696 0.2438679245283019 0.7628398791540786 0.37358490566037733 0.7623363544813696 0.3740566037735849
0 0.5417925478348439 0.3740566037735849 0.34944612286002014 0.3740566037735849 0.34894259818731116 0.24528301886792453 0.5417925478348439 0.24481132075471698 0.5422960725075529 0.37358490566037733 0.5417925478348439 0.3740566037735849
0 0.6646525679758308 0.37028301886792453 0.5518630412890232 0.37028301886792453 0.5513595166163142 0.24716981132075472 0.6646525679758308 0.24669811320754717 0.6651560926485398 0.36981132075471695 0.6646525679758308 0.37028301886792453
0 0.28700906344410876 0.6476415094339623 0.08459214501510574 0.6476415094339623 0.08408862034239678 0.4320754716981132 0.3423967774420947 0.43160377358490565 0.3429003021148036 0.5735849056603773 0.34088620342396775 0.5745283018867925 0.34088620342396775 0.5764150943396227 0.3388721047331319 0.5773584905660377 0.337865055387714 0.5792452830188679 0.33484390735146025 0.5830188679245283 0.33182275931520644 0.5867924528301887 0.33081570996978854 0.5886792452830188 0.32779456193353473 0.5924528301886792 0.324773413897281 0.5962264150943396 0.32376636455186303 0.5981132075471698 0.3217522658610272 0.6009433962264151 0.3187311178247734 0.6047169811320755 0.31671701913393757 0.6075471698113207 0.3157099697885196 0.6094339622641509 0.31419939577039274 0.6117924528301887 0.31268882175226587 0.6122641509433963 0.31268882175226587 0.6141509433962264 0.30966767371601206 0.6169811320754717 0.30866062437059416 0.6188679245283019 0.3081570996978852 0.6202830188679245 0.3066465256797583 0.620754716981132 0.3066465256797583 0.6226415094339622 0.30463242698892246 0.6235849056603774 0.30362537764350456 0.6254716981132076 0.30060422960725075 0.629245283018868 0.297583081570997 0.6330188679245283 0.29657603222557904 0.6349056603773585 0.2945619335347432 0.6377358490566037 0.2905337361530715 0.6424528301886793 0.2895266868076536 0.6443396226415095 0.28700906344410876 0.6476415094339623
0 0.4914400805639476 0.7806603773584906 0.351460221550856 0.7806603773584906 0.350956696878147 0.7283018867924528 0.3499496475327291 0.7273584905660377 0.3499496475327291 0.7254716981132076 0.3469284994964753 0.7226415094339622 0.3459214501510574 0.720754716981132 0.34390735146022156 0.7179245283018868 0.34088620342396775 0.7141509433962264 0.33987915407854985 0.7122641509433962 0.337865055387714 0.7094339622641509 0.33484390735146025 0.7056603773584905 0.3338368580060423 0.7037735849056603 0.33081570996978854 0.7 0.3288016112789527 0.6971698113207547 0.32779456193353473 0.6952830188679245 0.324773413897281 0.6915094339622642 0.32376636455186303 0.689622641509434 0.3217522658610272 0.6867924528301886 0.3187311178247734 0.6830188679245283 0.31772406847935547 0.6811320754716981 0.3157099697885196 0.6783018867924528 0.3147029204431017 0.6764150943396227 0.31419939577039274 0.675 0.31268882175226587 0.6745283018867925 0.31268882175226587 0.6726415094339623 0.30966767371601206 0.6698113207547169 0.30866062437059416 0.6679245283018868 0.3081570996978852 0.6665094339622641 0.3066465256797583 0.6660377358490566 0.3066465256797583 0.6641509433962264 0.30362537764350456 0.6613207547169812 0.3026183282980866 0.659433962264151 0.3021148036253776 0.6580188679245284 0.30060422960725075 0.6575471698113208 0.30060422960725075 0.6556603773584906 0.297583081570997 0.6528301886792452 0.29657603222557904 0.6509433962264151 0.2985901309164149 0.6490566037735849 0.30060422960725075 0.6462264150943396 0.30362537764350456 0.6424528301886793 0.3056394763343404 0.6396226415094339 0.3076535750251762 0.6367924528301887 0.30966767371601206 0.6339622641509434 0.31268882175226587 0.630188679245283 0.3147029204431017 0.6273584905660378 0.3157099697885196 0.6254716981132076 0.31722054380664655 0.6231132075471698 0.3187311178247734 0.6226415094339622 0.3187311178247734 0.620754716981132 0.3217522658610272 0.6179245283018868 0.324773413897281 0.6141509433962264 0.324773413897281 0.6122641509433963 0.32779456193353473 0.6103773584905661 0.3288016112789527 0.6084905660377359 0.33081570996978854 0.6056603773584905 0.33484390735146025 0.6009433962264151 0.33585095669687814 0.5990566037735849 0.337865055387714 0.5962264150943396 0.34088620342396775 0.5924528301886792 0.34390735146022156 0.5886792452830188 0.34491440080563945 0.5867924528301887 0.34541792547834843 0.585377358490566 0.3469284994964753 0.5849056603773585 0.3469284994964753 0.5830188679245283 0.34894259818731116 0.5820754716981132 0.3499496475327291 0.5801886792452831 0.35196374622356497 0.5773584905660377 0.35196374622356497 0.4320754716981132 0.4914400805639476 0.43160377358490565 0.4919436052366566 0.780188679245283 0.4914400805639476 0.7806603773584906
0 0.7643504531722054 0.7806603773584906 0.5015105740181269 0.7806603773584906 0.501007049345418 0.6339622641509434 0.49244712990936557 0.6334905660377359 0.4919436052366566 0.4320754716981132 0.7643504531722054 0.43160377358490565 0.7648539778449144 0.780188679245283 0.7643504531722054 0.7806603773584906
0 0.3252769385699899 0.7806603773584906 0.08459214501510574 0.7806603773584906 0.08408862034239678 0.6556603773584906 0.29003021148036257 0.655188679245283 0.2905337361530715 0.6575471698113208 0.29254783484390734 0.659433962264151 0.2930513595166163 0.6608490566037736 0.2945619335347432 0.6613207547169812 0.2945619335347432 0.6632075471698113 0.297583081570997 0.6660377358490566 0.2985901309164149 0.6679245283018868 0.2990936555891239 0.6693396226415095 0.30060422960725075 0.6698113207547169 0.30060422960725075 0.6716981132075471 0.30362537764350456 0.6745283018867925 0.30463242698892246 0.6764150943396227 0.30513595166163143 0.6778301886792453 0.3066465256797583 0.6783018867924528 0.3066465256797583 0.680188679245283 0.30866062437059416 0.6820754716981132 0.30966767371601206 0.6839622641509434 0.31268882175226587 0.6877358490566038 0.31268882175226587 0.689622641509434 0.3147029204431017 0.690566037735849 0.3157099697885196 0.6924528301886792 0.3187311178247734 0.6962264150943396 0.3187311178247734 0.6981132075471698 0.3207452165156093 0.6990566037735849 0.3217522658610272 0.7009433962264151 0.324773413897281 0.7047169811320755 0.324773413897281 0.7066037735849057 0.32779456193353473 0.7094339622641509 0.3288016112789527 0.7113207547169811 0.3293051359516616 0.7127358490566038 0.33081570996978854 0.7132075471698113 0.33081570996978854 0.7150943396226415 0.33484390735146025 0.7188679245283018 0.33484390735146025 0.720754716981132 0.337865055387714 0.7235849056603774 0.33987915407854985 0.7264150943396226 0.34088620342396775 0.7283018867924528 0.3429003021148036 0.7311320754716981 0.3429003021148036 0.7386792452830189 0.32628398791540786 0.7391509433962264 0.3257804632426989 0.780188679245283 0.3252769385699899 0.7806603773584906
0 0.3403826787512588 0.9466981132075472 0.1903323262839879 0.9466981132075472 0.18982880161127896 0.810377358490566 0.3403826787512588 0.8099056603773584 0.34088620342396775 0.9462264150943396 0.3403826787512588 0.9466981132075472