0 0.2862903225806452 0.12728380024360536 0.11559139784946236 0.12728380024360536 0.11491935483870967 0.07917174177831912 0.2862903225806452 0.07856272838002436 0.28696236559139787 0.12667478684531058 0.2862903225806452 0.12728380024360536
0 0.4314516129032258 0.3440925700365408 0.29301075268817206 0.3440925700365408 0.2923387096774194 0.07917174177831912 0.5981182795698925 0.07856272838002436 0.5987903225806451 0.12911084043848964 0.33736559139784944 0.12971985383678442 0.33669354838709675 0.1997563946406821 0.4314516129032258 0.20036540803897684 0.4321236559139785 0.34348355663824603 0.4314516129032258 0.3440925700365408
0 0.2862903225806452 0.23812423873325214 0.11559139784946236 0.23812423873325214 0.11491935483870967 0.13276492082825822 0.2862903225806452 0.13215590742996347 0.28696236559139787 0.23751522533495736 0.2862903225806452 0.23812423873325214
0 0.4314516129032258 0.19549330085261876 0.34274193548387094 0.19549330085261876 0.34206989247311825 0.13520097442143728 0.4314516129032258 0.1345919610231425 0.4321236559139785 0.19488428745432398 0.4314516129032258 0.19549330085261876
0 0.5981182795698925 0.3440925700365408 0.4381720430107527 0.3440925700365408 0.4375 0.13520097442143728 0.5981182795698925 0.1345919610231425 0.5987903225806451 0.34348355663824603 0.5981182795698925 0.3440925700365408
0 0.2862903225806452 0.3440925700365408 0.11559139784946236 0.3440925700365408 0.11491935483870967 0.243605359317905 0.2862903225806452 0.24299634591961022 0.28696236559139787 0.34348355663824603 0.2862903225806452 0.3440925700365408
0 0.5981182795698925 0.3989037758830694 0.11559139784946236 0.3989037758830694 0.11491935483870967 0.34957369062119364 0.5981182795698925 0.3489646772228989 0.5987903225806451 0.3982947624847747 0.5981182795698925 0.3989037758830694
0 0.1868279569892473 0.6352009744214373 0.11559139784946236 0.6352009744214373 0.11491935483870967 0.5627283800243605 0.1827956989247312 0.5621193666260658 0.18346774193548387 0.6041412911084044 0.1868279569892473 0.6047503045066992 0.1875 0.6345919610231425 0.1868279569892473 0.6352009744214373
0 0.28091397849462363 0.6388550548112059 0.1935483870967742 0.6388550548112059 0.1928763440860215 0.5627283800243605 0.28091397849462363 0.5621193666260658 0.28158602150537637 0.6382460414129111 0.28091397849462363 0.6388550548112059
0 0.3293010752688172 0.6753958587088916 0.28763440860215056 0.6753958587088916 0.28696236559139787 0.5627283800243605 0.3293010752688172 0.5621193666260658 0.3299731182795699 0.6747868453105969 0.3293010752688172 0.6753958587088916
0 0.4274193548387097 0.7265529841656516 0.364247311827957 0.7265529841656516 0.3629032258064516 0.7253349573690622 0.28763440860215056 0.7253349573690622 0.28696236559139787 0.6808769792935444 0.3346774193548387 0.6802679658952497 0.3353494623655914 0.6053593179049939 0.3629032258064516 0.6047503045066992 0.3635752688172043 0.5992691839220463 0.33064516129032256 0.5986601705237515 0.3299731182795699 0.5627283800243605 0.4274193548387097 0.5621193666260658 0.4280913978494624 0.7259439707673568 0.4274193548387097 0.7265529841656516
0 0.5967741935483871 0.7265529841656516 0.42876344086021506 0.7265529841656516 0.4280913978494624 0.6699147381242387 0.4327956989247312 0.669305724725944 0.4334677419354839 0.5627283800243605 0.5967741935483871 0.5621193666260658 0.5974462365591398 0.7259439707673568 0.5967741935483871 0.7265529841656516
0 0.9220430107526881 0.7168087697929354 0.7889784946236559 0.7168087697929354 0.7883064516129032 0.5627283800243605 0.9220430107526881 0.5621193666260658 0.9227150537634409 0.7161997563946407 0.9220430107526881 0.7168087697929354
0 0.28091397849462363 0.7521315468940317 0.11559139784946236 0.7521315468940317 0.11491935483870967 0.6723507917174177 0.1196236559139785 0.6717417783191231 0.12029569892473119 0.6443361753958587 0.1586021505376344 0.643727161997564 0.1592741935483871 0.6711327649208283 0.1639784946236559 0.6717417783191231 0.1646505376344086 0.6443361753958587 0.28091397849462363 0.643727161997564 0.28158602150537637 0.7515225334957369 0.28091397849462363 0.7521315468940317
0 0.7002688172043011 0.7825822168087698 0.5954301075268817 0.7825822168087698 0.594758064516129 0.7271619975639464 0.5974462365591398 0.7259439707673568 0.5974462365591398 0.6699147381242387 0.7002688172043011 0.669305724725944 0.7009408602150538 0.781973203410475 0.7002688172043011 0.7825822168087698
0 0.9220430107526881 0.964068209500609 0.7889784946236559 0.964068209500609 0.7883064516129032 0.7247259439707674 0.9220430107526881 0.7241169305724726 0.9227150537634409 0.9634591961023142 0.9220430107526881 0.964068209500609
0 0.5940860215053764 0.8824604141291108 0.364247311827957 0.8824604141291108 0.3635752688172043 0.7271619975639464 0.5940860215053764 0.7265529841656516 0.594758064516129 0.881851400730816 0.5940860215053764 0.8824604141291108
0 0.3575268817204301 0.7850182704019488 0.28763440860215056 0.7850182704019488 0.28696236559139787 0.730816077953715 0.3575268817204301 0.7302070645554202 0.3581989247311828 0.784409257003654 0.3575268817204301 0.7850182704019488
0 0.17204301075268819 0.817904993909866 0.11559139784946236 0.817904993909866 0.11491935483870967 0.7576126674786845 0.17204301075268819 0.7570036540803897 0.17271505376344087 0.8172959805115713 0.17204301075268819 0.817904993909866
0 0.3575268817204301 0.8824604141291108 0.17876344086021506 0.8824604141291108 0.17809139784946237 0.7576126674786845 0.28091397849462363 0.7570036540803897 0.28158602150537637 0.7892813641900122 0.3575268817204301 0.7898903775883069 0.3581989247311828 0.881851400730816 0.3575268817204301 0.8824604141291108
0 0.17204301075268819 0.8824604141291108 0.11559139784946236 0.8824604141291108 0.11491935483870967 0.8233861144945189 0.17204301075268819 0.8227771010962242 0.17271505376344087 0.881851400730816 0.17204301075268819 0.8824604141291108