0 0.5958512160228898 0.5044395116537181 0.21745350500715308 0.5044395116537181 0.2170958512160229 0.413984461709212 0.2925608011444921 0.4134295227524972 0.2929184549356223 0.20421753607103219 0.4105865522174535 0.20366259711431742 0.41094420600858367 0.12097669256381798 0.6022889842632332 0.12042175360710322 0.6026466380543634 0.20310765815760268 0.7331902718168812 0.20366259711431742 0.7335479256080114 0.49056603773584906 0.5965665236051502 0.4911209766925638 0.59620886981402 0.5038845726970034 0.5958512160228898 0.5044395116537181
0 0.2875536480686695 0.4056603773584906 0.11301859799713877 0.4056603773584906 0.11266094420600858 0.20421753607103219 0.2875536480686695 0.20366259711431742 0.28791130185979974 0.4051054384017758 0.2875536480686695 0.4056603773584906
0 0.7761087267525035 0.49223085460599336 0.7410586552217453 0.49223085460599336 0.740343347639485 0.4911209766925638 0.7381974248927039 0.4911209766925638 0.7378397711015737 0.20421753607103219 0.899856938483548 0.20366259711431742 0.9002145922746781 0.49056603773584906 0.776824034334764 0.4911209766925638 0.7761087267525035 0.49223085460599336
0 0.21244635193133046 0.6209766925638179 0.02575107296137339 0.6209766925638179 0.025393419170243205 0.413984461709212 0.21244635193133046 0.4134295227524972 0.21280400572246067 0.6204217536071032 0.21244635193133046 0.6209766925638179
0 0.9935622317596566 0.623196448390677 0.876967095851216 0.623196448390677 0.8766094420600858 0.5049944506104328 0.9091559370529327 0.5044395116537181 0.9095135908440629 0.42175360710321863 0.9935622317596566 0.42119866814650386 0.9939198855507868 0.6226415094339622 0.9935622317596566 0.623196448390677
0 0.7775393419170243 0.6254162042175361 0.7017167381974249 0.6254162042175361 0.7013590844062947 0.4983351831298557 0.740343347639485 0.49778024417314093 0.7407010014306151 0.49278579356270813 0.7761087267525035 0.49223085460599336 0.7764663805436338 0.4972253052164262 0.7778969957081545 0.4983351831298557 0.7778969957081545 0.6248612652608213 0.7775393419170243 0.6254162042175361
0 0.6967095851216023 0.6254162042175361 0.6008583690987125 0.6254162042175361 0.6005007153075823 0.4983351831298557 0.6967095851216023 0.49778024417314093 0.6970672389127325 0.6248612652608213 0.6967095851216023 0.6254162042175361
0 0.894134477825465 0.741953385127636 0.8311874105865522 0.741953385127636 0.830829756795422 0.6947835738068813 0.8315450643776824 0.6936736958934517 0.8315450643776824 0.681465038845727 0.8322603719599427 0.6803551609322974 0.8322603719599427 0.6770255271920089 0.8329756795422032 0.6759156492785794 0.8329756795422032 0.6736958934517203 0.8344062947067239 0.6714761376248612 0.8344062947067239 0.6681465038845728 0.8326180257510729 0.667591564927858 0.8322603719599427 0.6703662597114317 0.8315450643776824 0.6714761376248612 0.830829756795422 0.6736958934517203 0.830829756795422 0.6759156492785794 0.8301144492131617 0.6770255271920089 0.8301144492131617 0.6803551609322974 0.8293991416309013 0.681465038845727 0.8293991416309013 0.6870144284128746 0.8286838340486409 0.6881243063263041 0.8286838340486409 0.7413984461709212 0.7825464949928469 0.741953385127636 0.7821888412017167 0.4983351831298557 0.8676680972818311 0.49778024417314093 0.8680257510729614 0.6337402885682575 0.8612303290414879 0.6342952275249722 0.8605150214592274 0.6354051054384018 0.8590844062947067 0.6354051054384018 0.8583690987124464 0.6365149833518313 0.8569384835479256 0.6376248612652609 0.8547925608011445 0.6376248612652609 0.8540772532188842 0.6387347391786904 0.8526466380543634 0.6387347391786904 0.8512160228898427 0.6409544950055494 0.8497854077253219 0.6409544950055494 0.8483547925608012 0.6431742508324084 0.8469241773962805 0.6431742508324084 0.84620886981402 0.644284128745838 0.8451359084406295 0.6448390677025527 0.8447782546494993 0.646503884572697 0.8415593705293276 0.6503884572697003 0.8408440629470673 0.6526082130965594 0.8419170243204578 0.6542730299667037 0.84620886981402 0.6476137624861266 0.8476394849785408 0.646503884572697 0.8497854077253219 0.644284128745838 0.8512160228898427 0.6431742508324084 0.8526466380543634 0.6431742508324084 0.8533619456366237 0.6420643729189789 0.8547925608011445 0.6409544950055494 0.8569384835479256 0.6409544950055494 0.857653791130186 0.6398446170921198 0.8590844062947067 0.6387347391786904 0.8605150214592274 0.6387347391786904 0.8612303290414879 0.6376248612652609 0.894134477825465 0.6376248612652609 0.8944921316165951 0.7413984461709212 0.894134477825465 0.741953385127636
0 0.39914163090128757 0.7142064372918979 0.28469241773962806 0.7142064372918979 0.2843347639484979 0.5049944506104328 0.4041487839771102 0.5044395116537181 0.40450643776824036 0.5560488346281909 0.36838340486409155 0.5566037735849056 0.36802575107296137 0.562708102108768 0.39914163090128757 0.5632630410654828 0.39949928469241774 0.7136514983351832 0.39914163090128757 0.7142064372918979
0 0.5958512160228898 0.9195338512763596 0.40486409155937053 0.9195338512763596 0.40450643776824036 0.5049944506104328 0.5958512160228898 0.5044395116537181 0.59620886981402 0.9189789123196448 0.5958512160228898 0.9195338512763596
0 0.27968526466380544 0.6209766925638179 0.21745350500715308 0.6209766925638179 0.2170958512160229 0.51165371809101 0.27968526466380544 0.5110987791342952 0.2800429184549356 0.6204217536071032 0.27968526466380544 0.6209766925638179
0 0.7775393419170243 0.8362930077691454 0.6008583690987125 0.8362930077691454 0.6005007153075823 0.632630410654828 0.6294706723891274 0.6320754716981132 0.6298283261802575 0.6259711431742508 0.6688125894134478 0.6254162042175361 0.669170243204578 0.6315205327413984 0.7389127324749643 0.6320754716981132 0.7392703862660944 0.6259711431742508 0.7725321888412017 0.6254162042175361 0.772889842632332 0.6315205327413984 0.7775393419170243 0.6320754716981132 0.7778969957081545 0.8357380688124306 0.7775393419170243 0.8362930077691454
0 0.27968526466380544 0.8329633740288568 0.10801144492131616 0.8329633740288568 0.10765379113018599 0.6281908990011099 0.27968526466380544 0.6276359600443951 0.2800429184549356 0.832408435072142 0.27968526466380544 0.8329633740288568
0 0.39914163090128757 0.8329633740288568 0.28469241773962806 0.8329633740288568 0.2843347639484979 0.7214206437291898 0.39914163090128757 0.720865704772475 0.39949928469241774 0.832408435072142 0.39914163090128757 0.8329633740288568
0 0.8977110157367668 0.8362930077691454 0.7825464949928469 0.8362930077691454 0.7821888412017167 0.7491675915649278 0.8977110157367668 0.7486126526082131 0.898068669527897 0.8357380688124306 0.8977110157367668 0.8362930077691454