0 0.21819787985865724 0.7688 0.04770318021201413 0.7688 0.04726148409893993 0.136 0.21819787985865724 0.1352 0.21863957597173145 0.768 0.21819787985865724 0.7688
0 0.303886925795053 0.2984 0.22614840989399293 0.2984 0.22570671378091872 0.136 0.303886925795053 0.1352 0.3043286219081272 0.2976 0.303886925795053 0.2984
0 0.4584805653710247 0.2984 0.3118374558303887 0.2984 0.3113957597173145 0.136 0.4584805653710247 0.1352 0.4589222614840989 0.2976 0.4584805653710247 0.2984
0 0.7270318021201413 0.412 0.5547703180212014 0.412 0.5543286219081273 0.136 0.7270318021201413 0.1352 0.7274734982332155 0.4112 0.7270318021201413 0.412
0 0.965547703180212 0.3352 0.7279151943462897 0.3352 0.7274734982332155 0.136 0.965547703180212 0.1352 0.9659893992932862 0.3344 0.965547703180212 0.3352
0 0.3630742049469965 0.5432 0.299469964664311 0.5432 0.2946113074204947 0.5344 0.2848939929328622 0.5152 0.2760600706713781 0.4976 0.2707597173144876 0.4864 0.2707597173144876 0.3888 0.22614840989399293 0.388 0.22570671378091872 0.312 0.4584805653710247 0.3112 0.4589222614840989 0.4352 0.4081272084805654 0.436 0.4076855123674912 0.5408 0.36395759717314485 0.5416 0.3630742049469965 0.5432
0 0.9151943462897526 0.5672 0.734982332155477 0.5672 0.7345406360424028 0.5344 0.7279151943462897 0.5336 0.7274734982332155 0.4256 0.7265901060070671 0.424 0.7265901060070671 0.4128 0.7274734982332155 0.4112 0.7274734982332155 0.336 0.803886925795053 0.3352 0.8043286219081273 0.3472 0.8692579505300353 0.348 0.8696996466431095 0.3984 0.9019434628975265 0.4568 0.9151943462897526 0.4568 0.9156360424028268 0.5664 0.9151943462897526 0.5672
0 0.965547703180212 0.444 0.9045936395759717 0.444 0.8767667844522968 0.392 0.8767667844522968 0.3488 0.965547703180212 0.348 0.9659893992932862 0.4432 0.965547703180212 0.444
0 0.26325088339222613 0.484 0.22614840989399293 0.484 0.22570671378091872 0.4016 0.26325088339222613 0.4008 0.26369257950530034 0.4832 0.26325088339222613 0.484
0 0.7270318021201413 0.7576 0.5547703180212014 0.7576 0.5543286219081273 0.4256 0.7270318021201413 0.4248 0.7274734982332155 0.7568 0.7270318021201413 0.7576
0 0.4584805653710247 0.7816 0.36395759717314485 0.7816 0.36351590106007065 0.5424 0.40724381625441697 0.5416 0.4076855123674912 0.6816 0.41431095406360424 0.6824 0.41475265017667845 0.4496 0.4584805653710247 0.4488 0.4589222614840989 0.7808 0.4584805653710247 0.7816
0 0.965547703180212 0.7848 0.8710247349823321 0.7848 0.8705830388692579 0.5808 0.9222614840989399 0.58 0.9227031802120141 0.4576 0.965547703180212 0.4568 0.9659893992932862 0.784 0.965547703180212 0.7848
0 0.29328621908127206 0.6152 0.22614840989399293 0.6152 0.22570671378091872 0.4976 0.2659010600706714 0.4968 0.2742932862190813 0.512 0.28224381625441697 0.528 0.29019434628975266 0.544 0.29372791519434627 0.552 0.29372791519434627 0.6144 0.29328621908127206 0.6152
0 0.35600706713780916 0.884 0.22614840989399293 0.884 0.22570671378091872 0.6288 0.3003533568904594 0.628 0.30079505300353354 0.5568 0.35600706713780916 0.556 0.35644876325088337 0.8832 0.35600706713780916 0.884
0 0.8630742049469965 0.884 0.734982332155477 0.884 0.7345406360424028 0.5808 0.8630742049469965 0.58 0.8635159010600707 0.8832 0.8630742049469965 0.884