0 0.4780600461893764 0.26375838926174494 0.42494226327944573 0.26375838926174494 0.4226327944572748 0.26241610738255033 0.21939953810623555 0.26241610738255033 0.21824480369515012 0.13288590604026845 0.25635103926096997 0.13221476510067115 0.2575057736720554 0.11946308724832215 0.21939953810623555 0.11879194630872483 0.21939953810623555 0.1174496644295302 0.5704387990762124 0.1174496644295302 0.5715935334872979 0.19865771812080538 0.48267898383371827 0.19932885906040268 0.4792147806004619 0.20268456375838925 0.4792147806004619 0.26308724832214764 0.4780600461893764 0.26375838926174494
0 0.7159353348729792 0.19932885906040268 0.5727482678983834 0.19932885906040268 0.5715935334872979 0.11812080536912752 0.7159353348729792 0.1174496644295302 0.7170900692840647 0.19865771812080538 0.7159353348729792 0.19932885906040268
0 0.5981524249422633 0.35637583892617447 0.5196304849884527 0.35637583892617447 0.5184757505773672 0.3087248322147651 0.42494226327944573 0.3080536912751678 0.4237875288683603 0.2644295302013423 0.4780600461893764 0.26375838926174494 0.4792147806004619 0.20268456375838925 0.4815242494226328 0.20268456375838925 0.4815242494226328 0.2644295302013423 0.5103926096997691 0.2651006711409396 0.5115473441108545 0.26308724832214764 0.48729792147806006 0.26241610738255033 0.48614318706697457 0.2040268456375839 0.5981524249422633 0.20335570469798658 0.5993071593533488 0.35570469798657717 0.5981524249422633 0.35637583892617447
0 0.7159353348729792 0.2395973154362416 0.6073903002309469 0.2395973154362416 0.6062355658198614 0.2040268456375839 0.7159353348729792 0.20335570469798658 0.7170900692840647 0.2389261744966443 0.7159353348729792 0.2395973154362416
0 0.7159353348729792 0.35637583892617447 0.6073903002309469 0.35637583892617447 0.6062355658198614 0.24295302013422818 0.7159353348729792 0.24228187919463087 0.7170900692840647 0.35570469798657717 0.7159353348729792 0.35637583892617447
0 0.30484988452655887 0.35637583892617447 0.09699769053117784 0.35637583892617447 0.09584295612009237 0.26711409395973157 0.21709006928406466 0.2664429530201342 0.21824480369515012 0.26308724832214764 0.27713625866050806 0.26241610738255033 0.279445727482679 0.2651006711409396 0.30484988452655887 0.2651006711409396 0.30600461893764436 0.35570469798657717 0.30484988452655887 0.35637583892617447
0 0.44110854503464203 0.35637583892617447 0.3117782909930716 0.35637583892617447 0.31062355658198615 0.2657718120805369 0.41570438799076215 0.2651006711409396 0.4168591224018476 0.3100671140939597 0.44110854503464203 0.31073825503355706 0.44226327944572746 0.35570469798657717 0.44110854503464203 0.35637583892617447
0 0.5080831408775982 0.35637583892617447 0.44803695150115475 0.35637583892617447 0.4468822170900693 0.31140939597315437 0.5080831408775982 0.31073825503355706 0.5092378752886836 0.35570469798657717 0.5080831408775982 0.35637583892617447
0 0.8475750577367206 0.5201342281879194 0.5866050808314087 0.5201342281879194 0.5854503464203233 0.44563758389261743 0.8475750577367206 0.4449664429530201 0.848729792147806 0.5194630872483221 0.8475750577367206 0.5201342281879194
0 0.5796766743648961 0.6006711409395973 0.44341801385681295 0.6006711409395973 0.44226327944572746 0.508724832214765 0.5750577367205543 0.5080536912751678 0.5762124711316398 0.5234899328859061 0.5808314087759815 0.5248322147651007 0.5808314087759815 0.6 0.5796766743648961 0.6006711409395973
0 0.8475750577367206 0.6006711409395973 0.5866050808314087 0.6006711409395973 0.5854503464203233 0.5248322147651007 0.8475750577367206 0.5241610738255034 0.848729792147806 0.6 0.8475750577367206 0.6006711409395973
0 0.418013856812933 0.823489932885906 0.3394919168591224 0.823489932885906 0.33833718244803695 0.7812080536912752 0.24480369515011546 0.7805369127516778 0.24364896073903003 0.6926174496644295 0.27251732101616627 0.6919463087248322 0.27367205542725176 0.6832214765100671 0.7344110854503464 0.6825503355704698 0.7355658198614319 0.7610738255033557 0.42032332563510394 0.761744966442953 0.41916859122401845 0.8228187919463087 0.418013856812933 0.823489932885906
0 0.7344110854503464 0.8073825503355705 0.625866050808314 0.8073825503355705 0.6247113163972287 0.7798657718120805 0.42032332563510394 0.7791946308724832 0.41916859122401845 0.7624161073825504 0.7344110854503464 0.761744966442953 0.7355658198614319 0.8067114093959732 0.7344110854503464 0.8073825503355705
0 0.3325635103926097 0.823489932885906 0.24480369515011546 0.823489932885906 0.24364896073903003 0.7838926174496644 0.3325635103926097 0.7832214765100671 0.33371824480369516 0.8228187919463087 0.3325635103926097 0.823489932885906
0 0.5565819861431871 0.823489932885906 0.42494226327944573 0.823489932885906 0.4237875288683603 0.7838926174496644 0.5565819861431871 0.7832214765100671 0.5577367205542725 0.8228187919463087 0.5565819861431871 0.823489932885906
0 0.6166281755196305 0.823489932885906 0.5658198614318707 0.823489932885906 0.5646651270207852 0.7838926174496644 0.6166281755196305 0.7832214765100671 0.6177829099307159 0.8228187919463087 0.6166281755196305 0.823489932885906
0 0.7344110854503464 0.859731543624161 0.625866050808314 0.859731543624161 0.6247113163972287 0.8120805369127517 0.7344110854503464 0.8114093959731543 0.7355658198614319 0.8214765100671141 0.7159353348729792 0.8221476510067114 0.7147806004618937 0.825503355704698 0.7344110854503464 0.8261744966442953 0.7355658198614319 0.8590604026845637 0.7344110854503464 0.859731543624161
0 0.371824480369515 0.9134228187919463 0.24480369515011546 0.9134228187919463 0.24364896073903003 0.8295302013422818 0.371824480369515 0.8288590604026845 0.3729792147806005 0.912751677852349 0.371824480369515 0.9134228187919463
0 0.6166281755196305 0.9134228187919463 0.535796766743649 0.9134228187919463 0.5346420323325635 0.8885906040268456 0.5369515011547344 0.887248322147651 0.5369515011547344 0.8644295302013423 0.3810623556581986 0.863758389261745 0.37990762124711314 0.8295302013422818 0.6166281755196305 0.8288590604026845 0.6177829099307159 0.912751677852349 0.6166281755196305 0.9134228187919463
0 0.7344110854503464 0.9134228187919463 0.625866050808314 0.9134228187919463 0.6247113163972287 0.8644295302013423 0.7344110854503464 0.863758389261745 0.7355658198614319 0.912751677852349 0.7344110854503464 0.9134228187919463
0 0.47575057736720555 0.9134228187919463 0.3810623556581986 0.9134228187919463 0.37990762124711314 0.8684563758389262 0.47575057736720555 0.8677852348993289 0.476905311778291 0.912751677852349 0.47575057736720555 0.9134228187919463
0 0.5334872979214781 0.9134228187919463 0.48498845265588914 0.9134228187919463 0.4838337182448037 0.8684563758389262 0.5288683602771362 0.8677852348993289 0.5300230946882217 0.887248322147651 0.5346420323325635 0.8885906040268456 0.5346420323325635 0.912751677852349 0.5334872979214781 0.9134228187919463