0 0.7727272727272727 0.7976827094474154 0.6982323232323232 0.7976827094474154 0.69760101010101 0.5632798573975044 0.28914141414141414 0.5641711229946524 0.288510101010101 0.44385026737967914 0.4128787878787879 0.44295900178253117 0.413510101010101 0.35650623885918004 0.4109848484848485 0.35472370766488415 0.4109848484848485 0.19073083778966132 0.7727272727272727 0.18983957219251338 0.7733585858585859 0.7967914438502673 0.7727272727272727 0.7976827094474154
0 0.9217171717171717 0.4269162210338681 0.773989898989899 0.4269162210338681 0.7733585858585859 0.19073083778966132 0.9217171717171717 0.18983957219251338 0.9223484848484849 0.42602495543672014 0.9217171717171717 0.4269162210338681
0 0.40404040404040403 0.3057040998217469 0.29292929292929293 0.3057040998217469 0.2922979797979798 0.19429590017825313 0.40404040404040403 0.19340463458110516 0.4046717171717172 0.3048128342245989 0.40404040404040403 0.3057040998217469
0 0.27525252525252525 0.5071301247771836 0.08712121212121213 0.5071301247771836 0.08648989898989899 0.3048128342245989 0.27525252525252525 0.30392156862745096 0.2758838383838384 0.5062388591800356 0.27525252525252525 0.5071301247771836
0 0.40404040404040403 0.4358288770053476 0.28914141414141414 0.4358288770053476 0.288510101010101 0.3155080213903743 0.40404040404040403 0.3146167557932264 0.4046717171717172 0.43493761140819964 0.40404040404040403 0.4358288770053476
0 0.9217171717171717 0.5873440285204992 0.7790404040404041 0.5873440285204992 0.7784090909090909 0.43493761140819964 0.9217171717171717 0.43404634581105167 0.9223484848484849 0.5864527629233511 0.9217171717171717 0.5873440285204992
0 0.27525252525252525 0.9117647058823529 0.08712121212121213 0.9117647058823529 0.08648989898989899 0.5240641711229946 0.27525252525252525 0.5231729055258467 0.2758838383838384 0.910873440285205 0.27525252525252525 0.9117647058823529
0 0.696969696969697 0.7976827094474154 0.5871212121212122 0.7976827094474154 0.586489898989899 0.6862745098039216 0.6906565656565656 0.6853832442067737 0.6912878787878788 0.7272727272727273 0.6957070707070707 0.7281639928698752 0.6963383838383839 0.5632798573975044 0.69760101010101 0.5632798573975044 0.69760101010101 0.7967914438502673 0.696969696969697 0.7976827094474154
0 0.46464646464646464 0.7976827094474154 0.28914141414141414 0.7976827094474154 0.288510101010101 0.5721925133689839 0.46464646464646464 0.571301247771836 0.4652777777777778 0.7967914438502673 0.46464646464646464 0.7976827094474154
0 0.5808080808080808 0.7976827094474154 0.47095959595959597 0.7976827094474154 0.4703282828282828 0.5721925133689839 0.6111111111111112 0.571301247771836 0.6117424242424242 0.6773618538324421 0.5820707070707071 0.67825311942959 0.5814393939393939 0.7967914438502673 0.5808080808080808 0.7976827094474154
0 0.6906565656565656 0.67825311942959 0.6186868686868687 0.67825311942959 0.6180555555555556 0.5721925133689839 0.6906565656565656 0.571301247771836 0.6912878787878788 0.6773618538324421 0.6906565656565656 0.67825311942959
0 0.9217171717171717 0.7976827094474154 0.7790404040404041 0.7976827094474154 0.7784090909090909 0.5953654188948306 0.9217171717171717 0.5944741532976827 0.9223484848484849 0.7967914438502673 0.9217171717171717 0.7976827094474154