0 0.4346527259148618 0.6207414829659319 0.2882748319641524 0.6207414829659319 0.28790141896938015 0.30861723446893785 0.3181478715459298 0.30811623246492986 0.318521284540702 0.18236472945891782 0.4346527259148618 0.1818637274549098 0.43502613890963404 0.6202404809619239 0.4346527259148618 0.6207414829659319
0 0.5100821508588499 0.6608216432865731 0.4398805078416729 0.6608216432865731 0.43950709484690065 0.18236472945891782 0.5100821508588499 0.1818637274549098 0.5104555638536221 0.6603206412825652 0.5100821508588499 0.6608216432865731
0 0.6407766990291263 0.6618236472945892 0.5556385362210605 0.6618236472945892 0.5548917102315161 0.6608216432865731 0.5108289768483943 0.6608216432865731 0.5104555638536221 0.18236472945891782 0.7408513816280806 0.1818637274549098 0.7412247946228528 0.4198396793587174 0.8312173263629574 0.42034068136272545 0.8315907393577296 0.5210420841683366 0.6415235250186706 0.5215430861723447 0.6411501120238984 0.6613226452905812 0.6407766990291263 0.6618236472945892
0 0.9171023151605676 0.41432865731462926 0.7468259895444361 0.41432865731462926 0.7464525765496639 0.18236472945891782 0.9171023151605676 0.1818637274549098 0.9174757281553398 0.41382765531062127 0.9171023151605676 0.41432865731462926
0 0.21807318894697536 0.29809619238476953 0.14563106796116504 0.29809619238476953 0.14525765496639284 0.18637274549098196 0.1445108289768484 0.18537074148296592 0.21807318894697536 0.1848697394789579 0.21844660194174756 0.29759519038076154 0.21807318894697536 0.29809619238476953
0 0.31366691560866317 0.30110220440881763 0.22330097087378642 0.30110220440881763 0.2229275578790142 0.18937875751503006 0.31366691560866317 0.18887775551102204 0.3140403286034354 0.30060120240480964 0.31366691560866317 0.30110220440881763
0 0.2830470500373413 0.41432865731462926 0.1426437640029873 0.41432865731462926 0.14227035100821508 0.30861723446893785 0.2830470500373413 0.30811623246492986 0.2834204630321135 0.41382765531062127 0.2830470500373413 0.41432865731462926
0 0.9171023151605676 0.5215430861723447 0.8364451082897685 0.5215430861723447 0.8360716952949963 0.42084168336673344 0.9171023151605676 0.42034068136272545 0.9174757281553398 0.5210420841683366 0.9171023151605676 0.5215430861723447
0 0.2703510082150859 0.6277555110220441 0.22852875280059745 0.6277555110220441 0.22815533980582525 0.6212424849699398 0.14787154592979837 0.6207414829659319 0.14749813293502614 0.4218436873747495 0.2830470500373413 0.4213426853707415 0.2834204630321135 0.6202404809619239 0.2710978342046303 0.6207414829659319 0.2707244212098581 0.627254509018036 0.2703510082150859 0.6277555110220441
0 0.7610156833457804 0.7610220440881763 0.6460044809559373 0.7610220440881763 0.6456310679611651 0.5280561122244489 0.7610156833457804 0.5275551102204409 0.7613890963405526 0.7605210420841684 0.7610156833457804 0.7610220440881763
0 0.9171023151605676 0.7610220440881763 0.7662434652725915 0.7610220440881763 0.7658700522778192 0.5280561122244489 0.9171023151605676 0.5275551102204409 0.9174757281553398 0.7605210420841684 0.9171023151605676 0.7610220440881763
0 0.22255414488424197 0.7610220440881763 0.1426437640029873 0.7610220440881763 0.14227035100821508 0.6282565130260521 0.22255414488424197 0.6277555110220441 0.2229275578790142 0.7605210420841684 0.22255414488424197 0.7610220440881763
0 0.33831217326362956 0.7610220440881763 0.22852875280059745 0.7610220440881763 0.22815533980582525 0.6282565130260521 0.33831217326362956 0.6277555110220441 0.3386855862584018 0.7605210420841684 0.33831217326362956 0.7610220440881763
0 0.4346527259148618 0.7610220440881763 0.3435399551904406 0.7610220440881763 0.3431665421956684 0.6282565130260521 0.4346527259148618 0.6277555110220441 0.43502613890963404 0.7605210420841684 0.4346527259148618 0.7610220440881763
0 0.5548917102315161 0.7610220440881763 0.4398805078416729 0.7610220440881763 0.43950709484690065 0.6613226452905812 0.5548917102315161 0.6608216432865731 0.5552651232262883 0.7605210420841684 0.5548917102315161 0.7610220440881763
0 0.6407766990291263 0.7610220440881763 0.5601194921583271 0.7610220440881763 0.5597460791635549 0.6673346693386774 0.6407766990291263 0.6668336673346693 0.6411501120238984 0.7605210420841684 0.6407766990291263 0.7610220440881763