0 0.47227722772277225 0.26658163265306123 0.37722772277227723 0.26658163265306123 0.37673267326732673 0.09693877551020408 0.47227722772277225 0.09566326530612244 0.47277227722772275 0.2653061224489796 0.47227722772277225 0.26658163265306123
0 0.5732673267326732 0.26658163265306123 0.4772277227722772 0.26658163265306123 0.4767326732673267 0.09693877551020408 0.5732673267326732 0.09566326530612244 0.5737623762376237 0.2653061224489796 0.5732673267326732 0.26658163265306123
0 0.5732673267326732 0.639030612244898 0.37722772277227723 0.639030612244898 0.37673267326732673 0.2780612244897959 0.5732673267326732 0.2767857142857143 0.5737623762376237 0.6377551020408163 0.5732673267326732 0.639030612244898
0 0.05148514851485148 0.4017857142857143 0.023762376237623763 0.4017857142857143 0.023267326732673267 0.3086734693877551 0.05148514851485148 0.30739795918367346 0.05198019801980198 0.4005102040816326 0.05148514851485148 0.4017857142857143
0 0.13762376237623763 0.4272959183673469 0.0891089108910891 0.4272959183673469 0.08861386138613861 0.4030612244897959 0.054455445544554455 0.4017857142857143 0.05396039603960396 0.3086734693877551 0.13762376237623763 0.30739795918367346 0.13811881188118813 0.4260204081632653 0.13762376237623763 0.4272959183673469
0 0.23663366336633662 0.5727040816326531 0.14158415841584157 0.5727040816326531 0.14108910891089108 0.3086734693877551 0.23663366336633662 0.30739795918367346 0.23712871287128712 0.5714285714285714 0.23663366336633662 0.5727040816326531
0 0.2891089108910891 0.39158163265306123 0.24059405940594059 0.39158163265306123 0.2400990099009901 0.3086734693877551 0.2891089108910891 0.30739795918367346 0.2896039603960396 0.3903061224489796 0.2891089108910891 0.39158163265306123
0 0.3693069306930693 0.5931122448979592 0.29306930693069305 0.5931122448979592 0.29257425742574256 0.3086734693877551 0.3693069306930693 0.30739795918367346 0.3698019801980198 0.5918367346938775 0.3693069306930693 0.5931122448979592
0 0.8811881188118812 0.3737244897959184 0.6138613861386139 0.3737244897959184 0.6133663366336634 0.32653061224489793 0.8811881188118812 0.3252551020408163 0.8816831683168317 0.37244897959183676 0.8811881188118812 0.3737244897959184
0 0.9623762376237623 0.8558673469387755 0.8891089108910891 0.8558673469387755 0.8886138613861386 0.32653061224489793 0.9623762376237623 0.3252551020408163 0.9628712871287128 0.8545918367346939 0.9623762376237623 0.8558673469387755
0 0.7712871287128713 0.889030612244898 0.7227722772277227 0.889030612244898 0.7188118811881188 0.8788265306122449 0.7069306930693069 0.8507653061224489 0.6138613861386139 0.8507653061224489 0.6133663366336634 0.3903061224489796 0.8811881188118812 0.38903061224489793 0.8816831683168317 0.7908163265306123 0.803960396039604 0.7920918367346939 0.8034653465346535 0.8545918367346939 0.7841584158415842 0.8558673469387755 0.7787128712871287 0.8698979591836735 0.7762376237623763 0.8788265306122449 0.7712871287128713 0.889030612244898
0 0.2891089108910891 0.7308673469387755 0.21584158415841584 0.7308673469387755 0.21534653465346534 0.7091836734693877 0.21435643564356435 0.7066326530612245 0.21435643564356435 0.6198979591836735 0.21336633663366336 0.6173469387755102 0.21336633663366336 0.5739795918367347 0.23663366336633662 0.5727040816326531 0.23712871287128712 0.5153061224489796 0.2396039603960396 0.514030612244898 0.2400990099009901 0.4005102040816326 0.2891089108910891 0.399234693877551 0.2896039603960396 0.7295918367346939 0.2891089108910891 0.7308673469387755
0 0.08514851485148515 0.5650510204081632 0.023762376237623763 0.5650510204081632 0.023267326732673267 0.4107142857142857 0.08514851485148515 0.4094387755102041 0.08564356435643565 0.5637755102040817 0.08514851485148515 0.5650510204081632
0 0.13762376237623763 0.5650510204081632 0.0891089108910891 0.5650510204081632 0.08861386138613861 0.4336734693877551 0.13762376237623763 0.43239795918367346 0.13811881188118813 0.5637755102040817 0.13762376237623763 0.5650510204081632
0 0.18118811881188118 0.8762755102040817 0.13564356435643565 0.8762755102040817 0.13267326732673268 0.8686224489795918 0.12673267326732673 0.8558673469387755 0.1198019801980198 0.8405612244897959 0.11584158415841585 0.8329081632653061 0.023762376237623763 0.8329081632653061 0.023267326732673267 0.5739795918367347 0.21287128712871287 0.5727040816326531 0.21336633663366336 0.6173469387755102 0.21435643564356435 0.6198979591836735 0.21435643564356435 0.7066326530612245 0.21534653465346534 0.7091836734693877 0.21534653465346534 0.7295918367346939 0.21287128712871287 0.7308673469387755 0.21237623762376237 0.8290816326530612 0.19603960396039605 0.8303571428571429 0.19455445544554456 0.8341836734693877 0.1905940594059406 0.8469387755102041 0.18564356435643564 0.8622448979591837 0.18118811881188118 0.8762755102040817
0 0.3693069306930693 0.8303571428571429 0.29306930693069305 0.8303571428571429 0.29257425742574256 0.6020408163265306 0.3693069306930693 0.6007653061224489 0.3698019801980198 0.8290816326530612 0.3693069306930693 0.8303571428571429
0 0.2514851485148515 0.8303571428571429 0.21584158415841584 0.8303571428571429 0.21534653465346534 0.7397959183673469 0.2514851485148515 0.7385204081632653 0.251980198019802 0.8290816326530612 0.2514851485148515 0.8303571428571429
0 0.2891089108910891 0.8303571428571429 0.25544554455445545 0.8303571428571429 0.25495049504950495 0.7397959183673469 0.2891089108910891 0.7385204081632653 0.2896039603960396 0.8290816326530612 0.2891089108910891 0.8303571428571429
0 0.8811881188118812 0.8558673469387755 0.80990099009901 0.8558673469387755 0.8094059405940595 0.8086734693877551 0.8811881188118812 0.8073979591836735 0.8816831683168317 0.8545918367346939 0.8811881188118812 0.8558673469387755