0 0.2236842105263158 0.26052631578947366 0.16481994459833796 0.26052631578947366 0.16447368421052633 0.05964912280701754 0.2236842105263158 0.058771929824561406 0.22403047091412742 0.2596491228070175 0.2236842105263158 0.26052631578947366
0 0.2721606648199446 0.26052631578947366 0.2278393351800554 0.26052631578947366 0.22749307479224376 0.05964912280701754 0.24307479224376732 0.058771929824561406 0.24342105263157895 0.10350877192982456 0.2451523545706371 0.10614035087719298 0.24653739612188366 0.10789473684210527 0.24792243767313019 0.10964912280701754 0.25 0.11315789473684211 0.2513850415512465 0.11491228070175438 0.25277008310249305 0.11666666666666667 0.2548476454293629 0.12017543859649123 0.2562326869806094 0.12192982456140351 0.25761772853185594 0.12368421052631579 0.2596952908587258 0.12719298245614036 0.2610803324099723 0.12894736842105264 0.26246537396121883 0.1307017543859649 0.26454293628808867 0.13421052631578947 0.26662049861495846 0.13771929824561405 0.268005540166205 0.1394736842105263 0.2693905817174515 0.1412280701754386 0.27146814404432135 0.14473684210526316 0.2725069252077562 0.1456140350877193 0.2725069252077562 0.2596491228070175 0.2721606648199446 0.26052631578947366
0 0.28601108033240996 0.7254385964912281 0.21537396121883656 0.7254385964912281 0.21502770083102493 0.27017543859649124 0.2756232686980609 0.2692982456140351 0.2759695290858726 0.14035087719298245 0.27493074792243766 0.13771929824561405 0.27354570637119113 0.13596491228070176 0.27146814404432135 0.1324561403508772 0.27008310249307477 0.1307017543859649 0.268005540166205 0.12719298245614036 0.26662049861495846 0.12543859649122807 0.26454293628808867 0.12192982456140351 0.26246537396121883 0.11842105263157894 0.2610803324099723 0.11666666666666667 0.2596952908587258 0.11491228070175438 0.25761772853185594 0.11140350877192982 0.2562326869806094 0.10964912280701754 0.25415512465373963 0.10614035087719298 0.25277008310249305 0.10438596491228071 0.2513850415512465 0.10438596491228071 0.25 0.10087719298245613 0.24861495844875348 0.09912280701754386 0.24722991689750692 0.09736842105263158 0.24619113573407203 0.09649122807017543 0.24619113573407203 0.05964912280701754 0.30886426592797783 0.058771929824561406 0.3092105263157895 0.3473684210526316 0.2922437673130194 0.3482456140350877 0.2918975069252078 0.4421052631578947 0.2659279778393352 0.44298245614035087 0.26558171745152354 0.45263157894736844 0.28601108033240996 0.4535087719298246 0.2863573407202216 0.724561403508772 0.28601108033240996 0.7254385964912281
0 0.43698060941828254 0.26052631578947366 0.3137119113573407 0.26052631578947366 0.31336565096952906 0.05964912280701754 0.43698060941828254 0.058771929824561406 0.4373268698060942 0.2596491228070175 0.43698060941828254 0.26052631578947366
0 0.7368421052631579 0.09736842105263158 0.5844875346260388 0.09736842105263158 0.5841412742382271 0.05964912280701754 0.7368421052631579 0.058771929824561406 0.7371883656509696 0.09649122807017543 0.7368421052631579 0.09736842105263158
0 0.8088642659279779 0.718421052631579 0.7077562326869806 0.718421052631579 0.707409972299169 0.6578947368421053 0.5844875346260388 0.6570175438596492 0.5841412742382271 0.41228070175438597 0.6869806094182825 0.4114035087719298 0.6873268698060941 0.3157894736842105 0.7174515235457064 0.31491228070175437 0.7188365650969529 0.31140350877192985 0.7202216066481995 0.30964912280701756 0.721606648199446 0.3078947368421053 0.7236842105263158 0.3043859649122807 0.7250692520775623 0.3026315789473684 0.7271468144044322 0.29912280701754385 0.7285318559556787 0.29736842105263156 0.7299168975069252 0.2956140350877193 0.731994459833795 0.29210526315789476 0.7333795013850416 0.29035087719298247 0.7354570637119113 0.2868421052631579 0.7375346260387812 0.2833333333333333 0.7389196675900277 0.28157894736842104 0.7403047091412742 0.27982456140350875 0.7423822714681441 0.27631578947368424 0.7441135734072022 0.2736842105263158 0.7441135734072022 0.05964912280701754 0.8088642659279779 0.058771929824561406 0.8092105263157895 0.7175438596491228 0.8088642659279779 0.718421052631579
0 0.9362880886426593 0.09736842105263158 0.817174515235457 0.09736842105263158 0.8168282548476454 0.05964912280701754 0.9362880886426593 0.058771929824561406 0.9366343490304709 0.09649122807017543 0.9362880886426593 0.09736842105263158
0 0.15997229916897507 0.2307017543859649 0.0886426592797784 0.2307017543859649 0.08829639889196676 0.06842105263157895 0.15997229916897507 0.06754385964912281 0.1603185595567867 0.22982456140350876 0.15997229916897507 0.2307017543859649
0 0.6835180055401662 0.4043859649122807 0.5844875346260388 0.4043859649122807 0.5841412742382271 0.11578947368421053 0.6835180055401662 0.11491228070175438 0.6838642659279779 0.40350877192982454 0.6835180055401662 0.4043859649122807
0 0.7146814404432132 0.3078947368421053 0.6876731301939059 0.3078947368421053 0.6873268698060941 0.11578947368421053 0.7403047091412742 0.11491228070175438 0.7406509695290858 0.26842105263157895 0.739612188365651 0.2710526315789474 0.7382271468144044 0.27280701754385966 0.7368421052631579 0.27456140350877195 0.7347645429362881 0.27807017543859647 0.7326869806094183 0.28157894736842104 0.7313019390581718 0.2833333333333333 0.7299168975069252 0.2850877192982456 0.7278393351800554 0.2885964912280702 0.7264542936288089 0.29035087719298247 0.7250692520775623 0.29210526315789476 0.7229916897506925 0.2956140350877193 0.721606648199446 0.29736842105263156 0.7202216066481995 0.29912280701754385 0.7181440443213296 0.3026315789473684 0.7167590027700831 0.3043859649122807 0.7146814404432132 0.3078947368421053
0 0.9362880886426593 0.3850877192982456 0.8130193905817175 0.3850877192982456 0.8126731301939059 0.11578947368421053 0.9362880886426593 0.11491228070175438 0.9366343490304709 0.38421052631578945 0.9362880886426593 0.3850877192982456
0 0.21121883656509696 0.44298245614035087 0.08518005540166206 0.44298245614035087 0.08483379501385041 0.24561403508771928 0.15997229916897507 0.24473684210526317 0.1603185595567867 0.26842105263157895 0.21121883656509696 0.2692982456140351 0.2115650969529086 0.4421052631578947 0.21121883656509696 0.44298245614035087
0 0.43698060941828254 0.7254385964912281 0.2915512465373961 0.7254385964912281 0.2912049861495845 0.443859649122807 0.2918975069252078 0.4421052631578947 0.2918975069252078 0.34912280701754383 0.30886426592797783 0.3482456140350877 0.3092105263157895 0.27017543859649124 0.4916897506925208 0.2692982456140351 0.4920360110803324 0.5105263157894737 0.4376731301939058 0.5114035087719299 0.4373268698060942 0.724561403508772 0.43698060941828254 0.7254385964912281
0 0.9362880886426593 0.6570175438596492 0.8130193905817175 0.6570175438596492 0.8126731301939059 0.3929824561403509 0.9362880886426593 0.39210526315789473 0.9366343490304709 0.656140350877193 0.9362880886426593 0.6570175438596492
0 0.21121883656509696 0.7254385964912281 0.08518005540166206 0.7254385964912281 0.08483379501385041 0.4543859649122807 0.14473684210526316 0.4535087719298246 0.1450831024930748 0.5491228070175439 0.21121883656509696 0.55 0.2115650969529086 0.724561403508772 0.21121883656509696 0.7254385964912281
0 0.21121883656509696 0.5394736842105263 0.14889196675900276 0.5394736842105263 0.14854570637119113 0.4543859649122807 0.21121883656509696 0.4535087719298246 0.2115650969529086 0.5385964912280702 0.21121883656509696 0.5394736842105263
0 0.9362880886426593 0.718421052631579 0.8199445983379502 0.718421052631579 0.8195983379501385 0.6789473684210526 0.9362880886426593 0.6780701754385965 0.9366343490304709 0.7175438596491228 0.9362880886426593 0.718421052631579
0 0.6980609418282548 0.718421052631579 0.5844875346260388 0.718421052631579 0.5841412742382271 0.6807017543859649 0.6980609418282548 0.6798245614035088 0.6984072022160664 0.7175438596491228 0.6980609418282548 0.718421052631579
0 0.3192520775623269 0.8885964912280702 0.1987534626038781 0.8885964912280702 0.19840720221606647 0.756140350877193 0.3192520775623269 0.7552631578947369 0.3195983379501385 0.887719298245614 0.3192520775623269 0.8885964912280702