0 0.9701120797011208 0.25 0.8443337484433375 0.25 0.8437110834371109 0.06642066420664207 0.9701120797011208 0.06549815498154982 0.9707347447073474 0.24907749077490776 0.9701120797011208 0.25
0 0.5579078455790785 0.3385608856088561 0.3960149439601494 0.3385608856088561 0.3953922789539228 0.25276752767527677 0.3941469489414695 0.25092250922509224 0.3941469489414695 0.17896678966789667 0.5579078455790785 0.17804428044280443 0.5585305105853051 0.3376383763837638 0.5579078455790785 0.3385608856088561
0 0.6264009962640099 0.3385608856088561 0.564134495641345 0.3385608856088561 0.5635118306351183 0.17896678966789667 0.6264009962640099 0.17804428044280443 0.6270236612702366 0.3376383763837638 0.6264009962640099 0.3385608856088561
0 0.8281444582814446 0.4769372693726937 0.635118306351183 0.4769372693726937 0.6344956413449564 0.17896678966789667 0.8281444582814446 0.17804428044280443 0.8287671232876712 0.47601476014760147 0.8281444582814446 0.4769372693726937
0 0.38729763387297633 0.32564575645756455 0.30884184308841844 0.32564575645756455 0.3082191780821918 0.1863468634686347 0.38729763387297633 0.18542435424354242 0.387920298879203 0.3247232472324723 0.38729763387297633 0.32564575645756455
0 0.42839352428393523 0.5156826568265682 0.30884184308841844 0.5156826568265682 0.3082191780821918 0.34686346863468637 0.42839352428393523 0.3459409594095941 0.4290161892901619 0.514760147601476 0.42839352428393523 0.5156826568265682
0 0.5579078455790785 0.5156826568265682 0.42963885429638854 0.5156826568265682 0.4290161892901619 0.34686346863468637 0.5579078455790785 0.3459409594095941 0.5585305105853051 0.514760147601476 0.5579078455790785 0.5156826568265682
0 0.6264009962640099 0.7333948339483395 0.5342465753424658 0.7333948339483395 0.5336239103362391 0.5239852398523985 0.5628891656288917 0.5230627306273062 0.5635118306351183 0.34686346863468637 0.6264009962640099 0.3459409594095941 0.6270236612702366 0.7324723247232472 0.6264009962640099 0.7333948339483395
0 0.8281444582814446 0.8219557195571956 0.635118306351183 0.8219557195571956 0.6344956413449564 0.48523985239852396 0.8281444582814446 0.4843173431734317 0.8287671232876712 0.8210332103321033 0.8281444582814446 0.8219557195571956
0 0.526774595267746 0.8219557195571956 0.30884184308841844 0.8219557195571956 0.3082191780821918 0.5369003690036901 0.526774595267746 0.5359778597785978 0.5273972602739726 0.8210332103321033 0.526774595267746 0.8219557195571956
0 0.6264009962640099 0.8219557195571956 0.5342465753424658 0.8219557195571956 0.5336239103362391 0.7416974169741697 0.6264009962640099 0.7407749077490775 0.6270236612702366 0.8210332103321033 0.6264009962640099 0.8219557195571956