0 0.1383601756954612 0.24309664694280078 0.027086383601756955 0.24309664694280078 0.026720351390922402 0.022682445759368838 0.19619326500732065 0.022189349112426034 0.1965592972181552 0.23668639053254437 0.1390922401171303 0.23717948717948717 0.13872620790629575 0.24260355029585798 0.1383601756954612 0.24309664694280078
0 0.2679355783308931 0.35552268244575935 0.17642752562225475 0.35552268244575935 0.17606149341142022 0.2445759368836292 0.19912152269399708 0.2440828402366864 0.19948755490483164 0.23767258382642997 0.19692532942898974 0.23717948717948717 0.1965592972181552 0.022682445759368838 0.26939970717423134 0.022189349112426034 0.2697657393850659 0.28895463510848124 0.2683016105417277 0.28994082840236685 0.2683016105417277 0.35502958579881655 0.2679355783308931 0.35552268244575935
0 0.6844802342606149 0.04487179487179487 0.5087847730600292 0.04487179487179487 0.5084187408491947 0.02465483234714004 0.6844802342606149 0.024161735700197237 0.6848462664714495 0.04437869822485207 0.6844802342606149 0.04487179487179487
0 0.7679355783308931 0.3141025641025641 0.6939970717423133 0.3141025641025641 0.6936310395314788 0.02465483234714004 0.7679355783308931 0.024161735700197237 0.7683016105417276 0.3136094674556213 0.7679355783308931 0.3141025641025641
0 0.904099560761347 0.04487179487179487 0.7781844802342606 0.04487179487179487 0.777818448023426 0.02465483234714004 0.904099560761347 0.024161735700197237 0.9044655929721815 0.04437869822485207 0.904099560761347 0.04487179487179487
0 0.3945827232796486 0.12376725838264299 0.34480234260614934 0.12376725838264299 0.3444363103953148 0.02564102564102564 0.3945827232796486 0.02514792899408284 0.39494875549048314 0.1232741617357002 0.3945827232796486 0.12376725838264299
0 0.3367496339677892 0.128698224852071 0.2730600292825769 0.128698224852071 0.2726939970717423 0.027613412228796843 0.3367496339677892 0.027120315581854043 0.3371156661786237 0.1282051282051282 0.3367496339677892 0.128698224852071
0 0.6178623718887262 0.2539447731755424 0.5768667642752562 0.2539447731755424 0.5765007320644217 0.23076923076923078 0.5087847730600292 0.23027613412228798 0.5084187408491947 0.05719921104536489 0.6888726207906296 0.05670611439842209 0.6892386530014641 0.22189349112426035 0.6185944363103953 0.22238658777120315 0.6182284040995608 0.2534516765285996 0.6178623718887262 0.2539447731755424
0 0.904099560761347 0.3141025641025641 0.7730600292825769 0.3141025641025641 0.7726939970717424 0.05719921104536489 0.904099560761347 0.05670611439842209 0.9044655929721815 0.3136094674556213 0.904099560761347 0.3141025641025641
0 0.3953147877013177 0.25 0.3367496339677892 0.25 0.3363836017569546 0.21893491124260356 0.2730600292825769 0.21844181459566075 0.2726939970717423 0.13313609467455623 0.3367496339677892 0.13264299802761342 0.3371156661786237 0.16272189349112426 0.3396778916544656 0.16321499013806706 0.34004392386530014 0.13313609467455623 0.3953147877013177 0.13264299802761342 0.39568081991215226 0.2495069033530572 0.3953147877013177 0.25
0 0.3308931185944363 0.28944773175542404 0.2745241581259151 0.28944773175542404 0.27415812591508054 0.22682445759368836 0.3308931185944363 0.22633136094674555 0.33125915080527085 0.28895463510848124 0.3308931185944363 0.28944773175542404
0 0.6888726207906296 0.41074950690335305 0.5087847730600292 0.41074950690335305 0.5084187408491947 0.23668639053254437 0.5717423133235725 0.2361932938856016 0.572108345534407 0.2593688362919132 0.6222547584187409 0.259861932938856 0.6226207906295754 0.22879684418145957 0.6888726207906296 0.22830374753451677 0.6892386530014641 0.41025641025641024 0.6888726207906296 0.41074950690335305
0 0.17130307467057102 0.4156804733727811 0.027086383601756955 0.4156804733727811 0.026720351390922402 0.24358974358974358 0.1383601756954612 0.24309664694280078 0.1390922401171303 0.2440828402366864 0.17130307467057102 0.2440828402366864 0.17166910688140558 0.4151873767258383 0.17130307467057102 0.4156804733727811
0 0.3953147877013177 0.4156804733727811 0.27232796486090777 0.4156804733727811 0.2719619326500732 0.2948717948717949 0.33455344070278187 0.2943786982248521 0.3349194729136164 0.257396449704142 0.3953147877013177 0.2569033530571992 0.39568081991215226 0.4151873767258383 0.3953147877013177 0.4156804733727811
0 0.8030746705710102 0.41074950690335305 0.6939970717423133 0.41074950690335305 0.6936310395314788 0.32051282051282054 0.8030746705710102 0.32001972386587774 0.8034407027818448 0.41025641025641024 0.8030746705710102 0.41074950690335305
0 0.904099560761347 0.41074950690335305 0.808199121522694 0.41074950690335305 0.8078330893118595 0.32051282051282054 0.904099560761347 0.32001972386587774 0.9044655929721815 0.41025641025641024 0.904099560761347 0.41074950690335305
0 0.2679355783308931 0.4156804733727811 0.17642752562225475 0.4156804733727811 0.17606149341142022 0.3599605522682446 0.2679355783308931 0.3594674556213018 0.2683016105417277 0.4151873767258383 0.2679355783308931 0.4156804733727811
0 0.904099560761347 0.4432938856015779 0.5087847730600292 0.4432938856015779 0.5084187408491947 0.4230769230769231 0.904099560761347 0.42258382642998027 0.9044655929721815 0.4428007889546351 0.904099560761347 0.4432938856015779
0 0.5614934114202049 0.7736686390532544 0.29502196193265007 0.7736686390532544 0.29465592972181553 0.5473372781065089 0.4780380673499268 0.546844181459566 0.47840409956076135 0.6903353057199211 0.4890190336749634 0.6908284023668639 0.48938506588579794 0.5473372781065089 0.6910688140556369 0.546844181459566 0.6914348462664714 0.7544378698224852 0.5622254758418741 0.754930966469428 0.5618594436310396 0.7731755424063116 0.5614934114202049 0.7736686390532544
0 0.6910688140556369 0.9669625246548323 0.29502196193265007 0.9669625246548323 0.29465592972181553 0.7889546351084813 0.5724743777452416 0.7884615384615384 0.5728404099560761 0.7702169625246549 0.6910688140556369 0.769723865877712 0.6914348462664714 0.9664694280078896 0.6910688140556369 0.9669625246548323