0 0.21527138914443422 0.33814303638644916 0.05703771849126035 0.33814303638644916 0.05657773689052438 0.25094102885821834 0.078196872125115 0.25031367628607276 0.07865685372585096 0.26097867001254704 0.0827966881324747 0.2616060225846926 0.08325666973321068 0.10414052697616061 0.26954921803127874 0.10351317440401506 0.2700091996320147 0.15934755332496864 0.2750689972401104 0.1599749058971142 0.2755289788408464 0.2685069008782936 0.21619135234590617 0.2691342534504391 0.21573137074517018 0.33751568381430364 0.21527138914443422 0.33814303638644916
0 0.6504139834406624 0.33814303638644916 0.5915363385464582 0.33814303638644916 0.5910763569457221 0.3186951066499373 0.5896964121435143 0.3180677540777917 0.5892364305427783 0.33751568381430364 0.547378104875805 0.33814303638644916 0.546918123275069 0.26348808030112925 0.5887764489420423 0.26286072772898367 0.5892364305427783 0.2860727728983689 0.5906163753449862 0.28670012547051443 0.5910763569457221 0.26348808030112925 0.5998160073597056 0.26286072772898367 0.6002759889604415 0.21831869510664995 0.6011959521619136 0.21706398996235884 0.6011959521619136 0.10915934755332497 0.6504139834406624 0.10853199498117942 0.6508739650413984 0.2584692597239649 0.6228150873965042 0.2590966122961104 0.6223551057957681 0.28983688833124216 0.6504139834406624 0.2904642409033877 0.6508739650413984 0.33751568381430364 0.6504139834406624 0.33814303638644916
0 0.7718491260349586 0.33814303638644916 0.6550137994480221 0.33814303638644916 0.6545538178472861 0.10915934755332497 0.7718491260349586 0.10853199498117942 0.7723091076356946 0.33751568381430364 0.7718491260349586 0.33814303638644916
0 0.40110395584176634 0.33814303638644916 0.27874885004599814 0.33814303638644916 0.2782888684452622 0.1606022584692597 0.40110395584176634 0.1599749058971142 0.4015639374425023 0.33751568381430364 0.40110395584176634 0.33814303638644916
0 0.5436982520699172 0.2791718946047679 0.40386384544618215 0.2791718946047679 0.4034038638454462 0.1606022584692597 0.5436982520699172 0.1599749058971142 0.5441582336706532 0.27854454203262236 0.5436982520699172 0.2791718946047679
0 0.5979760809567617 0.2189460476787955 0.547378104875805 0.2189460476787955 0.546918123275069 0.1606022584692597 0.5979760809567617 0.1599749058971142 0.5984360625574977 0.21831869510664995 0.5979760809567617 0.2189460476787955
0 0.5979760809567617 0.2590966122961104 0.547378104875805 0.2590966122961104 0.546918123275069 0.22208281053952322 0.5979760809567617 0.22145545796737767 0.5984360625574977 0.2584692597239649 0.5979760809567617 0.2590966122961104
0 0.6504139834406624 0.28795483061480553 0.624655013799448 0.28795483061480553 0.6241950321987121 0.26348808030112925 0.6504139834406624 0.26286072772898367 0.6508739650413984 0.28732747804265996 0.6504139834406624 0.28795483061480553
0 0.2750689972401104 0.3933500627352572 0.21619135234590617 0.3933500627352572 0.21573137074517018 0.2697616060225847 0.2750689972401104 0.2691342534504391 0.2755289788408464 0.39272271016311167 0.2750689972401104 0.3933500627352572
0 0.5436982520699172 0.33814303638644916 0.40386384544618215 0.33814303638644916 0.4034038638454462 0.2835633626097867 0.5436982520699172 0.28293601003764113 0.5441582336706532 0.33751568381430364 0.5436982520699172 0.33814303638644916
0 0.31646734130634774 0.3933500627352572 0.27874885004599814 0.3933500627352572 0.2782888684452622 0.34127979924717694 0.31646734130634774 0.34065244667503136 0.3169273229070837 0.39272271016311167 0.31646734130634774 0.3933500627352572
0 0.2125114995400184 0.3933500627352572 0.17939282428702852 0.3933500627352572 0.17893284268629256 0.342534504391468 0.2125114995400184 0.34190715181932246 0.21297148114075437 0.39272271016311167 0.2125114995400184 0.3933500627352572
0 0.078196872125115 0.7296110414052698 0.05611775528978841 0.7296110414052698 0.05565777368905244 0.5646173149309912 0.078196872125115 0.5639899623588457 0.07865685372585096 0.7289836888331243 0.078196872125115 0.7296110414052698
0 0.546458141674333 0.9491844416562107 0.32106715731370744 0.9491844416562107 0.3206071757129715 0.8318695106649937 0.32750689972401104 0.8312421580928482 0.327966881324747 0.8255959849435383 0.27230910763569455 0.8249686323713927 0.2718491260349586 0.8306148055207027 0.31646734130634774 0.8312421580928482 0.3169273229070837 0.8795483061480552 0.21435142594296228 0.8801756587202008 0.21389144434222632 0.8255959849435383 0.05795768169273229 0.8249686323713927 0.05749770009199632 0.7377666248431619 0.078196872125115 0.7371392722710163 0.07865685372585096 0.7478042659974906 0.0827966881324747 0.7484316185696361 0.08325666973321068 0.5909661229611042 0.26954921803127874 0.5903387703889585 0.2700091996320147 0.6461731493099122 0.3422263109475621 0.6468005018820577 0.3426862925482981 0.7791718946047679 0.546458141674333 0.7797992471769134 0.546918123275069 0.8243412797992472 0.36154553817847285 0.8249686323713927 0.3610855565777369 0.8306148055207027 0.546458141674333 0.8312421580928482 0.546918123275069 0.9485570890840652 0.546458141674333 0.9491844416562107
0 0.9392824287028518 0.8249686323713927 0.7773689052437902 0.8249686323713927 0.7769089236430543 0.5922208281053952 0.9392824287028518 0.5915934755332497 0.9397424103035878 0.8243412797992472 0.9392824287028518 0.8249686323713927
0 0.7727690892364305 0.7898368883312421 0.7175712971481141 0.7898368883312421 0.7171113155473781 0.7867001254705144 0.702851885924563 0.7860727728983689 0.702391904323827 0.7089084065244667 0.7000919963201472 0.7082810539523212 0.6996320147194113 0.7302383939774153 0.6605335786568537 0.7308657465495608 0.6600735970561178 0.5972396486825596 0.6991720331186753 0.596612296110414 0.6996320147194113 0.6737766624843162 0.7727690892364305 0.6744040150564617 0.7732290708371665 0.7892095357590966 0.7727690892364305 0.7898368883312421
0 0.7727690892364305 0.6706398996235885 0.7046918123275069 0.6706398996235885 0.704231830726771 0.5972396486825596 0.7727690892364305 0.596612296110414 0.7732290708371665 0.6700125470514429 0.7727690892364305 0.6706398996235885
0 0.40110395584176634 0.7760351317440402 0.34498620055197793 0.7760351317440402 0.34452621895124197 0.6474278544542033 0.40110395584176634 0.6468005018820577 0.4015639374425023 0.7754077791718946 0.40110395584176634 0.7760351317440402
0 0.4609015639374425 0.7760351317440402 0.40386384544618215 0.7760351317440402 0.4034038638454462 0.6474278544542033 0.4609015639374425 0.6468005018820577 0.4613615455381785 0.7754077791718946 0.4609015639374425 0.7760351317440402
0 0.546458141674333 0.7760351317440402 0.48850045998160074 0.7760351317440402 0.4880404783808648 0.7038895859473023 0.46550137994480223 0.7032622333751568 0.4650413983440662 0.6474278544542033 0.546458141674333 0.6468005018820577 0.546918123275069 0.7754077791718946 0.546458141674333 0.7760351317440402
0 0.6540938362465502 0.8249686323713927 0.5501379944802208 0.8249686323713927 0.5496780128794848 0.6474278544542033 0.6540938362465502 0.6468005018820577 0.6545538178472861 0.8243412797992472 0.6540938362465502 0.8249686323713927
0 0.48574057037718493 0.7760351317440402 0.46550137994480223 0.7760351317440402 0.4650413983440662 0.7063989962358845 0.48574057037718493 0.705771643663739 0.4862005519779209 0.7754077791718946 0.48574057037718493 0.7760351317440402
0 0.7221711131554738 0.8249686323713927 0.6605335786568537 0.8249686323713927 0.6600735970561178 0.7352572145545797 0.6991720331186753 0.7346298619824341 0.6996320147194113 0.7929736511919699 0.7221711131554738 0.7936010037641155 0.7226310947562098 0.8243412797992472 0.7221711131554738 0.8249686323713927
0 0.7727690892364305 0.8249686323713927 0.7258509659613616 0.8249686323713927 0.7253909843606255 0.794228356336261 0.7727690892364305 0.7936010037641155 0.7732290708371665 0.8243412797992472 0.7727690892364305 0.8249686323713927
0 0.21067157313707452 0.8801756587202008 0.16467341306347746 0.8801756587202008 0.16421343146274148 0.8281053952321205 0.21067157313707452 0.8274780426599749 0.21113155473781048 0.8795483061480552 0.21067157313707452 0.8801756587202008
0 0.6568537258509659 0.9491844416562107 0.5501379944802208 0.9491844416562107 0.5496780128794848 0.8318695106649937 0.5998160073597056 0.8312421580928482 0.6002759889604415 0.8670012547051443 0.624655013799448 0.8676286072772899 0.625114995400184 0.8318695106649937 0.6568537258509659 0.8312421580928482 0.6573137074517019 0.9485570890840652 0.6568537258509659 0.9491844416562107
0 0.7727690892364305 0.9491844416562107 0.6605335786568537 0.9491844416562107 0.6600735970561178 0.8318695106649937 0.7727690892364305 0.8312421580928482 0.7732290708371665 0.9485570890840652 0.7727690892364305 0.9491844416562107
0 0.6218951241950322 0.8638644918444166 0.6025758969641214 0.8638644918444166 0.6021159153633855 0.8343789209535759 0.6218951241950322 0.8337515683814304 0.6223551057957681 0.863237139272271 0.6218951241950322 0.8638644918444166