0 0.7559681697612732 0.33103081827842723 0.5349248452696729 0.33103081827842723 0.5344827586206896 0.153028692879915 0.5335985853227233 0.15196599362380447 0.5335985853227233 0.06376195536663125 0.9416445623342176 0.06323060573857599 0.9420866489832007 0.1647183846971307 0.8824049513704686 0.16524973432518597 0.8819628647214854 0.11477151965993623 0.7568523430592397 0.11424017003188097 0.7564102564102564 0.33049946865037194 0.7559681697612732 0.33103081827842723
0 0.14677276746242263 0.2332624867162593 0.040671971706454466 0.2332624867162593 0.040229885057471264 0.08607863974495218 0.16445623342175067 0.08554729011689692 0.16489832007073385 0.1647183846971307 0.14765694076038904 0.16524973432518597 0.14721485411140584 0.23273113708820403 0.14677276746242263 0.2332624867162593
0 0.27055702917771884 0.3427205100956429 0.16534040671971706 0.3427205100956429 0.16489832007073385 0.08607863974495218 0.2608311229000884 0.08554729011689692 0.2612732095490716 0.19659936238044634 0.26215738284703805 0.19766206163655686 0.26215738284703805 0.20085015940488843 0.27055702917771884 0.2013815090329437 0.27099911582670205 0.3421891604675877 0.27055702917771884 0.3427205100956429
0 0.381078691423519 0.1971307120085016 0.31741821396993813 0.1971307120085016 0.3169761273209549 0.1339001062699256 0.27144120247568526 0.13336875664187034 0.27099911582670205 0.08607863974495218 0.33775419982316535 0.08554729011689692 0.33819628647214856 0.19341126461211477 0.34040671971706454 0.19394261424017004 0.34084880636604775 0.17534537725823593 0.35543766578249336 0.17481402763018067 0.35587975243147657 0.19341126461211477 0.381078691423519 0.19394261424017004 0.38152077807250223 0.19659936238044634 0.381078691423519 0.1971307120085016
0 0.4376657824933687 0.19075451647183847 0.3598585322723254 0.19075451647183847 0.3594164456233422 0.17109458023379384 0.34129089301503096 0.17056323060573858 0.34084880636604775 0.08607863974495218 0.4376657824933687 0.08554729011689692 0.4381078691423519 0.1902231668437832 0.4376657824933687 0.19075451647183847
0 0.8408488063660478 0.2290116896918172 0.762157382847038 0.2290116896918172 0.7617152961980548 0.12114771519659936 0.8107869142351901 0.1206163655685441 0.8112290008841733 0.17003188097768332 0.8408488063660478 0.17056323060573858 0.8412908930150309 0.22848034006376194 0.8408488063660478 0.2290116896918172
0 0.8762157382847038 0.1663124335812965 0.8152077807250221 0.1663124335812965 0.8147656940760389 0.12114771519659936 0.8762157382847038 0.1206163655685441 0.876657824933687 0.16578108395324123 0.8762157382847038 0.1663124335812965
0 0.3138815207780725 0.1971307120085016 0.26436781609195403 0.1971307120085016 0.2639257294429708 0.1381509032943677 0.3138815207780725 0.13761955366631243 0.31432360742705573 0.19659936238044634 0.3138815207780725 0.1971307120085016
0 0.16445623342175067 0.20031880977683317 0.15119363395225463 0.20031880977683317 0.15075154730327145 0.17003188097768332 0.16445623342175067 0.16950053134962806 0.16489832007073385 0.1997874601487779 0.16445623342175067 0.20031880977683317
0 0.9372236958443855 0.2842720510095643 0.8461538461538461 0.2842720510095643 0.845711759504863 0.17109458023379384 0.9372236958443855 0.17056323060573858 0.9376657824933687 0.28374070138150903 0.9372236958443855 0.2842720510095643
0 0.4376657824933687 0.2438894792773645 0.38461538461538464 0.2438894792773645 0.38417329796640143 0.1944739638682253 0.4376657824933687 0.19394261424017004 0.4381078691423519 0.24335812964930925 0.4376657824933687 0.2438894792773645
0 0.3510167992926614 0.2587672688629118 0.3297966401414677 0.2587672688629118 0.32935455349248455 0.24442082890541977 0.27144120247568526 0.2438894792773645 0.27099911582670205 0.20191285866099895 0.2625994694960212 0.2013815090329437 0.26215738284703805 0.19766206163655686 0.3138815207780725 0.1971307120085016 0.3147656940760389 0.19819341126461212 0.3165340406719717 0.19819341126461212 0.31741821396993813 0.1971307120085016 0.381078691423519 0.1971307120085016 0.38152077807250223 0.24335812964930925 0.35190097259062775 0.2438894792773645 0.35145888594164454 0.25823591923485656 0.3510167992926614 0.2587672688629118
0 0.8408488063660478 0.3257173219978746 0.7612732095490716 0.3257173219978746 0.7608311229000884 0.23379383634431455 0.8408488063660478 0.2332624867162593 0.8412908930150309 0.32518597236981933 0.8408488063660478 0.3257173219978746
0 0.09549071618037135 0.2747077577045696 0.06896551724137931 0.2747077577045696 0.06852343059239611 0.23804463336875664 0.09549071618037135 0.23751328374070138 0.09593280282935455 0.27417640807651433 0.09549071618037135 0.2747077577045696
0 0.16180371352785147 0.3427205100956429 0.08222811671087533 0.3427205100956429 0.08178603006189213 0.27948990435706694 0.09902740937223696 0.2789585547290117 0.09946949602122016 0.23804463336875664 0.16180371352785147 0.23751328374070138 0.16224580017683465 0.3421891604675877 0.16180371352785147 0.3427205100956429
0 0.4376657824933687 0.3427205100956429 0.33775419982316535 0.3427205100956429 0.33731211317418214 0.2964930924548353 0.3359858532272325 0.29596174282678 0.33554376657824936 0.3421891604675877 0.2749778956675508 0.3427205100956429 0.27453580901856767 0.24760892667375134 0.32625994694960214 0.24707757704569608 0.3267020335985853 0.2624867162592986 0.3510167992926614 0.2630180658873539 0.35145888594164454 0.29436769394261425 0.3536693191865606 0.2948990435706695 0.3541114058355438 0.24760892667375134 0.4376657824933687 0.24707757704569608 0.4381078691423519 0.3421891604675877 0.4376657824933687 0.3427205100956429
0 0.9416445623342176 0.33103081827842723 0.847922192749779 0.33103081827842723 0.8474801061007957 0.29011689691817216 0.9416445623342176 0.2895855472901169 0.9420866489832007 0.33049946865037194 0.9416445623342176 0.33103081827842723
0 0.8284703801945181 0.657279489904357 0.5888594164456233 0.657279489904357 0.5884173297966402 0.5005313496280552 0.8284703801945181 0.5 0.8289124668435013 0.6567481402763018 0.8284703801945181 0.657279489904357
0 0.5817860300618921 0.5882040382571733 0.4624226348364279 0.5882040382571733 0.4619805481874447 0.5802337938363443 0.3740053050397878 0.5797024442082891 0.3735632183908046 0.5270988310308182 0.5817860300618921 0.526567481402763 0.5822281167108754 0.5876726886291179 0.5817860300618921 0.5882040382571733
0 0.29000884173297964 0.6562167906482466 0.18213969938107868 0.6562167906482466 0.1816976127320955 0.6524973432518597 0.1246684350132626 0.6519659936238045 0.1242263483642794 0.563230605738576 0.1812555260831123 0.5626992561105207 0.1816976127320955 0.5281615302869288 0.36693191865605657 0.5276301806588736 0.3673740053050398 0.59192348565356 0.3041556145004421 0.5924548352816154 0.3037135278514589 0.640807651434644 0.29089301503094606 0.6413390010626993 0.29045092838196285 0.6556854410201913 0.29000884173297964 0.6562167906482466
0 0.40141467727674623 0.6392136025504782 0.3740053050397878 0.6392136025504782 0.3735632183908046 0.5834218916046758 0.40141467727674623 0.5828905419766206 0.40185676392572944 0.638682252922423 0.40141467727674623 0.6392136025504782
0 0.4323607427055703 0.7454835281615303 0.3740053050397878 0.7454835281615303 0.3735632183908046 0.6439957492029755 0.40583554376657827 0.6434643995749203 0.4062776304155615 0.5834218916046758 0.4562334217506631 0.5828905419766206 0.4566755083996463 0.6259298618490967 0.4332449160035367 0.626461211477152 0.4328028293545535 0.7449521785334751 0.4323607427055703 0.7454835281615303
0 0.5817860300618921 0.7805526036131775 0.4385499557913351 0.7805526036131775 0.4381078691423519 0.6333687566418703 0.46153846153846156 0.6328374070138151 0.4619805481874447 0.5951115834218916 0.5817860300618921 0.5945802337938364 0.5822281167108754 0.7800212539851222 0.5817860300618921 0.7805526036131775
0 0.36693191865605657 0.6562167906482466 0.3076923076923077 0.6562167906482466 0.3072502210433245 0.5993623804463337 0.36693191865605657 0.5988310308182784 0.3673740053050398 0.6556854410201913 0.36693191865605657 0.6562167906482466
0 0.36693191865605657 0.7157279489904357 0.29619805481874445 0.7157279489904357 0.2957559681697613 0.6790648246546227 0.3068081343943413 0.6785334750265675 0.3072502210433245 0.6620616365568545 0.36693191865605657 0.6615302869287991 0.3673740053050398 0.7151965993623804 0.36693191865605657 0.7157279489904357
0 0.29089301503094606 0.7805526036131775 0.1830238726790451 0.7805526036131775 0.1825817860300619 0.722635494155154 0.1816976127320955 0.7215727948990436 0.1816976127320955 0.6641870350690755 0.29000884173297964 0.6636556854410202 0.29045092838196285 0.6705632306057385 0.29133510167992926 0.6716259298618491 0.29133510167992926 0.7800212539851222 0.29089301503094606 0.7805526036131775
0 0.36693191865605657 0.7805526036131775 0.29619805481874445 0.7805526036131775 0.2957559681697613 0.7215727948990436 0.36693191865605657 0.7210414452709883 0.3673740053050398 0.7800212539851222 0.36693191865605657 0.7805526036131775
0 0.4323607427055703 0.7805526036131775 0.3740053050397878 0.7805526036131775 0.3735632183908046 0.7502656748140276 0.4323607427055703 0.7497343251859724 0.4328028293545535 0.7800212539851222 0.4323607427055703 0.7805526036131775