0 0.2811965811965812 0.23065476190476192 0.2222222222222222 0.23065476190476192 0.22179487179487178 0.03273809523809524 0.2811965811965812 0.032242063492063495 0.2816239316239316 0.23015873015873015 0.2811965811965812 0.23065476190476192
0 0.4948717948717949 0.23065476190476192 0.28717948717948716 0.23065476190476192 0.28675213675213673 0.03273809523809524 0.4948717948717949 0.032242063492063495 0.4952991452991453 0.23015873015873015 0.4948717948717949 0.23065476190476192
0 0.3034188034188034 0.3368055555555556 0.17863247863247864 0.3368055555555556 0.1782051282051282 0.23809523809523808 0.3034188034188034 0.23759920634920634 0.3038461538461538 0.33630952380952384 0.3034188034188034 0.3368055555555556
0 0.5786324786324787 0.48660714285714285 0.5777777777777777 0.48561507936507936 0.31025641025641026 0.48561507936507936 0.30982905982905984 0.23809523809523808 0.5786324786324787 0.23759920634920634 0.5790598290598291 0.4861111111111111 0.5786324786324787 0.48660714285714285
0 0.917094017094017 0.5987103174603174 0.5957264957264957 0.5987103174603174 0.5952991452991453 0.5267857142857143 0.5777777777777777 0.5262896825396826 0.5773504273504273 0.4861111111111111 0.5786324786324787 0.48660714285714285 0.5790598290598291 0.33630952380952384 0.917094017094017 0.33581349206349204 0.9175213675213675 0.5982142857142857 0.917094017094017 0.5987103174603174
0 0.3034188034188034 0.48561507936507936 0.18547008547008548 0.48561507936507936 0.18504273504273505 0.34325396825396826 0.3034188034188034 0.3427579365079365 0.3038461538461538 0.4851190476190476 0.3034188034188034 0.48561507936507936
0 0.5957264957264957 0.6919642857142857 0.4282051282051282 0.6919642857142857 0.42777777777777776 0.6845238095238095 0.4269230769230769 0.683531746031746 0.4269230769230769 0.6676587301587301 0.42606837606837605 0.6666666666666666 0.42606837606837605 0.6597222222222222 0.4252136752136752 0.6587301587301587 0.4252136752136752 0.6428571428571429 0.42435897435897435 0.6418650793650794 0.42435897435897435 0.626984126984127 0.4235042735042735 0.6259920634920635 0.4235042735042735 0.6180555555555556 0.42264957264957265 0.6170634920634921 0.42264957264957265 0.4930555555555556 0.4153846153846154 0.49255952380952384 0.414957264957265 0.4861111111111111 0.5769230769230769 0.48561507936507936 0.5773504273504273 0.5257936507936508 0.5948717948717949 0.5262896825396826 0.5952991452991453 0.5982142857142857 0.5961538461538461 0.5992063492063492 0.5961538461538461 0.691468253968254 0.5957264957264957 0.6919642857142857
0 0.4222222222222222 0.6304563492063492 0.2504273504273504 0.6304563492063492 0.25 0.5942460317460317 0.17863247863247864 0.59375 0.1782051282051282 0.4930555555555556 0.23846153846153847 0.49255952380952384 0.2388888888888889 0.5307539682539683 0.24444444444444444 0.53125 0.24487179487179486 0.4930555555555556 0.4222222222222222 0.49255952380952384 0.42264957264957265 0.6299603174603174 0.4222222222222222 0.6304563492063492
0 0.24444444444444444 0.6433531746031746 0.17863247863247864 0.6433531746031746 0.1782051282051282 0.6001984126984127 0.24444444444444444 0.5997023809523809 0.24487179487179486 0.6428571428571429 0.24444444444444444 0.6433531746031746
0 0.7555555555555555 0.8229166666666666 0.6017094017094017 0.8229166666666666 0.6012820512820513 0.6051587301587301 0.7555555555555555 0.6046626984126984 0.755982905982906 0.8224206349206349 0.7555555555555555 0.8229166666666666
0 0.917094017094017 0.8229166666666666 0.7615384615384615 0.8229166666666666 0.7611111111111111 0.6051587301587301 0.917094017094017 0.6046626984126984 0.9175213675213675 0.8224206349206349 0.917094017094017 0.8229166666666666
0 0.4222222222222222 0.8229166666666666 0.2504273504273504 0.8229166666666666 0.25 0.6378968253968254 0.4222222222222222 0.6374007936507936 0.42264957264957265 0.8224206349206349 0.4222222222222222 0.8229166666666666
0 0.5188034188034188 0.8229166666666666 0.4282051282051282 0.8229166666666666 0.42777777777777776 0.6994047619047619 0.5188034188034188 0.6989087301587301 0.5192307692307693 0.8224206349206349 0.5188034188034188 0.8229166666666666
0 0.5957264957264957 0.8229166666666666 0.5256410256410257 0.8229166666666666 0.5252136752136752 0.6994047619047619 0.5957264957264957 0.6989087301587301 0.5961538461538461 0.8224206349206349 0.5957264957264957 0.8229166666666666