0 0.9579256360078278 0.18957617411225658 0.9031311154598826 0.18957617411225658 0.9026418786692759 0.0882016036655212 0.9579256360078278 0.08762886597938144 0.9584148727984344 0.18900343642611683 0.9579256360078278 0.18957617411225658
0 0.33659491193737767 0.5423825887743413 0.2602739726027397 0.5423825887743413 0.25978473581213307 0.2073310423825888 0.4628180039138943 0.206758304696449 0.46330724070450097 0.427262313860252 0.4642857142857143 0.4284077892325315 0.4642857142857143 0.5257731958762887 0.45401174168297453 0.5263459335624284 0.4535225048923679 0.5406643757159221 0.337573385518591 0.5412371134020618 0.33659491193737767 0.5423825887743413
0 0.5772994129158513 0.42783505154639173 0.4637964774951076 0.42783505154639173 0.46330724070450097 0.2073310423825888 0.5772994129158513 0.206758304696449 0.5777886497064579 0.427262313860252 0.5772994129158513 0.42783505154639173
0 0.7661448140900196 0.4473081328751432 0.6252446183953033 0.4473081328751432 0.6247553816046967 0.2073310423825888 0.7661448140900196 0.206758304696449 0.7666340508806262 0.44673539518900346 0.7661448140900196 0.4473081328751432
0 0.9510763209393346 0.46449026345933564 0.9001956947162426 0.46449026345933564 0.899706457925636 0.424971363115693 0.8209393346379648 0.42439862542955326 0.8204500978473581 0.44673539518900346 0.7729941291585127 0.4473081328751432 0.7725048923679061 0.2073310423825888 0.9510763209393346 0.206758304696449 0.9515655577299413 0.4639175257731959 0.9510763209393346 0.46449026345933564
0 0.8933463796477495 0.5137457044673539 0.8297455968688845 0.5137457044673539 0.8277886497064579 0.5114547537227949 0.8268101761252447 0.5126002290950744 0.826320939334638 0.43184421534937 0.8933463796477495 0.43127147766323026 0.8938356164383562 0.5131729667812142 0.8933463796477495 0.5137457044673539
0 0.5772994129158513 0.5263459335624284 0.4794520547945205 0.5263459335624284 0.4789628180039139 0.5131729667812142 0.46966731898238745 0.5126002290950744 0.4691780821917808 0.4352806414662085 0.5772994129158513 0.43470790378006874 0.5777886497064579 0.5257731958762887 0.5772994129158513 0.5263459335624284
0 0.7103718199608611 0.5412371134020618 0.6252446183953033 0.5412371134020618 0.6247553816046967 0.4547537227949599 0.7103718199608611 0.45418098510882016 0.7108610567514677 0.5406643757159221 0.7103718199608611 0.5412371134020618
0 0.761252446183953 0.6706758304696449 0.6252446183953033 0.6706758304696449 0.6247553816046967 0.5498281786941581 0.7172211350293543 0.5492554410080184 0.7177103718199609 0.4547537227949599 0.8199608610567515 0.45418098510882016 0.8204500978473581 0.5211912943871707 0.8175146771037182 0.5246277205040092 0.8106653620352251 0.5337915234822451 0.8077299412915852 0.5383734249713631 0.8072407045009785 0.5400916380297823 0.8047945205479452 0.5418098510882016 0.800880626223092 0.5475372279495991 0.7950097847358122 0.5555555555555556 0.788160469667319 0.5647193585337915 0.7822896281800391 0.572737686139748 0.7793542074363993 0.5773195876288659 0.776908023483366 0.5813287514318443 0.775440313111546 0.581901489117984 0.7715264187866928 0.5876288659793815 0.7666340508806262 0.5945017182130584 0.7607632093933464 0.6025200458190149 0.7607632093933464 0.6048109965635738 0.7617416829745597 0.6059564719358533 0.7617416829745597 0.6701030927835051 0.761252446183953 0.6706758304696449
0 0.9510763209393346 0.6706758304696449 0.7622309197651663 0.6706758304696449 0.7617416829745597 0.6071019473081328 0.764187866927593 0.6088201603665521 0.7676125244618396 0.6048109965635738 0.7715264187866928 0.5990836197021764 0.7720156555772995 0.5973654066437571 0.7744618395303327 0.5956471935853379 0.7793542074363993 0.588774341351661 0.7871819960861057 0.5784650630011455 0.7920743639921722 0.5715922107674685 0.7935420743639922 0.5687285223367697 0.7950097847358122 0.56815578465063 0.7989236790606654 0.5624284077892325 0.8018590998043053 0.5578465063001146 0.8023483365949119 0.5561282932416953 0.8057729941291585 0.5532646048109966 0.8087084148727984 0.5486827033218786 0.8111545988258317 0.5446735395189003 0.8126223091976517 0.5441008018327605 0.8165362035225049 0.5383734249713631 0.8189823874755382 0.5343642611683849 0.8204500978473581 0.5337915234822451 0.8243639921722113 0.5280641466208477 0.8297455968688845 0.520618556701031 0.8992172211350293 0.520618556701031 0.899706457925636 0.4845360824742268 0.9510763209393346 0.48396334478808706 0.9515655577299413 0.6701030927835051 0.9510763209393346 0.6706758304696449
0 0.2465753424657534 0.8768613974799542 0.04207436399217221 0.8768613974799542 0.041585127201565555 0.49713631156930127 0.2465753424657534 0.4965635738831615 0.24706457925636008 0.8762886597938144 0.2465753424657534 0.8768613974799542
0 0.5772994129158513 0.6695303550973654 0.4589041095890411 0.6695303550973654 0.45841487279843446 0.5326460481099656 0.5772994129158513 0.5320733104238259 0.5777886497064579 0.6689576174112256 0.5772994129158513 0.6695303550973654
0 0.45303326810176126 0.6695303550973654 0.337573385518591 0.6695303550973654 0.33708414872798437 0.6105383734249714 0.3796477495107632 0.6099656357388317 0.3801369863013699 0.6036655211912944 0.34344422700587085 0.6030927835051546 0.3429549902152642 0.5498281786941581 0.3796477495107632 0.5492554410080184 0.3801369863013699 0.5441008018327605 0.337573385518591 0.5435280641466208 0.33708414872798437 0.5418098510882016 0.45303326810176126 0.5412371134020618 0.4535225048923679 0.6689576174112256 0.45303326810176126 0.6695303550973654
0 0.33659491193737767 0.6695303550973654 0.2602739726027397 0.6695303550973654 0.25978473581213307 0.5498281786941581 0.33659491193737767 0.5492554410080184 0.33708414872798437 0.6025200458190149 0.30724070450097846 0.6030927835051546 0.3067514677103718 0.6093928980526919 0.33659491193737767 0.6099656357388317 0.33708414872798437 0.6689576174112256 0.33659491193737767 0.6695303550973654
0 0.45303326810176126 0.7359679266895762 0.3669275929549902 0.7359679266895762 0.3664383561643836 0.6758304696449027 0.45303326810176126 0.6752577319587629 0.4535225048923679 0.7353951890034365 0.45303326810176126 0.7359679266895762
0 0.3561643835616438 0.8665521191294387 0.25440313111545987 0.8665521191294387 0.25391389432485323 0.6872852233676976 0.3512720156555773 0.6867124856815578 0.35176125244618395 0.7502863688430699 0.3561643835616438 0.7508591065292096 0.3566536203522505 0.865979381443299 0.3561643835616438 0.8665521191294387