0 0.21893491124260356 0.5 0.11439842209072978 0.5 0.11341222879684418 0.19312602291325695 0.7593688362919132 0.19230769230769232 0.7603550295857988 0.4369885433715221 0.7386587771203156 0.45499181669394434 0.73767258382643 0.4574468085106383 0.7347140039447732 0.4582651391162029 0.7149901380670611 0.4762684124386252 0.6942800788954635 0.4950900163666121 0.6686390532544378 0.47381342062193127 0.6538461538461539 0.46317512274959083 0.6489151873767258 0.4574468085106383 0.6232741617357002 0.43780687397708673 0.6124260355029586 0.43044189852700493 0.6055226824457594 0.4230769230769231 0.5739644970414202 0.3985270049099836 0.5710059171597633 0.397708674304419 0.5641025641025641 0.3903436988543372 0.5512820512820513 0.381342062193126 0.5502958579881657 0.3788870703764321 0.52465483234714 0.35924713584288054 0.4289940828402367 0.4386252045826514 0.4280078895463511 0.4410801963993453 0.3865877712031558 0.47381342062193127 0.3826429980276134 0.47381342062193127 0.3806706114398422 0.47545008183306053 0.3727810650887574 0.47545008183306053 0.3708086785009862 0.47708674304418985 0.3629191321499014 0.47708674304418985 0.3609467455621302 0.4787234042553192 0.3510848126232742 0.4787234042553192 0.34911242603550297 0.48036006546644844 0.34122287968441817 0.48036006546644844 0.33925049309664695 0.48199672667757776 0.33136094674556216 0.48199672667757776 0.32938856015779094 0.483633387888707 0.31952662721893493 0.483633387888707 0.3175542406311637 0.48527004909983634 0.3096646942800789 0.48527004909983634 0.3076923076923077 0.4869067103109656 0.29980276134122286 0.4869067103109656 0.2978303747534517 0.4885433715220949 0.2879684418145957 0.4885433715220949 0.2859960552268245 0.49018003273322425 0.2781065088757396 0.49018003273322425 0.27613412228796846 0.4918166939443535 0.26232741617357 0.4918166939443535 0.2603550295857988 0.49345335515548283 0.252465483234714 0.49345335515548283 0.2504930966469428 0.4950900163666121 0.24260355029585798 0.4950900163666121 0.2406311637080868 0.4967266775777414 0.23076923076923078 0.4967266775777414 0.22879684418145957 0.4983633387888707 0.22090729783037474 0.4983633387888707 0.21893491124260356 0.5
0 0.9270216962524654 0.3183306055646481 0.7751479289940828 0.3183306055646481 0.7741617357001972 0.19967266775777415 0.9270216962524654 0.1988543371522095 0.928007889546351 0.31751227495908346 0.9270216962524654 0.3183306055646481
0 0.9368836291913215 0.5736497545008183 0.7633136094674556 0.5736497545008183 0.6873767258382643 0.5090016366612111 0.6932938856015779 0.5057283142389526 0.7080867850098619 0.4918166939443535 0.7149901380670611 0.4877250409165303 0.742603550295858 0.46317512274959083 0.747534516765286 0.4574468085106383 0.7544378698224852 0.4533551554828151 0.7682445759368837 0.4402618657937807 0.7682445759368837 0.32733224222585927 0.9368836291913215 0.3265139116202946 0.9378698224852071 0.5728314238952537 0.9368836291913215 0.5736497545008183
0 0.5562130177514792 0.6129296235679215 0.5128205128205128 0.5769230769230769 0.5098619329388561 0.5761047463175123 0.47337278106508873 0.544189852700491 0.3875739644970414 0.4746317512274959 0.4260355029585799 0.4410801963993453 0.4289940828402367 0.4402618657937807 0.52465483234714 0.35924713584288054 0.5483234714003945 0.3788870703764321 0.5512820512820513 0.37970540098199673 0.5621301775147929 0.3903436988543372 0.5710059171597633 0.3960720130932897 0.571992110453649 0.3985270049099836 0.6035502958579881 0.4230769230769231 0.6124260355029586 0.4288052373158756 0.621301775147929 0.43780687397708673 0.6469428007889546 0.4574468085106383 0.6538461538461539 0.46153846153846156 0.6666666666666666 0.47381342062193127 0.6932938856015779 0.49427168576104746 0.6932938856015779 0.49754500818330605 0.6804733727810651 0.5081833060556464 0.6735700197238659 0.5122749590834698 0.626232741617357 0.5531914893617021 0.621301775147929 0.5589198036006546 0.6124260355029586 0.5646481178396072 0.5996055226824457 0.5769230769230769 0.5927021696252466 0.5810147299509002 0.5562130177514792 0.6129296235679215
0 0.6449704142011834 0.7847790507364976 0.4635108481262327 0.7847790507364976 0.4625246548323471 0.7054009819967266 0.21597633136094674 0.5008183306055647 0.22090729783037474 0.4983633387888707 0.22879684418145957 0.4983633387888707 0.23076923076923078 0.4967266775777414 0.2406311637080868 0.4967266775777414 0.24260355029585798 0.4950900163666121 0.2504930966469428 0.4950900163666121 0.252465483234714 0.49345335515548283 0.2603550295857988 0.49345335515548283 0.26232741617357 0.4918166939443535 0.27613412228796846 0.4918166939443535 0.2781065088757396 0.49018003273322425 0.2859960552268245 0.49018003273322425 0.2879684418145957 0.4885433715220949 0.2978303747534517 0.4885433715220949 0.29980276134122286 0.4869067103109656 0.3076923076923077 0.4869067103109656 0.3096646942800789 0.48527004909983634 0.3175542406311637 0.48527004909983634 0.31952662721893493 0.483633387888707 0.32938856015779094 0.483633387888707 0.33136094674556216 0.48199672667757776 0.33925049309664695 0.48199672667757776 0.34122287968441817 0.48036006546644844 0.34911242603550297 0.48036006546644844 0.3510848126232742 0.4787234042553192 0.3609467455621302 0.4787234042553192 0.3629191321499014 0.47708674304418985 0.3708086785009862 0.47708674304418985 0.3727810650887574 0.47545008183306053 0.3806706114398422 0.47545008183306053 0.3826429980276134 0.47381342062193127 0.3865877712031558 0.47381342062193127 0.4714003944773176 0.544189852700491 0.5098619329388561 0.574468085106383 0.5108481262327417 0.5769230769230769 0.6429980276134122 0.6849427168576104 0.645956607495069 0.6857610474631751 0.645956607495069 0.7839607201309329 0.6449704142011834 0.7847790507364976
0 0.3037475345167653 0.5867430441898527 0.11439842209072978 0.5867430441898527 0.11341222879684418 0.5090016366612111 0.21104536489151873 0.5081833060556464 0.3047337278106509 0.5859247135842881 0.3037475345167653 0.5867430441898527
0 0.6489151873767258 0.6751227495908347 0.6232741617357002 0.6554828150572831 0.6124260355029586 0.6481178396072013 0.6094674556213018 0.644026186579378 0.5710059171597633 0.613747954173486 0.5710059171597633 0.6104746317512275 0.5887573964497042 0.5973813420621932 0.626232741617357 0.5646481178396072 0.6637080867850098 0.5319148936170213 0.6686390532544378 0.5261865793780688 0.6735700197238659 0.5237315875613748 0.6804733727810651 0.516366612111293 0.7583826429980276 0.5793780687397708 0.7544378698224852 0.5842880523731587 0.7455621301775148 0.5932896890343698 0.7347140039447732 0.6006546644844517 0.7258382642998028 0.6096563011456628 0.722879684418146 0.6104746317512275 0.6735700197238659 0.6530278232405892 0.6666666666666666 0.660392798690671 0.6538461538461539 0.6693944353518821 0.6489151873767258 0.6751227495908347
0 0.9368836291913215 0.8551554828150573 0.6548323471400395 0.8551554828150573 0.6538461538461539 0.6808510638297872 0.6932938856015779 0.6481178396072013 0.6962524654832347 0.644026186579378 0.7149901380670611 0.630114566284779 0.7159763313609467 0.6276595744680851 0.7327416173570019 0.6153846153846154 0.7731755424063116 0.5801963993453355 0.9368836291913215 0.5801963993453355 0.9378698224852071 0.8543371522094927 0.9368836291913215 0.8551554828150573
0 0.4516765285996055 0.8551554828150573 0.11439842209072978 0.8551554828150573 0.11341222879684418 0.5941080196399345 0.3136094674556213 0.5932896890343698 0.4526627218934911 0.7086743044189853 0.4526627218934911 0.8543371522094927 0.4516765285996055 0.8551554828150573
0 0.6449704142011834 0.8551554828150573 0.4635108481262327 0.8551554828150573 0.4625246548323471 0.7937806873977087 0.6449704142011834 0.792962356792144 0.645956607495069 0.8543371522094927 0.6449704142011834 0.8551554828150573
0 0.1873767258382643 0.9729950900163666 0.0019723865877712033 0.9729950900163666 0.0009861932938856016 0.8788870703764321 0.1873767258382643 0.8780687397708674 0.1883629191321499 0.972176759410802 0.1873767258382643 0.9729950900163666