0 0.4564393939393939 0.4244350282485876 0.045454545454545456 0.4244350282485876 0.04450757575757576 0.2189265536723164 0.4564393939393939 0.21822033898305085 0.45738636363636365 0.423728813559322 0.4564393939393939 0.4244350282485876
0 0.7708333333333334 0.4300847457627119 0.5208333333333334 0.4300847457627119 0.5198863636363636 0.2189265536723164 0.7708333333333334 0.21822033898305085 0.771780303030303 0.4293785310734463 0.7708333333333334 0.4300847457627119
0 0.928030303030303 0.3312146892655367 0.7803030303030303 0.3312146892655367 0.7793560606060606 0.2189265536723164 0.928030303030303 0.21822033898305085 0.9289772727272727 0.3305084745762712 0.928030303030303 0.3312146892655367
0 0.928030303030303 0.5049435028248588 0.7803030303030303 0.5049435028248588 0.7793560606060606 0.3361581920903955 0.928030303030303 0.3354519774011299 0.9289772727272727 0.5042372881355932 0.928030303030303 0.5049435028248588
0 0.26515151515151514 0.6984463276836158 0.14204545454545456 0.6984463276836158 0.14109848484848486 0.5790960451977402 0.045454545454545456 0.5783898305084746 0.04450757575757576 0.4307909604519774 0.07386363636363637 0.4300847457627119 0.07386363636363637 0.4286723163841808 0.06818181818181818 0.4286723163841808 0.06628787878787878 0.4272598870056497 0.056818181818181816 0.4272598870056497 0.054924242424242424 0.4258474576271186 0.05113636363636364 0.4258474576271186 0.05113636363636364 0.4244350282485876 0.2727272727272727 0.4244350282485876 0.27367424242424243 0.4293785310734463 0.26704545454545453 0.4300847457627119 0.26609848484848486 0.6977401129943502 0.26515151515151514 0.6984463276836158
0 0.4564393939393939 0.7831920903954802 0.2746212121212121 0.7831920903954802 0.27367424242424243 0.4251412429378531 0.4564393939393939 0.4244350282485876 0.45738636363636365 0.7824858757062146 0.4564393939393939 0.7831920903954802
0 0.7708333333333334 0.5812146892655368 0.5208333333333334 0.5812146892655368 0.5198863636363636 0.4350282485875706 0.7708333333333334 0.4343220338983051 0.771780303030303 0.5805084745762712 0.7708333333333334 0.5812146892655368
0 0.928030303030303 0.5798022598870056 0.7803030303030303 0.5798022598870056 0.7793560606060606 0.5098870056497176 0.928030303030303 0.509180790960452 0.9289772727272727 0.5790960451977402 0.928030303030303 0.5798022598870056
0 0.13446969696969696 0.6461864406779662 0.045454545454545456 0.6461864406779662 0.04450757575757576 0.5833333333333334 0.13446969696969696 0.5826271186440678 0.13541666666666666 0.6454802259887006 0.13446969696969696 0.6461864406779662
0 0.6988636363636364 0.7860169491525424 0.5208333333333334 0.7860169491525424 0.5198863636363636 0.5861581920903954 0.6988636363636364 0.58545197740113 0.6998106060606061 0.7853107344632768 0.6988636363636364 0.7860169491525424
0 0.928030303030303 0.7860169491525424 0.7064393939393939 0.7860169491525424 0.7054924242424242 0.5861581920903954 0.928030303030303 0.58545197740113 0.9289772727272727 0.7853107344632768 0.928030303030303 0.7860169491525424
0 0.13446969696969696 0.7831920903954802 0.045454545454545456 0.7831920903954802 0.04450757575757576 0.652542372881356 0.13446969696969696 0.6518361581920904 0.13541666666666666 0.7824858757062146 0.13446969696969696 0.7831920903954802
0 0.26515151515151514 0.7831920903954802 0.14204545454545456 0.7831920903954802 0.14109848484848486 0.7048022598870056 0.26515151515151514 0.7040960451977402 0.26609848484848486 0.7824858757062146 0.26515151515151514 0.7831920903954802
0 0.1571969696969697 0.911723163841808 0.03787878787878788 0.911723163841808 0.036931818181818184 0.7966101694915254 0.1571969696969697 0.7959039548022598 0.1581439393939394 0.9110169491525424 0.1571969696969697 0.911723163841808