0 0.43759177679882527 0.43991989319092123 0.10572687224669604 0.43991989319092123 0.10499265785609398 0.2376502002670227 0.43759177679882527 0.2369826435246996 0.43832599118942733 0.4392523364485981 0.43759177679882527 0.43991989319092123
0 0.697503671071953 0.43991989319092123 0.5110132158590308 0.43991989319092123 0.5102790014684288 0.2389853137516689 0.697503671071953 0.2383177570093458 0.698237885462555 0.4392523364485981 0.697503671071953 0.43991989319092123
0 0.8399412628487518 0.5013351134846462 0.7048458149779736 0.5013351134846462 0.7041116005873715 0.2389853137516689 0.8516886930983847 0.2383177570093458 0.8524229074889867 0.465954606141522 0.8414096916299559 0.4666221628838451 0.8406754772393539 0.5006675567423231 0.8399412628487518 0.5013351134846462
0 0.2834067547723935 0.6802403204272364 0.10572687224669604 0.6802403204272364 0.10499265785609398 0.5594125500667557 0.21879588839941264 0.5587449933244326 0.2195301027900147 0.5540720961281709 0.10866372980910426 0.5534045393858478 0.10792951541850221 0.4459279038718291 0.2143906020558003 0.445260347129506 0.21512481644640236 0.44192256341789055 0.10572687224669604 0.44125500667556744 0.10572687224669604 0.43991989319092123 0.2834067547723935 0.43991989319092123 0.2841409691629956 0.6795727636849133 0.2834067547723935 0.6802403204272364
0 0.43759177679882527 0.5066755674232309 0.2907488986784141 0.5066755674232309 0.290014684287812 0.4459279038718291 0.43759177679882527 0.445260347129506 0.43832599118942733 0.5060080106809078 0.43759177679882527 0.5066755674232309
0 0.697503671071953 0.5534045393858478 0.5139500734214391 0.5534045393858478 0.513215859030837 0.4459279038718291 0.697503671071953 0.445260347129506 0.698237885462555 0.5527369826435247 0.697503671071953 0.5534045393858478
0 0.8516886930983847 0.6508678237650201 0.7444933920704846 0.6508678237650201 0.7437591776798825 0.6381842456608812 0.7048458149779736 0.6375166889185581 0.7041116005873715 0.507343124165554 0.8193832599118943 0.5066755674232309 0.8201174743024964 0.5380507343124166 0.8516886930983847 0.5387182910547397 0.8524229074889867 0.650200267022697 0.8516886930983847 0.6508678237650201
0 0.43759177679882527 0.7510013351134847 0.2907488986784141 0.7510013351134847 0.290014684287812 0.5113484646194927 0.40381791483113066 0.5106809078771696 0.4045521292217327 0.5367156208277704 0.43759177679882527 0.5373831775700935 0.43832599118942733 0.7503337783711616 0.43759177679882527 0.7510013351134847
0 0.7342143906020558 0.7510013351134847 0.5095447870778267 0.7510013351134847 0.5088105726872246 0.5594125500667557 0.697503671071953 0.5587449933244326 0.698237885462555 0.6528704939919893 0.7342143906020558 0.6535380507343124 0.7349486049926579 0.7503337783711616 0.7342143906020558 0.7510013351134847
0 0.8516886930983847 0.7510013351134847 0.7444933920704846 0.7510013351134847 0.7437591776798825 0.6568758344459279 0.8516886930983847 0.6562082777036048 0.8524229074889867 0.7503337783711616 0.8516886930983847 0.7510013351134847
0 0.21292217327459617 0.7510013351134847 0.10572687224669604 0.7510013351134847 0.10499265785609398 0.684913217623498 0.21292217327459617 0.6842456608811749 0.21365638766519823 0.7503337783711616 0.21292217327459617 0.7510013351134847
0 0.2834067547723935 0.7510013351134847 0.22320117474302498 0.7510013351134847 0.22246696035242292 0.684913217623498 0.2834067547723935 0.6842456608811749 0.2841409691629956 0.7503337783711616 0.2834067547723935 0.7510013351134847
0 0.20704845814977973 0.8925233644859814 0.1027900146842878 0.8925233644859814 0.10205580029368576 0.7610146862483311 0.20704845814977973 0.760347129506008 0.2077826725403818 0.8918558077436582 0.20704845814977973 0.8925233644859814