0 0.9422222222222222 0.12147887323943662 0.7333333333333333 0.12147887323943662 0.7325925925925926 0.07863849765258216 0.5051851851851852 0.07805164319248827 0.5044444444444445 0.12089201877934272 0.21925925925925926 0.12147887323943662 0.21851851851851853 0.06103286384976526 0.9422222222222222 0.06044600938967136 0.942962962962963 0.12089201877934272 0.9422222222222222 0.12147887323943662
0 0.4918518518518519 0.3785211267605634 0.44 0.3785211267605634 0.43925925925925924 0.2007042253521127 0.5111111111111111 0.20011737089201878 0.5118518518518519 0.13145539906103287 0.5170370370370371 0.13086854460093897 0.5177777777777778 0.0903755868544601 0.7155555555555555 0.0897887323943662 0.7162962962962963 0.13028169014084506 0.7214814814814815 0.13086854460093897 0.7222222222222222 0.25234741784037557 0.605925925925926 0.2529342723004695 0.6051851851851852 0.3345070422535211 0.49777777777777776 0.335093896713615 0.49703703703703705 0.25938967136150237 0.4918518518518519 0.25880281690140844 0.4911111111111111 0.34507042253521125 0.4925925925925926 0.34624413145539906 0.4925925925925926 0.3779342723004695 0.4918518518518519 0.3785211267605634
0 0.4325925925925926 0.335093896713615 0.21925925925925926 0.335093896713615 0.21851851851851853 0.13145539906103287 0.36444444444444446 0.13086854460093897 0.36518518518518517 0.20187793427230047 0.4325925925925926 0.20246478873239437 0.43333333333333335 0.3345070422535211 0.4325925925925926 0.335093896713615
0 0.5037037037037037 0.1965962441314554 0.37333333333333335 0.1965962441314554 0.3725925925925926 0.13145539906103287 0.5037037037037037 0.13086854460093897 0.5044444444444445 0.1960093896713615 0.5037037037037037 0.1965962441314554
0 0.9422222222222222 0.335093896713615 0.7288888888888889 0.335093896713615 0.7281481481481481 0.13145539906103287 0.9422222222222222 0.13086854460093897 0.942962962962963 0.3345070422535211 0.9422222222222222 0.335093896713615
0 0.7214814814814815 0.335093896713615 0.6133333333333333 0.335093896713615 0.6125925925925926 0.25938967136150237 0.7214814814814815 0.25880281690140844 0.7222222222222222 0.3345070422535211 0.7214814814814815 0.335093896713615
0 0.9422222222222222 0.40669014084507044 0.21925925925925926 0.40669014084507044 0.21851851851851853 0.34624413145539906 0.42518518518518517 0.3456572769953052 0.42592592592592593 0.3884976525821596 0.5022222222222222 0.3890845070422535 0.502962962962963 0.34624413145539906 0.9422222222222222 0.3456572769953052 0.942962962962963 0.4061032863849765 0.9422222222222222 0.40669014084507044
0 0.32296296296296295 0.6144366197183099 0.22074074074074074 0.6144366197183099 0.22 0.5528169014084507 0.32296296296296295 0.5522300469483568 0.3237037037037037 0.613849765258216 0.32296296296296295 0.6144366197183099
0 0.7155555555555555 0.7001173708920188 0.33037037037037037 0.7001173708920188 0.3296296296296296 0.5528169014084507 0.7155555555555555 0.5522300469483568 0.7162962962962963 0.6995305164319249 0.7155555555555555 0.7001173708920188
0 0.9392592592592592 0.7001173708920188 0.7229629629629629 0.7001173708920188 0.7222222222222222 0.5528169014084507 0.9392592592592592 0.5522300469483568 0.94 0.6995305164319249 0.9392592592592592 0.7001173708920188
0 0.32296296296296295 0.7188967136150235 0.22074074074074074 0.7188967136150235 0.22 0.6185446009389671 0.32296296296296295 0.6179577464788732 0.3237037037037037 0.7183098591549296 0.32296296296296295 0.7188967136150235
0 0.44 0.8996478873239436 0.33037037037037037 0.8996478873239436 0.3296296296296296 0.7053990610328639 0.37037037037037035 0.70481220657277 0.3711111111111111 0.7007042253521126 0.44 0.7001173708920188 0.44074074074074077 0.8990610328638498 0.44 0.8996478873239436
0 0.7051851851851851 0.8996478873239436 0.4414814814814815 0.8996478873239436 0.44074074074074077 0.7007042253521126 0.6459259259259259 0.7001173708920188 0.6466666666666666 0.704225352112676 0.7837037037037037 0.70481220657277 0.7844444444444445 0.7535211267605634 0.7066666666666667 0.7541079812206573 0.705925925925926 0.8990610328638498 0.7051851851851851 0.8996478873239436
0 0.9392592592592592 0.8996478873239436 0.7896296296296297 0.8996478873239436 0.7888888888888889 0.7053990610328639 0.9392592592592592 0.70481220657277 0.94 0.8990610328638498 0.9392592592592592 0.8996478873239436
0 0.32296296296296295 0.8996478873239436 0.22074074074074074 0.8996478873239436 0.22 0.7734741784037559 0.2562962962962963 0.772887323943662 0.25703703703703706 0.7699530516431925 0.22074074074074074 0.7693661971830986 0.22 0.7230046948356808 0.32296296296296295 0.7224178403755869 0.3237037037037037 0.8990610328638498 0.32296296296296295 0.8996478873239436
0 0.7837037037037037 0.8221830985915493 0.7111111111111111 0.8221830985915493 0.7103703703703703 0.7593896713615024 0.7837037037037037 0.7588028169014085 0.7844444444444445 0.8215962441314554 0.7837037037037037 0.8221830985915493
0 0.7837037037037037 0.8996478873239436 0.7111111111111111 0.8996478873239436 0.7103703703703703 0.8274647887323944 0.7837037037037037 0.8268779342723005 0.7844444444444445 0.8990610328638498 0.7837037037037037 0.8996478873239436