0 0.8427876823338736 0.5141921397379913 0.36628849270664504 0.5141921397379913 0.36547811993517015 0.5116448326055313 0.4165316045380875 0.5112809315866085 0.4181523500810373 0.5120087336244541 0.4246353322528363 0.5120087336244541 0.42544570502431117 0.44395924308588064 0.4181523500810373 0.4435953420669578 0.4165316045380875 0.4443231441048035 0.17990275526742303 0.4443231441048035 0.17909238249594814 0.3384279475982533 0.8427876823338736 0.3380640465793304 0.8435980551053485 0.5138282387190685 0.8427876823338736 0.5141921397379913
0 0.4246353322528363 0.5120087336244541 0.4181523500810373 0.5120087336244541 0.4173419773095624 0.44395924308588064 0.4246353322528363 0.4435953420669578 0.42544570502431117 0.5116448326055313 0.4246353322528363 0.5120087336244541
0 0.3581847649918963 0.5578602620087336 0.17990275526742303 0.5578602620087336 0.17909238249594814 0.44468704512372637 0.4165316045380875 0.4443231441048035 0.4173419773095624 0.5109170305676856 0.36628849270664504 0.5112809315866085 0.3646677471636953 0.5120087336244541 0.35980551053484605 0.5120087336244541 0.35899513776337116 0.5574963609898108 0.3581847649918963 0.5578602620087336
0 0.5316045380875203 0.6655749636098981 0.36628849270664504 0.6655749636098981 0.36547811993517015 0.5145560407569141 0.5316045380875203 0.5141921397379913 0.5324149108589952 0.6652110625909753 0.5316045380875203 0.6655749636098981
0 0.6807131280388979 0.5695050946142649 0.5445705024311183 0.5695050946142649 0.5437601296596435 0.517467248908297 0.6807131280388979 0.5171033478893741 0.6815235008103727 0.5691411935953421 0.6807131280388979 0.5695050946142649
0 0.8427876823338736 0.5695050946142649 0.6888168557536467 0.5695050946142649 0.6880064829821718 0.529839883551674 0.7050243111831442 0.5294759825327511 0.7058346839546191 0.517467248908297 0.8427876823338736 0.5171033478893741 0.8435980551053485 0.5691411935953421 0.8427876823338736 0.5695050946142649
0 0.3581847649918963 0.6240902474526928 0.17990275526742303 0.6240902474526928 0.17909238249594814 0.5640465793304221 0.3581847649918963 0.5636826783114993 0.35899513776337116 0.62372634643377 0.3581847649918963 0.6240902474526928
0 0.8427876823338736 0.7223435225618632 0.5445705024311183 0.7223435225618632 0.5437601296596435 0.5727802037845706 0.8427876823338736 0.5724163027656477 0.8435980551053485 0.7219796215429404 0.8427876823338736 0.7223435225618632
0 0.3581847649918963 0.7223435225618632 0.17990275526742303 0.7223435225618632 0.17909238249594814 0.62882096069869 0.3581847649918963 0.6284570596797671 0.35899513776337116 0.7219796215429404 0.3581847649918963 0.7223435225618632
0 0.5316045380875203 0.7223435225618632 0.36628849270664504 0.7223435225618632 0.36547811993517015 0.6703056768558951 0.5072933549432739 0.6699417758369723 0.5081037277147488 0.6819505094614265 0.5316045380875203 0.6823144104803494 0.5324149108589952 0.7219796215429404 0.5316045380875203 0.7223435225618632
0 0.3679092382495948 0.903566229985444 0.17504051863857376 0.903566229985444 0.17423014586709887 0.8034934497816594 0.3679092382495948 0.8031295487627366 0.3687196110210697 0.9032023289665211 0.3679092382495948 0.903566229985444