0 0.7321428571428571 0.07054176072234764 0.07142857142857142 0.07054176072234764 0.07053571428571428 0.03837471783295711 0.7321428571428571 0.03781038374717833 0.7330357142857142 0.06997742663656885 0.7321428571428571 0.07054176072234764
0 0.3339285714285714 0.33690744920993226 0.07142857142857142 0.33690744920993226 0.07053571428571428 0.14785553047404063 0.08571428571428572 0.14729119638826185 0.08660714285714285 0.14108352144469527 0.07142857142857142 0.14051918735891647 0.07053571428571428 0.07787810383747178 0.3339285714285714 0.077313769751693 0.33482142857142855 0.1399548532731377 0.31607142857142856 0.14051918735891647 0.3151785714285714 0.14672686230248308 0.3339285714285714 0.14729119638826185 0.33482142857142855 0.3363431151241535 0.3339285714285714 0.33690744920993226
0 0.7321428571428571 0.28386004514672686 0.39107142857142857 0.28386004514672686 0.39017857142857143 0.20654627539503387 0.3464285714285714 0.20598194130925507 0.3455357142857143 0.14785553047404063 0.4142857142857143 0.14729119638826185 0.41517857142857145 0.14108352144469527 0.3464285714285714 0.14051918735891647 0.3455357142857143 0.07787810383747178 0.7321428571428571 0.077313769751693 0.7330357142857142 0.1399548532731377 0.7178571428571429 0.14051918735891647 0.7169642857142857 0.14672686230248308 0.7321428571428571 0.14729119638826185 0.7330357142857142 0.2832957110609481 0.7321428571428571 0.28386004514672686
0 0.7321428571428571 0.4260722347629797 0.5839285714285715 0.4260722347629797 0.5830357142857143 0.33747178329571104 0.5732142857142857 0.33690744920993226 0.5723214285714285 0.3431151241534989 0.39107142857142857 0.34367945823927765 0.39017857142857143 0.33747178329571104 0.3464285714285714 0.33690744920993226 0.3455357142857143 0.26749435665914223 0.3767857142857143 0.26693002257336346 0.3776785714285714 0.29006772009029347 0.7321428571428571 0.29063205417607224 0.7330357142857142 0.4255079006772009 0.7321428571428571 0.4260722347629797
0 0.3339285714285714 0.4260722347629797 0.07142857142857142 0.4260722347629797 0.07053571428571428 0.3442437923250564 0.3339285714285714 0.34367945823927765 0.33482142857142855 0.4255079006772009 0.3339285714285714 0.4260722347629797
0 0.5714285714285714 0.4260722347629797 0.3464285714285714 0.4260722347629797 0.3455357142857143 0.3442437923250564 0.5714285714285714 0.34367945823927765 0.5723214285714285 0.4255079006772009 0.5714285714285714 0.4260722347629797
0 0.33035714285714285 0.6698645598194131 0.06428571428571428 0.6698645598194131 0.06339285714285714 0.6060948081264108 0.06160714285714286 0.6049661399548533 0.06160714285714286 0.47742663656884876 0.059821428571428574 0.4762979683972912 0.36964285714285716 0.4757336343115124 0.3705357142857143 0.6422121896162528 0.33214285714285713 0.6427765237020316 0.33125 0.6693002257336343 0.33035714285714285 0.6698645598194131
0 0.5642857142857143 0.7590293453724605 0.46964285714285714 0.7590293453724605 0.46875 0.6783295711060948 0.4767857142857143 0.677765237020316 0.47767857142857145 0.6704288939051919 0.3821428571428571 0.6698645598194131 0.38125 0.6343115124153499 0.37142857142857144 0.6337471783295711 0.3705357142857143 0.5248306997742663 0.38035714285714284 0.5242663656884876 0.38125 0.4762979683972912 0.7232142857142857 0.4757336343115124 0.7241071428571428 0.6422121896162528 0.5660714285714286 0.6427765237020316 0.5651785714285714 0.7584650112866818 0.5642857142857143 0.7590293453724605
0 0.7232142857142857 0.7387133182844243 0.5767857142857142 0.7387133182844243 0.5758928571428571 0.6512415349887133 0.7732142857142857 0.6506772009029346 0.7741071428571429 0.7336343115124153 0.725 0.7341986455981941 0.7241071428571428 0.7381489841986456 0.7232142857142857 0.7387133182844243
0 0.3 0.8617381489841986 0.06428571428571428 0.8617381489841986 0.06339285714285714 0.6783295711060948 0.33035714285714285 0.677765237020316 0.33125 0.7031602708803611 0.3517857142857143 0.70372460496614 0.35267857142857145 0.7629796839729119 0.30178571428571427 0.7635440180586908 0.30089285714285713 0.8611738148984198 0.3 0.8617381489841986
0 0.4607142857142857 0.7590293453724605 0.36607142857142855 0.7590293453724605 0.3651785714285714 0.7042889390519187 0.37142857142857144 0.70372460496614 0.3732142857142857 0.7025959367945824 0.38035714285714284 0.7025959367945824 0.38125 0.6783295711060948 0.4607142857142857 0.677765237020316 0.4616071428571429 0.7584650112866818 0.4607142857142857 0.7590293453724605
0 0.65 0.7590293453724605 0.5767857142857142 0.7590293453724605 0.5758928571428571 0.7437923250564334 0.65 0.7432279909706546 0.6508928571428572 0.7584650112866818 0.65 0.7590293453724605
0 0.7232142857142857 0.8617381489841986 0.5767857142857142 0.8617381489841986 0.5758928571428571 0.8555304740406321 0.5660714285714286 0.8549661399548533 0.5651785714285714 0.8611738148984198 0.43214285714285716 0.8617381489841986 0.43125 0.7629796839729119 0.49464285714285716 0.7624153498871332 0.4955357142857143 0.7923250564334086 0.5017857142857143 0.7928893905191874 0.5026785714285714 0.7629796839729119 0.5642857142857143 0.7624153498871332 0.5651785714285714 0.7787810383747178 0.575 0.7793453724604966 0.5758928571428571 0.7629796839729119 0.65 0.7624153498871332 0.6508928571428572 0.8182844243792325 0.6607142857142857 0.8188487584650113 0.6616071428571428 0.7437923250564334 0.7232142857142857 0.7432279909706546 0.7241071428571428 0.8611738148984198 0.7232142857142857 0.8617381489841986
0 0.42142857142857143 0.8617381489841986 0.3107142857142857 0.8617381489841986 0.3098214285714286 0.7697516930022573 0.42142857142857143 0.7691873589164786 0.42232142857142857 0.8611738148984198 0.42142857142857143 0.8617381489841986