0 0.4530386740331492 0.42005610098176716 0.23480662983425415 0.42005610098176716 0.2341160220994475 0.14866760168302945 0.4530386740331492 0.1479663394109397 0.4537292817679558 0.41935483870967744 0.4530386740331492 0.42005610098176716
0 0.7265193370165746 0.5238429172510519 0.3411602209944751 0.5238429172510519 0.3404696132596685 0.42917251051893407 0.47099447513812154 0.4284712482468443 0.47168508287292815 0.42075736325385693 0.4613259668508287 0.42005610098176716 0.4606353591160221 0.14866760168302945 0.7334254143646409 0.1479663394109397 0.7341160220994475 0.44600280504908835 0.7279005524861878 0.4467040673211781 0.7272099447513812 0.5231416549789621 0.7265193370165746 0.5238429172510519
0 0.925414364640884 0.5252454417952315 0.7361878453038674 0.5252454417952315 0.7341160220994475 0.5231416549789621 0.7341160220994475 0.14866760168302945 0.925414364640884 0.1479663394109397 0.9261049723756906 0.5245441795231417 0.925414364640884 0.5252454417952315
0 0.3328729281767956 0.6612903225806451 0.23480662983425415 0.6612903225806451 0.2341160220994475 0.42917251051893407 0.3328729281767956 0.4284712482468443 0.3335635359116022 0.6605890603085554 0.3328729281767956 0.6612903225806451
0 0.7265193370165746 0.6949509116409537 0.6146408839779005 0.6949509116409537 0.613950276243094 0.5315568022440392 0.6533149171270718 0.5308555399719496 0.6540055248618785 0.5245441795231417 0.7265193370165746 0.5238429172510519 0.7272099447513812 0.6942496493688639 0.7265193370165746 0.6949509116409537
0 0.4129834254143646 0.620617110799439 0.3411602209944751 0.620617110799439 0.3404696132596685 0.5315568022440392 0.4129834254143646 0.5308555399719496 0.4136740331491713 0.6199158485273493 0.4129834254143646 0.620617110799439
0 0.606353591160221 0.7791023842917251 0.4212707182320442 0.7791023842917251 0.4205801104972376 0.5315568022440392 0.606353591160221 0.5308555399719496 0.6070441988950276 0.7784011220196353 0.606353591160221 0.7791023842917251
0 0.925414364640884 0.7791023842917251 0.7348066298342542 0.7791023842917251 0.7341160220994475 0.5315568022440392 0.925414364640884 0.5308555399719496 0.9261049723756906 0.7784011220196353 0.925414364640884 0.7791023842917251
0 0.2154696132596685 0.7805049088359046 0.07734806629834254 0.7805049088359046 0.07665745856353591 0.5834502103786816 0.16160220994475138 0.5827489481065918 0.162292817679558 0.6115007012622721 0.19475138121546962 0.6122019635343618 0.19544198895027623 0.5834502103786816 0.2154696132596685 0.5827489481065918 0.21616022099447513 0.7798036465638148 0.2154696132596685 0.7805049088359046
0 0.4129834254143646 0.7791023842917251 0.3411602209944751 0.7791023842917251 0.3404696132596685 0.6269284712482468 0.4129834254143646 0.6262272089761571 0.4136740331491713 0.7784011220196353 0.4129834254143646 0.7791023842917251
0 0.3314917127071823 0.7791023842917251 0.23480662983425415 0.7791023842917251 0.2341160220994475 0.6704067321178121 0.3314917127071823 0.6697054698457223 0.332182320441989 0.7784011220196353 0.3314917127071823 0.7791023842917251
0 0.7265193370165746 0.7791023842917251 0.6146408839779005 0.7791023842917251 0.613950276243094 0.7012622720897616 0.7265193370165746 0.7005610098176718 0.7272099447513812 0.7784011220196353 0.7265193370165746 0.7791023842917251
0 0.2803867403314917 0.9207573632538569 0.06906077348066299 0.9207573632538569 0.06837016574585636 0.7980364656381487 0.23342541436464087 0.7973352033660589 0.2341160220994475 0.7924263674614306 0.2803867403314917 0.7917251051893408 0.28107734806629836 0.9200561009817672 0.2803867403314917 0.9207573632538569
0 0.05870165745856354 0.9985974754558204 0.05870165745856354 0.9214586255259467 0.0787292817679558 0.9207573632538569 0.08011049723756906 0.9221598877980365 0.11602209944751381 0.9221598877980365 0.11740331491712708 0.923562412342216 0.15469613259668508 0.923562412342216 0.15607734806629833 0.9249649368863955 0.1919889502762431 0.9249649368863955 0.19337016574585636 0.926367461430575 0.23066298342541436 0.926367461430575 0.23204419889502761 0.9277699859747546 0.26933701657458564 0.9277699859747546 0.27071823204419887 0.9291725105189341 0.287292817679558 0.9291725105189341 0.2879834254143646 0.9985974754558204