0 0.8333333333333334 0.3527777777777778 0.7133333333333334 0.3527777777777778 0.7129166666666666 0.21222222222222223 0.7533333333333333 0.21166666666666667 0.75375 0.21777777777777776 0.8333333333333334 0.21833333333333332 0.83375 0.3522222222222222 0.8333333333333334 0.3527777777777778
0 0.9216666666666666 0.3527777777777778 0.8608333333333333 0.3527777777777778 0.8604166666666667 0.3188888888888889 0.84 0.31833333333333336 0.8395833333333333 0.21222222222222223 0.8866666666666667 0.21166666666666667 0.8870833333333333 0.21777777777777776 0.9216666666666666 0.21833333333333332 0.9220833333333334 0.3522222222222222 0.9216666666666666 0.3527777777777778
0 0.195 0.8316666666666667 0.07416666666666667 0.8316666666666667 0.07375 0.8244444444444444 0.065 0.8238888888888889 0.06458333333333334 0.21888888888888888 0.21583333333333332 0.21833333333333332 0.21625 0.8233333333333334 0.19583333333333333 0.8238888888888889 0.19541666666666666 0.8311111111111111 0.195 0.8316666666666667
0 0.37666666666666665 0.49833333333333335 0.22166666666666668 0.49833333333333335 0.22125 0.21888888888888888 0.37666666666666665 0.21833333333333332 0.3770833333333333 0.49777777777777776 0.37666666666666665 0.49833333333333335
0 0.5258333333333334 0.49833333333333335 0.3825 0.49833333333333335 0.38208333333333333 0.21888888888888888 0.5258333333333334 0.21833333333333332 0.52625 0.49777777777777776 0.5258333333333334 0.49833333333333335
0 0.6358333333333334 0.5061111111111111 0.575 0.5061111111111111 0.5745833333333333 0.4988888888888889 0.5316666666666666 0.49833333333333335 0.53125 0.21888888888888888 0.7066666666666667 0.21833333333333332 0.7070833333333333 0.49777777777777776 0.6366666666666667 0.49833333333333335 0.63625 0.5055555555555555 0.6358333333333334 0.5061111111111111
0 0.8333333333333334 0.49833333333333335 0.7133333333333334 0.49833333333333335 0.7129166666666666 0.36 0.8333333333333334 0.35944444444444446 0.83375 0.49777777777777776 0.8333333333333334 0.49833333333333335
0 0.9216666666666666 0.49833333333333335 0.84 0.49833333333333335 0.8395833333333333 0.3877777777777778 0.86 0.38722222222222225 0.8604166666666667 0.36 0.9216666666666666 0.35944444444444446 0.9220833333333334 0.49777777777777776 0.9216666666666666 0.49833333333333335
0 0.31583333333333335 0.5961111111111111 0.22166666666666668 0.5961111111111111 0.22125 0.5066666666666667 0.31583333333333335 0.5061111111111111 0.31625 0.5955555555555555 0.31583333333333335 0.5961111111111111
0 0.5508333333333333 0.7616666666666667 0.44916666666666666 0.7616666666666667 0.44875 0.5966666666666667 0.32166666666666666 0.5961111111111111 0.32125 0.5066666666666667 0.5508333333333333 0.5061111111111111 0.55125 0.7611111111111111 0.5508333333333333 0.7616666666666667
0 0.8125 0.8238888888888889 0.5516666666666666 0.8238888888888889 0.55125 0.5066666666666667 0.8125 0.5061111111111111 0.8129166666666666 0.8233333333333334 0.8125 0.8238888888888889
0 0.37166666666666665 0.8238888888888889 0.22166666666666668 0.8238888888888889 0.22125 0.6033333333333334 0.37166666666666665 0.6027777777777777 0.3720833333333333 0.8233333333333334 0.37166666666666665 0.8238888888888889
0 0.44333333333333336 0.7105555555555556 0.3775 0.7105555555555556 0.3770833333333333 0.6033333333333334 0.44333333333333336 0.6027777777777777 0.44375 0.71 0.44333333333333336 0.7105555555555556
0 0.44333333333333336 0.8238888888888889 0.3775 0.8238888888888889 0.3770833333333333 0.7177777777777777 0.44333333333333336 0.7172222222222222 0.44375 0.8233333333333334 0.44333333333333336 0.8238888888888889
0 0.5166666666666667 0.8305555555555556 0.455 0.8305555555555556 0.45458333333333334 0.8244444444444444 0.44916666666666666 0.8238888888888889 0.44875 0.7688888888888888 0.545 0.7683333333333333 0.5454166666666667 0.8233333333333334 0.5175 0.8238888888888889 0.5170833333333333 0.83 0.5166666666666667 0.8305555555555556