0 0.36394557823129253 0.5561023622047244 0.03571428571428571 0.5561023622047244 0.03486394557823129 0.16338582677165353 0.36394557823129253 0.1624015748031496 0.3647959183673469 0.5551181102362205 0.36394557823129253 0.5561023622047244
0 0.5255102040816326 0.40846456692913385 0.37244897959183676 0.40846456692913385 0.3715986394557823 0.16338582677165353 0.564625850340136 0.1624015748031496 0.5654761904761905 0.28346456692913385 0.5272108843537415 0.2844488188976378 0.5263605442176871 0.4074803149606299 0.5255102040816326 0.40846456692913385
0 0.6921768707482994 0.2844488188976378 0.5731292517006803 0.2844488188976378 0.5722789115646258 0.16338582677165353 0.6921768707482994 0.1624015748031496 0.6930272108843537 0.28346456692913385 0.6921768707482994 0.2844488188976378
0 0.9812925170068028 0.38484251968503935 0.7142857142857143 0.38484251968503935 0.7134353741496599 0.2755905511811024 0.9812925170068028 0.27460629921259844 0.9821428571428571 0.3838582677165354 0.9812925170068028 0.38484251968503935
0 0.6921768707482994 0.40846456692913385 0.532312925170068 0.40846456692913385 0.5314625850340136 0.2933070866141732 0.6921768707482994 0.29232283464566927 0.6930272108843537 0.4074803149606299 0.6921768707482994 0.40846456692913385
0 0.9744897959183674 0.8533464566929134 0.7142857142857143 0.8533464566929134 0.7134353741496599 0.40551181102362205 0.9744897959183674 0.4045275590551181 0.9753401360544217 0.8523622047244095 0.9744897959183674 0.8533464566929134
0 0.6921768707482994 0.6820866141732284 0.5799319727891157 0.6820866141732284 0.5790816326530612 0.5452755905511811 0.37244897959183676 0.5442913385826772 0.3715986394557823 0.4153543307086614 0.6921768707482994 0.41437007874015747 0.6930272108843537 0.6811023622047244 0.6921768707482994 0.6820866141732284
0 0.4744897959183674 0.6820866141732284 0.37244897959183676 0.6820866141732284 0.3715986394557823 0.5531496062992126 0.4744897959183674 0.5521653543307087 0.47534013605442177 0.6811023622047244 0.4744897959183674 0.6820866141732284
0 0.5714285714285714 0.6820866141732284 0.4846938775510204 0.6820866141732284 0.483843537414966 0.5531496062992126 0.5714285714285714 0.5521653543307087 0.5722789115646258 0.6811023622047244 0.5714285714285714 0.6820866141732284
0 0.26360544217687076 0.7391732283464567 0.03571428571428571 0.7391732283464567 0.03486394557823129 0.5570866141732284 0.272108843537415 0.5561023622047244 0.2729591836734694 0.6909448818897638 0.2653061224489796 0.6919291338582677 0.26445578231292516 0.7381889763779528 0.26360544217687076 0.7391732283464567
0 0.4557823129251701 0.8690944881889764 0.27380952380952384 0.8690944881889764 0.2729591836734694 0.5570866141732284 0.36394557823129253 0.5561023622047244 0.3647959183673469 0.687007874015748 0.4557823129251701 0.687992125984252 0.45663265306122447 0.8681102362204725 0.4557823129251701 0.8690944881889764
0 0.6921768707482994 0.9458661417322834 0.46258503401360546 0.9458661417322834 0.461734693877551 0.6889763779527559 0.6921768707482994 0.687992125984252 0.6930272108843537 0.9448818897637795 0.6921768707482994 0.9458661417322834
0 0.26360544217687076 0.9458661417322834 0.03571428571428571 0.9458661417322834 0.03486394557823129 0.7460629921259843 0.26360544217687076 0.7450787401574803 0.26445578231292516 0.9448818897637795 0.26360544217687076 0.9458661417322834