0 0.726027397260274 0.40031645569620256 0.6666666666666666 0.40031645569620256 0.6655251141552512 0.3670886075949367 0.6095890410958904 0.36550632911392406 0.6084474885844748 0.21835443037974683 0.7945205479452054 0.21677215189873417 0.795662100456621 0.28164556962025317 0.776255707762557 0.28322784810126583 0.7751141552511416 0.3639240506329114 0.728310502283105 0.36550632911392406 0.7271689497716894 0.3987341772151899 0.726027397260274 0.40031645569620256
0 0.819634703196347 0.28322784810126583 0.8184931506849316 0.21835443037974683 0.8207762557077626 0.21835443037974683 0.8207762557077626 0.28164556962025317 0.819634703196347 0.28322784810126583
0 0.9474885844748858 0.42563291139240506 0.8264840182648402 0.42563291139240506 0.8253424657534246 0.21835443037974683 0.9474885844748858 0.21677215189873417 0.9486301369863014 0.4240506329113924 0.9474885844748858 0.42563291139240506
0 0.2328767123287671 0.37816455696202533 0.14383561643835616 0.37816455696202533 0.14269406392694065 0.22151898734177214 0.2328767123287671 0.2199367088607595 0.23401826484018265 0.37658227848101267 0.2328767123287671 0.37816455696202533
0 0.3219178082191781 0.3212025316455696 0.2420091324200913 0.3212025316455696 0.2408675799086758 0.22151898734177214 0.3219178082191781 0.2199367088607595 0.3230593607305936 0.31962025316455694 0.3219178082191781 0.3212025316455696
0 0.4748858447488584 0.435126582278481 0.3538812785388128 0.435126582278481 0.3527397260273973 0.22151898734177214 0.4748858447488584 0.2199367088607595 0.476027397260274 0.43354430379746833 0.4748858447488584 0.435126582278481
0 0.819634703196347 0.36550632911392406 0.7808219178082192 0.36550632911392406 0.7796803652968036 0.2911392405063291 0.819634703196347 0.28955696202531644 0.8207762557077626 0.3639240506329114 0.819634703196347 0.36550632911392406
0 0.3470319634703196 0.5743670886075949 0.14383561643835616 0.5743670886075949 0.14269406392694065 0.38924050632911394 0.23972602739726026 0.3876582278481013 0.2408675799086758 0.3322784810126582 0.2922374429223744 0.33069620253164556 0.29337899543379 0.34810126582278483 0.3013698630136986 0.34968354430379744 0.3025114155251142 0.3322784810126582 0.3470319634703196 0.33069620253164556 0.3481735159817352 0.5727848101265823 0.3470319634703196 0.5743670886075949
0 0.726027397260274 0.564873417721519 0.6095890410958904 0.564873417721519 0.6084474885844748 0.370253164556962 0.6598173515981736 0.3686708860759494 0.660958904109589 0.40189873417721517 0.726027397260274 0.40348101265822783 0.7271689497716894 0.5632911392405063 0.726027397260274 0.564873417721519
0 0.9429223744292238 0.564873417721519 0.9018264840182648 0.564873417721519 0.9006849315068494 0.5031645569620253 0.8470319634703196 0.5015822784810127 0.8458904109589042 0.5632911392405063 0.7328767123287672 0.564873417721519 0.7317351598173516 0.37341772151898733 0.819634703196347 0.37183544303797467 0.8207762557077626 0.43670886075949367 0.9429223744292238 0.43829113924050633 0.9440639269406392 0.5632911392405063 0.9429223744292238 0.564873417721519
0 0.4748858447488584 0.6598101265822784 0.363013698630137 0.6598101265822784 0.3618721461187215 0.5759493670886076 0.3493150684931507 0.5743670886075949 0.3481735159817352 0.4462025316455696 0.4748858447488584 0.44462025316455694 0.476027397260274 0.6582278481012658 0.4748858447488584 0.6598101265822784
0 0.8926940639269406 0.564873417721519 0.8538812785388128 0.564873417721519 0.8527397260273972 0.5126582278481012 0.8926940639269406 0.5110759493670886 0.8938356164383562 0.5632911392405063 0.8926940639269406 0.564873417721519
0 0.771689497716895 0.7958860759493671 0.6095890410958904 0.7958860759493671 0.6084474885844748 0.5759493670886076 0.730593607305936 0.5743670886075949 0.7317351598173516 0.5664556962025317 0.771689497716895 0.564873417721519 0.7728310502283106 0.7943037974683544 0.771689497716895 0.7958860759493671
0 0.9474885844748858 0.745253164556962 0.7831050228310502 0.745253164556962 0.7819634703196348 0.5759493670886076 0.8995433789954338 0.5743670886075949 0.9006849315068494 0.5664556962025317 0.9474885844748858 0.564873417721519 0.9486301369863014 0.7436708860759493 0.9474885844748858 0.745253164556962
0 0.3561643835616438 0.6598101265822784 0.3127853881278539 0.6598101265822784 0.3116438356164384 0.5822784810126582 0.3561643835616438 0.5806962025316456 0.3573059360730594 0.6582278481012658 0.3561643835616438 0.6598101265822784
0 0.3036529680365297 0.805379746835443 0.14383561643835616 0.805379746835443 0.14269406392694065 0.5854430379746836 0.3036529680365297 0.5838607594936709 0.3047945205479452 0.8037974683544303 0.3036529680365297 0.805379746835443
0 0.3835616438356164 0.7484177215189873 0.3127853881278539 0.7484177215189873 0.3116438356164384 0.6708860759493671 0.3835616438356164 0.6693037974683544 0.384703196347032 0.7468354430379747 0.3835616438356164 0.7484177215189873
0 0.4748858447488584 0.7484177215189873 0.3904109589041096 0.7484177215189873 0.3892694063926941 0.6708860759493671 0.4748858447488584 0.6693037974683544 0.476027397260274 0.7468354430379747 0.4748858447488584 0.7484177215189873