0 0.5521739130434783 0.3219971056439942 0.4358695652173913 0.3219971056439942 0.4355978260869565 0.2821997105643994 0.42934782608695654 0.28147612156295226 0.4290760869565217 0.2981186685962373 0.40543478260869564 0.2988422575976845 0.4051630434782609 0.11866859623733719 0.5521739130434783 0.11794500723589002 0.5524456521739131 0.32127351664254705 0.5521739130434783 0.3219971056439942
0 0.1673913043478261 0.3350217076700434 0.03967391304347826 0.3350217076700434 0.03940217391304348 0.12156295224312591 0.1673913043478261 0.12083936324167872 0.16766304347826086 0.3342981186685962 0.1673913043478261 0.3350217076700434
0 0.8581521739130434 0.3465991316931983 0.7804347826086957 0.3465991316931983 0.7801630434782608 0.23589001447178004 0.8581521739130434 0.23516642547033284 0.8584239130434783 0.3458755426917511 0.8581521739130434 0.3465991316931983
0 0.8809782608695652 0.3465991316931983 0.8625 0.3465991316931983 0.8622282608695652 0.23589001447178004 0.8951086956521739 0.23516642547033284 0.8953804347826086 0.3183791606367583 0.8815217391304347 0.3191027496382055 0.88125 0.3458755426917511 0.8809782608695652 0.3465991316931983
0 0.9831521739130434 0.3191027496382055 0.8989130434782608 0.3191027496382055 0.8986413043478261 0.23589001447178004 0.9831521739130434 0.23516642547033284 0.9834239130434783 0.3183791606367583 0.9831521739130434 0.3191027496382055
0 0.26304347826086955 0.7083936324167872 0.1766304347826087 0.7083936324167872 0.1763586956521739 0.532561505065123 0.17581521739130435 0.5311143270622286 0.17581521739130435 0.2460202604920405 0.3706521739130435 0.24529667149059334 0.37092391304347827 0.4992764109985528 0.3407608695652174 0.5 0.3404891304347826 0.47901591895803186 0.26358695652173914 0.47829232995658466 0.26331521739130437 0.7076700434153401 0.26304347826086955 0.7083936324167872
0 0.6532608695652173 0.45803183791606367 0.5603260869565218 0.45803183791606367 0.560054347826087 0.2460202604920405 0.6532608695652173 0.24529667149059334 0.6535326086956522 0.4573082489146165 0.6532608695652173 0.45803183791606367
0 0.7554347826086957 0.4869753979739508 0.657608695652174 0.4869753979739508 0.6573369565217392 0.2460202604920405 0.7554347826086957 0.24529667149059334 0.7557065217391304 0.48625180897250364 0.7554347826086957 0.4869753979739508
0 0.42880434782608695 0.540520984081042 0.40217391304347827 0.540520984081042 0.4019021739130435 0.3125904486251809 0.42880434782608695 0.3118668596237337 0.4290760869565217 0.5397973950795948 0.42880434782608695 0.540520984081042
0 0.9831521739130434 0.49855282199710566 0.8847826086956522 0.49855282199710566 0.8845108695652174 0.32850940665701883 0.9831521739130434 0.32778581765557163 0.9834239130434783 0.49782923299565845 0.9831521739130434 0.49855282199710566
0 0.5184782608695652 0.4015918958031838 0.4875 0.4015918958031838 0.4872282608695652 0.33285094066570187 0.5184782608695652 0.3321273516642547 0.51875 0.40086830680173663 0.5184782608695652 0.4015918958031838
0 0.5521739130434783 0.5318379160636758 0.5222826086956521 0.5318379160636758 0.5220108695652174 0.33285094066570187 0.5521739130434783 0.3321273516642547 0.5524456521739131 0.5311143270622286 0.5521739130434783 0.5318379160636758
0 0.483695652173913 0.4015918958031838 0.4358695652173913 0.4015918958031838 0.4355978260869565 0.3342981186685962 0.483695652173913 0.33357452966714907 0.48396739130434785 0.40086830680173663 0.483695652173913 0.4015918958031838
0 0.1673913043478261 0.5318379160636758 0.05652173913043478 0.5318379160636758 0.05625 0.35311143270622286 0.1673913043478261 0.35238784370477566 0.16766304347826086 0.5311143270622286 0.1673913043478261 0.5318379160636758
0 0.8592391304347826 0.6013024602026049 0.7804347826086957 0.6013024602026049 0.7801630434782608 0.35745296671490595 0.8804347826086957 0.35672937771345875 0.8807065217391304 0.46599131693198265 0.8597826086956522 0.4667149059334298 0.8595108695652174 0.6005788712011577 0.8592391304347826 0.6013024602026049
0 0.5184782608695652 0.5318379160636758 0.4358695652173913 0.5318379160636758 0.4355978260869565 0.4109985528219971 0.5184782608695652 0.41027496382054995 0.51875 0.5311143270622286 0.5184782608695652 0.5318379160636758
0 0.6532608695652173 0.7069464544138929 0.5603260869565218 0.7069464544138929 0.560054347826087 0.46888567293777134 0.6391304347826087 0.4681620839363242 0.6394021739130434 0.49493487698986977 0.6532608695652173 0.4956584659913169 0.6535326086956522 0.7062228654124457 0.6532608695652173 0.7069464544138929
0 0.3005434782608696 0.6345875542691751 0.27065217391304347 0.6345875542691751 0.2703804347826087 0.4963820549927641 0.3005434782608696 0.4956584659913169 0.30081521739130435 0.6338639652677279 0.3005434782608696 0.6345875542691751
0 0.33369565217391306 0.5578871201157742 0.3076086956521739 0.5578871201157742 0.30733695652173915 0.4963820549927641 0.33369565217391306 0.4956584659913169 0.3339673913043478 0.557163531114327 0.33369565217391306 0.5578871201157742
0 0.675 0.5738060781476122 0.657608695652174 0.5738060781476122 0.6573369565217392 0.507959479015919 0.6597826086956522 0.5072358900144718 0.660054347826087 0.4963820549927641 0.675 0.4956584659913169 0.6752717391304348 0.573082489146165 0.675 0.5738060781476122
0 0.7554347826086957 0.7069464544138929 0.657608695652174 0.7069464544138929 0.6573369565217392 0.5832127351664255 0.6782608695652174 0.5824891461649783 0.6785326086956521 0.4963820549927641 0.7130434782608696 0.4956584659913169 0.7133152173913043 0.5643994211287988 0.7152173913043478 0.565123010130246 0.7154891304347826 0.4963820549927641 0.7554347826086957 0.4956584659913169 0.7557065217391304 0.7062228654124457 0.7554347826086957 0.7069464544138929
0 0.9831521739130434 0.7170767004341534 0.9603260869565218 0.7170767004341534 0.960054347826087 0.5774240231548481 0.9570652173913043 0.5767004341534009 0.9567934782608696 0.6005788712011577 0.9016304347826087 0.6013024602026049 0.9013586956521739 0.5701881331403763 0.8635869565217391 0.5694645441389291 0.8633152173913043 0.5094066570188133 0.9831521739130434 0.5086830680173662 0.9834239130434783 0.7163531114327062 0.9831521739130434 0.7170767004341534
0 0.3706521739130435 0.7083936324167872 0.27065217391304347 0.7083936324167872 0.2703804347826087 0.6526772793053546 0.3402173913043478 0.6519536903039074 0.3404891304347826 0.5195369030390738 0.3706521739130435 0.5188133140376266 0.37092391304347827 0.7076700434153401 0.3706521739130435 0.7083936324167872
0 0.33369565217391306 0.6345875542691751 0.3076086956521739 0.6345875542691751 0.30733695652173915 0.5658465991316932 0.33369565217391306 0.565123010130246 0.3339673913043478 0.6338639652677279 0.33369565217391306 0.6345875542691751
0 0.8978260869565218 0.7170767004341534 0.8635869565217391 0.7170767004341534 0.8633152173913043 0.5788712011577424 0.8978260869565218 0.5781476121562952 0.8980978260869565 0.7163531114327062 0.8978260869565218 0.7170767004341534
0 0.9565217391304348 0.7170767004341534 0.9016304347826087 0.7170767004341534 0.9013586956521739 0.6107091172214182 0.9565217391304348 0.6099855282199711 0.9567934782608696 0.7163531114327062 0.9565217391304348 0.7170767004341534
0 0.8592391304347826 0.7170767004341534 0.7804347826086957 0.7170767004341534 0.7801630434782608 0.6121562952243126 0.8592391304347826 0.6114327062228654 0.8595108695652174 0.7163531114327062 0.8592391304347826 0.7170767004341534
0 0.7554347826086957 0.8386396526772794 0.6907608695652174 0.8386396526772794 0.6904891304347827 0.7250361794500724 0.7554347826086957 0.7243125904486252 0.7557065217391304 0.8379160636758322 0.7554347826086957 0.8386396526772794
0 0.3706521739130435 0.841534008683068 0.3065217391304348 0.841534008683068 0.30625 0.7279305354558611 0.3706521739130435 0.7272069464544139 0.37092391304347827 0.8408104196816208 0.3706521739130435 0.841534008683068