0 0.3906911142454161 0.2418738049713193 0.14527503526093088 0.2418738049713193 0.14456981664315938 0.03441682600382409 0.3906911142454161 0.033460803059273424 0.3913963328631876 0.24091778202676864 0.3906911142454161 0.2418738049713193
0 0.6516220028208745 0.2418738049713193 0.4005641748942172 0.2418738049713193 0.3998589562764457 0.045889101338432124 0.6516220028208745 0.044933078393881457 0.652327221438646 0.24091778202676864 0.6516220028208745 0.2418738049713193
0 0.7574047954866009 0.2418738049713193 0.6614950634696756 0.2418738049713193 0.6607898448519041 0.045889101338432124 0.7574047954866009 0.044933078393881457 0.7581100141043724 0.24091778202676864 0.7574047954866009 0.2418738049713193
0 0.844851904090268 0.2418738049713193 0.767277856135402 0.2418738049713193 0.7665726375176305 0.045889101338432124 0.844851904090268 0.044933078393881457 0.8455571227080395 0.24091778202676864 0.844851904090268 0.2418738049713193
0 0.5275035260930888 0.5650095602294455 0.33709449929478136 0.5650095602294455 0.33638928067700985 0.25812619502868067 0.5204513399153737 0.25717017208413 0.5211565585331452 0.47992351816443596 0.5275035260930888 0.4808795411089866 0.5282087447108603 0.5640535372848948 0.5275035260930888 0.5650095602294455
0 0.6671368124118476 0.41778202676864246 0.5867418899858956 0.41778202676864246 0.5860366713681241 0.3824091778202677 0.5486600846262342 0.381453154875717 0.5479548660084627 0.3632887189292543 0.5275035260930888 0.36233269598470363 0.5267983074753173 0.25812619502868067 0.6671368124118476 0.25717017208413 0.6678420310296191 0.4168260038240918 0.6671368124118476 0.41778202676864246
0 0.7574047954866009 0.34321223709369025 0.6741889985895627 0.34321223709369025 0.6734837799717912 0.25812619502868067 0.7574047954866009 0.25717017208413 0.7581100141043724 0.3422562141491396 0.7574047954866009 0.34321223709369025
0 0.7574047954866009 0.4732313575525813 0.6741889985895627 0.4732313575525813 0.6734837799717912 0.35181644359464626 0.7574047954866009 0.3508604206500956 0.7581100141043724 0.4722753346080306 0.7574047954866009 0.4732313575525813
0 0.5796897038081805 0.4732313575525813 0.5275035260930888 0.4732313575525813 0.5267983074753173 0.390057361376673 0.5796897038081805 0.38910133843212236 0.580394922425952 0.4722753346080306 0.5796897038081805 0.4732313575525813
0 0.6671368124118476 0.5344168260038241 0.5867418899858956 0.5344168260038241 0.5860366713681241 0.42638623326959846 0.6671368124118476 0.4254302103250478 0.6678420310296191 0.5334608030592735 0.6671368124118476 0.5344168260038241
0 0.5796897038081805 0.7753346080305927 0.5049365303244006 0.7753346080305927 0.504231311706629 0.638623326959847 0.5260930888575458 0.6376673040152964 0.5267983074753173 0.6309751434034416 0.4992947813822285 0.630019120458891 0.498589562764457 0.5659655831739961 0.5275035260930888 0.5650095602294455 0.5282087447108603 0.4818355640535373 0.5796897038081805 0.4808795411089866 0.580394922425952 0.7743785850860421 0.5796897038081805 0.7753346080305927
0 0.7574047954866009 0.5344168260038241 0.6741889985895627 0.5344168260038241 0.6734837799717912 0.4818355640535373 0.7574047954866009 0.4808795411089866 0.7581100141043724 0.5334608030592735 0.7574047954866009 0.5344168260038241
0 0.7574047954866009 0.7122370936902486 0.5867418899858956 0.7122370936902486 0.5860366713681241 0.5430210325047801 0.7574047954866009 0.5420650095602294 0.7581100141043724 0.7112810707456979 0.7574047954866009 0.7122370936902486
0 0.4978843441466855 0.8690248565965584 0.33709449929478136 0.8690248565965584 0.33638928067700985 0.5659655831739961 0.4978843441466855 0.5650095602294455 0.498589562764457 0.8680688336520076 0.4978843441466855 0.8690248565965584
0 0.7574047954866009 0.8690248565965584 0.5867418899858956 0.8690248565965584 0.5860366713681241 0.7208413001912046 0.7574047954866009 0.719885277246654 0.7581100141043724 0.8680688336520076 0.7574047954866009 0.8690248565965584
0 0.5796897038081805 0.8690248565965584 0.5049365303244006 0.8690248565965584 0.504231311706629 0.7839388145315488 0.5796897038081805 0.7829827915869981 0.580394922425952 0.8680688336520076 0.5796897038081805 0.8690248565965584