0 0.22555205047318613 0.3952164009111617 0.0583596214511041 0.3952164009111617 0.057570977917981075 0.255125284738041 0.22555205047318613 0.2539863325740319 0.22634069400630916 0.3940774487471526 0.22555205047318613 0.3952164009111617
0 0.4022082018927445 0.4202733485193622 0.23186119873817035 0.4202733485193622 0.23107255520504733 0.255125284738041 0.4022082018927445 0.2539863325740319 0.4029968454258675 0.4191343963553531 0.4022082018927445 0.4202733485193622
0 0.7113564668769716 0.34965831435079725 0.6072555205047319 0.34965831435079725 0.6064668769716088 0.2619589977220957 0.7113564668769716 0.2608200455580866 0.7121451104100947 0.34851936218678814 0.7113564668769716 0.34965831435079725
0 0.9542586750788643 0.34965831435079725 0.8438485804416404 0.34965831435079725 0.8430599369085173 0.2619589977220957 0.9542586750788643 0.2608200455580866 0.9550473186119873 0.34851936218678814 0.9542586750788643 0.34965831435079725
0 0.7996845425867508 0.6685649202733486 0.722397476340694 0.6685649202733486 0.7208201892744479 0.664009111617312 0.7184542586750788 0.662870159453303 0.7184542586750788 0.27107061503416857 0.8375394321766562 0.26993166287015946 0.8383280757097792 0.34851936218678814 0.832018927444795 0.357630979498861 0.8194006309148265 0.37813211845102507 0.8083596214511041 0.39635535307517084 0.8004731861198738 0.41002277904328016 0.8004731861198738 0.6674259681093394 0.7996845425867508 0.6685649202733486
0 0.9479495268138801 0.5615034168564921 0.804416403785489 0.5615034168564921 0.8036277602523659 0.4145785876993166 0.8146687697160884 0.39863325740318906 0.8288643533123028 0.37585421412300685 0.8391167192429022 0.35876993166287013 0.9479495268138801 0.35876993166287013 0.9487381703470031 0.5603644646924829 0.9479495268138801 0.5615034168564921
0 0.7129337539432177 0.5637813211845103 0.613564668769716 0.5637813211845103 0.612776025236593 0.3621867881548975 0.7129337539432177 0.36104783599088835 0.7137223974763407 0.5626423690205011 0.7129337539432177 0.5637813211845103
0 0.22555205047318613 0.6503416856492027 0.0583596214511041 0.6503416856492027 0.057570977917981075 0.4031890660592255 0.22555205047318613 0.4020501138952164 0.22634069400630916 0.6492027334851936 0.22555205047318613 0.6503416856492027
0 0.4022082018927445 0.6503416856492027 0.23186119873817035 0.6503416856492027 0.23107255520504733 0.428246013667426 0.27287066246056785 0.4271070615034169 0.27365930599369087 0.4214123006833713 0.38958990536277605 0.4202733485193622 0.39037854889589907 0.42596810933940776 0.4022082018927445 0.4271070615034169 0.4029968454258675 0.6492027334851936 0.4022082018927445 0.6503416856492027
0 0.9479495268138801 0.6526195899772209 0.804416403785489 0.6526195899772209 0.8036277602523659 0.5694760820045558 0.9479495268138801 0.5683371298405467 0.9487381703470031 0.6514806378132119 0.9479495268138801 0.6526195899772209
0 0.7113564668769716 0.664009111617312 0.6072555205047319 0.664009111617312 0.6064668769716088 0.5763097949886105 0.7113564668769716 0.5751708428246014 0.7121451104100947 0.662870159453303 0.7113564668769716 0.664009111617312
0 0.16876971608832808 0.7619589977220956 0.12933753943217666 0.7619589977220956 0.12854889589905363 0.662870159453303 0.16876971608832808 0.6617312072892938 0.1695583596214511 0.7608200455580866 0.16876971608832808 0.7619589977220956
0 0.3280757097791798 0.7619589977220956 0.1750788643533123 0.7619589977220956 0.17429022082018927 0.662870159453303 0.3280757097791798 0.6617312072892938 0.32886435331230285 0.7608200455580866 0.3280757097791798 0.7619589977220956
0 0.39274447949526814 0.7733485193621867 0.33753943217665616 0.7733485193621867 0.33675078864353314 0.662870159453303 0.39274447949526814 0.6617312072892938 0.39353312302839116 0.7722095671981777 0.39274447949526814 0.7733485193621867
0 0.46529968454258674 0.7733485193621867 0.3990536277602524 0.7733485193621867 0.39826498422712936 0.662870159453303 0.46529968454258674 0.6617312072892938 0.46608832807570977 0.7722095671981777 0.46529968454258674 0.7733485193621867
0 0.5410094637223974 0.7733485193621867 0.471608832807571 0.7733485193621867 0.47082018927444796 0.662870159453303 0.5410094637223974 0.6617312072892938 0.5417981072555205 0.7722095671981777 0.5410094637223974 0.7733485193621867
0 0.7760252365930599 0.7733485193621867 0.7350157728706624 0.7733485193621867 0.7342271293375394 0.6742596810933941 0.722397476340694 0.673120728929385 0.7216088328075709 0.6697038724373576 0.7760252365930599 0.6685649202733486 0.776813880126183 0.7722095671981777 0.7760252365930599 0.7733485193621867
0 0.8753943217665615 0.7733485193621867 0.7823343848580442 0.7733485193621867 0.7815457413249212 0.6765375854214123 0.8753943217665615 0.6753986332574032 0.8761829652996845 0.7722095671981777 0.8753943217665615 0.7733485193621867
0 0.7302839116719243 0.7733485193621867 0.6829652996845426 0.7733485193621867 0.6821766561514195 0.6788154897494305 0.7302839116719243 0.6776765375854215 0.7310725552050473 0.7722095671981777 0.7302839116719243 0.7733485193621867
0 0.3280757097791798 0.8804100227790432 0.2555205047318612 0.8804100227790432 0.2547318611987382 0.7744874715261959 0.3280757097791798 0.7733485193621867 0.32886435331230285 0.8792710706150342 0.3280757097791798 0.8804100227790432
0 0.5410094637223974 0.9054669703872438 0.33753943217665616 0.9054669703872438 0.33675078864353314 0.7790432801822323 0.5410094637223974 0.7779043280182233 0.5417981072555205 0.9043280182232346 0.5410094637223974 0.9054669703872438