0 0.8015170670037927 0.08010204081632653 0.534134007585335 0.08010204081632653 0.5338179519595448 0.053061224489795916 0.8015170670037927 0.052551020408163264 0.8018331226295828 0.07959183673469387 0.8015170670037927 0.08010204081632653
0 0.9595448798988622 0.3760204081632653 0.7749683944374209 0.3760204081632653 0.7746523388116309 0.25612244897959185 0.804677623261694 0.2556122448979592 0.8049936788874842 0.053061224489795916 0.9595448798988622 0.052551020408163264 0.9598609355246523 0.37551020408163266 0.9595448798988622 0.3760204081632653
0 0.17003792667509482 0.2260204081632653 0.05562579013906448 0.2260204081632653 0.05530973451327434 0.06020408163265306 0.17003792667509482 0.05969387755102041 0.17035398230088494 0.22551020408163266 0.17003792667509482 0.2260204081632653
0 0.3084702907711757 0.2260204081632653 0.18268015170670038 0.2260204081632653 0.18236409608091025 0.1846938775510204 0.1738305941845765 0.18418367346938774 0.17351453855878635 0.06020408163265306 0.30783817951959547 0.05969387755102041 0.3081542351453856 0.08571428571428572 0.3122629582806574 0.08622448979591837 0.31257901390644754 0.21428571428571427 0.309102402022756 0.21479591836734693 0.30878634639696584 0.22551020408163266 0.3084702907711757 0.2260204081632653
0 0.4835651074589128 0.38010204081632654 0.3002528445006321 0.38010204081632654 0.299936788874842 0.29183673469387755 0.297724399494311 0.2913265306122449 0.297724399494311 0.2903061224489796 0.30404551201011376 0.2903061224489796 0.30467762326169406 0.2913265306122449 0.3122629582806574 0.2913265306122449 0.31257901390644754 0.061224489795918366 0.4835651074589128 0.060714285714285714 0.4838811630847029 0.3795918367346939 0.4835651074589128 0.38010204081632654
0 0.6460176991150443 0.33724489795918366 0.534134007585335 0.33724489795918366 0.5338179519595448 0.08571428571428572 0.6460176991150443 0.08520408163265306 0.6463337547408344 0.336734693877551 0.6460176991150443 0.33724489795918366
0 0.770543615676359 0.3760204081632653 0.6820480404551201 0.3760204081632653 0.68173198482933 0.24081632653061225 0.6785714285714286 0.2357142857142857 0.6754108723135271 0.22959183673469388 0.6716182048040455 0.22244897959183674 0.6706700379266751 0.21989795918367347 0.6586599241466498 0.21989795918367347 0.6583438685208597 0.17959183673469387 0.649810366624526 0.17908163265306123 0.6494943109987358 0.08571428571428572 0.804677623261694 0.08520408163265306 0.8049936788874842 0.25510204081632654 0.7749683944374209 0.2556122448979592 0.7743362831858407 0.2566326530612245 0.7711757269279393 0.2566326530612245 0.7708596713021492 0.37551020408163266 0.770543615676359 0.3760204081632653
0 0.6782553729456384 0.30459183673469387 0.649810366624526 0.30459183673469387 0.6494943109987358 0.22551020408163266 0.6687737041719343 0.225 0.6722503160556258 0.2316326530612245 0.672566371681416 0.23316326530612244 0.6735145385587863 0.2336734693877551 0.6754108723135271 0.23775510204081632 0.6757269279393173 0.2392857142857143 0.677307206068268 0.24081632653061225 0.6785714285714286 0.24387755102040817 0.6785714285714286 0.3040816326530612 0.6782553729456384 0.30459183673469387
0 0.17003792667509482 0.38010204081632654 0.05562579013906448 0.38010204081632654 0.05530973451327434 0.2336734693877551 0.17003792667509482 0.23316326530612244 0.17035398230088494 0.3795918367346939 0.17003792667509482 0.38010204081632654
0 0.29646017699115046 0.38010204081632654 0.21871049304677623 0.38010204081632654 0.2183944374209861 0.3306122448979592 0.20606826801517067 0.3107142857142857 0.1738305941845765 0.3107142857142857 0.17351453855878635 0.2336734693877551 0.3122629582806574 0.23316326530612244 0.31257901390644754 0.29081632653061223 0.30467762326169406 0.2913265306122449 0.30404551201011376 0.2903061224489796 0.297724399494311 0.2903061224489796 0.2970922882427307 0.2913265306122449 0.2781289506953224 0.2913265306122449 0.2778128950695322 0.2938775510204082 0.29646017699115046 0.2943877551020408 0.2967762326169406 0.3795918367346939 0.29646017699115046 0.38010204081632654
0 0.6782553729456384 0.3760204081632653 0.649810366624526 0.3760204081632653 0.6494943109987358 0.30714285714285716 0.6782553729456384 0.3066326530612245 0.6785714285714286 0.37551020408163266 0.6782553729456384 0.3760204081632653
0 0.21491782553729458 0.38010204081632654 0.1738305941845765 0.38010204081632654 0.17351453855878635 0.3163265306122449 0.20480404551201012 0.31581632653061226 0.2152338811630847 0.3326530612244898 0.2152338811630847 0.3795918367346939 0.21491782553729458 0.38010204081632654
0 0.6460176991150443 0.3760204081632653 0.534134007585335 0.3760204081632653 0.5338179519595448 0.34285714285714286 0.6460176991150443 0.3423469387755102 0.6463337547408344 0.37551020408163266 0.6460176991150443 0.3760204081632653
0 0.41529709228824274 0.7158163265306122 0.2920353982300885 0.7158163265306122 0.2917193426042984 0.5459183673469388 0.41529709228824274 0.5464285714285714 0.41561314791403287 0.7153061224489796 0.41529709228824274 0.7158163265306122
0 0.4715549936788875 0.6627551020408163 0.4222503160556258 0.6627551020408163 0.4219342604298357 0.5469387755102041 0.4715549936788875 0.5464285714285714 0.4718710493046776 0.6622448979591836 0.4715549936788875 0.6627551020408163
0 0.5486725663716814 0.6658163265306123 0.47724399494311 0.6658163265306123 0.47692793931731986 0.5469387755102041 0.5486725663716814 0.5464285714285714 0.5489886219974716 0.6653061224489796 0.5486725663716814 0.6658163265306123
0 0.629582806573957 0.8678571428571429 0.5524652338811631 0.8678571428571429 0.5521491782553729 0.5469387755102041 0.5739570164348925 0.5464285714285714 0.5745891276864729 0.5474489795918367 0.7218710493046776 0.5474489795918367 0.7221871049304678 0.786734693877551 0.6302149178255373 0.7872448979591836 0.6298988621997471 0.8673469387755102 0.629582806573957 0.8678571428571429
0 0.5486725663716814 0.8678571428571429 0.36852085967130216 0.8678571428571429 0.36820480404551204 0.7214285714285714 0.42604298356510745 0.7209183673469388 0.42635903919089757 0.6714285714285714 0.5486725663716814 0.6709183673469388 0.5489886219974716 0.8673469387755102 0.5486725663716814 0.8678571428571429
0 0.35967130214917825 0.8678571428571429 0.2920353982300885 0.8678571428571429 0.2917193426042984 0.7275510204081632 0.35967130214917825 0.7270408163265306 0.3599873577749684 0.8673469387755102 0.35967130214917825 0.8678571428571429
0 0.7218710493046776 0.8678571428571429 0.6333754740834386 0.8678571428571429 0.6330594184576486 0.7928571428571428 0.7218710493046776 0.7923469387755102 0.7221871049304678 0.8673469387755102 0.7218710493046776 0.8678571428571429