0 0.4989339019189765 0.355726872246696 0.39232409381663114 0.355726872246696 0.3917910447761194 0.15638766519823788 0.4989339019189765 0.15528634361233482 0.4994669509594883 0.35462555066079293 0.4989339019189765 0.355726872246696
0 0.6108742004264393 0.355726872246696 0.5031982942430704 0.355726872246696 0.5026652452025586 0.15638766519823788 0.6108742004264393 0.15528634361233482 0.6114072494669509 0.35462555066079293 0.6108742004264393 0.355726872246696
0 0.1513859275053305 0.38876651982378857 0.050106609808102345 0.38876651982378857 0.04957356076759062 0.16299559471365638 0.1513859275053305 0.1618942731277533 0.15191897654584222 0.3876651982378855 0.1513859275053305 0.38876651982378857
0 0.31449893390191896 0.43942731277533037 0.15245202558635396 0.43942731277533037 0.15191897654584222 0.16299559471365638 0.31449893390191896 0.1618942731277533 0.3150319829424307 0.43832599118942733 0.31449893390191896 0.43942731277533037
0 0.3805970149253731 0.43942731277533037 0.3187633262260128 0.43942731277533037 0.31823027718550106 0.16299559471365638 0.3805970149253731 0.1618942731277533 0.38113006396588484 0.43832599118942733 0.3805970149253731 0.43942731277533037
0 0.6833688699360341 0.43281938325991187 0.6226012793176973 0.43281938325991187 0.6220682302771855 0.16299559471365638 0.6833688699360341 0.1618942731277533 0.6839019189765458 0.43171806167400884 0.6833688699360341 0.43281938325991187
0 0.849680170575693 0.43281938325991187 0.6876332622601279 0.43281938325991187 0.6871002132196162 0.16299559471365638 0.8486140724946695 0.1618942731277533 0.8491471215351812 0.381057268722467 0.8502132196162047 0.3832599118942731 0.8502132196162047 0.43171806167400884 0.849680170575693 0.43281938325991187
0 0.9509594882729211 0.38215859030837 0.849680170575693 0.38215859030837 0.8491471215351812 0.16299559471365638 0.9509594882729211 0.1618942731277533 0.9514925373134329 0.381057268722467 0.9509594882729211 0.38215859030837
0 0.6108742004264393 0.8138766519823789 0.39232409381663114 0.8138766519823789 0.3917910447761194 0.3722466960352423 0.6108742004264393 0.3711453744493392 0.6114072494669509 0.8127753303964758 0.6108742004264393 0.8138766519823789
0 0.9509594882729211 0.5825991189427313 0.8539445628997868 0.5825991189427313 0.853411513859275 0.3898678414096916 0.9509594882729211 0.38876651982378857 0.9514925373134329 0.5814977973568282 0.9509594882729211 0.5825991189427313
0 0.14818763326226012 0.5892070484581498 0.050106609808102345 0.5892070484581498 0.04957356076759062 0.3964757709251101 0.14818763326226012 0.39537444933920707 0.14872068230277186 0.5881057268722467 0.14818763326226012 0.5892070484581498
0 0.849680170575693 0.6596916299559471 0.7931769722814499 0.6596916299559471 0.7926439232409381 0.43392070484581496 0.849680170575693 0.43281938325991187 0.8502132196162047 0.6585903083700441 0.849680170575693 0.6596916299559471
0 0.208955223880597 0.6662995594713657 0.15245202558635396 0.6662995594713657 0.15191897654584222 0.44052863436123346 0.208955223880597 0.43942731277533037 0.20948827292110875 0.6651982378854625 0.208955223880597 0.6662995594713657
0 0.6833688699360341 0.6376651982378855 0.6226012793176973 0.6376651982378855 0.6220682302771855 0.44273127753303965 0.6833688699360341 0.44162995594713655 0.6839019189765458 0.6365638766519823 0.6833688699360341 0.6376651982378855
0 0.7292110874200426 0.5363436123348018 0.6876332622601279 0.5363436123348018 0.6871002132196162 0.44273127753303965 0.7292110874200426 0.44162995594713655 0.7297441364605544 0.5352422907488987 0.7292110874200426 0.5363436123348018
0 0.7889125799573561 0.5363436123348018 0.7334754797441365 0.5363436123348018 0.7329424307036247 0.44273127753303965 0.7889125799573561 0.44162995594713655 0.7894456289978679 0.5352422907488987 0.7889125799573561 0.5363436123348018
0 0.26865671641791045 0.5429515418502202 0.21428571428571427 0.5429515418502202 0.21375266524520256 0.44713656387665196 0.26865671641791045 0.4460352422907489 0.26918976545842216 0.5418502202643172 0.26865671641791045 0.5429515418502202
0 0.31449893390191896 0.5429515418502202 0.27292110874200426 0.5429515418502202 0.27238805970149255 0.44713656387665196 0.31449893390191896 0.4460352422907489 0.3150319829424307 0.5418502202643172 0.31449893390191896 0.5429515418502202
0 0.3805970149253731 0.6420704845814978 0.3187633262260128 0.6420704845814978 0.31823027718550106 0.44713656387665196 0.3805970149253731 0.4460352422907489 0.38113006396588484 0.6409691629955947 0.3805970149253731 0.6420704845814978
0 0.7889125799573561 0.7852422907488987 0.6876332622601279 0.7852422907488987 0.6871002132196162 0.5440528634361234 0.7889125799573561 0.5429515418502202 0.7894456289978679 0.7841409691629956 0.7889125799573561 0.7852422907488987
0 0.31449893390191896 0.789647577092511 0.21428571428571427 0.789647577092511 0.21375266524520256 0.5506607929515418 0.31449893390191896 0.5495594713656388 0.3150319829424307 0.788546255506608 0.31449893390191896 0.789647577092511
0 0.9509594882729211 0.7852422907488987 0.8539445628997868 0.7852422907488987 0.853411513859275 0.5903083700440529 0.9509594882729211 0.5892070484581498 0.9514925373134329 0.7841409691629956 0.9509594882729211 0.7852422907488987
0 0.14818763326226012 0.789647577092511 0.050106609808102345 0.789647577092511 0.04957356076759062 0.5969162995594713 0.14818763326226012 0.5958149779735683 0.14872068230277186 0.788546255506608 0.14818763326226012 0.789647577092511
0 0.6812366737739872 0.7852422907488987 0.6236673773987207 0.7852422907488987 0.6231343283582089 0.6497797356828194 0.6812366737739872 0.6486784140969163 0.6817697228144989 0.7841409691629956 0.6812366737739872 0.7852422907488987
0 0.3784648187633262 0.789647577092511 0.3208955223880597 0.789647577092511 0.32036247334754797 0.6519823788546255 0.3784648187633262 0.6508810572687225 0.37899786780383793 0.788546255506608 0.3784648187633262 0.789647577092511
0 0.849680170575693 0.7852422907488987 0.7931769722814499 0.7852422907488987 0.7926439232409381 0.6674008810572687 0.849680170575693 0.6662995594713657 0.8502132196162047 0.7841409691629956 0.849680170575693 0.7852422907488987
0 0.208955223880597 0.789647577092511 0.15245202558635396 0.789647577092511 0.15191897654584222 0.6740088105726872 0.208955223880597 0.6729074889867841 0.20948827292110875 0.788546255506608 0.208955223880597 0.789647577092511