0 0.6290909090909091 0.5417633410672854 0.37454545454545457 0.5417633410672854 0.37272727272727274 0.4895591647331787 0.38 0.4872389791183295 0.38 0.48259860788863107 0.3054545454545455 0.4814385150812065 0.30363636363636365 0.42691415313225056 0.09818181818181818 0.425754060324826 0.09636363636363636 0.26218097447795824 0.6290909090909091 0.26102088167053367 0.6309090909090909 0.5406032482598608 0.6290909090909091 0.5417633410672854
0 0.8690909090909091 0.5069605568445475 0.6436363636363637 0.5069605568445475 0.6418181818181818 0.26218097447795824 0.8690909090909091 0.26102088167053367 0.8709090909090909 0.505800464037123 0.8690909090909091 0.5069605568445475
0 0.36 0.574245939675174 0.09818181818181818 0.574245939675174 0.09636363636363636 0.42691415313225056 0.2909090909090909 0.425754060324826 0.2927272727272727 0.4872389791183295 0.3709090909090909 0.48839907192575405 0.37272727272727274 0.5406032482598608 0.36363636363636365 0.5417633410672854 0.3618181818181818 0.5730858468677494 0.36 0.574245939675174
0 0.3781818181818182 0.48839907192575405 0.29454545454545455 0.48839907192575405 0.2927272727272727 0.42691415313225056 0.3018181818181818 0.425754060324826 0.30363636363636365 0.4802784222737819 0.3781818181818182 0.4814385150812065 0.38 0.4872389791183295 0.3781818181818182 0.48839907192575405
0 0.7236363636363636 0.6879350348027842 0.5490909090909091 0.6879350348027842 0.5472727272727272 0.5475638051044084 0.64 0.5464037122969838 0.6418181818181818 0.5150812064965197 0.6981818181818182 0.5139211136890951 0.7 0.5754060324825986 0.7254545454545455 0.5916473317865429 0.7254545454545455 0.6867749419953596 0.7236363636363636 0.6879350348027842
0 0.8581818181818182 0.6136890951276102 0.7781818181818182 0.6136890951276102 0.7527272727272727 0.5974477958236659 0.74 0.5916473317865429 0.7381818181818182 0.5881670533642691 0.7109090909090909 0.5730858468677494 0.7109090909090909 0.5150812064965197 0.8581818181818182 0.5139211136890951 0.86 0.6125290023201856 0.8581818181818182 0.6136890951276102
0 0.5345454545454545 0.796983758700696 0.3709090909090909 0.796983758700696 0.3690909090909091 0.54292343387471 0.5345454545454545 0.5417633410672854 0.5363636363636364 0.7958236658932715 0.5345454545454545 0.796983758700696
0 0.2290909090909091 0.6554524361948956 0.09818181818181818 0.6554524361948956 0.09636363636363636 0.5823665893271461 0.2290909090909091 0.5812064965197216 0.2309090909090909 0.654292343387471 0.2290909090909091 0.6554524361948956
0 0.36 0.6554524361948956 0.24 0.6554524361948956 0.2381818181818182 0.5823665893271461 0.36 0.5812064965197216 0.3618181818181818 0.654292343387471 0.36 0.6554524361948956
0 0.8690909090909091 0.6879350348027842 0.7272727272727273 0.6879350348027842 0.7254545454545455 0.5939675174013921 0.7381818181818182 0.5997679814385151 0.7709090909090909 0.6183294663573086 0.8690909090909091 0.6183294663573086 0.8709090909090909 0.6867749419953596 0.8690909090909091 0.6879350348027842
0 0.36 0.8665893271461717 0.09818181818181818 0.8665893271461717 0.09636363636363636 0.6612529002320185 0.36 0.660092807424594 0.3618181818181818 0.8654292343387471 0.36 0.8665893271461717
0 0.8690909090909091 0.8665893271461717 0.5490909090909091 0.8665893271461717 0.5472727272727272 0.6937354988399071 0.8690909090909091 0.6925754060324826 0.8709090909090909 0.8654292343387471 0.8690909090909091 0.8665893271461717
0 0.5345454545454545 0.8665893271461717 0.3709090909090909 0.8665893271461717 0.3690909090909091 0.802784222737819 0.5345454545454545 0.8016241299303944 0.5363636363636364 0.8654292343387471 0.5345454545454545 0.8665893271461717