0 0.31323529411764706 0.4723053892215569 0.033823529411764704 0.4723053892215569 0.03308823529411765 0.21706586826347304 0.42205882352941176 0.21631736526946108 0.4227941176470588 0.4655688622754491 0.31470588235294117 0.4663173652694611 0.3139705882352941 0.47155688622754494 0.31323529411764706 0.4723053892215569
0 0.6044117647058823 0.49176646706586824 0.48676470588235293 0.49176646706586824 0.4860294117647059 0.218562874251497 0.6867647058823529 0.21781437125748504 0.6875 0.46706586826347307 0.6058823529411764 0.46781437125748504 0.6051470588235294 0.49101796407185627 0.6044117647058823 0.49176646706586824
0 0.875 0.46781437125748504 0.6941176470588235 0.46781437125748504 0.6933823529411764 0.218562874251497 0.875 0.21781437125748504 0.8757352941176471 0.46706586826347307 0.875 0.46781437125748504
0 0.31323529411764706 0.749251497005988 0.22205882352941175 0.749251497005988 0.2213235294117647 0.6976047904191617 0.2161764705882353 0.6968562874251497 0.2139705882352941 0.6931137724550899 0.2139705882352941 0.6901197604790419 0.2125 0.688622754491018 0.2125 0.6856287425149701 0.21102941176470588 0.6841317365269461 0.21102941176470588 0.6796407185628742 0.20955882352941177 0.6781437125748503 0.20955882352941177 0.6751497005988024 0.20808823529411766 0.6736526946107785 0.20808823529411766 0.6706586826347305 0.20661764705882352 0.6691616766467066 0.20661764705882352 0.6616766467065869 0.2051470588235294 0.6601796407185628 0.2051470588235294 0.657185628742515 0.2036764705882353 0.655688622754491 0.2036764705882353 0.6526946107784432 0.20220588235294118 0.6511976047904192 0.20220588235294118 0.6482035928143712 0.20073529411764707 0.6467065868263473 0.20073529411764707 0.6422155688622755 0.19926470588235295 0.6407185628742516 0.19926470588235295 0.6377245508982036 0.19779411764705881 0.6362275449101796 0.19779411764705881 0.6332335329341318 0.20294117647058824 0.6324850299401198 0.2036764705882353 0.47305389221556887 0.42205882352941176 0.4723053892215569 0.4227941176470588 0.5374251497005988 0.31470588235294117 0.5381736526946108 0.3139705882352941 0.7485029940119761 0.31323529411764706 0.749251497005988
0 0.875 0.6115269461077845 0.6514705882352941 0.6115269461077845 0.6507352941176471 0.5973053892215568 0.6132352941176471 0.5965568862275449 0.6125 0.4745508982035928 0.875 0.47380239520958084 0.8757352941176471 0.6107784431137725 0.875 0.6115269461077845
0 0.21470588235294116 0.8061377245508982 0.033823529411764704 0.8061377245508982 0.03308823529411765 0.47904191616766467 0.03455882352941177 0.47904191616766467 0.03455882352941177 0.5209580838323353 0.051470588235294115 0.5217065868263473 0.05220588235294118 0.47904191616766467 0.19705882352941176 0.4782934131736527 0.19779411764705881 0.6362275449101796 0.19926470588235295 0.6377245508982036 0.19926470588235295 0.6407185628742516 0.20073529411764707 0.6422155688622755 0.20073529411764707 0.6467065868263473 0.20220588235294118 0.6482035928143712 0.20220588235294118 0.6511976047904192 0.2036764705882353 0.6526946107784432 0.2036764705882353 0.655688622754491 0.2051470588235294 0.657185628742515 0.2051470588235294 0.6601796407185628 0.20661764705882352 0.6616766467065869 0.20661764705882352 0.6691616766467066 0.20808823529411766 0.6706586826347305 0.20808823529411766 0.6736526946107785 0.20955882352941177 0.6751497005988024 0.20955882352941177 0.6781437125748503 0.21102941176470588 0.6796407185628742 0.21102941176470588 0.6841317365269461 0.2125 0.6856287425149701 0.2125 0.688622754491018 0.2139705882352941 0.6901197604790419 0.2139705882352941 0.6931137724550899 0.21544117647058825 0.6946107784431138 0.21544117647058825 0.8053892215568862 0.21470588235294116 0.8061377245508982
0 0.6044117647058823 0.6833832335329342 0.48676470588235293 0.6833832335329342 0.4860294117647059 0.5254491017964071 0.5 0.5247005988023952 0.5007352941176471 0.49850299401197606 0.6044117647058823 0.4977544910179641 0.6051470588235294 0.6826347305389222 0.6044117647058823 0.6833832335329342
0 0.42205882352941176 0.6729041916167665 0.3205882352941177 0.6729041916167665 0.31985294117647056 0.5449101796407185 0.3588235294117647 0.5441616766467066 0.35955882352941176 0.5389221556886228 0.42205882352941176 0.5381736526946108 0.4227941176470588 0.6721556886227545 0.42205882352941176 0.6729041916167665
0 0.875 0.8061377245508982 0.6132352941176471 0.8061377245508982 0.6125 0.6182634730538922 0.875 0.6175149700598802 0.8757352941176471 0.8053892215568862 0.875 0.8061377245508982
0 0.42205882352941176 0.8061377245508982 0.3205882352941177 0.8061377245508982 0.31985294117647056 0.6796407185628742 0.42205882352941176 0.6788922155688623 0.4227941176470588 0.8053892215568862 0.42205882352941176 0.8061377245508982
0 0.6044117647058823 0.8061377245508982 0.49264705882352944 0.8061377245508982 0.4919117647058823 0.6916167664670658 0.6044117647058823 0.6908682634730539 0.6051470588235294 0.8053892215568862 0.6044117647058823 0.8061377245508982
0 0.31323529411764706 0.8061377245508982 0.22205882352941175 0.8061377245508982 0.2213235294117647 0.7559880239520959 0.31323529411764706 0.7552395209580839 0.3139705882352941 0.8053892215568862 0.31323529411764706 0.8061377245508982