0 0.822739834188709 0.4771101573676681 0.5829056454796684 0.4771101573676681 0.5828069482826688 0.1161659513590844 0.822739834188709 0.11602288984263233 0.8228385313857086 0.47696709585121605 0.822739834188709 0.4771101573676681
0 0.9832214765100671 0.334620886981402 0.8286616660086854 0.334620886981402 0.8285629688116858 0.1161659513590844 0.9832214765100671 0.11602288984263233 0.9833201737070667 0.3344778254649499 0.9832214765100671 0.334620886981402
0 0.23035925779707855 0.5589413447782546 0.0795499407816818 0.5589413447782546 0.0794512435846822 0.24520743919885551 0.23035925779707855 0.24506437768240344 0.23045795499407817 0.5587982832618026 0.23035925779707855 0.5589413447782546
0 0.344255823134623 0.5612303290414878 0.24772996446900908 0.5612303290414878 0.2476312672720095 0.2592274678111588 0.344255823134623 0.25908440629470675 0.34435452033162256 0.5610872675250358 0.344255823134623 0.5612303290414878
0 0.4486774575602053 0.44105865522174537 0.3507698381365969 0.44105865522174537 0.35067114093959734 0.2592274678111588 0.44808527437820767 0.25908440629470675 0.4481839715752073 0.4400572246065808 0.4486774575602053 0.4402002861230329 0.4487761547572049 0.44091559370529326 0.4486774575602053 0.44105865522174537
0 0.5769838136596921 0.4771101573676681 0.4545992893801816 0.4771101573676681 0.454500592183182 0.2592274678111588 0.5769838136596921 0.25908440629470675 0.5770825108566917 0.33247496423462086 0.5637583892617449 0.33261802575107297 0.5636596920647453 0.41859799713876966 0.5769838136596921 0.41874105865522177 0.5770825108566917 0.47696709585121605 0.5769838136596921 0.4771101573676681
0 0.9832214765100671 0.5068669527896996 0.8286616660086854 0.5068669527896996 0.8285629688116858 0.3419170243204578 0.9832214765100671 0.34177396280400574 0.9833201737070667 0.5067238912732475 0.9832214765100671 0.5068669527896996
0 0.4486774575602053 0.5866952789699571 0.3995262534544019 0.5866952789699571 0.3994275562574023 0.5834048640915593 0.3549151204105803 0.5832618025751073 0.35481642321358076 0.45007153075822603 0.4486774575602053 0.449928469241774 0.4487761547572049 0.586552217453505 0.4486774575602053 0.5866952789699571
0 0.8829451243584682 0.6313304721030043 0.6571259376233715 0.6313304721030043 0.6570272404263718 0.5868383404864091 0.4545992893801816 0.5866952789699571 0.454500592183182 0.48412017167381977 0.822739834188709 0.48397711015736766 0.8228385313857086 0.5150214592274678 0.8829451243584682 0.5151645207439199 0.8830438215554678 0.6311874105865523 0.8829451243584682 0.6313304721030043
0 0.9832214765100671 0.6313304721030043 0.8831425187524674 0.6313304721030043 0.8830438215554678 0.515307582260372 0.9832214765100671 0.5151645207439199 0.9833201737070667 0.6311874105865523 0.9832214765100671 0.6313304721030043
0 0.23035925779707855 0.8751072961373391 0.0795499407816818 0.8751072961373391 0.0794512435846822 0.5682403433476395 0.23035925779707855 0.5680972818311875 0.23045795499407817 0.874964234620887 0.23035925779707855 0.8751072961373391
0 0.2479273588630083 0.8484978540772532 0.2476312672720095 0.8483547925608012 0.2476312672720095 0.5702432045779685 0.344255823134623 0.5701001430615165 0.34435452033162256 0.8477825464949929 0.2481247532570075 0.8479256080114449 0.2479273588630083 0.8484978540772532
0 0.41314646664034743 0.6791130185979971 0.3507698381365969 0.6791130185979971 0.35067114093959734 0.5959942775393419 0.41314646664034743 0.5958512160228898 0.413245163837347 0.6789699570815451 0.41314646664034743 0.6791130185979971
0 0.35096723253059614 0.8479256080114449 0.35067114093959734 0.8477825464949929 0.35067114093959734 0.6792560801144493 0.41314646664034743 0.6791130185979971 0.413245163837347 0.5959942775393419 0.6508093170153968 0.5958512160228898 0.6509080142123964 0.8463519313304722 0.46367943150414526 0.8464949928469242 0.4635807343071457 0.8472103004291845 0.3511646269245953 0.8473533619456366 0.35096723253059614 0.8479256080114449
0 0.7287801026450849 0.7237482117310443 0.6571259376233715 0.7237482117310443 0.6570272404263718 0.640343347639485 0.7287801026450849 0.6402002861230329 0.7288787998420845 0.7236051502145923 0.7287801026450849 0.7237482117310443
0 0.7978681405448085 0.7237482117310443 0.7352941176470589 0.7237482117310443 0.7351954204500593 0.640343347639485 0.7978681405448085 0.6402002861230329 0.7979668377418081 0.7236051502145923 0.7978681405448085 0.7237482117310443
0 0.8045795499407817 0.6416309012875536 0.8041847611527833 0.6416309012875536 0.8040860639557836 0.640343347639485 0.9832214765100671 0.6402002861230329 0.9833201737070667 0.6409155937052933 0.8047769443347809 0.6410586552217453 0.8045795499407817 0.6416309012875536
0 0.9832214765100671 0.8464949928469242 0.8047769443347809 0.8464949928469242 0.8045795499407817 0.8459227467811159 0.8041847611527833 0.8459227467811159 0.8040860639557836 0.6417739628040057 0.8045795499407817 0.6416309012875536 0.8047769443347809 0.6410586552217453 0.9832214765100671 0.6410586552217453 0.9833201737070667 0.8463519313304722 0.9832214765100671 0.8464949928469242
0 0.8045795499407817 0.8464949928469242 0.8041847611527833 0.8464949928469242 0.8040860639557836 0.846065808297568 0.8045795499407817 0.8459227467811159 0.8046782471377812 0.8463519313304722 0.8045795499407817 0.8464949928469242