0 0.3233644859813084 0.550055617352614 0.013084112149532711 0.550055617352614 0.012149532710280374 0.21023359288097887 0.7420560747663552 0.20967741935483872 0.7429906542056075 0.3704115684093437 0.594392523364486 0.3709677419354839 0.5925233644859813 0.36985539488320357 0.44299065420560746 0.36985539488320357 0.44205607476635517 0.5483870967741935 0.3252336448598131 0.5489432703003337 0.3233644859813084 0.550055617352614
0 0.9794392523364486 0.4221357063403782 0.7570093457943925 0.4221357063403782 0.7560747663551401 0.21023359288097887 0.9794392523364486 0.20967741935483872 0.9803738317757009 0.42157953281423804 0.9794392523364486 0.4221357063403782
0 0.5383177570093458 0.550055617352614 0.44299065420560746 0.550055617352614 0.44205607476635517 0.3704115684093437 0.45607476635514016 0.36985539488320357 0.4570093457943925 0.5417130144605117 0.5383177570093458 0.5422691879866518 0.5392523364485982 0.5494994438264739 0.5383177570093458 0.550055617352614
0 0.6429906542056075 0.5489432703003337 0.5401869158878505 0.5489432703003337 0.5392523364485982 0.542825361512792 0.45794392523364486 0.5422691879866518 0.4570093457943925 0.3704115684093437 0.5925233644859813 0.36985539488320357 0.594392523364486 0.3709677419354839 0.7420560747663552 0.3709677419354839 0.7429906542056075 0.542825361512792 0.6448598130841121 0.5433815350389322 0.6439252336448598 0.5483870967741935 0.6429906542056075 0.5489432703003337
0 0.9682242990654205 0.5400444938820912 0.7588785046728972 0.5400444938820912 0.7579439252336448 0.43047830923248054 0.9682242990654205 0.42992213570634036 0.9691588785046729 0.5394883203559511 0.9682242990654205 0.5400444938820912
0 0.6429906542056075 0.7925472747497219 0.44299065420560746 0.7925472747497219 0.44205607476635517 0.6662958843159066 0.4383177570093458 0.6651835372636262 0.4373831775700935 0.6635150166852057 0.43457943925233644 0.6629588431590656 0.43177570093457945 0.6601779755283649 0.4289719626168224 0.6596218020022246 0.4280373831775701 0.6579532814238043 0.4252336448598131 0.657397107897664 0.4224299065420561 0.6546162402669633 0.41962616822429905 0.6540600667408232 0.41869158878504675 0.6523915461624027 0.41401869158878507 0.6507230255839822 0.4130841121495327 0.6490545050055617 0.4102803738317757 0.6484983314794216 0.4093457943925234 0.6468298109010011 0.4046728971962617 0.6451612903225806 0.40373831775700936 0.6434927697441601 0.4009345794392523 0.64293659621802 0.3981308411214953 0.6401557285873193 0.39532710280373834 0.639599555061179 0.394392523364486 0.6379310344827587 0.39158878504672895 0.6373748609566184 0.38878504672897196 0.6345939933259177 0.385981308411215 0.6340378197997776 0.3850467289719626 0.6323692992213571 0.3822429906542056 0.6318131256952169 0.3794392523364486 0.6290322580645161 0.3766355140186916 0.628476084538376 0.37570093457943926 0.6268075639599555 0.3728971962616822 0.6262513904338154 0.37009345794392523 0.6234705228031145 0.36728971962616824 0.6229143492769744 0.3663551401869159 0.6212458286985539 0.36355140186915885 0.6206896551724138 0.36074766355140186 0.617908787541713 0.3579439252336449 0.6173526140155728 0.35700934579439253 0.6156840934371524 0.3542056074766355 0.6151279199110122 0.3514018691588785 0.6123470522803115 0.3485981308411215 0.6117908787541713 0.34766355140186916 0.6101223581757509 0.3429906542056075 0.6084538375973304 0.34205607476635513 0.6067853170189099 0.33925233644859815 0.6062291434927698 0.3383177570093458 0.6045606229143493 0.3336448598130841 0.6028921023359288 0.33271028037383177 0.6012235817575083 0.3299065420560748 0.6006674082313682 0.32710280373831774 0.5978865406006674 0.32429906542056075 0.5973303670745272 0.32429906542056075 0.5494994438264739 0.4411214953271028 0.5489432703003337 0.44299065420560746 0.550055617352614 0.5383177570093458 0.550055617352614 0.5401869158878505 0.5489432703003337 0.6429906542056075 0.5489432703003337 0.6439252336448598 0.7919911012235817 0.6429906542056075 0.7925472747497219
0 0.8130841121495327 0.6390433815350389 0.6616822429906543 0.6390433815350389 0.6607476635514019 0.5494994438264739 0.8130841121495327 0.5489432703003337 0.814018691588785 0.6384872080088988 0.8130841121495327 0.6390433815350389
0 0.9794392523364486 0.6390433815350389 0.8280373831775701 0.6390433815350389 0.8271028037383178 0.5494994438264739 0.9794392523364486 0.5489432703003337 0.9803738317757009 0.6384872080088988 0.9794392523364486 0.6390433815350389
0 0.42990654205607476 0.8770856507230256 0.013084112149532711 0.8770856507230256 0.012149532710280374 0.557285873192436 0.3102803738317757 0.5567296996662959 0.31121495327102805 0.6006674082313682 0.3149532710280374 0.6017797552836485 0.31588785046728973 0.603448275862069 0.3205607476635514 0.6051167964404894 0.32149532710280376 0.6067853170189099 0.32429906542056075 0.60734149054505 0.3252336448598131 0.6090100111234705 0.3299065420560748 0.610678531701891 0.33084112149532713 0.6123470522803115 0.3355140186915888 0.6140155728587319 0.3364485981308411 0.6156840934371524 0.33925233644859815 0.6162402669632926 0.3401869158878505 0.617908787541713 0.3448598130841122 0.6195773081201335 0.34579439252336447 0.6212458286985539 0.3485981308411215 0.6218020022246941 0.34953271028037386 0.6234705228031145 0.3542056074766355 0.625139043381535 0.35514018691588783 0.6268075639599555 0.3579439252336449 0.6273637374860956 0.35887850467289717 0.6290322580645161 0.36355140186915885 0.6307007786429366 0.3644859813084112 0.6323692992213571 0.36728971962616824 0.6329254727474972 0.36822429906542054 0.6345939933259177 0.3728971962616822 0.6362625139043382 0.37383177570093457 0.6379310344827587 0.3766355140186916 0.6384872080088988 0.3775700934579439 0.6401557285873193 0.3822429906542056 0.6418242491657397 0.38317757009345793 0.6434927697441601 0.385981308411215 0.6440489432703004 0.38691588785046727 0.6457174638487208 0.39158878504672895 0.6473859844271412 0.3925233644859813 0.6490545050055617 0.39532710280373834 0.6496106785317018 0.39626168224299063 0.6512791991101223 0.4009345794392523 0.6529477196885428 0.40186915887850466 0.6546162402669633 0.40654205607476634 0.6562847608453838 0.4074766355140187 0.6579532814238043 0.4102803738317757 0.6585094549499444 0.411214953271028 0.6601779755283649 0.4158878504672897 0.6618464961067854 0.41682242990654206 0.6635150166852057 0.41962616822429905 0.664071190211346 0.4205607476635514 0.6657397107897665 0.4252336448598131 0.6674082313681868 0.4261682242990654 0.6690767519466073 0.4308411214953271 0.6707452725250278 0.4308411214953271 0.8765294771968855 0.42990654205607476 0.8770856507230256
0 0.9794392523364486 0.8770856507230256 0.6616822429906543 0.8770856507230256 0.6607476635514019 0.6473859844271412 0.9794392523364486 0.6468298109010011 0.9803738317757009 0.8765294771968855 0.9794392523364486 0.8770856507230256
0 0.6429906542056075 0.8770856507230256 0.44299065420560746 0.8770856507230256 0.44205607476635517 0.7997775305895439 0.6429906542056075 0.7992213570634038 0.6439252336448598 0.8765294771968855 0.6429906542056075 0.8770856507230256