0 0.20135746606334842 0.4039301310043668 0.04524886877828054 0.4039301310043668 0.04468325791855204 0.11208151382823872 0.20135746606334842 0.11135371179039301 0.20192307692307693 0.4032023289665211 0.20135746606334842 0.4039301310043668
0 0.3721719457013575 0.3049490538573508 0.20927601809954752 0.3049490538573508 0.208710407239819 0.11208151382823872 0.3721719457013575 0.11135371179039301 0.372737556561086 0.3042212518195051 0.3721719457013575 0.3049490538573508
0 0.5067873303167421 0.6266375545851528 0.3778280542986425 0.6266375545851528 0.377262443438914 0.34643377001455605 0.37839366515837103 0.34497816593886466 0.37839366515837103 0.11208151382823872 0.6572398190045249 0.11135371179039301 0.6578054298642534 0.43231441048034935 0.5079185520361991 0.433042212518195 0.5073529411764706 0.5021834061135371 0.5147058823529411 0.5029112081513828 0.5152714932126696 0.5545851528384279 0.5079185520361991 0.5553129548762736 0.5073529411764706 0.6259097525473072 0.5067873303167421 0.6266375545851528
0 0.2828054298642534 0.5655021834061136 0.20927601809954752 0.5655021834061136 0.208710407239819 0.31149927219796214 0.3721719457013575 0.31077147016011647 0.372737556561086 0.34497816593886466 0.3766968325791855 0.3457059679767103 0.377262443438914 0.43377001455604075 0.2839366515837104 0.4344978165938865 0.2833710407239819 0.5647743813682679 0.2828054298642534 0.5655021834061136
0 0.7160633484162896 0.5713245997088792 0.665158371040724 0.5713245997088792 0.6645927601809954 0.3784570596797671 0.7160633484162896 0.3777292576419214 0.7166289592760181 0.5705967976710334 0.7160633484162896 0.5713245997088792
0 0.8461538461538461 0.5771470160116449 0.7918552036199095 0.5771470160116449 0.791289592760181 0.5269286754002911 0.7239819004524887 0.5262008733624454 0.7234162895927602 0.3784570596797671 0.8461538461538461 0.3777292576419214 0.8467194570135747 0.5764192139737991 0.8461538461538461 0.5771470160116449
0 0.9558823529411765 0.5756914119359534 0.8529411764705882 0.5756914119359534 0.8523755656108597 0.3784570596797671 0.9558823529411765 0.3777292576419214 0.956447963800905 0.5749636098981077 0.9558823529411765 0.5756914119359534
0 0.20135746606334842 0.48398835516739447 0.04524886877828054 0.48398835516739447 0.04468325791855204 0.4119359534206696 0.20135746606334842 0.41120815138282385 0.20192307692307693 0.48326055312954874 0.20135746606334842 0.48398835516739447
0 0.6572398190045249 0.6266375545851528 0.5147058823529411 0.6266375545851528 0.5141402714932126 0.5560407569141194 0.5152714932126696 0.5545851528384279 0.5152714932126696 0.5036390101892285 0.5141402714932126 0.5021834061135371 0.5141402714932126 0.4410480349344978 0.6572398190045249 0.4403202328966521 0.6578054298642534 0.6259097525473072 0.6572398190045249 0.6266375545851528
0 0.36764705882352944 0.5116448326055313 0.29751131221719457 0.5116448326055313 0.29694570135746606 0.4468704512372635 0.36764705882352944 0.44614264919941776 0.36821266968325794 0.5109170305676856 0.36764705882352944 0.5116448326055313
0 0.20135746606334842 0.6746724890829694 0.04524886877828054 0.6746724890829694 0.04468325791855204 0.49053857350800584 0.20135746606334842 0.4898107714701601 0.20192307692307693 0.6739446870451238 0.20135746606334842 0.6746724890829694
0 0.36990950226244346 0.6266375545851528 0.2907239819004525 0.6266375545851528 0.290158371040724 0.5240174672489083 0.36990950226244346 0.5232896652110626 0.37047511312217196 0.6259097525473072 0.36990950226244346 0.6266375545851528
0 0.7839366515837104 0.5902474526928675 0.7239819004524887 0.5902474526928675 0.7234162895927602 0.5356622998544396 0.7839366515837104 0.5349344978165939 0.7845022624434389 0.5895196506550219 0.7839366515837104 0.5902474526928675
0 0.2828054298642534 0.6266375545851528 0.20927601809954752 0.6266375545851528 0.208710407239819 0.5735080058224163 0.2828054298642534 0.5727802037845706 0.2833710407239819 0.6259097525473072 0.2828054298642534 0.6266375545851528
0 0.7624434389140271 0.7125181950509462 0.665158371040724 0.7125181950509462 0.6645927601809954 0.5807860262008734 0.7160633484162896 0.5800582241630277 0.7166289592760181 0.5982532751091703 0.7624434389140271 0.598981077147016 0.7630090497737556 0.7117903930131004 0.7624434389140271 0.7125181950509462
0 0.9558823529411765 0.7125181950509462 0.8529411764705882 0.7125181950509462 0.8523755656108597 0.5836972343522562 0.9558823529411765 0.5829694323144105 0.956447963800905 0.7117903930131004 0.9558823529411765 0.7125181950509462
0 0.8461538461538461 0.7125181950509462 0.7692307692307693 0.7125181950509462 0.7686651583710408 0.61863173216885 0.8461538461538461 0.6179039301310044 0.8467194570135747 0.7117903930131004 0.8461538461538461 0.7125181950509462
0 0.9558823529411765 0.9221251819505094 0.665158371040724 0.9221251819505094 0.6645927601809954 0.7219796215429404 0.9558823529411765 0.7212518195050946 0.956447963800905 0.9213973799126638 0.9558823529411765 0.9221251819505094