0 0.19241192411924118 0.5016806722689076 0.04742547425474255 0.5016806722689076 0.046747967479674794 0.25882352941176473 0.19241192411924118 0.25798319327731095 0.19308943089430894 0.5008403361344538 0.19241192411924118 0.5016806722689076
0 0.4051490514905149 0.5016806722689076 0.1978319783197832 0.5016806722689076 0.19715447154471544 0.25882352941176473 0.4051490514905149 0.25798319327731095 0.40582655826558267 0.5008403361344538 0.4051490514905149 0.5016806722689076
0 0.8482384823848238 0.6226890756302521 0.6355013550135501 0.6226890756302521 0.6348238482384824 0.4319327731092437 0.4932249322493225 0.43109243697478994 0.49254742547425473 0.25882352941176473 0.8482384823848238 0.25798319327731095 0.8489159891598916 0.6218487394957983 0.8482384823848238 0.6226890756302521
0 0.6287262872628726 0.6226890756302521 0.4932249322493225 0.6226890756302521 0.49254742547425473 0.4319327731092437 0.6287262872628726 0.43109243697478994 0.6294037940379403 0.6218487394957983 0.6287262872628726 0.6226890756302521
0 0.13685636856368563 0.6243697478991597 0.04742547425474255 0.6243697478991597 0.046747967479674794 0.5378151260504201 0.06504065040650407 0.5369747899159664 0.06571815718157181 0.507563025210084 0.13685636856368563 0.5067226890756302 0.1375338753387534 0.6235294117647059 0.13685636856368563 0.6243697478991597
0 0.4051490514905149 0.6243697478991597 0.14363143631436315 0.6243697478991597 0.1429539295392954 0.507563025210084 0.4051490514905149 0.5067226890756302 0.40582655826558267 0.6235294117647059 0.4051490514905149 0.6243697478991597
0 0.7899728997289973 0.7470588235294118 0.6355013550135501 0.7470588235294118 0.6348238482384824 0.6235294117647059 0.7181571815718157 0.6226890756302521 0.7188346883468835 0.6285714285714286 0.7899728997289973 0.6294117647058823 0.790650406504065 0.746218487394958 0.7899728997289973 0.7470588235294118
0 0.6287262872628726 0.846218487394958 0.4932249322493225 0.846218487394958 0.49254742547425473 0.6302521008403361 0.6287262872628726 0.6294117647058823 0.6294037940379403 0.8453781512605042 0.6287262872628726 0.846218487394958
0 0.8482384823848238 0.7470588235294118 0.7953929539295393 0.7470588235294118 0.7947154471544715 0.6302521008403361 0.8130081300813008 0.6294117647058823 0.8136856368563685 0.653781512605042 0.8482384823848238 0.6546218487394958 0.8489159891598916 0.746218487394958 0.8482384823848238 0.7470588235294118
0 0.2073170731707317 0.846218487394958 0.04742547425474255 0.846218487394958 0.046747967479674794 0.6319327731092437 0.2073170731707317 0.6310924369747899 0.20799457994579945 0.8453781512605042 0.2073170731707317 0.846218487394958
0 0.32926829268292684 0.7403361344537815 0.25474254742547425 0.7403361344537815 0.2540650406504065 0.7361344537815127 0.2140921409214092 0.7352941176470589 0.21341463414634146 0.6319327731092437 0.3685636856368564 0.6310924369747899 0.3692411924119241 0.6554621848739496 0.4051490514905149 0.6563025210084034 0.40582655826558267 0.7344537815126051 0.3333333333333333 0.7352941176470589 0.32926829268292684 0.7403361344537815
0 0.2994579945799458 0.846218487394958 0.2140921409214092 0.846218487394958 0.21341463414634146 0.7411764705882353 0.32791327913279134 0.7403361344537815 0.3218157181571816 0.7495798319327731 0.31233062330623307 0.7630252100840336 0.30013550135501355 0.7798319327731092 0.30013550135501355 0.8453781512605042 0.2994579945799458 0.846218487394958
0 0.4051490514905149 0.846218487394958 0.3048780487804878 0.846218487394958 0.30420054200542007 0.7831932773109244 0.3136856368563686 0.7714285714285715 0.3258807588075881 0.7546218487394958 0.33604336043360433 0.7403361344537815 0.4051490514905149 0.7403361344537815 0.40582655826558267 0.8453781512605042 0.4051490514905149 0.846218487394958
0 0.7195121951219512 0.846218487394958 0.6355013550135501 0.846218487394958 0.6348238482384824 0.7546218487394958 0.7195121951219512 0.753781512605042 0.7201897018970189 0.8453781512605042 0.7195121951219512 0.846218487394958
0 0.8482384823848238 0.846218487394958 0.7262872628726287 0.846218487394958 0.725609756097561 0.7546218487394958 0.8482384823848238 0.753781512605042 0.8489159891598916 0.8453781512605042 0.8482384823848238 0.846218487394958
0 0.8495934959349594 0.9840336134453781 0.7791327913279132 0.9840336134453781 0.7784552845528455 0.8638655462184874 0.8495934959349594 0.8630252100840337 0.8502710027100271 0.9831932773109243 0.8495934959349594 0.9840336134453781