0 0.7303370786516854 0.6441213653603034 0.5730337078651685 0.6441213653603034 0.572565543071161 0.4968394437420986 0.6685393258426966 0.49620733249051835 0.6690074906367042 0.38558786346396967 0.5730337078651685 0.38495575221238937 0.572565543071161 0.18331226295828065 0.7303370786516854 0.18268015170670038 0.7308052434456929 0.6434892541087232 0.7303370786516854 0.6441213653603034
0 0.8923220973782772 0.4633375474083439 0.7368913857677902 0.4633375474083439 0.7364232209737828 0.18331226295828065 0.8923220973782772 0.18268015170670038 0.8927902621722846 0.46270543615676357 0.8923220973782772 0.4633375474083439
0 0.36329588014981273 0.645385587863464 0.17883895131086142 0.645385587863464 0.17837078651685392 0.18836915297092288 0.499063670411985 0.1877370417193426 0.49953183520599254 0.3805309734513274 0.3642322097378277 0.3811630847029077 0.3637640449438202 0.6447534766118836 0.36329588014981273 0.645385587863464
0 0.499063670411985 0.556890012642225 0.3707865168539326 0.556890012642225 0.3703183520599251 0.5006321112515802 0.3642322097378277 0.5 0.3637640449438202 0.38179519595448796 0.499063670411985 0.3811630847029077 0.49953183520599254 0.5562579013906448 0.499063670411985 0.556890012642225
0 0.6629213483146067 0.488621997471555 0.5730337078651685 0.488621997471555 0.572565543071161 0.3919089759797724 0.6629213483146067 0.3912768647281922 0.6633895131086143 0.4879898862199747 0.6629213483146067 0.488621997471555
0 0.8923220973782772 0.5720606826801518 0.7368913857677902 0.5720606826801518 0.7364232209737828 0.47029077117572693 0.8923220973782772 0.4696586599241466 0.8927902621722846 0.5714285714285714 0.8923220973782772 0.5720606826801518
0 0.499063670411985 0.7275600505689002 0.3707865168539326 0.7275600505689002 0.3703183520599251 0.5663716814159292 0.499063670411985 0.565739570164349 0.49953183520599254 0.7269279393173198 0.499063670411985 0.7275600505689002
0 0.8923220973782772 0.8451327433628318 0.7368913857677902 0.8451327433628318 0.7364232209737828 0.5790139064475348 0.8923220973782772 0.5783817951959545 0.8927902621722846 0.8445006321112516 0.8923220973782772 0.8451327433628318
0 0.36329588014981273 0.8489254108723135 0.17883895131086142 0.8489254108723135 0.17837078651685392 0.7610619469026548 0.27808988764044945 0.7604298356510746 0.2785580524344569 0.6460176991150443 0.36329588014981273 0.645385587863464 0.3637640449438202 0.8482932996207333 0.36329588014981273 0.8489254108723135
0 0.7303370786516854 0.8451327433628318 0.5730337078651685 0.8451327433628318 0.572565543071161 0.6523388116308471 0.7303370786516854 0.6517067003792667 0.7308052434456929 0.8445006321112516 0.7303370786516854 0.8451327433628318
0 0.27247191011235955 0.7515802781289507 0.17883895131086142 0.7515802781289507 0.17837078651685392 0.6548672566371682 0.27247191011235955 0.6542351453855879 0.272940074906367 0.7509481668773704 0.27247191011235955 0.7515802781289507
0 0.16573033707865167 0.9285714285714286 0.09363295880149813 0.9285714285714286 0.09316479400749064 0.6662452591656132 0.16573033707865167 0.6656131479140329 0.16619850187265917 0.9279393173198482 0.16573033707865167 0.9285714285714286
0 0.499063670411985 0.8489254108723135 0.3707865168539326 0.8489254108723135 0.3703183520599251 0.7370417193426043 0.499063670411985 0.7364096080910241 0.49953183520599254 0.8482932996207333 0.499063670411985 0.8489254108723135
0 0.5065543071161048 0.9804045512010113 0.37359550561797755 0.9804045512010113 0.37312734082397003 0.8685208596713021 0.5065543071161048 0.8678887484197219 0.5070224719101124 0.9797724399494311 0.5065543071161048 0.9804045512010113