0 0.5606617647058824 0.3236607142857143 0.49080882352941174 0.3236607142857143 0.49034926470588236 0.23065476190476192 0.5606617647058824 0.22991071428571427 0.5611213235294118 0.3229166666666667 0.5606617647058824 0.3236607142857143
0 0.7086397058823529 0.27306547619047616 0.5661764705882353 0.27306547619047616 0.5657169117647058 0.23065476190476192 0.7086397058823529 0.22991071428571427 0.7090992647058824 0.27232142857142855 0.7086397058823529 0.27306547619047616
0 0.7840073529411765 0.32663690476190477 0.7141544117647058 0.32663690476190477 0.7136948529411765 0.23065476190476192 0.7840073529411765 0.22991071428571427 0.7844669117647058 0.32589285714285715 0.7840073529411765 0.32663690476190477
0 0.1645220588235294 0.4055059523809524 0.09283088235294118 0.4055059523809524 0.09237132352941177 0.2425595238095238 0.1645220588235294 0.2418154761904762 0.16498161764705882 0.40476190476190477 0.1645220588235294 0.4055059523809524
0 0.2931985294117647 0.4099702380952381 0.2619485294117647 0.4099702380952381 0.2614889705882353 0.40625 0.16727941176470587 0.4055059523809524 0.16681985294117646 0.2425595238095238 0.3125 0.2418154761904762 0.31295955882352944 0.40476190476190477 0.29411764705882354 0.4055059523809524 0.2936580882352941 0.40922619047619047 0.2931985294117647 0.4099702380952381
0 0.38419117647058826 0.4055059523809524 0.3161764705882353 0.4055059523809524 0.3157169117647059 0.2425595238095238 0.38419117647058826 0.2418154761904762 0.38465073529411764 0.40476190476190477 0.38419117647058826 0.4055059523809524
0 0.7104779411764706 0.4888392857142857 0.6369485294117647 0.4888392857142857 0.6364889705882353 0.38392857142857145 0.5652573529411765 0.38318452380952384 0.5647977941176471 0.28125 0.7104779411764706 0.2805059523809524 0.7109375 0.4880952380952381 0.7104779411764706 0.4888392857142857
0 0.5606617647058824 0.4888392857142857 0.49080882352941174 0.4888392857142857 0.49034926470588236 0.33035714285714285 0.5606617647058824 0.32961309523809523 0.5611213235294118 0.4880952380952381 0.5606617647058824 0.4888392857142857
0 0.7840073529411765 0.4888392857142857 0.7141544117647058 0.4888392857142857 0.7136948529411765 0.3318452380952381 0.7840073529411765 0.33110119047619047 0.7844669117647058 0.4880952380952381 0.7840073529411765 0.4888392857142857
0 0.6332720588235294 0.4888392857142857 0.5652573529411765 0.4888392857142857 0.5647977941176471 0.38839285714285715 0.6332720588235294 0.38764880952380953 0.6337316176470589 0.4880952380952381 0.6332720588235294 0.4888392857142857
0 0.16727941176470587 0.5751488095238095 0.09283088235294118 0.5751488095238095 0.09237132352941177 0.4107142857142857 0.16727941176470587 0.4099702380952381 0.16773897058823528 0.5744047619047619 0.16727941176470587 0.5751488095238095
0 0.23713235294117646 0.5751488095238095 0.16819852941176472 0.5751488095238095 0.16773897058823528 0.4107142857142857 0.23713235294117646 0.4099702380952381 0.23759191176470587 0.5744047619047619 0.23713235294117646 0.5751488095238095
0 0.34375 0.49330357142857145 0.23988970588235295 0.49330357142857145 0.23943014705882354 0.4107142857142857 0.34375 0.4099702380952381 0.34420955882352944 0.49255952380952384 0.34375 0.49330357142857145
0 0.38419117647058826 0.49330357142857145 0.3474264705882353 0.49330357142857145 0.3469669117647059 0.4107142857142857 0.38419117647058826 0.4099702380952381 0.38465073529411764 0.49255952380952384 0.38419117647058826 0.49330357142857145
0 0.8639705882352942 0.7760416666666666 0.6737132352941176 0.7760416666666666 0.6732536764705882 0.59375 0.49080882352941174 0.5930059523809523 0.49034926470588236 0.49702380952380953 0.7840073529411765 0.4962797619047619 0.7844669117647058 0.5848214285714286 0.8639705882352942 0.5855654761904762 0.8644301470588235 0.7752976190476191 0.8639705882352942 0.7760416666666666
0 0.27205882352941174 0.5751488095238095 0.23988970588235295 0.5751488095238095 0.23943014705882354 0.49851190476190477 0.27205882352941174 0.49776785714285715 0.2725183823529412 0.5744047619047619 0.27205882352941174 0.5751488095238095
0 0.3134191176470588 0.5751488095238095 0.27481617647058826 0.5751488095238095 0.2743566176470588 0.49851190476190477 0.3134191176470588 0.49776785714285715 0.31387867647058826 0.5744047619047619 0.3134191176470588 0.5751488095238095
0 0.38419117647058826 0.5751488095238095 0.3161764705882353 0.5751488095238095 0.3157169117647059 0.49851190476190477 0.38419117647058826 0.49776785714285715 0.38465073529411764 0.5744047619047619 0.38419117647058826 0.5751488095238095
0 0.38419117647058826 0.7299107142857143 0.31893382352941174 0.7299107142857143 0.31847426470588236 0.5818452380952381 0.38419117647058826 0.5811011904761905 0.38465073529411764 0.7291666666666666 0.38419117647058826 0.7299107142857143
0 0.46599264705882354 0.7700892857142857 0.38878676470588236 0.7700892857142857 0.3883272058823529 0.5818452380952381 0.46599264705882354 0.5811011904761905 0.4664522058823529 0.7693452380952381 0.46599264705882354 0.7700892857142857