0 0.41074523396880414 0.47794117647058826 0.04852686308492201 0.47794117647058826 0.047660311958405546 0.24064171122994651 0.41074523396880414 0.23997326203208555 0.41161178509532065 0.4772727272727273 0.41074523396880414 0.47794117647058826
0 0.7435008665511266 0.48462566844919786 0.5008665511265165 0.48462566844919786 0.5 0.24598930481283424 0.8700173310225303 0.24532085561497327 0.8708838821490468 0.4050802139037433 0.7452339688041595 0.4057486631016043 0.744367417677643 0.4839572192513369 0.7435008665511266 0.48462566844919786
0 0.8700173310225303 0.48462566844919786 0.7452339688041595 0.48462566844919786 0.744367417677643 0.40641711229946526 0.8700173310225303 0.4057486631016043 0.8708838821490468 0.4839572192513369 0.8700173310225303 0.48462566844919786
0 0.41074523396880414 0.8068181818181818 0.21490467937608318 0.8068181818181818 0.21403812824956672 0.6911764705882353 0.20623916811091855 0.6905080213903744 0.20537261698440207 0.6136363636363636 0.19064124783362218 0.6129679144385026 0.18977469670710573 0.4786096256684492 0.41074523396880414 0.47794117647058826 0.41161178509532065 0.8061497326203209 0.41074523396880414 0.8068181818181818
0 0.18024263431542462 0.6062834224598931 0.04852686308492201 0.6062834224598931 0.047660311958405546 0.48663101604278075 0.18890814558058924 0.4859625668449198 0.18977469670710573 0.5414438502673797 0.12131715771230503 0.5421122994652406 0.12045060658578856 0.5481283422459893 0.18024263431542462 0.5487967914438503 0.18110918544194107 0.6056149732620321 0.18024263431542462 0.6062834224598931
0 0.733102253032929 0.608957219251337 0.5008665511265165 0.608957219251337 0.5 0.49331550802139035 0.733102253032929 0.49264705882352944 0.7339688041594454 0.6082887700534759 0.733102253032929 0.608957219251337
0 0.8700173310225303 0.6570855614973262 0.7435008665511266 0.6570855614973262 0.74263431542461 0.49331550802139035 0.8700173310225303 0.49264705882352944 0.8708838821490468 0.6564171122994652 0.8700173310225303 0.6570855614973262
0 0.2045060658578856 0.7466577540106952 0.04852686308492201 0.7466577540106952 0.047660311958405546 0.6136363636363636 0.2045060658578856 0.6129679144385026 0.20537261698440207 0.7459893048128342 0.2045060658578856 0.7466577540106952
0 0.733102253032929 0.8108288770053476 0.5008665511265165 0.8108288770053476 0.5 0.6163101604278075 0.733102253032929 0.6156417112299465 0.7339688041594454 0.8101604278074866 0.733102253032929 0.8108288770053476
0 0.8700173310225303 0.7185828877005348 0.7435008665511266 0.7185828877005348 0.74263431542461 0.6577540106951871 0.8700173310225303 0.6570855614973262 0.8708838821490468 0.7179144385026738 0.8700173310225303 0.7185828877005348
0 0.8700173310225303 0.8108288770053476 0.7435008665511266 0.8108288770053476 0.74263431542461 0.7272727272727273 0.8700173310225303 0.7266042780748663 0.8708838821490468 0.8101604278074866 0.8700173310225303 0.8108288770053476
0 0.2045060658578856 0.8068181818181818 0.04852686308492201 0.8068181818181818 0.047660311958405546 0.7513368983957219 0.2045060658578856 0.7506684491978609 0.20537261698440207 0.8061497326203209 0.2045060658578856 0.8068181818181818