0 0.7232824427480916 0.49113475177304966 0.6183206106870229 0.49113475177304966 0.6178435114503816 0.45508274231678486 0.4618320610687023 0.45449172576832153 0.4613549618320611 0.4302600472813239 0.48854961832061067 0.4296690307328605 0.4890267175572519 0.4101654846335697 0.4799618320610687 0.4095744680851064 0.4794847328244275 0.4243498817966903 0.4265267175572519 0.42494089834515364 0.42604961832061067 0.15839243498817968 0.7232824427480916 0.15780141843971632 0.7237595419847328 0.4905437352245863 0.7232824427480916 0.49113475177304966
0 0.4208015267175573 0.44858156028368795 0.26145038167938933 0.44858156028368795 0.2609732824427481 0.24113475177304963 0.4208015267175573 0.24054373522458627 0.42127862595419846 0.44799054373522457 0.4208015267175573 0.44858156028368795
0 0.2566793893129771 0.44858156028368795 0.13454198473282442 0.44858156028368795 0.1340648854961832 0.33451536643026003 0.2566793893129771 0.3339243498817967 0.2571564885496183 0.44799054373522457 0.2566793893129771 0.44858156028368795
0 0.7948473282442748 0.49113475177304966 0.7290076335877863 0.49113475177304966 0.728530534351145 0.3947990543735225 0.7948473282442748 0.3942080378250591 0.795324427480916 0.4905437352245863 0.7948473282442748 0.49113475177304966
0 0.9494274809160306 0.601063829787234 0.799618320610687 0.601063829787234 0.7991412213740458 0.3947990543735225 0.9494274809160306 0.3942080378250591 0.9499045801526718 0.6004728132387707 0.9494274809160306 0.601063829787234
0 0.44083969465648853 0.44739952718676124 0.43416030534351147 0.44739952718676124 0.4336832061068702 0.4326241134751773 0.44083969465648853 0.43203309692671393 0.4413167938931298 0.44680851063829785 0.44083969465648853 0.44739952718676124
0 0.4551526717557252 0.44739952718676124 0.44656488549618323 0.44739952718676124 0.446087786259542 0.4326241134751773 0.4551526717557252 0.43203309692671393 0.4556297709923664 0.44680851063829785 0.4551526717557252 0.44739952718676124
0 0.3015267175572519 0.5892434988179669 0.21183206106870228 0.5892434988179669 0.21135496183206107 0.5638297872340425 0.13454198473282442 0.5632387706855791 0.1340648854961832 0.45508274231678486 0.25095419847328243 0.45449172576832153 0.2514312977099237 0.4858156028368794 0.25572519083969464 0.4864066193853428 0.2562022900763359 0.45508274231678486 0.3015267175572519 0.45449172576832153 0.30200381679389315 0.5130023640661938 0.2919847328244275 0.5135933806146572 0.29150763358778625 0.5189125295508275 0.3015267175572519 0.5195035460992907 0.30200381679389315 0.5886524822695035 0.3015267175572519 0.5892434988179669
0 0.3950381679389313 0.5892434988179669 0.30725190839694655 0.5892434988179669 0.30677480916030536 0.45508274231678486 0.3950381679389313 0.45449172576832153 0.3955152671755725 0.5886524822695035 0.3950381679389313 0.5892434988179669
0 0.6173664122137404 0.7559101654846335 0.40076335877862596 0.7559101654846335 0.4002862595419847 0.45508274231678486 0.6173664122137404 0.45449172576832153 0.6178435114503816 0.7553191489361702 0.6173664122137404 0.7559101654846335
0 0.7595419847328244 0.6483451536643026 0.6230916030534351 0.6483451536643026 0.6226145038167938 0.6288416075650118 0.6183206106870229 0.6282505910165485 0.6178435114503816 0.491725768321513 0.7232824427480916 0.49113475177304966 0.7237595419847328 0.49527186761229314 0.7948473282442748 0.4958628841607565 0.795324427480916 0.6063829787234043 0.7833969465648855 0.6199763593380615 0.7819656488549618 0.6205673758865248 0.7795801526717557 0.6247044917257684 0.7781488549618321 0.6252955082742316 0.7757633587786259 0.6294326241134752 0.7743320610687023 0.6300236406619385 0.7719465648854962 0.6341607565011821 0.7595419847328244 0.6483451536643026
0 0.1736641221374046 0.6412529550827423 0.13454198473282442 0.6412529550827423 0.1340648854961832 0.5697399527186762 0.20515267175572519 0.5691489361702128 0.2056297709923664 0.6016548463356974 0.18797709923664122 0.6235224586288416 0.1855916030534351 0.6252955082742316 0.18416030534351144 0.6282505910165485 0.18177480916030533 0.6300236406619385 0.1803435114503817 0.6329787234042553 0.17795801526717558 0.6347517730496454 0.1765267175572519 0.6377068557919622 0.1741412213740458 0.6394799054373522 0.1736641221374046 0.6412529550827423
0 0.3950381679389313 0.7559101654846335 0.2099236641221374 0.7559101654846335 0.20944656488549618 0.7186761229314421 0.20515267175572519 0.7180851063829787 0.20467557251908397 0.7553191489361702 0.13454198473282442 0.7559101654846335 0.1340648854961832 0.6477541371158393 0.1765267175572519 0.6471631205673759 0.17795801526717558 0.6453900709219859 0.17938931297709923 0.642434988179669 0.18177480916030533 0.640661938534279 0.183206106870229 0.6377068557919622 0.1855916030534351 0.6359338061465721 0.18702290076335878 0.6329787234042553 0.1894083969465649 0.6312056737588653 0.19083969465648856 0.6282505910165485 0.21135496183206107 0.6040189125295509 0.21135496183206107 0.5957446808510638 0.3950381679389313 0.5951536643026005 0.3955152671755725 0.7553191489361702 0.3950381679389313 0.7559101654846335
0 0.9494274809160306 0.8634751773049646 0.7633587786259542 0.8634751773049646 0.762881679389313 0.7624113475177305 0.7958015267175572 0.7618203309692672 0.7962786259541985 0.6962174940898345 0.7857824427480916 0.6832151300236406 0.7833969465648855 0.6790780141843972 0.7819656488549618 0.6784869976359338 0.7795801526717557 0.6743498817966903 0.7781488549618321 0.6737588652482269 0.7757633587786259 0.6696217494089834 0.7743320610687023 0.6690307328605201 0.7619274809160306 0.6524822695035462 0.7719465648854962 0.6412529550827423 0.7733778625954199 0.640661938534279 0.7748091603053435 0.6377068557919622 0.7771946564885496 0.6359338061465721 0.7786259541984732 0.6329787234042553 0.7900763358778626 0.6199763593380615 0.7934160305343512 0.6170212765957447 0.7938931297709924 0.6152482269503546 0.7972328244274809 0.6122931442080378 0.7977099236641222 0.6105200945626478 0.7991412213740458 0.6099290780141844 0.7991412213740458 0.6063829787234043 0.9494274809160306 0.6057919621749409 0.9499045801526718 0.8628841607565012 0.9494274809160306 0.8634751773049646
0 0.7251908396946565 0.7559101654846335 0.6230916030534351 0.7559101654846335 0.6226145038167938 0.6548463356973995 0.7251908396946565 0.6542553191489362 0.7256679389312977 0.7553191489361702 0.7251908396946565 0.7559101654846335
0 0.791030534351145 0.7559101654846335 0.7309160305343512 0.7559101654846335 0.7304389312977099 0.6548463356973995 0.7566793893129771 0.6542553191489362 0.7743320610687023 0.6761229314420804 0.7915076335877863 0.6985815602836879 0.7915076335877863 0.7553191489361702 0.791030534351145 0.7559101654846335