0 0.30257510729613735 0.3383054892601432 0.20386266094420602 0.3383054892601432 0.20332618025751073 0.10859188544152745 0.35085836909871243 0.10799522673031026 0.35139484978540775 0.2828162291169451 0.3497854077253219 0.28460620525059666 0.34763948497854075 0.28460620525059666 0.3465665236051502 0.28579952267303105 0.34227467811158796 0.28579952267303105 0.34120171673819744 0.2869928400954654 0.33905579399141633 0.2881861575178998 0.3369098712446352 0.2881861575178998 0.33583690987124465 0.2893794749403341 0.33369098712446355 0.2893794749403341 0.33261802575107297 0.2905727923627685 0.3293991416309013 0.2905727923627685 0.3283261802575107 0.29176610978520284 0.3261802575107296 0.29176610978520284 0.3251072961373391 0.29295942720763724 0.3229613733905579 0.29295942720763724 0.3218884120171674 0.29415274463007157 0.3197424892703863 0.29415274463007157 0.3186695278969957 0.29534606205250596 0.315450643776824 0.29534606205250596 0.3143776824034335 0.29653937947494036 0.31223175965665234 0.29653937947494036 0.3111587982832618 0.2977326968973747 0.3090128755364807 0.2977326968973747 0.30793991416309013 0.2989260143198091 0.30579399141630903 0.2989260143198091 0.30472103004291845 0.3001193317422434 0.3031115879828326 0.30071599045346065 0.3031115879828326 0.33770883054892603 0.30257510729613735 0.3383054892601432
0 0.4721030042918455 0.34427207637231505 0.3562231759656652 0.34427207637231505 0.35568669527896996 0.10859188544152745 0.4721030042918455 0.10799522673031026 0.47263948497854075 0.3436754176610978 0.4721030042918455 0.34427207637231505
0 0.5987124463519313 0.34427207637231505 0.48283261802575106 0.34427207637231505 0.4822961373390558 0.10859188544152745 0.5987124463519313 0.10799522673031026 0.5992489270386266 0.3436754176610978 0.5987124463519313 0.34427207637231505
0 0.7510729613733905 0.3383054892601432 0.6523605150214592 0.3383054892601432 0.651824034334764 0.30071599045346065 0.6491416309012875 0.2989260143198091 0.6469957081545065 0.2989260143198091 0.6459227467811158 0.2977326968973747 0.6437768240343348 0.2977326968973747 0.6427038626609443 0.29653937947494036 0.6405579399141631 0.29534606205250596 0.6362660944206009 0.29534606205250596 0.6351931330472103 0.29415274463007157 0.6330472103004292 0.29415274463007157 0.6319742489270386 0.29295942720763724 0.6298283261802575 0.29176610978520284 0.6276824034334764 0.29176610978520284 0.6266094420600858 0.2905727923627685 0.6233905579399142 0.2905727923627685 0.6223175965665236 0.2893794749403341 0.6201716738197425 0.2893794749403341 0.619098712446352 0.2881861575178998 0.6169527896995708 0.2881861575178998 0.6158798283261803 0.2869928400954654 0.6137339055793991 0.28579952267303105 0.6105150214592274 0.28579952267303105 0.6094420600858369 0.28460620525059666 0.6072961373390557 0.28460620525059666 0.6062231759656652 0.2834128878281623 0.6040772532188842 0.2834128878281623 0.6035407725321889 0.10859188544152745 0.7510729613733905 0.10799522673031026 0.7516094420600858 0.33770883054892603 0.7510729613733905 0.3383054892601432
0 0.6469957081545065 0.5041766109785203 0.6040772532188842 0.5041766109785203 0.6035407725321889 0.3937947494033413 0.5686695278969958 0.3931980906921241 0.5681330472103004 0.3496420047732697 0.6030042918454935 0.3490453460620525 0.6035407725321889 0.28878281622911695 0.6072961373390557 0.2893794749403341 0.6083690987124464 0.2905727923627685 0.6115879828326181 0.2905727923627685 0.6126609442060086 0.29176610978520284 0.6148068669527897 0.29176610978520284 0.6158798283261803 0.29295942720763724 0.6180257510729614 0.29415274463007157 0.6201716738197425 0.29415274463007157 0.621244635193133 0.29534606205250596 0.6244635193133047 0.29534606205250596 0.6255364806866953 0.29653937947494036 0.6276824034334764 0.29653937947494036 0.628755364806867 0.2977326968973747 0.630901287553648 0.2989260143198091 0.6330472103004292 0.2989260143198091 0.6341201716738197 0.3001193317422434 0.6373390557939914 0.3001193317422434 0.6384120171673819 0.3013126491646778 0.6405579399141631 0.3013126491646778 0.6416309012875536 0.30250596658711215 0.6437768240343348 0.30369928400954654 0.6459227467811158 0.30369928400954654 0.6475321888412017 0.3054892601431981 0.6475321888412017 0.5035799522673031 0.6469957081545065 0.5041766109785203
0 0.35085836909871243 0.5065632458233891 0.30793991416309013 0.5065632458233891 0.30740343347639487 0.3042959427207637 0.31008583690987124 0.30369928400954654 0.3111587982832618 0.30250596658711215 0.3133047210300429 0.3013126491646778 0.315450643776824 0.3013126491646778 0.3165236051502146 0.3001193317422434 0.3197424892703863 0.3001193317422434 0.3208154506437768 0.2989260143198091 0.3240343347639485 0.2989260143198091 0.3251072961373391 0.2977326968973747 0.3272532188841202 0.29653937947494036 0.3293991416309013 0.29653937947494036 0.33047210300429186 0.29534606205250596 0.33369098712446355 0.29534606205250596 0.33476394849785407 0.29415274463007157 0.3369098712446352 0.29415274463007157 0.33798283261802575 0.29295942720763724 0.34012875536480686 0.29295942720763724 0.34120171673819744 0.29176610978520284 0.34334763948497854 0.29176610978520284 0.3444206008583691 0.2905727923627685 0.34763948497854075 0.2905727923627685 0.3487124463519313 0.2893794749403341 0.35085836909871243 0.2893794749403341 0.35139484978540775 0.34844868735083534 0.38626609442060084 0.3490453460620525 0.38680257510729615 0.3926014319809069 0.351931330472103 0.3931980906921241 0.35139484978540775 0.5059665871121718 0.35085836909871243 0.5065632458233891
0 0.30257510729613735 0.4970167064439141 0.20386266094420602 0.4970167064439141 0.20332618025751073 0.3436754176610978 0.30257510729613735 0.34307875894988066 0.3031115879828326 0.4964200477326969 0.30257510729613735 0.4970167064439141
0 0.7510729613733905 0.4958233890214797 0.6523605150214592 0.4958233890214797 0.651824034334764 0.3436754176610978 0.7510729613733905 0.34307875894988066 0.7516094420600858 0.49522673031026254 0.7510729613733905 0.4958233890214797
0 0.4721030042918455 0.42422434367541767 0.3948497854077253 0.42422434367541767 0.39431330472103004 0.3532219570405728 0.4721030042918455 0.35262529832935563 0.47263948497854075 0.4236276849642005 0.4721030042918455 0.42422434367541767
0 0.5600858369098712 0.42422434367541767 0.48283261802575106 0.42422434367541767 0.4822961373390558 0.3532219570405728 0.5600858369098712 0.35262529832935563 0.5606223175965666 0.4236276849642005 0.5600858369098712 0.42422434367541767
0 0.4721030042918455 0.5137231503579952 0.3562231759656652 0.5137231503579952 0.35568669527896996 0.39856801909307876 0.38626609442060084 0.3979713603818616 0.38680257510729615 0.431980906921241 0.4721030042918455 0.43257756563245825 0.47263948497854075 0.513126491646778 0.4721030042918455 0.5137231503579952
0 0.5987124463519313 0.5137231503579952 0.48283261802575106 0.5137231503579952 0.4822961373390558 0.4331742243436754 0.5675965665236051 0.43257756563245825 0.5681330472103004 0.39856801909307876 0.5987124463519313 0.3979713603818616 0.5992489270386266 0.513126491646778 0.5987124463519313 0.5137231503579952
0 0.5686695278969958 0.6807875894988067 0.48283261802575106 0.6807875894988067 0.4822961373390558 0.5214797136038186 0.6030042918454935 0.5208830548926014 0.6035407725321889 0.5047732696897375 0.6598712446351931 0.5041766109785203 0.6604077253218884 0.6610978520286396 0.5697424892703863 0.6616945107398569 0.569206008583691 0.6801909307875895 0.5686695278969958 0.6807875894988067
0 0.7510729613733905 0.5495226730310262 0.6652360515021459 0.5495226730310262 0.6646995708154506 0.5047732696897375 0.7510729613733905 0.5041766109785203 0.7516094420600858 0.548926014319809 0.7510729613733905 0.5495226730310262
0 0.28969957081545067 0.5483293556085919 0.20386266094420602 0.5483293556085919 0.20332618025751073 0.5059665871121718 0.28969957081545067 0.5053699284009546 0.29023605150214593 0.5477326968973747 0.28969957081545067 0.5483293556085919
0 0.4721030042918455 0.6795942720763724 0.38626609442060084 0.6795942720763724 0.3857296137339056 0.662291169451074 0.2939914163090129 0.6616945107398569 0.2934549356223176 0.5536992840095465 0.29452789699570814 0.5525059665871122 0.29452789699570814 0.5059665871121718 0.30686695278969955 0.5053699284009546 0.30793991416309013 0.5065632458233891 0.35085836909871243 0.5065632458233891 0.35139484978540775 0.5202863961813843 0.4721030042918455 0.5208830548926014 0.47263948497854075 0.6789976133651552 0.4721030042918455 0.6795942720763724
0 0.2929184549356223 0.6569212410501193 0.20386266094420602 0.6569212410501193 0.20332618025751073 0.5536992840095465 0.2929184549356223 0.5531026252983293 0.2934549356223176 0.6563245823389021 0.2929184549356223 0.6569212410501193
0 0.6620171673819742 0.6616945107398569 0.6604077253218884 0.6610978520286396 0.6604077253218884 0.5536992840095465 0.7510729613733905 0.5531026252983293 0.7516094420600858 0.6563245823389021 0.6630901287553648 0.6569212410501193 0.6625536480686696 0.6610978520286396 0.6620171673819742 0.6616945107398569
0 0.4721030042918455 0.8884248210023866 0.20386266094420602 0.8884248210023866 0.20332618025751073 0.662291169451074 0.3851931330472103 0.6616945107398569 0.3857296137339056 0.6789976133651552 0.4721030042918455 0.6795942720763724 0.47263948497854075 0.8878281622911695 0.4721030042918455 0.8884248210023866
0 0.7510729613733905 0.8884248210023866 0.48283261802575106 0.8884248210023866 0.4822961373390558 0.6813842482100239 0.5686695278969958 0.6807875894988067 0.569206008583691 0.662291169451074 0.7510729613733905 0.6616945107398569 0.7516094420600858 0.8878281622911695 0.7510729613733905 0.8884248210023866