0 0.6153846153846154 0.5097357440890126 0.35343035343035345 0.5097357440890126 0.3523908523908524 0.2211404728789986 0.5280665280665281 0.22044506258692628 0.5291060291060291 0.21001390820584145 0.5862785862785863 0.20931849791376914 0.5873180873180873 0.21974965229485396 0.6153846153846154 0.22044506258692628 0.6164241164241164 0.5090403337969402 0.6153846153846154 0.5097357440890126
0 0.8586278586278586 0.347009735744089 0.6257796257796258 0.347009735744089 0.6247401247401247 0.2211404728789986 0.8586278586278586 0.22044506258692628 0.8596673596673596 0.3463143254520167 0.8586278586278586 0.347009735744089
0 0.8586278586278586 0.45549374130737136 0.6257796257796258 0.45549374130737136 0.6247401247401247 0.3532684283727399 0.8586278586278586 0.3525730180806676 0.8596673596673596 0.45479833101529904 0.8586278586278586 0.45549374130737136
0 0.3284823284823285 0.7433936022253129 0.07068607068607069 0.7433936022253129 0.06964656964656965 0.5159944367176634 0.18503118503118504 0.5152990264255911 0.18607068607068608 0.38247566063977745 0.3284823284823285 0.38178025034770513 0.3295218295218295 0.7426981919332406 0.3284823284823285 0.7433936022253129
0 0.17255717255717257 0.5055632823365785 0.07068607068607069 0.5055632823365785 0.06964656964656965 0.39221140472878996 0.17255717255717257 0.39151599443671764 0.1735966735966736 0.5048678720445062 0.17255717255717257 0.5055632823365785
0 0.7463617463617463 0.5458970792767733 0.6257796257796258 0.5458970792767733 0.6247401247401247 0.4617524339360223 0.7463617463617463 0.4610570236439499 0.7474012474012474 0.545201668984701 0.7463617463617463 0.5458970792767733
0 0.8503118503118503 0.5458970792767733 0.7546777546777547 0.5458970792767733 0.7536382536382537 0.4617524339360223 0.8503118503118503 0.4610570236439499 0.8513513513513513 0.545201668984701 0.8503118503118503 0.5458970792767733
0 0.5239085239085239 0.625173852573018 0.35343035343035345 0.625173852573018 0.3523908523908524 0.5132127955493742 0.3908523908523909 0.5125173852573018 0.39293139293139295 0.5097357440890126 0.5301455301455301 0.5097357440890126 0.5311850311850311 0.5994436717663422 0.525987525987526 0.6001390820584145 0.524948024948025 0.6244784422809457 0.5239085239085239 0.625173852573018
0 0.6153846153846154 0.739221140472879 0.5343035343035343 0.739221140472879 0.5332640332640333 0.7301808066759388 0.4885654885654886 0.7294853963838664 0.4875259875259875 0.6606397774687065 0.5114345114345115 0.6599443671766342 0.5124740124740125 0.6481223922114048 0.4885654885654886 0.6474269819193325 0.4875259875259875 0.631432545201669 0.5301455301455301 0.6307371349095967 0.5311850311850311 0.5104311543810849 0.6153846153846154 0.5097357440890126 0.6164241164241164 0.7385257301808067 0.6153846153846154 0.739221140472879
0 0.8586278586278586 0.625173852573018 0.7027027027027027 0.625173852573018 0.7016632016632016 0.6008344923504868 0.6257796257796258 0.6001390820584145 0.6247401247401247 0.5507649513212796 0.8586278586278586 0.5500695410292072 0.8596673596673596 0.6244784422809457 0.8586278586278586 0.625173852573018
0 0.6943866943866944 0.6821974965229486 0.6257796257796258 0.6821974965229486 0.6247401247401247 0.6050069541029207 0.6943866943866944 0.6043115438108484 0.6954261954261954 0.6815020862308763 0.6943866943866944 0.6821974965229486
0 0.8586278586278586 0.6821974965229486 0.7027027027027027 0.6821974965229486 0.7016632016632016 0.6300417246175244 0.8586278586278586 0.6293463143254521 0.8596673596673596 0.6815020862308763 0.8586278586278586 0.6821974965229486
0 0.4656964656964657 0.739221140472879 0.40332640332640335 0.739221140472879 0.4022869022869023 0.7301808066759388 0.35343035343035345 0.7294853963838664 0.3523908523908524 0.631432545201669 0.4781704781704782 0.6307371349095967 0.4792099792099792 0.7287899860917941 0.4677754677754678 0.7294853963838664 0.46673596673596673 0.7385257301808067 0.4656964656964657 0.739221140472879
0 0.8586278586278586 0.8157162726008345 0.6465696465696466 0.8157162726008345 0.6455301455301455 0.7301808066759388 0.6257796257796258 0.7294853963838664 0.6247401247401247 0.6884561891515995 0.8586278586278586 0.6877607788595271 0.8596673596673596 0.8150208623087621 0.8586278586278586 0.8157162726008345