0 0.14387308533916848 0.182861328125 0.08096280087527352 0.182861328125 0.08068927789934355 0.08447265625 0.14387308533916848 0.084228515625 0.14414660831509846 0.1826171875 0.14387308533916848 0.182861328125
0 0.2434354485776805 0.182861328125 0.15207877461706784 0.182861328125 0.15180525164113787 0.08447265625 0.2434354485776805 0.084228515625 0.24370897155361052 0.1826171875 0.2434354485776805 0.182861328125
0 0.36706783369803064 0.218017578125 0.2510940919037199 0.218017578125 0.2508205689277899 0.08447265625 0.36706783369803064 0.084228515625 0.3673413566739606 0.2177734375 0.36706783369803064 0.218017578125
0 0.6920131291028446 0.261962890625 0.3741794310722101 0.261962890625 0.3739059080962801 0.08447265625 0.6920131291028446 0.084228515625 0.6922866520787746 0.26171875 0.6920131291028446 0.261962890625
0 0.9266958424507659 0.258544921875 0.700218818380744 0.258544921875 0.699945295404814 0.08447265625 0.9266958424507659 0.084228515625 0.9269693654266958 0.25830078125 0.9266958424507659 0.258544921875
0 0.2434354485776805 0.336181640625 0.08096280087527352 0.336181640625 0.08068927789934355 0.189453125 0.2434354485776805 0.189208984375 0.24370897155361052 0.3359375 0.2434354485776805 0.336181640625
0 0.6132385120350109 0.489990234375 0.3977024070021882 0.489990234375 0.3974288840262582 0.33642578125 0.2510940919037199 0.336181640625 0.2508205689277899 0.224609375 0.36706783369803064 0.224365234375 0.3673413566739606 0.267578125 0.6132385120350109 0.267822265625 0.6135120350109409 0.48974609375 0.6132385120350109 0.489990234375
0 0.7199124726477024 0.403564453125 0.6214442013129103 0.403564453125 0.6211706783369803 0.26220703125 0.6920131291028446 0.261962890625 0.6922866520787746 0.26513671875 0.7784463894967177 0.265380859375 0.7787199124726477 0.3359375 0.7204595185995624 0.336181640625 0.7201859956236324 0.4033203125 0.7199124726477024 0.403564453125
0 0.8544857768052516 0.336181640625 0.7866520787746171 0.336181640625 0.7863785557986871 0.265625 0.8544857768052516 0.265380859375 0.8547592997811816 0.3359375 0.8544857768052516 0.336181640625
0 0.9266958424507659 0.336181640625 0.862691466083151 0.336181640625 0.862417943107221 0.265625 0.9266958424507659 0.265380859375 0.9269693654266958 0.3359375 0.9266958424507659 0.336181640625
0 0.39059080962800874 0.489990234375 0.08096280087527352 0.489990234375 0.08068927789934355 0.34228515625 0.3758205689277899 0.342041015625 0.3760940919037199 0.38427734375 0.39059080962800874 0.384521484375 0.3908643326039387 0.48974609375 0.39059080962800874 0.489990234375
0 0.9266958424507659 0.489990234375 0.7281181619256017 0.489990234375 0.7278446389496718 0.34326171875 0.9266958424507659 0.343017578125 0.9269693654266958 0.48974609375 0.9266958424507659 0.489990234375
0 0.7199124726477024 0.444580078125 0.6214442013129103 0.444580078125 0.6211706783369803 0.41064453125 0.7199124726477024 0.410400390625 0.7201859956236324 0.4443359375 0.7199124726477024 0.444580078125
0 0.15973741794310722 0.675048828125 0.08041575492341356 0.675048828125 0.08014223194748359 0.595703125 0.15973741794310722 0.595458984375 0.1600109409190372 0.6748046875 0.15973741794310722 0.675048828125
0 0.5087527352297593 0.757080078125 0.3293216630196937 0.757080078125 0.3290481400437637 0.595703125 0.5087527352297593 0.595458984375 0.5090262582056893 0.7568359375 0.5087527352297593 0.757080078125
0 0.850109409190372 0.936279296875 0.6285557986870897 0.936279296875 0.6282822757111597 0.80126953125 0.5169584245076586 0.801025390625 0.5166849015317286 0.595703125 0.850109409190372 0.595458984375 0.850382932166302 0.93603515625 0.850109409190372 0.936279296875
0 0.3211159737417943 0.757080078125 0.16794310722100655 0.757080078125 0.16766958424507658 0.63037109375 0.3211159737417943 0.630126953125 0.32138949671772427 0.7568359375 0.3211159737417943 0.757080078125
0 0.15973741794310722 0.757080078125 0.08041575492341356 0.757080078125 0.08014223194748359 0.681640625 0.15973741794310722 0.681396484375 0.1600109409190372 0.7568359375 0.15973741794310722 0.757080078125
0 0.5087527352297593 0.936279296875 0.08041575492341356 0.936279296875 0.08014223194748359 0.76416015625 0.5087527352297593 0.763916015625 0.5090262582056893 0.93603515625 0.5087527352297593 0.936279296875
0 0.6208971553610503 0.936279296875 0.5169584245076586 0.936279296875 0.5166849015317286 0.80810546875 0.6208971553610503 0.807861328125 0.6211706783369803 0.93603515625 0.6208971553610503 0.936279296875