0 0.37777777777777777 0.3625541125541126 0.10617283950617284 0.3625541125541126 0.10493827160493827 0.05194805194805195 0.37777777777777777 0.050865800865800864 0.3790123456790123 0.14935064935064934 0.2839506172839506 0.15043290043290045 0.28271604938271605 0.2077922077922078 0.37777777777777777 0.20887445887445888 0.3790123456790123 0.36147186147186144 0.37777777777777777 0.3625541125541126
0 0.47160493827160493 0.20238095238095238 0.38765432098765434 0.20238095238095238 0.38641975308641974 0.05194805194805195 0.47160493827160493 0.050865800865800864 0.4728395061728395 0.2012987012987013 0.47160493827160493 0.20238095238095238
0 0.654320987654321 0.3625541125541126 0.38765432098765434 0.3625541125541126 0.38641975308641974 0.20995670995670995 0.48148148148148145 0.20887445887445888 0.48271604938271606 0.05194805194805195 0.6049382716049383 0.05303030303030303 0.6061728395061728 0.2012987012987013 0.6148148148148148 0.20238095238095238 0.6160493827160494 0.05411255411255411 0.654320987654321 0.05303030303030303 0.6555555555555556 0.36147186147186144 0.654320987654321 0.3625541125541126
0 0.8419753086419753 0.3625541125541126 0.6666666666666666 0.3625541125541126 0.6654320987654321 0.05411255411255411 0.8419753086419753 0.05303030303030303 0.8432098765432099 0.36147186147186144 0.8419753086419753 0.3625541125541126
0 0.37777777777777777 0.20238095238095238 0.2938271604938272 0.20238095238095238 0.29259259259259257 0.16017316017316016 0.37777777777777777 0.1590909090909091 0.3790123456790123 0.2012987012987013 0.37777777777777777 0.20238095238095238
0 0.8493827160493828 0.7608225108225108 0.6938271604938272 0.7608225108225108 0.6925925925925925 0.5995670995670995 0.6197530864197531 0.5984848484848485 0.6185185185185185 0.44155844155844154 0.7333333333333333 0.44047619047619047 0.7358024691358025 0.4383116883116883 0.8493827160493828 0.4383116883116883 0.8506172839506173 0.7597402597402597 0.8493827160493828 0.7608225108225108
0 0.37530864197530867 0.5140692640692641 0.2839506172839506 0.5140692640692641 0.28271604938271605 0.44155844155844154 0.37530864197530867 0.44047619047619047 0.3765432098765432 0.512987012987013 0.37530864197530867 0.5140692640692641
0 0.4740740740740741 0.5898268398268398 0.3530864197530864 0.5898268398268398 0.35185185185185186 0.5238095238095238 0.3851851851851852 0.5227272727272727 0.38641975308641974 0.44155844155844154 0.4740740740740741 0.44047619047619047 0.47530864197530864 0.5887445887445888 0.4740740740740741 0.5898268398268398
0 0.6172839506172839 0.5984848484848485 0.4839506172839506 0.5984848484848485 0.48271604938271606 0.44155844155844154 0.6172839506172839 0.44047619047619047 0.6185185185185185 0.5974025974025974 0.6172839506172839 0.5984848484848485
0 0.2740740740740741 0.5898268398268398 0.1037037037037037 0.5898268398268398 0.10246913580246914 0.44372294372294374 0.2740740740740741 0.44264069264069267 0.27530864197530863 0.5887445887445888 0.2740740740740741 0.5898268398268398
0 0.3432098765432099 0.5898268398268398 0.2839506172839506 0.5898268398268398 0.28271604938271605 0.5238095238095238 0.3432098765432099 0.5227272727272727 0.34444444444444444 0.5887445887445888 0.3432098765432099 0.5898268398268398
0 0.23209876543209876 0.7608225108225108 0.1037037037037037 0.7608225108225108 0.10246913580246914 0.5995670995670995 0.23209876543209876 0.5984848484848485 0.23333333333333334 0.7597402597402597 0.23209876543209876 0.7608225108225108
0 0.48148148148148145 0.7608225108225108 0.32098765432098764 0.7608225108225108 0.3197530864197531 0.6493506493506493 0.2419753086419753 0.6482683982683982 0.24074074074074073 0.5995670995670995 0.48148148148148145 0.5984848484848485 0.48271604938271606 0.6428571428571429 0.49135802469135803 0.6439393939393939 0.4925925925925926 0.7251082251082251 0.4839506172839506 0.7261904761904762 0.48271604938271606 0.7597402597402597 0.48148148148148145 0.7608225108225108
0 0.691358024691358 0.7608225108225108 0.5037037037037037 0.7608225108225108 0.5024691358024691 0.645021645021645 0.4839506172839506 0.6439393939393939 0.48271604938271606 0.5995670995670995 0.691358024691358 0.5984848484848485 0.6925925925925925 0.7597402597402597 0.691358024691358 0.7608225108225108
0 0.5012345679012346 0.7608225108225108 0.5 0.645021645021645 0.5024691358024691 0.645021645021645 0.5024691358024691 0.7597402597402597 0.5012345679012346 0.7608225108225108
0 0.3111111111111111 0.7608225108225108 0.2419753086419753 0.7608225108225108 0.24074074074074073 0.6558441558441559 0.3111111111111111 0.6547619047619048 0.31234567901234567 0.7597402597402597 0.3111111111111111 0.7608225108225108
0 0.39753086419753086 0.933982683982684 0.1037037037037037 0.933982683982684 0.10246913580246914 0.7705627705627706 0.39753086419753086 0.7694805194805194 0.3987654320987654 0.9329004329004329 0.39753086419753086 0.933982683982684