0 0.2107340173638516 0.5345963756177924 0.17521704814522493 0.5345963756177924 0.17482241515390687 0.15321252059308071 0.3267561168113654 0.15238879736408567 0.3271507498026835 0.4299835255354201 0.26519337016574585 0.4308072487644152 0.26479873717442776 0.4728171334431631 0.2509865824782952 0.47364085667215816 0.2505919494869771 0.5255354200988468 0.21152328334648776 0.5263591433278418 0.2111286503551697 0.5337726523887973 0.2107340173638516 0.5345963756177924
0 0.4404104183109708 0.32042833607907745 0.3330702446724546 0.32042833607907745 0.3326756116811365 0.15321252059308071 0.4404104183109708 0.15238879736408567 0.44080505130228886 0.31960461285008235 0.4404104183109708 0.32042833607907745
0 0.8129439621152328 0.6812191103789127 0.6606156274664562 0.6812191103789127 0.6602209944751382 0.2273476112026359 0.8129439621152328 0.22652388797364087 0.8133385951065509 0.6803953871499177 0.8129439621152328 0.6812191103789127
0 0.9265982636148382 0.6812191103789127 0.8176795580110497 0.6812191103789127 0.8172849250197316 0.2273476112026359 0.9265982636148382 0.22652388797364087 0.9269928966061562 0.6803953871499177 0.9265982636148382 0.6812191103789127
0 0.3717442778216259 0.4785831960461285 0.3330702446724546 0.4785831960461285 0.3326756116811365 0.32784184514003295 0.3717442778216259 0.3270181219110379 0.372138910812944 0.47775947281713343 0.3717442778216259 0.4785831960461285
0 0.4404104183109708 0.4785831960461285 0.3749013417521705 0.4785831960461285 0.3745067087608524 0.32784184514003295 0.4404104183109708 0.3270181219110379 0.44080505130228886 0.47775947281713343 0.4404104183109708 0.4785831960461285
0 0.3267561168113654 0.6943986820428336 0.2880820836621942 0.6943986820428336 0.2868981846882399 0.6902800658978583 0.28531965272296766 0.685337726523888 0.2845303867403315 0.6820428336079077 0.2829518547750592 0.6771004942339374 0.2813733228097869 0.6721581548599671 0.28058405682715076 0.6688632619439868 0.27900552486187846 0.6639209225700164 0.2782162588792423 0.6606260296540363 0.27663772691397 0.6556836902800659 0.27584846093133386 0.6523887973640856 0.27426992896606156 0.6474464579901154 0.27269139700078926 0.642504118616145 0.27111286503551696 0.6375617792421746 0.26953433307024466 0.6326194398682042 0.26795580110497236 0.627677100494234 0.26716653512233624 0.6243822075782537 0.26677190213101815 0.6219110378912686 0.2430939226519337 0.6219110378912686 0.24269928966061563 0.5370675453047776 0.26519337016574585 0.5362438220757826 0.26558800315706393 0.4744645799011532 0.26479873717442776 0.4728171334431631 0.26479873717442776 0.4316309719934102 0.3267561168113654 0.4308072487644152 0.3271507498026835 0.6935749588138386 0.3267561168113654 0.6943986820428336
0 0.4404104183109708 0.7635914332784185 0.3330702446724546 0.7635914332784185 0.3326756116811365 0.48599670510708404 0.4404104183109708 0.48517298187808894 0.44080505130228886 0.7627677100494233 0.4404104183109708 0.7635914332784185
0 0.1452249408050513 0.7899505766062603 0.10655090765588003 0.7899505766062603 0.10102604577742699 0.7784184514003295 0.09984214680347277 0.7775947281713345 0.09392265193370165 0.7635914332784185 0.08681925808997633 0.7635914332784185 0.08642462509865825 0.7512355848434926 0.08011049723756906 0.7380560131795717 0.07655880031570639 0.728995057660626 0.07537490134175218 0.728171334431631 0.07537490134175218 0.5947281713344317 0.07853196527229676 0.5881383855024712 0.08011049723756906 0.5831960461285008 0.08326756116811365 0.5749588138385503 0.0856353591160221 0.5683690280065898 0.0856353591160221 0.5535420098846787 0.09076558800315707 0.5527182866556837 0.10023677979479084 0.5329489291598023 0.10339384372533544 0.5280065897858319 0.1452249408050513 0.5280065897858319 0.15706393054459353 0.5527182866556837 0.17442778216258878 0.5527182866556837 0.17482241515390687 0.5354200988467874 0.2107340173638516 0.5345963756177924 0.21152328334648776 0.5362438220757826 0.23993685872138912 0.5362438220757826 0.24033149171270718 0.7627677100494233 0.15943172849250198 0.7635914332784185 0.15706393054459353 0.7685337726523888 0.1515390686661405 0.7784184514003295 0.14759273875295975 0.78500823723229 0.1464088397790055 0.785831960461285 0.1452249408050513 0.7899505766062603
0 0.2833464877663773 0.7635914332784185 0.2430939226519337 0.7635914332784185 0.24269928966061563 0.6309719934102141 0.2644041041831097 0.6301482701812191 0.26637726913970006 0.6359143327841845 0.26716653512233624 0.6392092257001647 0.26874506708760854 0.6441515650741351 0.26953433307024466 0.6474464579901154 0.27111286503551696 0.6523887973640856 0.27269139700078926 0.657331136738056 0.27348066298342544 0.6606260296540363 0.27584846093133386 0.6672158154859967 0.27663772691397 0.6705107084019769 0.2782162588792423 0.6754530477759473 0.2797947908445146 0.6803953871499177 0.2797947908445146 0.6836902800658978 0.2813733228097869 0.6869851729818781 0.28216258879242306 0.6902800658978583 0.28374112075769536 0.6952224052718287 0.28374112075769536 0.7627677100494233 0.2833464877663773 0.7635914332784185
0 0.3267561168113654 0.7635914332784185 0.2880820836621942 0.7635914332784185 0.2876874506708761 0.6985172981878089 0.3267561168113654 0.6976935749588138 0.3271507498026835 0.7627677100494233 0.3267561168113654 0.7635914332784185