0 0.6365348399246704 0.19983277591973245 0.5357815442561206 0.19983277591973245 0.5353107344632768 0.10535117056856187 0.5225988700564972 0.10451505016722408 0.5221280602636534 0.015050167224080268 0.6365348399246704 0.014214046822742474 0.6370056497175142 0.19899665551839466 0.6365348399246704 0.19983277591973245
0 0.8983050847457628 0.32525083612040134 0.6459510357815442 0.32525083612040134 0.6454802259887006 0.12207357859531773 0.8983050847457628 0.12123745819397994 0.8987758945386064 0.32441471571906355 0.8983050847457628 0.32525083612040134
0 0.4774011299435028 0.46070234113712377 0.15160075329566855 0.46070234113712377 0.15112994350282485 0.12374581939799331 0.467984934086629 0.12290969899665552 0.4684557438794727 0.3411371237458194 0.4774011299435028 0.3419732441471572 0.4778719397363465 0.459866220735786 0.4774011299435028 0.46070234113712377
0 0.5141242937853108 0.32525083612040134 0.4774011299435028 0.32525083612040134 0.4769303201506591 0.12374581939799331 0.5216572504708098 0.12290969899665552 0.5216572504708098 0.1245819397993311 0.5131826741996234 0.1245819397993311 0.5127118644067796 0.19063545150501673 0.513653483992467 0.19230769230769232 0.513653483992467 0.25752508361204013 0.5145951035781544 0.2591973244147157 0.5145951035781544 0.32441471571906355 0.5141242937853108 0.32525083612040134
0 0.5225988700564972 0.21321070234113712 0.5221280602636534 0.19899665551839466 0.5230696798493408 0.19899665551839466 0.5230696798493408 0.21237458193979933 0.5225988700564972 0.21321070234113712
0 0.568738229755179 0.32525083612040134 0.5235404896421846 0.32525083612040134 0.5230696798493408 0.21739130434782608 0.5221280602636534 0.2157190635451505 0.556497175141243 0.2148829431438127 0.5569679849340866 0.21906354515050167 0.557909604519774 0.22073578595317725 0.557909604519774 0.23076923076923078 0.5588512241054614 0.23244147157190637 0.5588512241054614 0.23578595317725753 0.5597928436911488 0.23745819397993312 0.5597928436911488 0.24749163879598662 0.5607344632768362 0.2491638795986622 0.5607344632768362 0.25418060200668896 0.5616760828625236 0.25585284280936454 0.5616760828625236 0.26421404682274247 0.562617702448211 0.26588628762541805 0.562617702448211 0.2692307692307692 0.5635593220338984 0.2709030100334448 0.5635593220338984 0.27424749163879597 0.5645009416195856 0.27591973244147155 0.5645009416195856 0.28595317725752506 0.565442561205273 0.28762541806020064 0.565442561205273 0.2909698996655518 0.5663841807909604 0.29264214046822745 0.5663841807909604 0.30267558528428096 0.5673258003766478 0.30434782608695654 0.5673258003766478 0.3076923076923077 0.5682674199623352 0.3093645484949833 0.5682674199623352 0.3193979933110368 0.5692090395480226 0.3210702341137124 0.5692090395480226 0.32441471571906355 0.568738229755179 0.32525083612040134
0 0.6365348399246704 0.32525083612040134 0.5800376647834274 0.32525083612040134 0.5795668549905838 0.3210702341137124 0.5786252354048964 0.3193979933110368 0.5786252354048964 0.31605351170568563 0.577683615819209 0.31438127090301005 0.577683615819209 0.30434782608695654 0.5767419962335216 0.30267558528428096 0.5767419962335216 0.2993311036789298 0.5758003766478342 0.2976588628762542 0.5758003766478342 0.28762541806020064 0.5748587570621468 0.28595317725752506 0.5748587570621468 0.2826086956521739 0.5739171374764596 0.2809364548494983 0.5739171374764596 0.2725752508361204 0.5729755178907722 0.2709030100334448 0.5729755178907722 0.26588628762541805 0.5720338983050848 0.26421404682274247 0.5720338983050848 0.25585284280936454 0.5710922787193974 0.25418060200668896 0.5710922787193974 0.2491638795986622 0.57015065913371 0.24749163879598662 0.57015065913371 0.23745819397993312 0.5692090395480226 0.23578595317725753 0.5692090395480226 0.23244147157190637 0.5682674199623352 0.23076923076923078 0.5682674199623352 0.22073578595317725 0.5673258003766478 0.21906354515050167 0.5663841807909604 0.2157190635451505 0.6365348399246704 0.2148829431438127 0.6370056497175142 0.32441471571906355 0.6365348399246704 0.32525083612040134
0 0.5348399246704332 0.6596989966555183 0.4868173258003766 0.6596989966555183 0.486346516007533 0.342809364548495 0.647834274952919 0.3419732441471572 0.6483050847457628 0.5785953177257525 0.5357815442561206 0.5794314381270903 0.5353107344632768 0.6588628762541806 0.5348399246704332 0.6596989966555183
0 0.8983050847457628 0.5794314381270903 0.6572504708097928 0.5794314381270903 0.6567796610169492 0.342809364548495 0.8578154425612052 0.3419732441471572 0.858286252354049 0.40301003344481606 0.8983050847457628 0.40384615384615385 0.8987758945386064 0.5785953177257525 0.8983050847457628 0.5794314381270903
0 0.8983050847457628 0.3904682274247492 0.8662900188323918 0.3904682274247492 0.865819209039548 0.342809364548495 0.8983050847457628 0.3419732441471572 0.8987758945386064 0.3896321070234114 0.8983050847457628 0.3904682274247492
0 0.4774011299435028 0.8704013377926422 0.15160075329566855 0.8704013377926422 0.15112994350282485 0.4765886287625418 0.4774011299435028 0.47575250836120403 0.4778719397363465 0.8695652173913043 0.4774011299435028 0.8704013377926422
0 0.5348399246704332 0.810200668896321 0.4868173258003766 0.810200668896321 0.486346516007533 0.6755852842809364 0.5348399246704332 0.6747491638795987 0.5353107344632768 0.8093645484949833 0.5348399246704332 0.810200668896321
0 0.5160075329566854 0.8704013377926422 0.4868173258003766 0.8704013377926422 0.486346516007533 0.8210702341137124 0.5160075329566854 0.8202341137123745 0.5164783427495292 0.8695652173913043 0.5160075329566854 0.8704013377926422