0 0.2603211009174312 0.19912609238451934 0.14105504587155962 0.19912609238451934 0.1404816513761468 0.06367041198501873 0.2603211009174312 0.06304619225967541 0.26089449541284404 0.19850187265917604 0.2603211009174312 0.19912609238451934
0 0.7603211009174312 0.2565543071161049 0.6215596330275229 0.2565543071161049 0.6209862385321101 0.06367041198501873 0.7603211009174312 0.06304619225967541 0.760894495412844 0.25593008739076156 0.7603211009174312 0.2565543071161049
0 0.893348623853211 0.2852684144818976 0.8142201834862385 0.2852684144818976 0.8136467889908257 0.2571785268414482 0.7672018348623854 0.2565543071161049 0.7666284403669725 0.06367041198501873 0.893348623853211 0.06304619225967541 0.8939220183486238 0.2846441947565543 0.893348623853211 0.2852684144818976
0 0.3394495412844037 0.20536828963795256 0.2672018348623853 0.20536828963795256 0.2666284403669725 0.06491885143570537 0.411697247706422 0.06429463171036205 0.41227064220183485 0.19850187265917604 0.34059633027522934 0.19912609238451934 0.3400229357798165 0.20474406991260924 0.3394495412844037 0.20536828963795256
0 0.411697247706422 0.5923845193508115 0.08256880733944955 0.5923845193508115 0.08199541284403669 0.352059925093633 0.13990825688073394 0.35143570536828966 0.1404816513761468 0.20599250936329588 0.16857798165137614 0.20536828963795256 0.169151376146789 0.19975031210986266 0.23279816513761467 0.19912609238451934 0.23337155963302753 0.20474406991260924 0.3394495412844037 0.20536828963795256 0.3400229357798165 0.2908863920099875 0.411697247706422 0.2915106117353308 0.41227064220183485 0.5917602996254682 0.411697247706422 0.5923845193508115
0 0.411697247706422 0.284019975031211 0.3451834862385321 0.284019975031211 0.34461009174311924 0.20599250936329588 0.411697247706422 0.20536828963795256 0.41227064220183485 0.2833957553058677 0.411697247706422 0.284019975031211
0 0.6834862385321101 0.34519350811485644 0.6215596330275229 0.34519350811485644 0.6209862385321101 0.26217228464419473 0.6834862385321101 0.2615480649188514 0.6840596330275229 0.3445692883895131 0.6834862385321101 0.34519350811485644
0 0.7557339449541285 0.42759051186017477 0.6892201834862385 0.42759051186017477 0.6886467889908257 0.26217228464419473 0.8084862385321101 0.2615480649188514 0.8090596330275229 0.28963795255930086 0.893348623853211 0.2902621722846442 0.8939220183486238 0.3383270911360799 0.8176605504587156 0.3389513108614232 0.8170871559633027 0.3970037453183521 0.7568807339449541 0.3976279650436954 0.7563073394495413 0.42696629213483145 0.7557339449541285 0.42759051186017477
0 0.893348623853211 0.433832709113608 0.823394495412844 0.433832709113608 0.8228211009174312 0.3433208489388265 0.893348623853211 0.34269662921348315 0.8939220183486238 0.4332084893882647 0.893348623853211 0.433832709113608
0 0.6639908256880734 0.5911360799001248 0.5665137614678899 0.5911360799001248 0.5659403669724771 0.352059925093633 0.6834862385321101 0.35143570536828966 0.6840596330275229 0.5593008739076155 0.6651376146788991 0.5599250936329588 0.6645642201834863 0.5905118601747815 0.6639908256880734 0.5911360799001248
0 0.8061926605504587 0.5911360799001248 0.6892201834862385 0.5911360799001248 0.6886467889908257 0.4968789013732834 0.7614678899082569 0.49625468164794007 0.7620412844036697 0.4044943820224719 0.8165137614678899 0.4038701622971286 0.8170871559633027 0.43196004993757803 0.8119266055045872 0.43258426966292135 0.8113532110091743 0.49563046192259674 0.8142201834862385 0.49625468164794007 0.8153669724770642 0.4975031210986267 0.8176605504587156 0.49875156054931336 0.819954128440367 0.5 0.823394495412844 0.5 0.8245412844036697 0.5012484394506866 0.8268348623853211 0.5024968789013733 0.8291284403669725 0.5037453183520599 0.8325688073394495 0.5037453183520599 0.8337155963302753 0.5049937578027466 0.8360091743119266 0.5062421972534332 0.838302752293578 0.5062421972534332 0.8394495412844036 0.5074906367041199 0.841743119266055 0.5074906367041199 0.8428899082568807 0.5087390761548065 0.8451834862385321 0.5099875156054932 0.8474770642201835 0.5099875156054932 0.8474770642201835 0.5112359550561798 0.8107798165137615 0.5112359550561798 0.8102064220183486 0.5580524344569289 0.8073394495412844 0.5586766541822722 0.8067660550458715 0.5905118601747815 0.8061926605504587 0.5911360799001248
0 0.7557339449541285 0.49001248439450684 0.6892201834862385 0.49001248439450684 0.6886467889908257 0.4344569288389513 0.7557339449541285 0.433832709113608 0.7563073394495413 0.4893882646691635 0.7557339449541285 0.49001248439450684
0 0.8887614678899083 0.5062421972534332 0.8520642201834863 0.5062421972534332 0.8509174311926605 0.5049937578027466 0.8486238532110092 0.5037453183520599 0.8463302752293578 0.5037453183520599 0.8451834862385321 0.5024968789013733 0.8428899082568807 0.5024968789013733 0.841743119266055 0.5012484394506866 0.8394495412844036 0.5 0.8360091743119266 0.5 0.8348623853211009 0.49875156054931336 0.8325688073394495 0.4975031210986267 0.8302752293577982 0.49625468164794007 0.8268348623853211 0.49625468164794007 0.8256880733944955 0.4950062421972534 0.823394495412844 0.4937578027465668 0.8211009174311926 0.4937578027465668 0.819954128440367 0.49250936329588013 0.8176605504587156 0.49250936329588013 0.8170871559633027 0.43820224719101125 0.8887614678899083 0.43757802746566793 0.8893348623853211 0.5056179775280899 0.8887614678899083 0.5062421972534332
0 0.893348623853211 0.5911360799001248 0.8107798165137615 0.5911360799001248 0.8102064220183486 0.5118601747815231 0.893348623853211 0.5112359550561798 0.8939220183486238 0.5905118601747815 0.893348623853211 0.5911360799001248
0 0.4139908256880734 0.9506866416978776 0.31995412844036697 0.9506866416978776 0.31938073394495414 0.8227215980024969 0.4139908256880734 0.8220973782771536 0.41456422018348627 0.9500624219725343 0.4139908256880734 0.9506866416978776