0 0.1122334455667789 0.5881901840490797 0.008978675645342313 0.5881901840490797 0.008417508417508417 0.17177914110429449 0.1122334455667789 0.17101226993865032 0.1127946127946128 0.5874233128834356 0.1122334455667789 0.5881901840490797
0 0.26262626262626265 0.5789877300613497 0.11896745230078563 0.5789877300613497 0.11840628507295174 0.18098159509202455 0.26262626262626265 0.18021472392638035 0.26318742985409654 0.5782208588957055 0.26262626262626265 0.5789877300613497
0 0.35129068462401797 0.3473926380368098 0.27048260381593714 0.3473926380368098 0.26992143658810325 0.18098159509202455 0.35129068462401797 0.18021472392638035 0.35185185185185186 0.34662576687116564 0.35129068462401797 0.3473926380368098
0 0.4399551066217733 0.35199386503067487 0.3984287317620651 0.35199386503067487 0.3978675645342312 0.3113496932515337 0.35802469135802467 0.31058282208588955 0.3574635241301908 0.25766871165644173 0.356341189674523 0.2561349693251534 0.356341189674523 0.18098159509202455 0.4399551066217733 0.18021472392638035 0.4405162738496072 0.3512269938650307 0.4399551066217733 0.35199386503067487
0 0.49158249158249157 0.35199386503067487 0.44556677890011226 0.35199386503067487 0.4450056116722783 0.19631901840490798 0.4904601571268238 0.1955521472392638 0.4910213243546577 0.3052147239263804 0.49214365881032546 0.3067484662576687 0.49214365881032546 0.3512269938650307 0.49158249158249157 0.35199386503067487
0 0.6487093153759821 0.5069018404907976 0.5510662177328844 0.5069018404907976 0.5499438832772167 0.5053680981595092 0.5028058361391695 0.5053680981595092 0.5022446689113356 0.46932515337423314 0.5033670033670034 0.4677914110429448 0.5033670033670034 0.40950920245398775 0.5022446689113356 0.40797546012269936 0.5022446689113356 0.3067484662576687 0.6487093153759821 0.30598159509202455 0.6492704826038159 0.5061349693251533 0.6487093153759821 0.5069018404907976
0 0.7283950617283951 0.825920245398773 0.5028058361391695 0.825920245398773 0.5022446689113356 0.5122699386503068 0.5499438832772167 0.5115030674846626 0.5505050505050505 0.5076687116564417 0.6487093153759821 0.5069018404907976 0.6498316498316499 0.5084355828220859 0.6492704826038159 0.3067484662576687 0.7822671156004489 0.30598159509202455 0.7828282828282829 0.5429447852760736 0.7048260381593715 0.5437116564417178 0.7037037037037037 0.5452453987730062 0.7003367003367004 0.5452453987730062 0.6997755331088664 0.8098159509202454 0.7283950617283951 0.8105828220858896 0.7289562289562289 0.8251533742331288 0.7283950617283951 0.825920245398773
0 0.9618406285072951 0.5053680981595092 0.7890011223344556 0.5053680981595092 0.7884399551066218 0.3067484662576687 0.9618406285072951 0.30598159509202455 0.9624017957351291 0.504601226993865 0.9618406285072951 0.5053680981595092
0 0.4668911335578002 0.5038343558282209 0.27048260381593714 0.5038343558282209 0.26992143658810325 0.3588957055214724 0.35802469135802467 0.3581288343558282 0.35858585858585856 0.36503067484662577 0.39730639730639733 0.36579754601226994 0.3978675645342312 0.3588957055214724 0.49719416386083054 0.3581288343558282 0.49775533108866443 0.40797546012269936 0.5028058361391695 0.4087423312883436 0.5033670033670034 0.4677914110429448 0.4983164983164983 0.46855828220858897 0.49775533108866443 0.49079754601226994 0.468013468013468 0.4915644171779141 0.4674523007856341 0.5030674846625767 0.4668911335578002 0.5038343558282209
0 0.8754208754208754 0.620398773006135 0.7890011223344556 0.620398773006135 0.7884399551066218 0.5122699386503068 0.8754208754208754 0.5115030674846626 0.8759820426487093 0.6196319018404908 0.8754208754208754 0.620398773006135
0 0.9618406285072951 0.620398773006135 0.8810325476992144 0.620398773006135 0.8804713804713805 0.5122699386503068 0.9618406285072951 0.5115030674846626 0.9624017957351291 0.6196319018404908 0.9618406285072951 0.620398773006135
0 0.7822671156004489 0.7523006134969326 0.7048260381593715 0.7523006134969326 0.7042648709315376 0.5444785276073619 0.7822671156004489 0.5437116564417178 0.7828282828282829 0.7515337423312883 0.7822671156004489 0.7523006134969326
0 0.26823793490460157 0.7707055214723927 0.25252525252525254 0.7707055214723927 0.25196408529741865 0.6165644171779141 0.26823793490460157 0.61579754601227 0.26879910213243546 0.7699386503067485 0.26823793490460157 0.7707055214723927
0 0.9618406285072951 0.825920245398773 0.7890011223344556 0.825920245398773 0.7884399551066218 0.6288343558282209 0.9618406285072951 0.6280674846625767 0.9624017957351291 0.8251533742331288 0.9618406285072951 0.825920245398773
0 0.7822671156004489 0.825920245398773 0.734006734006734 0.825920245398773 0.7334455667789002 0.8067484662576687 0.7048260381593715 0.8059815950920245 0.7042648709315376 0.7607361963190185 0.7822671156004489 0.7599693251533742 0.7828282828282829 0.8251533742331288 0.7822671156004489 0.825920245398773
0 0.9618406285072951 0.9317484662576687 0.7890011223344556 0.9317484662576687 0.7884399551066218 0.8343558282208589 0.9618406285072951 0.8335889570552147 0.9624017957351291 0.9309815950920245 0.9618406285072951 0.9317484662576687