0 0.30390492359932086 0.4642857142857143 0.12054329371816638 0.4642857142857143 0.11969439728353141 0.2264808362369338 0.30390492359932086 0.22560975609756098 0.30475382003395585 0.4634146341463415 0.30390492359932086 0.4642857142857143
0 0.633276740237691 0.6001742160278746 0.4363327674023769 0.6001742160278746 0.43548387096774194 0.47560975609756095 0.31239388794567063 0.47473867595818814 0.31154499151103565 0.2264808362369338 0.633276740237691 0.22560975609756098 0.634125636672326 0.5993031358885017 0.633276740237691 0.6001742160278746
0 0.7419354838709677 0.4712543554006969 0.6400679117147708 0.4712543554006969 0.6392190152801358 0.2264808362369338 0.8590831918505942 0.22560975609756098 0.8599320882852292 0.4337979094076655 0.7436332767402377 0.4346689895470383 0.7427843803056027 0.47038327526132406 0.7419354838709677 0.4712543554006969
0 0.8590831918505942 0.5670731707317073 0.7606112054329371 0.5670731707317073 0.7580645161290323 0.5627177700348432 0.7580645161290323 0.5522648083623694 0.7563667232597623 0.5505226480836237 0.7563667232597623 0.5435540069686411 0.7546689303904923 0.5418118466898955 0.7546689303904923 0.5313588850174216 0.7529711375212224 0.5296167247386759 0.7529711375212224 0.524390243902439 0.7512733446519525 0.5226480836236934 0.7512733446519525 0.5121951219512195 0.7495755517826825 0.5104529616724739 0.7495755517826825 0.4425087108013937 0.8590831918505942 0.4416376306620209 0.8599320882852292 0.5662020905923345 0.8590831918505942 0.5670731707317073
0 0.19864176570458403 0.5566202090592335 0.12054329371816638 0.5566202090592335 0.11969439728353141 0.47038327526132406 0.19864176570458403 0.4695121951219512 0.199490662139219 0.5557491289198606 0.19864176570458403 0.5566202090592335
0 0.30390492359932086 0.5566202090592335 0.2071307300509338 0.5566202090592335 0.20628183361629882 0.47038327526132406 0.30390492359932086 0.4695121951219512 0.30475382003395585 0.5557491289198606 0.30390492359932086 0.5566202090592335
0 0.42784380305602715 0.7831010452961672 0.31239388794567063 0.7831010452961672 0.31154499151103565 0.47560975609756095 0.43463497453310695 0.47473867595818814 0.43548387096774194 0.5749128919860628 0.4295415959252971 0.5757839721254355 0.42869269949066213 0.7822299651567944 0.42784380305602715 0.7831010452961672
0 0.7538200339558574 0.6210801393728222 0.6400679117147708 0.6210801393728222 0.6392190152801358 0.47909407665505227 0.7419354838709677 0.47822299651567945 0.7427843803056027 0.5104529616724739 0.7444821731748726 0.5121951219512195 0.7444821731748726 0.5226480836236934 0.7461799660441426 0.524390243902439 0.7461799660441426 0.5331010452961672 0.7478777589134126 0.5348432055749129 0.7478777589134126 0.5418118466898955 0.7495755517826825 0.5435540069686411 0.7495755517826825 0.554006968641115 0.7512733446519525 0.5557491289198606 0.7512733446519525 0.5662020905923345 0.7529711375212224 0.5679442508710801 0.7529711375212224 0.573170731707317 0.7546689303904923 0.5749128919860628 0.7546689303904923 0.6202090592334495 0.7538200339558574 0.6210801393728222
0 0.30390492359932086 0.7831010452961672 0.12054329371816638 0.7831010452961672 0.11969439728353141 0.5627177700348432 0.30390492359932086 0.5618466898954704 0.30475382003395585 0.7822299651567944 0.30390492359932086 0.7831010452961672
0 0.8590831918505942 0.6559233449477352 0.7640067911714771 0.6559233449477352 0.7631578947368421 0.5836236933797909 0.7614601018675722 0.5818815331010453 0.7614601018675722 0.5766550522648084 0.7597623089983022 0.5749128919860628 0.8590831918505942 0.5740418118466899 0.8599320882852292 0.6550522648083623 0.8590831918505942 0.6559233449477352
0 0.633276740237691 0.7831010452961672 0.4363327674023769 0.7831010452961672 0.43548387096774194 0.6010452961672473 0.633276740237691 0.6001742160278746 0.634125636672326 0.7822299651567944 0.633276740237691 0.7831010452961672
0 0.8590831918505942 0.7831010452961672 0.6400679117147708 0.7831010452961672 0.6392190152801358 0.627177700348432 0.7538200339558574 0.6263066202090593 0.7546689303904923 0.6602787456445993 0.8590831918505942 0.6611498257839721 0.8599320882852292 0.7822299651567944 0.8590831918505942 0.7831010452961672