0 0.17703349282296652 0.3440629470672389 0.0937799043062201 0.3440629470672389 0.09330143540669857 0.18311874105865522 0.21052631578947367 0.18240343347639484 0.21100478468899522 0.2947067238912732 0.20813397129186603 0.29756795422031473 0.2076555023923445 0.29971387696709584 0.20526315789473684 0.30185979971387694 0.20478468899521532 0.3040057224606581 0.20334928229665072 0.30472103004291845 0.20287081339712917 0.30686695278969955 0.20047846889952153 0.3090128755364807 0.2 0.3111587982832618 0.19760765550239234 0.3133047210300429 0.19712918660287082 0.315450643776824 0.19473684210526315 0.31759656652360513 0.19425837320574163 0.3197424892703863 0.17703349282296652 0.3440629470672389
0 0.2583732057416268 0.29113018597997137 0.215311004784689 0.29113018597997137 0.21483253588516746 0.18311874105865522 0.2583732057416268 0.18240343347639484 0.25885167464114833 0.290414878397711 0.2583732057416268 0.29113018597997137
0 0.41148325358851673 0.3440629470672389 0.3320574162679426 0.3440629470672389 0.2966507177033493 0.29113018597997137 0.26220095693779905 0.29113018597997137 0.2617224880382775 0.18311874105865522 0.41148325358851673 0.18240343347639484 0.41196172248803825 0.34334763948497854 0.41148325358851673 0.3440629470672389
0 0.6966507177033493 0.3469241773962804 0.5856459330143541 0.3469241773962804 0.5851674641148326 0.19027181688125894 0.7196172248803828 0.18955650929899856 0.7200956937799043 0.2646638054363376 0.6976076555023923 0.265379113018598 0.6971291866028708 0.34620886981402005 0.6966507177033493 0.3469241773962804
0 0.8315789473684211 0.3469241773962804 0.7004784688995215 0.3469241773962804 0.7 0.2703862660944206 0.722488038277512 0.2696709585121602 0.7229665071770335 0.19027181688125894 0.8315789473684211 0.18955650929899856 0.8320574162679426 0.34620886981402005 0.8315789473684211 0.3469241773962804
0 0.261244019138756 0.4227467811158798 0.15311004784688995 0.4227467811158798 0.15263157894736842 0.3490701001430615 0.17894736842105263 0.34835479256080115 0.19617224880382775 0.32260371959942774 0.19760765550239234 0.3218884120171674 0.20382775119617225 0.3111587982832618 0.20526315789473684 0.3104434907010014 0.20669856459330144 0.30686695278969955 0.20813397129186603 0.3061516452074392 0.21435406698564594 0.29542203147353363 0.29473684210526313 0.29542203147353363 0.29569377990430623 0.2968526466380544 0.2971291866028708 0.29756795422031473 0.2985645933014354 0.3011444921316166 0.3 0.30185979971387694 0.3062200956937799 0.31258941344778257 0.3076555023923445 0.3133047210300429 0.30813397129186604 0.315450643776824 0.3220095693779904 0.33476394849785407 0.31004784688995213 0.3540772532188841 0.3076555023923445 0.3562231759656652 0.307177033492823 0.3583690987124464 0.29473684210526313 0.37553648068669526 0.29330143540669856 0.37625178826895567 0.291866028708134 0.3798283261802575 0.2784688995215311 0.39842632331902716 0.2770334928229665 0.39914163090128757 0.2755980861244019 0.4027181688125894 0.27416267942583733 0.4034334763948498 0.2736842105263158 0.4055793991416309 0.261244019138756 0.4227467811158798
0 0.41148325358851673 0.6316165951359084 0.261244019138756 0.6316165951359084 0.2607655502392344 0.4234620886981402 0.2727272727272727 0.4055793991416309 0.27416267942583733 0.40486409155937053 0.27464114832535885 0.4027181688125894 0.2770334928229665 0.4005722460658083 0.27751196172248804 0.39842632331902716 0.2909090909090909 0.3798283261802575 0.29330143540669856 0.3776824034334764 0.2937799043062201 0.37553648068669526 0.3062200956937799 0.3583690987124464 0.3076555023923445 0.35765379113018597 0.3090909090909091 0.3540772532188841 0.32248803827751193 0.3354792560801145 0.3320574162679426 0.3497854077253219 0.41148325358851673 0.3497854077253219 0.41196172248803825 0.630901287553648 0.41148325358851673 0.6316165951359084
0 0.14832535885167464 0.4227467811158798 0.0937799043062201 0.4227467811158798 0.09330143540669857 0.3490701001430615 0.14832535885167464 0.34835479256080115 0.14880382775119616 0.4220314735336195 0.14832535885167464 0.4227467811158798
0 0.769377990430622 0.6101573676680973 0.5856459330143541 0.6101573676680973 0.5851674641148326 0.35336194563662376 0.8315789473684211 0.35264663805436336 0.8320574162679426 0.530758226037196 0.8028708133971292 0.5314735336194564 0.7698564593301436 0.580829756795422 0.7698564593301436 0.6094420600858369 0.769377990430622 0.6101573676680973
0 0.23444976076555024 0.6630901287553648 0.0937799043062201 0.6630901287553648 0.09330143540669857 0.4291845493562232 0.2 0.4284692417739628 0.20047846889952153 0.4234620886981402 0.23253588516746412 0.4227467811158798 0.23301435406698565 0.42775393419170243 0.25645933014354066 0.4284692417739628 0.2569377990430622 0.630901287553648 0.24688995215311005 0.6459227467811158 0.24545454545454545 0.6466380543633763 0.24497607655502393 0.6487839771101573 0.23444976076555024 0.6630901287553648
0 0.8315789473684211 0.6101573676680973 0.7732057416267942 0.6101573676680973 0.7727272727272727 0.5836909871244635 0.8047846889952153 0.5357653791130186 0.8315789473684211 0.5357653791130186 0.8320574162679426 0.6094420600858369 0.8315789473684211 0.6101573676680973
0 0.769377990430622 0.7775393419170243 0.5856459330143541 0.7775393419170243 0.5851674641148326 0.6151645207439199 0.769377990430622 0.6144492131616596 0.7698564593301436 0.776824034334764 0.769377990430622 0.7775393419170243
0 0.8315789473684211 0.7775393419170243 0.7732057416267942 0.7775393419170243 0.7727272727272727 0.6151645207439199 0.8315789473684211 0.6144492131616596 0.8320574162679426 0.776824034334764 0.8315789473684211 0.7775393419170243
0 0.3320574162679426 0.7746781115879828 0.23540669856459331 0.7746781115879828 0.23492822966507176 0.7010014306151645 0.2583732057416268 0.7002861230329042 0.25885167464114833 0.698140200286123 0.23540669856459331 0.6974248927038627 0.23492822966507176 0.6695278969957081 0.24401913875598086 0.655937052932761 0.24545454545454545 0.6552217453505007 0.24593301435406698 0.6530758226037195 0.24736842105263157 0.6523605150214592 0.24784688995215312 0.6502145922746781 0.2574162679425837 0.6373390557939914 0.3320574162679426 0.6373390557939914 0.33253588516746413 0.7739628040057225 0.3320574162679426 0.7746781115879828
0 0.41148325358851673 0.7746781115879828 0.33588516746411484 0.7746781115879828 0.3354066985645933 0.6380543633762518 0.41148325358851673 0.6373390557939914 0.41196172248803825 0.7739628040057225 0.41148325358851673 0.7746781115879828
0 0.23062200956937798 0.7746781115879828 0.0937799043062201 0.7746781115879828 0.09330143540669857 0.6695278969957081 0.23062200956937798 0.6688125894134478 0.23110047846889953 0.7739628040057225 0.23062200956937798 0.7746781115879828