0 0.22770199370409233 0.5661764705882353 0.03252885624344176 0.5661764705882353 0.032004197271773345 0.3319327731092437 0.15949632738719832 0.33088235294117646 0.16002098635886675 0.11764705882352941 0.32948583420776495 0.11659663865546219 0.3300104931794334 0.32983193277310924 0.22875131164742918 0.33088235294117646 0.22822665267576075 0.35714285714285715 0.20356768100734524 0.3581932773109244 0.2030430220356768 0.4579831932773109 0.20776495278069254 0.45903361344537813 0.20828961175236096 0.3697478991596639 0.22770199370409233 0.36869747899159666 0.22822665267576075 0.5651260504201681 0.22770199370409233 0.5661764705882353
0 0.47429171038824763 0.28256302521008403 0.3357817418677859 0.28256302521008403 0.3352570828961175 0.11764705882352941 0.47429171038824763 0.11659663865546219 0.47481636935991606 0.2815126050420168 0.47429171038824763 0.28256302521008403
0 0.8562434417628542 0.5136554621848739 0.7072402938090241 0.5136554621848739 0.7067156348373557 0.3592436974789916 0.7040923399790137 0.3560924369747899 0.70199370409234 0.3539915966386555 0.6998950682056663 0.3539915966386555 0.6977964323189927 0.34978991596638653 0.695697796432319 0.34978991596638653 0.6946484784889821 0.3476890756302521 0.6925498426023085 0.34558823529411764 0.6904512067156349 0.3434873949579832 0.6883525708289612 0.3434873949579832 0.6862539349422875 0.3392857142857143 0.6841552990556139 0.33718487394957986 0.6820566631689402 0.33718487394957986 0.6799580272822665 0.3329831932773109 0.6778593913955928 0.3329831932773109 0.6768100734522561 0.33088235294117646 0.6747114375655824 0.328781512605042 0.6726128016789087 0.32668067226890757 0.670514165792235 0.32668067226890757 0.6684155299055614 0.3224789915966387 0.6663168940188877 0.32037815126050423 0.664218258132214 0.32037815126050423 0.6631689401888772 0.3182773109243697 0.6610703043022036 0.3161764705882353 0.6594963273871983 0.31512605042016806 0.6594963273871983 0.17647058823529413 0.8279118572927597 0.17542016806722688 0.8284365162644282 0.3592436974789916 0.8562434417628542 0.3602941176470588 0.8567681007345226 0.5126050420168067 0.8562434417628542 0.5136554621848739
0 0.9779643231899265 0.4338235294117647 0.8604407135362014 0.4338235294117647 0.859916054564533 0.3550420168067227 0.832109129066107 0.3539915966386555 0.8315844700944386 0.17647058823529413 0.9779643231899265 0.17542016806722688 0.978488982161595 0.4327731092436975 0.9779643231899265 0.4338235294117647
0 0.4060860440713536 0.5031512605042017 0.3357817418677859 0.5031512605042017 0.3352570828961175 0.28991596638655465 0.4060860440713536 0.28886554621848737 0.40661070304302205 0.5021008403361344 0.4060860440713536 0.5031512605042017
0 0.47429171038824763 0.5031512605042017 0.4123819517313746 0.5031512605042017 0.4118572927597062 0.28991596638655465 0.47429171038824763 0.28886554621848737 0.47481636935991606 0.5021008403361344 0.47429171038824763 0.5031512605042017
0 0.70199370409234 0.7069327731092437 0.5876180482686254 0.7069327731092437 0.587093389296957 0.3235294117647059 0.6589716684155299 0.3224789915966387 0.6610703043022036 0.32668067226890757 0.6631689401888772 0.32668067226890757 0.6652675760755509 0.33088235294117646 0.6673662119622246 0.33088235294117646 0.6684155299055614 0.3329831932773109 0.670514165792235 0.33508403361344535 0.6726128016789087 0.33718487394957986 0.6747114375655824 0.33718487394957986 0.6757607555089192 0.3392857142857143 0.6778593913955928 0.34138655462184875 0.6799580272822665 0.3434873949579832 0.6820566631689402 0.34558823529411764 0.6841552990556139 0.3476890756302521 0.6862539349422875 0.34978991596638653 0.6883525708289612 0.34978991596638653 0.6904512067156349 0.3539915966386555 0.6925498426023085 0.3539915966386555 0.6935991605456453 0.3560924369747899 0.695697796432319 0.3581932773109244 0.6977964323189927 0.3602941176470588 0.6998950682056663 0.3602941176470588 0.7009443861490031 0.36239495798319327 0.7025183630640084 0.3634453781512605 0.7025183630640084 0.7058823529411765 0.70199370409234 0.7069327731092437
0 0.30325288562434416 0.7783613445378151 0.23189926547743966 0.7783613445378151 0.23137460650577124 0.5987394957983193 0.22875131164742918 0.5976890756302521 0.22822665267576075 0.3697478991596639 0.24868835257082897 0.36869747899159666 0.24921301154249736 0.3592436974789916 0.22875131164742918 0.3581932773109244 0.22822665267576075 0.3319327731092437 0.32948583420776495 0.33088235294117646 0.3300104931794334 0.3592436974789916 0.3179433368310598 0.3602941176470588 0.3174186778593914 0.36764705882352944 0.32948583420776495 0.36869747899159666 0.3300104931794334 0.6386554621848739 0.3037775445960126 0.6911764705882353 0.3037775445960126 0.7773109243697479 0.30325288562434416 0.7783613445378151
0 0.20776495278069254 0.45903361344537813 0.20356768100734524 0.45903361344537813 0.2030430220356768 0.3592436974789916 0.24868835257082897 0.3581932773109244 0.24921301154249736 0.36764705882352944 0.2088142707240294 0.36869747899159666 0.20828961175236096 0.4579831932773109 0.20776495278069254 0.45903361344537813
0 0.9779643231899265 0.7069327731092437 0.8310598111227702 0.7069327731092437 0.8305351521511017 0.5210084033613446 0.8593913955928646 0.5199579831932774 0.859916054564533 0.4411764705882353 0.9779643231899265 0.44012605042016806 0.978488982161595 0.7058823529411765 0.9779643231899265 0.7069327731092437
0 0.4795383001049318 0.7783613445378151 0.3651626442812172 0.7783613445378151 0.3646379853095488 0.6407563025210085 0.3336831059811123 0.6397058823529411 0.33315844700944386 0.5147058823529411 0.4795383001049318 0.5136554621848739 0.48006295907660024 0.7773109243697479 0.4795383001049318 0.7783613445378151
0 0.7492130115424974 0.7069327731092437 0.7072402938090241 0.7069327731092437 0.7067156348373557 0.5210084033613446 0.7492130115424974 0.5199579831932774 0.7497376705141658 0.7058823529411765 0.7492130115424974 0.7069327731092437
0 0.825813221406086 0.7069327731092437 0.7534102833158447 0.7069327731092437 0.7528856243441763 0.5210084033613446 0.825813221406086 0.5199579831932774 0.8263378803777545 0.7058823529411765 0.825813221406086 0.7069327731092437
0 0.22770199370409233 0.7783613445378151 0.09233997901364113 0.7783613445378151 0.09181532004197272 0.5672268907563025 0.22770199370409233 0.5661764705882353 0.22822665267576075 0.5966386554621849 0.20146904512067157 0.5976890756302521 0.20094438614900315 0.6029411764705882 0.22770199370409233 0.6039915966386554 0.22822665267576075 0.7773109243697479 0.22770199370409233 0.7783613445378151
0 0.36096537250786986 0.7783613445378151 0.3074501573976915 0.7783613445378151 0.30692549842602307 0.6953781512605042 0.3079748163693599 0.6932773109243697 0.30849947534102834 0.6901260504201681 0.31007345225603355 0.6890756302521008 0.310598111227702 0.6859243697478992 0.3132214060860441 0.6827731092436975 0.31374606505771246 0.6796218487394958 0.3315844700944386 0.6460084033613446 0.36096537250786986 0.6460084033613446 0.3614900314795383 0.7773109243697479 0.36096537250786986 0.7783613445378151