0 0.31675874769797424 0.46333002973240833 0.17587476979742173 0.46333002973240833 0.17541436464088397 0.05550049554013875 0.3406998158379374 0.055004955401387515 0.3411602209944751 0.2537165510406343 0.3867403314917127 0.25421209117938554 0.38720073664825044 0.3290386521308226 0.31767955801104975 0.3295341922695738 0.31721915285451197 0.4628344895936571 0.31675874769797424 0.46333002973240833
0 0.5524861878453039 0.3959365708622398 0.4180478821362799 0.3959365708622398 0.4175874769797422 0.33002973240832506 0.39502762430939226 0.3295341922695738 0.39456721915285453 0.24975222993062438 0.3434622467771639 0.24925668979187315 0.34300184162062614 0.05550049554013875 0.5534069981583793 0.055004955401387515 0.5538674033149171 0.2527254707631318 0.56353591160221 0.25322101090188304 0.5639963167587477 0.3290386521308226 0.5534069981583793 0.3295341922695738 0.5529465930018416 0.39544103072348863 0.5524861878453039 0.3959365708622398
0 0.9668508287292817 0.46333002973240833 0.7569060773480663 0.46333002973240833 0.7559852670349908 0.4613478691774034 0.6574585635359116 0.4613478691774034 0.6565377532228361 0.46333002973240833 0.570902394106814 0.46333002973240833 0.5704419889502762 0.05550049554013875 0.9668508287292817 0.055004955401387515 0.9673112338858195 0.4628344895936571 0.9668508287292817 0.46333002973240833
0 0.4106813996316759 0.4653121902874133 0.40699815837937386 0.4653121902874133 0.4065377532228361 0.44103072348860256 0.32320441988950277 0.4405351833498513 0.322744014732965 0.33597621407333994 0.4106813996316759 0.3354806739345887 0.4111418047882136 0.464816650148662 0.4106813996316759 0.4653121902874133
0 0.5524861878453039 0.5445986124876115 0.48987108655616945 0.5445986124876115 0.4894106813996317 0.5302279484638256 0.4180478821362799 0.5297324083250743 0.4175874769797422 0.40733399405351833 0.5524861878453039 0.4068384539147671 0.5529465930018416 0.5441030723488602 0.5524861878453039 0.5445986124876115
0 0.6620626151012892 0.852824578790882 0.567219152854512 0.852824578790882 0.5667587476979742 0.7254707631318137 0.48987108655616945 0.7249752229930624 0.4894106813996317 0.5520317145688801 0.5589318600368324 0.5515361744301288 0.5593922651933702 0.4757185332011893 0.5699815837937385 0.47522299306243804 0.5704419889502762 0.4638255698711596 0.6565377532228361 0.46333002973240833 0.6569981583793738 0.47472745292368684 0.6620626151012892 0.47522299306243804 0.6625230202578268 0.8523290386521308 0.6620626151012892 0.852824578790882
0 0.2918968692449355 0.8805748265609514 0.17587476979742173 0.8805748265609514 0.17541436464088397 0.48067393458870167 0.31675874769797424 0.4801783944499504 0.31721915285451197 0.5064420218037661 0.40239410681399634 0.5069375619425174 0.40285451197053407 0.5649157581764123 0.4714548802946593 0.5654112983151636 0.47191528545119704 0.6650148662041625 0.4889502762430939 0.6655104063429138 0.4894106813996317 0.7244796828543112 0.43278084714548803 0.7249752229930624 0.43232044198895025 0.7700693756194251 0.35359116022099446 0.7705649157581764 0.35313075506445674 0.77998017839445 0.34898710865561694 0.7804757185332012 0.34760589318600366 0.7819623389494549 0.3453038674033149 0.7854311199207136 0.34300184162062614 0.7869177403369673 0.34300184162062614 0.7888999008919723 0.3416206261510129 0.790386521308226 0.3383977900552486 0.7928642220019821 0.3337937384898711 0.798810703666997 0.3333333333333333 0.8002973240832507 0.3310313075506446 0.8017839444995044 0.3236648250460405 0.8107036669970268 0.32044198895027626 0.8151635282457879 0.319060773480663 0.8156590683845392 0.31813996316758747 0.817641228939544 0.31675874769797424 0.8201189296333002 0.31445672191528545 0.821605550049554 0.30985267034990793 0.8275520317145689 0.30847145488029465 0.8300297324083251 0.3052486187845304 0.8325074331020813 0.3052486187845304 0.8344895936570862 0.30064456721915284 0.8384539147670962 0.3001841620626151 0.8399405351833499 0.29880294659300183 0.8404360753221011 0.2923572744014733 0.848364717542121 0.2923572744014733 0.8800792864222002 0.2918968692449355 0.8805748265609514
0 0.9668508287292817 0.744796828543112 0.6795580110497238 0.744796828543112 0.679097605893186 0.5837462834489594 0.6832412523020258 0.5832507433102081 0.6837016574585635 0.5054509415262636 0.7559852670349908 0.5049554013875124 0.7564456721915286 0.48067393458870167 0.9668508287292817 0.4801783944499504 0.9673112338858195 0.7443012884043607 0.9668508287292817 0.744796828543112
0 0.5469613259668509 0.9301288404360754 0.5220994475138122 0.9301288404360754 0.5216390423572744 0.9167492566897919 0.45119705340699817 0.9162537165510406 0.4507366482504604 0.7452923686818632 0.5469613259668509 0.744796828543112 0.5474217311233885 0.929633300297324 0.5469613259668509 0.9301288404360754
0 0.9668508287292817 0.852824578790882 0.6795580110497238 0.852824578790882 0.679097605893186 0.7532210109018831 0.9668508287292817 0.7527254707631318 0.9673112338858195 0.8523290386521308 0.9668508287292817 0.852824578790882
0 0.43186003683241253 0.9598612487611496 0.3011049723756906 0.9598612487611496 0.30064456721915284 0.8513379583746283 0.3020257826887661 0.8498513379583746 0.3052486187845304 0.8473736372646185 0.30985267034990793 0.8414271555996036 0.31031307550644566 0.8399405351833499 0.31445672191528545 0.8364717542120912 0.320902394106814 0.8285431119920713 0.32826887661141807 0.819623389494549 0.3314917127071823 0.8151635282457879 0.3337937384898711 0.8136769078295342 0.3337937384898711 0.8116947472745293 0.3351749539594843 0.8102081268582755 0.3383977900552486 0.8077304261645193 0.3397790055248619 0.8052527254707631 0.3411602209944751 0.8047571853320119 0.34300184162062614 0.8017839444995044 0.3434622467771639 0.8002973240832507 0.34760589318600366 0.796828543111992 0.35405156537753224 0.7888999008919723 0.35451197053406996 0.7874132804757186 0.43186003683241253 0.7874132804757186 0.43232044198895025 0.9593657086223984 0.43186003683241253 0.9598612487611496
0 0.15653775322283608 0.8805748265609514 0.06721915285451197 0.8805748265609514 0.06675874769797421 0.8057482656095144 0.15653775322283608 0.8052527254707631 0.15699815837937384 0.8800792864222002 0.15653775322283608 0.8805748265609514