0 0.10821806346623271 0.2869986168741355 0.03498779495524817 0.2869986168741355 0.03458096013018715 0.11203319502074689 0.10821806346623271 0.11134163208852006 0.10862489829129374 0.2863070539419087 0.10821806346623271 0.2869986168741355
0 0.11391375101708706 0.13208852005532504 0.11350691619202603 0.11203319502074689 0.12367778681855167 0.11134163208852006 0.11838893409275834 0.12171507607192254 0.11432058584214809 0.13001383125864455 0.11391375101708706 0.13208852005532504
0 0.20260374288039057 0.2869986168741355 0.11391375101708706 0.2869986168741355 0.11350691619202603 0.14107883817427386 0.11513425549227013 0.13831258644536654 0.11635475996745322 0.13485477178423236 0.11757526444263629 0.13416320885200553 0.12327095199349064 0.12309820193637622 0.12815296989422295 0.11341632088520055 0.12855980471928397 0.11134163208852006 0.1871440195280716 0.11134163208852006 0.1920260374288039 0.12102351313969571 0.193246541903987 0.12171507607192254 0.20301057770545158 0.1396957123098202 0.20301057770545158 0.2863070539419087 0.20260374288039057 0.2869986168741355
0 0.20260374288039057 0.12932226832641772 0.19243287225386493 0.11203319502074689 0.20260374288039057 0.11134163208852006 0.20301057770545158 0.12863070539419086 0.20260374288039057 0.12932226832641772
0 0.5183075671277462 0.3879668049792531 0.2082994304312449 0.3879668049792531 0.2078925956061839 0.11203319502074689 0.5183075671277462 0.11134163208852006 0.5187144019528072 0.3872752420470263 0.5183075671277462 0.3879668049792531
0 0.5695687550854354 0.3796680497925311 0.5231895850284785 0.3796680497925311 0.5227827502034175 0.11203319502074689 0.5695687550854354 0.11134163208852006 0.5699755899104963 0.3789764868603043 0.5695687550854354 0.3796680497925311
0 0.7363710333604556 0.3796680497925311 0.5752644426362896 0.3796680497925311 0.5748576078112286 0.11203319502074689 0.7363710333604556 0.11134163208852006 0.7367778681855167 0.3789764868603043 0.7363710333604556 0.3796680497925311
0 0.9528071602929211 0.33402489626556015 0.7445077298616761 0.33402489626556015 0.7441008950366151 0.11203319502074689 0.9528071602929211 0.11134163208852006 0.9532139951179821 0.3333333333333333 0.9528071602929211 0.33402489626556015
0 0.11472742066720912 0.46957123098201936 0.03498779495524817 0.46957123098201936 0.03458096013018715 0.2959889349930844 0.20260374288039057 0.29529737206085754 0.20301057770545158 0.42323651452282157 0.11554109031733116 0.4239280774550484 0.11513425549227013 0.46887966804979253 0.11472742066720912 0.46957123098201936
0 0.9528071602929211 0.7614107883817427 0.7445077298616761 0.7614107883817427 0.7441008950366151 0.343015214384509 0.9528071602929211 0.34232365145228216 0.9532139951179821 0.7607192254495159 0.9528071602929211 0.7614107883817427
0 0.43368592351505286 0.7614107883817427 0.2082994304312449 0.7614107883817427 0.2078925956061839 0.38865836791147995 0.4385679414157852 0.3879668049792531 0.43897477624084624 0.4896265560165975 0.43449959316517495 0.4903181189488243 0.4340927583401139 0.7607192254495159 0.43368592351505286 0.7614107883817427
0 0.5451586655817738 0.7614107883817427 0.43938161106590723 0.7614107883817427 0.43897477624084624 0.38865836791147995 0.6484947111472742 0.3879668049792531 0.6489015459723352 0.4896265560165975 0.5191212367778681 0.4903181189488243 0.5187144019528072 0.6154910096818811 0.5451586655817738 0.6161825726141079 0.5455655004068348 0.7607192254495159 0.5451586655817738 0.7614107883817427
0 0.7363710333604556 0.4903181189488243 0.6541903986981286 0.4903181189488243 0.6537835638730676 0.38865836791147995 0.7363710333604556 0.3879668049792531 0.7367778681855167 0.4896265560165975 0.7363710333604556 0.4903181189488243
0 0.20260374288039057 0.5179806362378977 0.12042310821806347 0.5179806362378977 0.12001627339300244 0.4702627939142462 0.12082994304312449 0.46887966804979253 0.12082994304312449 0.43291839557399725 0.20260374288039057 0.4322268326417704 0.20301057770545158 0.5172890733056709 0.20260374288039057 0.5179806362378977
0 0.20260374288039057 0.7614107883817427 0.03498779495524817 0.7614107883817427 0.03458096013018715 0.4785615491009682 0.11554109031733116 0.4778699861687414 0.11594792514239219 0.5242047026279392 0.20260374288039057 0.524896265560166 0.20301057770545158 0.7607192254495159 0.20260374288039057 0.7614107883817427
0 0.5947925142392189 0.6078838174273858 0.5231895850284785 0.6078838174273858 0.5227827502034175 0.49930843706777317 0.5947925142392189 0.49861687413554634 0.5951993490642798 0.607192254495159 0.5947925142392189 0.6078838174273858
0 0.7363710333604556 0.7614107883817427 0.5500406834825061 0.7614107883817427 0.549633848657445 0.6168741355463347 0.5996745321399511 0.6161825726141079 0.6000813669650122 0.49930843706777317 0.7363710333604556 0.49861687413554634 0.7367778681855167 0.7607192254495159 0.7363710333604556 0.7614107883817427