0 0.3717693836978131 0.388529886914378 0.21968190854870775 0.388529886914378 0.2191848906560636 0.05654281098546042 0.3717693836978131 0.05573505654281099 0.37226640159045726 0.3877221324717286 0.3717693836978131 0.388529886914378
0 0.614314115308151 0.3982229402261712 0.5506958250497018 0.3982229402261712 0.5501988071570576 0.3893376413570275 0.37773359840954274 0.388529886914378 0.3772365805168986 0.05654281098546042 0.614314115308151 0.05573505654281099 0.6148111332007953 0.3974151857835218 0.614314115308151 0.3982229402261712
0 0.8538767395626242 0.18336025848142165 0.7395626242544732 0.18336025848142165 0.739065606361829 0.05654281098546042 0.8538767395626242 0.05573505654281099 0.8543737574552683 0.1825525040387722 0.8538767395626242 0.18336025848142165
0 0.731610337972167 0.2334410339256866 0.6202783300198808 0.2334410339256866 0.6197813121272365 0.15508885298869143 0.6660039761431411 0.154281098546042 0.6665009940357853 0.1470113085621971 0.6202783300198808 0.14620355411954766 0.6197813121272365 0.0630048465266559 0.731610337972167 0.062197092084006464 0.7321073558648111 0.23263327948303716 0.731610337972167 0.2334410339256866
0 0.20974155069582506 0.3788368336025848 0.02882703777335984 0.3788368336025848 0.028330019880715707 0.1567043618739903 0.20974155069582506 0.15589660743134087 0.21023856858846918 0.3780290791599354 0.20974155069582506 0.3788368336025848
0 0.8538767395626242 0.388529886914378 0.6202783300198808 0.388529886914378 0.6197813121272365 0.24232633279483037 0.7385685884691849 0.24151857835218093 0.739065606361829 0.19224555735056542 0.8538767395626242 0.19143780290791598 0.8543737574552683 0.3877221324717286 0.8538767395626242 0.388529886914378
0 0.3717693836978131 0.4806138933764136 0.21968190854870775 0.4806138933764136 0.2191848906560636 0.3974151857835218 0.3717693836978131 0.3966074313408724 0.37226640159045726 0.4798061389337641 0.3717693836978131 0.4806138933764136
0 0.5854870775347912 0.8360258481421647 0.37773359840954274 0.8360258481421647 0.3772365805168986 0.4491114701130856 0.3976143141153082 0.4483037156704362 0.3981113320079523 0.3974151857835218 0.5497017892644135 0.3966074313408724 0.5506958250497018 0.3982229402261712 0.614314115308151 0.3982229402261712 0.6148111332007953 0.4781906300484653 0.5924453280318092 0.4789983844911147 0.591948310139165 0.6155088852988692 0.5864811133200796 0.6163166397415186 0.5859840954274353 0.8352180936995154 0.5854870775347912 0.8360258481421647
0 0.757455268389662 0.6987075928917609 0.5924453280318092 0.6987075928917609 0.591948310139165 0.4798061389337641 0.614314115308151 0.4789983844911147 0.6148111332007953 0.3974151857835218 0.7157057654075547 0.3966074313408724 0.7162027833001988 0.5428109854604201 0.7365805168986084 0.5759289176090469 0.7380715705765407 0.5767366720516963 0.7385685884691849 0.5791599353796446 0.7420477137176938 0.5831987075928917 0.7435387673956262 0.5872374798061389 0.7470178926441352 0.5912762520193862 0.7485089463220675 0.5953150242326333 0.7519880715705766 0.5993537964458805 0.7534791252485089 0.6033925686591276 0.7579522862823062 0.6090468497576736 0.7579522862823062 0.6978998384491115 0.757455268389662 0.6987075928917609
0 0.9493041749502982 0.6114701130856219 0.7664015904572564 0.6114701130856219 0.7649105367793241 0.6090468497576736 0.7634194831013916 0.6050080775444265 0.7599403578528827 0.6009693053311793 0.7584493041749503 0.5969305331179321 0.7549701789264414 0.592891760904685 0.7544731610337972 0.5904684975767367 0.75 0.5848142164781907 0.7495029821073559 0.5823909531502424 0.7460238568588469 0.5783521809369951 0.7455268389662028 0.5759289176090469 0.7226640159045725 0.5403877221324718 0.7211729622266402 0.5395799676898223 0.7211729622266402 0.3974151857835218 0.9493041749502982 0.3966074313408724 0.9498011928429424 0.6106623586429726 0.9493041749502982 0.6114701130856219
0 0.21968190854870775 0.9604200323101777 0.015904572564612324 0.9604200323101777 0.015407554671968192 0.40387722132471726 0.20675944333996024 0.40306946688206785 0.20725646123260438 0.8578352180936996 0.21968190854870775 0.8586429725363489 0.2201789264413519 0.9596122778675282 0.21968190854870775 0.9604200323101777
0 0.3717693836978131 0.8360258481421647 0.21968190854870775 0.8360258481421647 0.2191848906560636 0.4894991922455573 0.3717693836978131 0.4886914378029079 0.37226640159045726 0.8352180936995154 0.3717693836978131 0.8360258481421647
0 0.9493041749502982 0.8360258481421647 0.76441351888668 0.8360258481421647 0.7639165009940357 0.6203554119547657 0.9493041749502982 0.6211631663974152 0.9498011928429424 0.8352180936995154 0.9493041749502982 0.8360258481421647
0 0.6769383697813122 0.8360258481421647 0.5924453280318092 0.8360258481421647 0.591948310139165 0.7075928917609047 0.6769383697813122 0.7067851373182552 0.6774353876739563 0.8352180936995154 0.6769383697813122 0.8360258481421647
0 0.757455268389662 0.8360258481421647 0.6829025844930418 0.8360258481421647 0.6824055666003976 0.7075928917609047 0.757455268389662 0.7067851373182552 0.7579522862823062 0.8352180936995154 0.757455268389662 0.8360258481421647