0 0.45601851851851855 0.3681732580037665 0.19444444444444445 0.3681732580037665 0.19328703703703703 0.1807909604519774 0.45601851851851855 0.17984934086629 0.45717592592592593 0.3672316384180791 0.45601851851851855 0.3681732580037665
0 0.6226851851851852 0.2777777777777778 0.4652777777777778 0.2777777777777778 0.46412037037037035 0.1807909604519774 0.625 0.17984934086629 0.6261574074074074 0.2278719397363465 0.6238425925925926 0.2297551789077213 0.6238425925925926 0.2768361581920904 0.6226851851851852 0.2777777777777778
0 0.8101851851851852 0.4698681732580038 0.6365740740740741 0.4698681732580038 0.6354166666666666 0.3691148775894539 0.6064814814814815 0.3681732580037665 0.6053240740740741 0.2824858757062147 0.6990740740740741 0.2815442561205273 0.7002314814814815 0.2787193973634652 0.6319444444444444 0.2777777777777778 0.6307870370370371 0.1807909604519774 0.8101851851851852 0.17984934086629 0.8113425925925926 0.4689265536723164 0.8101851851851852 0.4698681732580038
0 0.5949074074074074 0.3681732580037665 0.4652777777777778 0.3681732580037665 0.46412037037037035 0.2824858757062147 0.5949074074074074 0.2815442561205273 0.5960648148148148 0.3672316384180791 0.5949074074074074 0.3681732580037665
0 0.46064814814814814 0.667608286252354 0.25925925925925924 0.667608286252354 0.25810185185185186 0.6629001883239172 0.22916666666666666 0.6393596986817326 0.20717592592592593 0.623352165725047 0.20601851851851852 0.620527306967985 0.19791666666666666 0.615819209039548 0.19791666666666666 0.519774011299435 0.19560185185185186 0.5178907721280602 0.19560185185185186 0.3747645951035782 0.19328703703703703 0.3728813559322034 0.6296296296296297 0.371939736346516 0.6307870370370371 0.4745762711864407 0.6331018518518519 0.4764595103578154 0.6331018518518519 0.5743879472693032 0.46296296296296297 0.5753295668549906 0.4618055555555556 0.6666666666666666 0.46064814814814814 0.667608286252354
0 0.6342592592592593 0.667608286252354 0.6331018518518519 0.4764595103578154 0.8101851851851852 0.4755178907721281 0.8113425925925926 0.504708097928437 0.875 0.5056497175141242 0.8761574074074074 0.615819209039548 0.8599537037037037 0.6290018832391714 0.8587962962962963 0.6318267419962336 0.8553240740740741 0.632768361581921 0.8344907407407407 0.6516007532956686 0.8194444444444444 0.6657250470809792 0.6365740740740741 0.6657250470809792 0.6342592592592593 0.667608286252354
0 0.6342592592592593 0.7674199623352166 0.4722222222222222 0.7674199623352166 0.4710648148148148 0.6685499058380414 0.46296296296296297 0.667608286252354 0.4618055555555556 0.576271186440678 0.6319444444444444 0.5753295668549906 0.6331018518518519 0.6666666666666666 0.6354166666666666 0.6685499058380414 0.6354166666666666 0.7664783427495292 0.6342592592592593 0.7674199623352166
0 0.46296296296296297 0.852165725047081 0.25925925925925924 0.852165725047081 0.25810185185185186 0.672316384180791 0.46296296296296297 0.6713747645951036 0.46412037037037035 0.8512241054613936 0.46296296296296297 0.852165725047081
0 0.8194444444444444 0.852165725047081 0.6412037037037037 0.852165725047081 0.6400462962962963 0.672316384180791 0.8194444444444444 0.6713747645951036 0.8206018518518519 0.8512241054613936 0.8194444444444444 0.852165725047081
0 0.5532407407407407 0.852165725047081 0.4722222222222222 0.852165725047081 0.4710648148148148 0.7721280602636534 0.5532407407407407 0.7711864406779662 0.5543981481481481 0.8512241054613936 0.5532407407407407 0.852165725047081
0 0.6342592592592593 0.852165725047081 0.5601851851851852 0.852165725047081 0.5590277777777778 0.7721280602636534 0.6342592592592593 0.7711864406779662 0.6354166666666666 0.8512241054613936 0.6342592592592593 0.852165725047081