0 0.22745098039215686 0.3952702702702703 0.0457516339869281 0.3952702702702703 0.045098039215686274 0.09009009009009009 0.22745098039215686 0.08896396396396396 0.2281045751633987 0.39414414414414417 0.22745098039215686 0.3952702702702703
0 0.4339869281045752 0.3952702702702703 0.23660130718954248 0.3952702702702703 0.23594771241830065 0.09009009009009009 0.4339869281045752 0.08896396396396396 0.434640522875817 0.39414414414414417 0.4339869281045752 0.3952702702702703
0 0.9411764705882353 0.40202702702702703 0.44313725490196076 0.40202702702702703 0.44248366013071894 0.09009009009009009 0.9411764705882353 0.08896396396396396 0.9418300653594771 0.4009009009009009 0.9411764705882353 0.40202702702702703
0 0.7111111111111111 0.8795045045045045 0.4745098039215686 0.8795045045045045 0.4738562091503268 0.5945945945945946 0.46797385620915033 0.5934684684684685 0.4673202614379085 0.7004504504504504 0.32287581699346407 0.7015765765765766 0.32222222222222224 0.5563063063063063 0.17254901960784313 0.5551801801801802 0.1718954248366013 0.4099099099099099 0.4418300653594771 0.40878378378378377 0.44248366013071894 0.40315315315315314 0.7111111111111111 0.40202702702702703 0.711764705882353 0.8783783783783784 0.7111111111111111 0.8795045045045045
0 0.16339869281045752 0.5551801801801802 0.0457516339869281 0.5551801801801802 0.045098039215686274 0.4099099099099099 0.16339869281045752 0.40878378378378377 0.16405228758169935 0.5540540540540541 0.16339869281045752 0.5551801801801802
0 0.9411764705882353 0.6407657657657657 0.7189542483660131 0.6407657657657657 0.7183006535947712 0.4144144144144144 0.9411764705882353 0.4132882882882883 0.9418300653594771 0.6396396396396397 0.9411764705882353 0.6407657657657657
0 0.22483660130718955 0.8795045045045045 0.0457516339869281 0.8795045045045045 0.045098039215686274 0.5698198198198198 0.22483660130718955 0.5686936936936937 0.22549019607843138 0.8783783783783784 0.22483660130718955 0.8795045045045045
0 0.3137254901960784 0.7173423423423423 0.23398692810457516 0.7173423423423423 0.23333333333333334 0.5698198198198198 0.3137254901960784 0.5686936936936937 0.31437908496732025 0.7162162162162162 0.3137254901960784 0.7173423423423423
0 0.8509803921568627 0.8795045045045045 0.7189542483660131 0.8795045045045045 0.7183006535947712 0.6531531531531531 0.8509803921568627 0.652027027027027 0.8516339869281045 0.8783783783783784 0.8509803921568627 0.8795045045045045
0 0.9411764705882353 0.8795045045045045 0.8588235294117647 0.8795045045045045 0.8581699346405228 0.6531531531531531 0.9411764705882353 0.652027027027027 0.9418300653594771 0.8783783783783784 0.9411764705882353 0.8795045045045045
0 0.4666666666666667 0.8795045045045045 0.32287581699346407 0.8795045045045045 0.32222222222222224 0.7162162162162162 0.4666666666666667 0.7150900900900901 0.4673202614379085 0.8783783783783784 0.4666666666666667 0.8795045045045045
0 0.3137254901960784 0.8795045045045045 0.23398692810457516 0.8795045045045045 0.23333333333333334 0.7297297297297297 0.3137254901960784 0.7286036036036037 0.31437908496732025 0.8783783783783784 0.3137254901960784 0.8795045045045045