0 0.4772727272727273 0.35041666666666665 0.1840175953079179 0.35041666666666665 0.18365102639296188 0.06833333333333333 0.4772727272727273 0.06791666666666667 0.4776392961876833 0.35 0.4772727272727273 0.35041666666666665
0 0.2716275659824047 0.31333333333333335 0.2716275659824047 0.24416666666666667 0.26832844574780057 0.24375 0.26796187683284456 0.23916666666666667 0.2404692082111437 0.23875 0.23973607038123168 0.23958333333333334 0.2375366568914956 0.23958333333333334 0.2368035190615836 0.24041666666666667 0.23460410557184752 0.24041666666666667 0.23387096774193547 0.24125 0.23240469208211142 0.24125 0.2316715542521994 0.24208333333333334 0.23020527859237536 0.24208333333333334 0.22947214076246333 0.24291666666666667 0.2280058651026393 0.24375 0.22030791788856305 0.25166666666666665 0.21957478005865103 0.25333333333333335 0.21957478005865103 0.255 0.218841642228739 0.25583333333333336 0.21810850439882698 0.2575 0.21737536656891496 0.25916666666666666 0.21664222873900293 0.2608333333333333 0.21664222873900293 0.31333333333333335 0.27126099706744866 0.31375 0.2716275659824047 0.31333333333333335
0 0.27126099706744866 0.31375 0.21700879765395895 0.31375 0.21664222873900293 0.2608333333333333 0.21737536656891496 0.26 0.21810850439882698 0.25833333333333336 0.218841642228739 0.25666666666666665 0.21957478005865103 0.255 0.21957478005865103 0.25333333333333335 0.22030791788856305 0.2525 0.22727272727272727 0.24375 0.2287390029325513 0.24291666666666667 0.23020527859237536 0.24208333333333334 0.2316715542521994 0.24208333333333334 0.23240469208211142 0.24125 0.23387096774193547 0.24125 0.23460410557184752 0.24041666666666667 0.2368035190615836 0.24041666666666667 0.2375366568914956 0.23958333333333334 0.23973607038123168 0.23958333333333334 0.2404692082111437 0.23875 0.26759530791788855 0.23875 0.26796187683284456 0.24333333333333335 0.27126099706744866 0.24375 0.2716275659824047 0.31333333333333335 0.27126099706744866 0.31375
0 0.47580645161290325 0.58375 0.35997067448680353 0.58375 0.3596041055718475 0.5341666666666667 0.18328445747800587 0.53375 0.18291788856304986 0.4083333333333333 0.47580645161290325 0.40791666666666665 0.47617302052785926 0.5833333333333334 0.47580645161290325 0.58375
0 0.17302052785923755 0.70125 0.0689149560117302 0.70125 0.06854838709677419 0.4575 0.17302052785923755 0.45708333333333334 0.17338709677419356 0.7008333333333333 0.17302052785923755 0.70125
0 0.3592375366568915 0.6904166666666667 0.30058651026392963 0.6904166666666667 0.3002199413489736 0.5466666666666666 0.18328445747800587 0.54625 0.18291788856304986 0.5341666666666667 0.3592375366568915 0.53375 0.3596041055718475 0.69 0.3592375366568915 0.6904166666666667
0 0.7023460410557185 0.6729166666666667 0.7012463343108505 0.6708333333333333 0.7005131964809385 0.6691666666666667 0.6997800586510264 0.6675 0.6997800586510264 0.6658333333333334 0.6983137829912024 0.6641666666666667 0.6975806451612904 0.6625 0.6968475073313783 0.6608333333333334 0.6961143695014663 0.6591666666666667 0.6946480938416423 0.6566666666666666 0.6939149560117303 0.655 0.6939149560117303 0.6533333333333333 0.6931818181818182 0.6525 0.6917155425219942 0.65 0.6909824046920822 0.6483333333333333 0.6902492668621701 0.6466666666666666 0.6887829912023461 0.6441666666666667 0.6880498533724341 0.6425 0.6880498533724341 0.6408333333333334 0.6873167155425219 0.64 0.6858504398826979 0.6375 0.6851173020527859 0.6358333333333334 0.6843841642228738 0.6341666666666667 0.6836510263929618 0.6325 0.6829178885630498 0.6308333333333334 0.6821847507331378 0.6291666666666667 0.6814516129032258 0.6275 0.6807184750733137 0.6258333333333334 0.6799853372434017 0.6241666666666666 0.6792521994134897 0.6225 0.6777859237536656 0.62 0.6770527859237536 0.6183333333333333 0.6763196480938416 0.6166666666666667 0.6763196480938416 0.615 0.6755865102639296 0.6141666666666666 0.6748533724340176 0.6125 0.6752199413489736 0.61125 0.6766862170087976 0.6104166666666667 0.6781524926686217 0.6095833333333334 0.6796187683284457 0.60875 0.6818181818181818 0.6070833333333333 0.6832844574780058 0.60625 0.6847507331378299 0.6054166666666667 0.6862170087976539 0.6054166666666667 0.6876832844574781 0.60375 0.6891495601173021 0.6029166666666667 0.6906158357771262 0.6020833333333333 0.6920821114369502 0.60125 0.6942815249266863 0.5995833333333334 0.6957478005865103 0.59875 0.6972140762463344 0.59875 0.6979472140762464 0.5979166666666667 0.7001466275659824 0.59625 0.7016129032258065 0.5954166666666667 0.7030791788856305 0.5945833333333334 0.7052785923753666 0.5929166666666666 0.7067448680351907 0.5920833333333333 0.7082111436950147 0.5920833333333333 0.7089442815249267 0.59125 0.7111436950146628 0.5895833333333333 0.7126099706744868 0.58875 0.7140762463343109 0.5879166666666666 0.7155425219941349 0.5870833333333333 0.717741935483871 0.5854166666666667 0.719208211143695 0.5854166666666667 0.7199413489736071 0.5845833333333333 0.7214076246334311 0.58375 0.7236070381231672 0.5820833333333333 0.7250733137829912 0.58125 0.7265395894428153 0.5804166666666667 0.7287390029325513 0.57875 0.7302052785923754 0.57875 0.7309384164222874 0.5779166666666666 0.7324046920821115 0.5770833333333333 0.7346041055718475 0.5754166666666667 0.7360703812316716 0.5745833333333333 0.7375366568914956 0.57375 0.7390029325513197 0.5729166666666666 0.7404692082111437 0.5720833333333334 0.7419354838709677 0.57125 0.7434017595307918 0.5704166666666667 0.7448680351906158 0.5695833333333333 0.7470674486803519 0.5679166666666666 0.748533724340176 0.5670833333333334 0.75 0.56625 0.751466275659824 0.5654166666666667 0.7529325513196481 0.5645833333333333 0.7543988269794721 0.56375 0.7558651026392962 0.5629166666666666 0.7573313782991202 0.5620833333333334 0.7595307917888563 0.5604166666666667 0.7609970674486803 0.5595833333333333 0.7624633431085044 0.5595833333333333 0.7631964809384164 0.55875 0.7646627565982405 0.5579166666666666 0.7668621700879765 0.55625 0.7683284457478006 0.5554166666666667 0.7697947214076246 0.5545833333333333 0.7712609970674487 0.55375 0.7727272727272727 0.5529166666666666 0.7741935483870968 0.5520833333333334 0.7756598240469208 0.55125 0.7771260997067448 0.5504166666666667 0.7793255131964809 0.54875 0.780791788856305 0.5479166666666667 0.782258064516129 0.5470833333333334 0.783724340175953 0.54625 0.7851906158357771 0.54625 0.7866568914956011 0.5445833333333333 0.7881231671554252 0.54375 0.7895894428152492 0.5429166666666667 0.7910557184750733 0.5420833333333334 0.7932551319648093 0.5404166666666667 0.7947214076246334 0.5395833333333333 0.7961876832844574 0.5395833333333333 0.7969208211143695 0.53875 0.7991202346041055 0.5370833333333334 0.8005865102639296 0.53625 0.8020527859237536 0.5354166666666667 0.8042521994134897 0.53375 0.8053519061583577 0.535 0.8060850439882697 0.5366666666666666 0.8068181818181818 0.5383333333333333 0.8082844574780058 0.5408333333333334 0.8090175953079178 0.5425 0.8090175953079178 0.5441666666666667 0.8097507331378299 0.545 0.8112170087976539 0.5475 0.8119501466275659 0.5491666666666667 0.8126832844574781 0.5508333333333333 0.8134164222873901 0.5525 0.8148826979472141 0.555 0.8148826979472141 0.5566666666666666 0.8156158357771262 0.5575 0.8163489736070382 0.5591666666666667 0.8170821114369502 0.5608333333333333 0.8178152492668622 0.5625 0.8192815249266863 0.565 0.8200146627565983 0.5666666666666667 0.8207478005865103 0.5683333333333334 0.8207478005865103 0.57 0.8214809384164223 0.5708333333333333 0.8229472140762464 0.5733333333333334 0.8236803519061584 0.575 0.8244134897360704 0.5766666666666667 0.8258797653958945 0.5791666666666667 0.8266129032258065 0.5808333333333333 0.8266129032258065 0.5825 0.8273460410557185 0.5833333333333334 0.8288123167155426 0.5858333333333333 0.8295454545454546 0.5875 0.8302785923753666 0.5891666666666666 0.8310117302052786 0.5908333333333333 0.8317448680351907 0.5925 0.8324780058651027 0.5941666666666666 0.8313782991202346 0.59625 0.8299120234604106 0.5970833333333333 0.8284457478005866 0.5979166666666667 0.8269794721407625 0.59875 0.8255131964809385 0.5995833333333334 0.8240469208211144 0.6004166666666667 0.8225806451612904 0.60125 0.8211143695014663 0.6020833333333333 0.8196480938416423 0.6029166666666667 0.8174486803519062 0.6045833333333334 0.8159824046920822 0.6054166666666667 0.8145161290322581 0.6054166666666667 0.8137829912023461 0.60625 0.8123167155425219 0.6070833333333333 0.8101173020527859 0.60875 0.8086510263929618 0.6095833333333334 0.8071847507331378 0.6104166666666667 0.8057184750733137 0.61125 0.8042521994134897 0.6120833333333333 0.8027859237536656 0.6129166666666667 0.8013196480938416 0.61375 0.7998533724340176 0.6145833333333334 0.7976539589442815 0.61625 0.7961876832844574 0.6170833333333333 0.7947214076246334 0.6179166666666667 0.7932551319648093 0.61875 0.7917888563049853 0.6195833333333334 0.7903225806451613 0.6204166666666666 0.7888563049853372 0.62125 0.7873900293255132 0.6220833333333333 0.7851906158357771 0.62375 0.783724340175953 0.6245833333333334 0.782258064516129 0.6245833333333334 0.781524926686217 0.6254166666666666 0.7793255131964809 0.6270833333333333 0.7778592375366569 0.6279166666666667 0.7763929618768328 0.62875 0.7741935483870968 0.6304166666666666 0.7727272727272727 0.63125 0.7712609970674487 0.63125 0.7705278592375366 0.6320833333333333 0.7690615835777126 0.6329166666666667 0.7668621700879765 0.6345833333333334 0.7653958944281525 0.6354166666666666 0.7639296187683284 0.63625 0.7624633431085044 0.6370833333333333 0.7609970674486803 0.6379166666666667 0.7595307917888563 0.63875 0.7580645161290323 0.6395833333333333 0.7565982404692082 0.6404166666666666 0.7551319648093842 0.64125 0.7529325513196481 0.6429166666666667 0.751466275659824 0.64375 0.75 0.6445833333333333 0.748533724340176 0.6445833333333333 0.7478005865102639 0.6454166666666666 0.7456011730205279 0.6470833333333333 0.7441348973607038 0.6479166666666667 0.7426686217008798 0.64875 0.7412023460410557 0.6495833333333333 0.7390029325513197 0.65125 0.7375366568914956 0.65125 0.7368035190615836 0.6520833333333333 0.7353372434017595 0.6529166666666667 0.7331378299120235 0.6545833333333333 0.7316715542521994 0.6554166666666666 0.7302052785923754 0.65625 0.7280058651026393 0.6579166666666667 0.7265395894428153 0.6579166666666667 0.7258064516129032 0.65875 0.7243401759530792 0.6595833333333333 0.7221407624633431 0.66125 0.7206744868035191 0.6620833333333334 0.719208211143695 0.6629166666666667 0.717741935483871 0.66375 0.716275659824047 0.6645833333333333 0.7148093841642229 0.6654166666666667 0.7133431085043989 0.66625 0.7118768328445748 0.6670833333333334 0.7096774193548387 0.66875 0.7082111436950147 0.6695833333333333 0.7067448680351907 0.6704166666666667 0.7052785923753666 0.67125 0.7038123167155426 0.67125 0.7023460410557185 0.6729166666666667
0 0.2998533724340176 0.6904166666666667 0.18328445747800587 0.6904166666666667 0.18291788856304986 0.5516666666666666 0.23826979472140764 0.55125 0.23863636363636365 0.65 0.21627565982404692 0.6504166666666666 0.2159090909090909 0.6541666666666667 0.2998533724340176 0.6545833333333333 0.3002199413489736 0.69 0.2998533724340176 0.6904166666666667
0 0.2961876832844575 0.6504166666666666 0.24266862170087977 0.6504166666666666 0.24230205278592376 0.5516666666666666 0.2961876832844575 0.55125 0.2965542521994135 0.65 0.2961876832844575 0.6504166666666666
0 0.47947214076246336 0.6945833333333333 0.36363636363636365 0.6945833333333333 0.36326979472140764 0.6591666666666667 0.35997067448680353 0.65875 0.3596041055718475 0.5841666666666666 0.47580645161290325 0.58375 0.47617302052785926 0.6291666666666667 0.47947214076246336 0.6295833333333334 0.4798387096774194 0.6941666666666667 0.47947214076246336 0.6945833333333333
0 0.593108504398827 0.7254166666666667 0.5219941348973607 0.7254166666666667 0.5216275659824047 0.695 0.48533724340175954 0.6945833333333333 0.48497067448680353 0.6133333333333333 0.593108504398827 0.6129166666666667 0.593475073313783 0.725 0.593108504398827 0.7254166666666667
0 0.41348973607038125 0.7754166666666666 0.36363636363636365 0.7754166666666666 0.36326979472140764 0.6991666666666667 0.41348973607038125 0.69875 0.41385630498533726 0.775 0.41348973607038125 0.7754166666666666
0 0.4655425219941349 0.7729166666666667 0.41935483870967744 0.7729166666666667 0.4189882697947214 0.6991666666666667 0.4655425219941349 0.69875 0.4659090909090909 0.7725 0.4655425219941349 0.7729166666666667
0 0.5168621700879765 0.7729166666666667 0.46920821114369504 0.7729166666666667 0.46884164222873903 0.6991666666666667 0.5168621700879765 0.69875 0.5172287390029325 0.7725 0.5168621700879765 0.7729166666666667