0 0.7097288676236044 0.53430749682338 0.5215311004784688 0.53430749682338 0.5207336523125997 0.28589580686149935 0.7097288676236044 0.2852604828462516 0.7105263157894737 0.5336721728081322 0.7097288676236044 0.53430749682338
0 0.9282296650717703 0.53430749682338 0.7177033492822966 0.53430749682338 0.7169059011164274 0.28589580686149935 0.9282296650717703 0.2852604828462516 0.9290271132376395 0.5336721728081322 0.9282296650717703 0.53430749682338
0 0.46730462519936206 0.5063532401524777 0.05901116427432217 0.5063532401524777 0.058213716108452954 0.28716645489199494 0.46730462519936206 0.28653113087674714 0.46810207336523124 0.5057179161372299 0.46730462519936206 0.5063532401524777
0 0.28548644338118023 0.6664548919949174 0.05901116427432217 0.6664548919949174 0.058213716108452954 0.5069885641677255 0.28548644338118023 0.5063532401524777 0.2862838915470494 0.6658195679796697 0.28548644338118023 0.6664548919949174
0 0.46730462519936206 0.7986022871664549 0.29505582137161085 0.7986022871664549 0.2942583732057416 0.6683608640406608 0.34290271132376393 0.667725540025413 0.3437001594896332 0.650571791613723 0.29505582137161085 0.6499364675984752 0.2942583732057416 0.5133418043202033 0.46730462519936206 0.5127064803049556 0.46810207336523124 0.7979669631512071 0.46730462519936206 0.7986022871664549
0 0.7862838915470495 0.6639135959339263 0.5215311004784688 0.6639135959339263 0.5207336523125997 0.5400254129606099 0.8213716108452951 0.5393900889453621 0.8237639553429027 0.5412960609911055 0.8237639553429027 0.6073697585768743 0.8213716108452951 0.6092757306226175 0.7878787878787878 0.6092757306226175 0.7870813397129187 0.6632782719186785 0.7862838915470495 0.6639135959339263
0 0.9282296650717703 0.6880559085133418 0.7942583732057417 0.6880559085133418 0.7934609250398724 0.6099110546378653 0.8213716108452951 0.6092757306226175 0.8229665071770335 0.6080050825921219 0.8245614035087719 0.6092757306226175 0.8309409888357256 0.6092757306226175 0.8317384370015949 0.5400254129606099 0.9282296650717703 0.5393900889453621 0.9290271132376395 0.6874205844980941 0.9282296650717703 0.6880559085133418
0 0.9282296650717703 0.7960609911054638 0.6794258373205742 0.7960609911054638 0.6786283891547049 0.6721728081321474 0.784688995215311 0.6715374841168996 0.7854864433811802 0.6874205844980941 0.7496012759170654 0.6880559085133418 0.7488038277511961 0.6925031766200762 0.9282296650717703 0.693138500635324 0.9290271132376395 0.795425667090216 0.9282296650717703 0.7960609911054638
0 0.16905901116427433 0.7986022871664549 0.05901116427432217 0.7986022871664549 0.058213716108452954 0.6734434561626429 0.16905901116427433 0.6728081321473952 0.16985645933014354 0.7979669631512071 0.16905901116427433 0.7986022871664549
0 0.28548644338118023 0.7986022871664549 0.17862838915470494 0.7986022871664549 0.17783094098883573 0.6734434561626429 0.28548644338118023 0.6728081321473952 0.2862838915470494 0.7979669631512071 0.28548644338118023 0.7986022871664549
0 0.6698564593301436 0.7960609911054638 0.5263157894736842 0.7960609911054638 0.5255183413078149 0.6747141041931385 0.6698564593301436 0.6740787801778907 0.6706539074960127 0.795425667090216 0.6698564593301436 0.7960609911054638
0 0.18022328548644337 0.9383735705209657 0.06060606060606061 0.9383735705209657 0.05980861244019139 0.8157560355781448 0.18022328548644337 0.8151207115628971 0.1810207336523126 0.9377382465057179 0.18022328548644337 0.9383735705209657