0 0.23454833597464342 0.529082774049217 0.13153724247226625 0.529082774049217 0.13074484944532488 0.21252796420581654 0.31061806656101426 0.21140939597315436 0.3114104595879556 0.3870246085011186 0.24564183835182252 0.38814317673378074 0.24484944532488115 0.4519015659955257 0.23613312202852615 0.45302013422818793 0.2353407290015848 0.5279642058165548 0.23454833597464342 0.529082774049217
0 0.43106180665610144 0.38814317673378074 0.312202852614897 0.38814317673378074 0.3114104595879556 0.3288590604026846 0.3145800316957211 0.32662192393736017 0.3145800316957211 0.21252796420581654 0.3724247226624406 0.21140939597315436 0.37321711568938193 0.3087248322147651 0.43106180665610144 0.3098434004474273 0.4318541996830428 0.3870246085011186 0.43106180665610144 0.38814317673378074
0 0.5182250396196514 0.30313199105145416 0.38351822503961963 0.30313199105145416 0.3827258320126783 0.2796420581655481 0.37717908082408874 0.2785234899328859 0.3763866877971474 0.21252796420581654 0.5182250396196514 0.21140939597315436 0.5190174326465927 0.30201342281879195 0.5182250396196514 0.30313199105145416
0 0.6687797147385103 0.39038031319910516 0.5800316957210776 0.39038031319910516 0.5792393026941363 0.21700223713646533 0.6988906497622821 0.21588366890380314 0.6996830427892234 0.3243847874720358 0.6703645007923931 0.32550335570469796 0.6695721077654516 0.38926174496644295 0.6687797147385103 0.39038031319910516
0 0.757527733755943 0.32550335570469796 0.705229793977813 0.32550335570469796 0.7044374009508716 0.21700223713646533 0.757527733755943 0.21588366890380314 0.7583201267828843 0.3243847874720358 0.757527733755943 0.32550335570469796
0 0.8684627575277337 0.5313199105145414 0.6735340729001584 0.5313199105145414 0.6727416798732171 0.3333333333333333 0.7036450079239303 0.33221476510067116 0.705229793977813 0.32997762863534674 0.7606973058637084 0.32997762863534674 0.7614896988906498 0.21700223713646533 0.820919175911252 0.21588366890380314 0.8217115689381933 0.3288590604026846 0.8684627575277337 0.32997762863534674 0.8692551505546752 0.5302013422818792 0.8684627575277337 0.5313199105145414
0 0.8684627575277337 0.32550335570469796 0.8256735340729001 0.32550335570469796 0.8248811410459588 0.21700223713646533 0.8684627575277337 0.21588366890380314 0.8692551505546752 0.3243847874720358 0.8684627575277337 0.32550335570469796
0 0.9667194928684627 0.5313199105145414 0.873217115689382 0.5313199105145414 0.8724247226624405 0.21700223713646533 0.9667194928684627 0.21588366890380314 0.9675118858954042 0.5302013422818792 0.9667194928684627 0.5313199105145414
0 0.5182250396196514 0.38814317673378074 0.4358161648177496 0.38814317673378074 0.43502377179080826 0.31096196868008946 0.5182250396196514 0.3098434004474273 0.5190174326465927 0.3870246085011186 0.5182250396196514 0.38814317673378074
0 0.3264659270998415 0.529082774049217 0.23613312202852615 0.529082774049217 0.2353407290015848 0.4541387024608501 0.24405705229793978 0.45302013422818793 0.24484944532488115 0.38926174496644295 0.3090332805071315 0.38814317673378074 0.31061806656101426 0.3926174496644295 0.3264659270998415 0.3926174496644295 0.3272583201267829 0.5279642058165548 0.3264659270998415 0.529082774049217
0 0.3724247226624406 0.529082774049217 0.3312202852614897 0.529082774049217 0.3304278922345483 0.39373601789709173 0.3724247226624406 0.3926174496644295 0.37321711568938193 0.5279642058165548 0.3724247226624406 0.529082774049217
0 0.43106180665610144 0.45302013422818793 0.37717908082408874 0.45302013422818793 0.3763866877971474 0.39373601789709173 0.43106180665610144 0.3926174496644295 0.4318541996830428 0.4519015659955257 0.43106180665610144 0.45302013422818793
0 0.5182250396196514 0.4664429530201342 0.4358161648177496 0.4664429530201342 0.43502377179080826 0.39373601789709173 0.5182250396196514 0.3926174496644295 0.5190174326465927 0.465324384787472 0.5182250396196514 0.4664429530201342
0 0.6687797147385103 0.5313199105145414 0.5800316957210776 0.5313199105145414 0.5792393026941363 0.3959731543624161 0.6687797147385103 0.39485458612975394 0.6695721077654516 0.5302013422818792 0.6687797147385103 0.5313199105145414
0 0.43106180665610144 0.529082774049217 0.37717908082408874 0.529082774049217 0.3763866877971474 0.45861297539149887 0.43106180665610144 0.4574944071588367 0.4318541996830428 0.5279642058165548 0.43106180665610144 0.529082774049217
0 0.5182250396196514 0.529082774049217 0.4358161648177496 0.529082774049217 0.43502377179080826 0.4720357941834452 0.5182250396196514 0.470917225950783 0.5190174326465927 0.5279642058165548 0.5182250396196514 0.529082774049217
0 0.6767036450079239 0.8064876957494407 0.4976228209191759 0.8064876957494407 0.4968304278922345 0.6711409395973155 0.6767036450079239 0.6700223713646533 0.6774960380348652 0.8053691275167785 0.6767036450079239 0.8064876957494407
0 0.4896988906497623 0.8109619686800895 0.41362916006339145 0.8109619686800895 0.41283676703645006 0.680089485458613 0.4896988906497623 0.6789709172259508 0.49049128367670364 0.8098434004474273 0.4896988906497623 0.8109619686800895
0 0.6687797147385103 0.9608501118568232 0.41362916006339145 0.9608501118568232 0.41283676703645006 0.8165548098434005 0.6687797147385103 0.8154362416107382 0.6695721077654516 0.959731543624161 0.6687797147385103 0.9608501118568232