0 0.6068965517241379 0.45227272727272727 0.5075862068965518 0.45227272727272727 0.506896551724138 0.29545454545454547 0.6344827586206897 0.2946969696969697 0.6351724137931034 0.4166666666666667 0.6268965517241379 0.4257575757575758 0.6172413793103448 0.43787878787878787 0.6089655172413793 0.4484848484848485 0.6068965517241379 0.45227272727272727
0 0.7641379310344828 0.45227272727272727 0.6731034482758621 0.45227272727272727 0.6427586206896552 0.41893939393939394 0.6406896551724138 0.41818181818181815 0.6406896551724138 0.29545454545454547 0.7641379310344828 0.2946969696969697 0.7648275862068965 0.45151515151515154 0.7641379310344828 0.45227272727272727
0 0.3724137931034483 0.5916666666666667 0.25103448275862067 0.5916666666666667 0.2503448275862069 0.4590909090909091 0.12275862068965518 0.4583333333333333 0.12206896551724138 0.453030303030303 0.11724137931034483 0.45227272727272727 0.11655172413793104 0.296969696969697 0.3724137931034483 0.2962121212121212 0.37310344827586206 0.5909090909090909 0.3724137931034483 0.5916666666666667
0 0.6689655172413793 0.5583333333333333 0.5075862068965518 0.5583333333333333 0.506896551724138 0.4590909090909091 0.6110344827586207 0.4583333333333333 0.6172413793103448 0.45151515151515154 0.6255172413793103 0.4409090909090909 0.6296551724137931 0.4348484848484849 0.6372413793103449 0.425 0.6696551724137931 0.4590909090909091 0.6696551724137931 0.5575757575757576 0.6689655172413793 0.5583333333333333
0 0.2013793103448276 0.5598484848484848 0.11862068965517242 0.5598484848484848 0.11793103448275861 0.4590909090909091 0.2013793103448276 0.4583333333333333 0.20206896551724138 0.5590909090909091 0.2013793103448276 0.5598484848484848
0 0.2496551724137931 0.7553030303030303 0.11862068965517242 0.7553030303030303 0.11793103448275861 0.6924242424242424 0.15310344827586206 0.6916666666666667 0.15379310344827588 0.6318181818181818 0.16137931034482758 0.6310606060606061 0.16275862068965516 0.6295454545454545 0.16551724137931034 0.628030303030303 0.16827586206896553 0.628030303030303 0.1696551724137931 0.6265151515151515 0.1724137931034483 0.6265151515151515 0.17379310344827587 0.625 0.17655172413793102 0.625 0.17793103448275863 0.6234848484848485 0.18068965517241378 0.6234848484848485 0.1820689655172414 0.621969696969697 0.18482758620689654 0.6204545454545455 0.18758620689655173 0.6204545454545455 0.1889655172413793 0.6189393939393939 0.1917241379310345 0.6189393939393939 0.19310344827586207 0.6174242424242424 0.19586206896551725 0.615909090909091 0.1986206896551724 0.615909090909091 0.2 0.6143939393939394 0.20206896551724138 0.6136363636363636 0.20206896551724138 0.4590909090909091 0.2496551724137931 0.4583333333333333 0.2503448275862069 0.7545454545454545 0.2496551724137931 0.7553030303030303
0 0.7641379310344828 0.6643939393939394 0.6772413793103448 0.6643939393939394 0.6765517241379311 0.5621212121212121 0.6751724137931034 0.5606060606060606 0.6751724137931034 0.4590909090909091 0.7503448275862069 0.4583333333333333 0.7510344827586207 0.48787878787878786 0.7641379310344828 0.48863636363636365 0.7648275862068965 0.6636363636363637 0.7641379310344828 0.6643939393939394
0 0.670344827586207 0.7537878787878788 0.5089655172413793 0.7537878787878788 0.5082758620689655 0.5969696969696969 0.52 0.5962121212121212 0.5206896551724138 0.5666666666666667 0.6606896551724138 0.5659090909090909 0.6613793103448276 0.5954545454545455 0.670344827586207 0.5962121212121212 0.6710344827586207 0.753030303030303 0.670344827586207 0.7537878787878788
0 0.15586206896551724 0.6265151515151515 0.11862068965517242 0.6265151515151515 0.11793103448275861 0.5681818181818182 0.19586206896551725 0.5674242424242424 0.19655172413793104 0.5924242424242424 0.19379310344827586 0.593939393939394 0.19379310344827586 0.6 0.19655172413793104 0.6015151515151516 0.19655172413793104 0.6106060606060606 0.19310344827586207 0.6113636363636363 0.1917241379310345 0.6128787878787879 0.1889655172413793 0.6128787878787879 0.18758620689655173 0.6143939393939394 0.18482758620689654 0.6143939393939394 0.18344827586206897 0.615909090909091 0.18068965517241378 0.615909090909091 0.1793103448275862 0.6174242424242424 0.17655172413793102 0.6174242424242424 0.17517241379310344 0.6189393939393939 0.1724137931034483 0.6189393939393939 0.17103448275862068 0.6204545454545455 0.16827586206896553 0.6204545454545455 0.16689655172413792 0.621969696969697 0.16413793103448276 0.6234848484848485 0.16137931034482758 0.6234848484848485 0.16 0.625 0.15724137931034482 0.625 0.15586206896551724 0.6265151515151515
0 0.3724137931034483 0.7553030303030303 0.2593103448275862 0.7553030303030303 0.25862068965517243 0.7166666666666667 0.25103448275862067 0.7159090909090909 0.2503448275862069 0.6727272727272727 0.25517241379310346 0.671969696969697 0.2558620689655172 0.6015151515151516 0.3724137931034483 0.6007575757575757 0.37310344827586206 0.7545454545454545 0.3724137931034483 0.7553030303030303
0 0.4606896551724138 0.7628787878787879 0.3903448275862069 0.7628787878787879 0.3896551724137931 0.6196969696969697 0.4606896551724138 0.6189393939393939 0.4613793103448276 0.7621212121212121 0.4606896551724138 0.7628787878787879
0 0.1489655172413793 0.6856060606060606 0.11862068965517242 0.6856060606060606 0.11793103448275861 0.6318181818181818 0.1489655172413793 0.6310606060606061 0.1496551724137931 0.6848484848484848 0.1489655172413793 0.6856060606060606
0 0.7627586206896552 0.7522727272727273 0.6786206896551724 0.7522727272727273 0.6779310344827586 0.6727272727272727 0.7627586206896552 0.671969696969697 0.763448275862069 0.7515151515151515 0.7627586206896552 0.7522727272727273