0 0.7916371367824239 0.3430365296803653 0.708008504606662 0.3430365296803653 0.7076541459957477 0.04680365296803653 0.9184975194897236 0.046232876712328765 0.9188518781006378 0.24885844748858446 0.7923458540042523 0.24942922374429224 0.791991495393338 0.3424657534246575 0.7916371367824239 0.3430365296803653
0 0.9815733522324592 0.24942922374429224 0.926293408929837 0.24942922374429224 0.9259390503189228 0.04680365296803653 0.9815733522324592 0.046232876712328765 0.9819277108433735 0.24885844748858446 0.9815733522324592 0.24942922374429224
0 0.22749822820694543 0.4982876712328767 0.025513819985825654 0.4982876712328767 0.025159461374911412 0.20662100456621005 0.22749822820694543 0.2060502283105023 0.22785258681785966 0.4977168949771689 0.22749822820694543 0.4982876712328767
0 0.43869596031183555 0.535958904109589 0.2310418143160879 0.535958904109589 0.23068745570517363 0.5079908675799086 0.23316796598157336 0.507420091324201 0.2335223245924876 0.20662100456621005 0.43869596031183555 0.2060502283105023 0.4390503189227498 0.5353881278538812 0.43869596031183555 0.535958904109589
0 0.5053153791637137 0.535958904109589 0.4394046775336641 0.535958904109589 0.4390503189227498 0.20662100456621005 0.5733522324592487 0.2060502283105023 0.573706591070163 0.5308219178082192 0.5060240963855421 0.531392694063927 0.5056697377746279 0.5353881278538812 0.5053153791637137 0.535958904109589
0 0.6931254429482636 0.5188356164383562 0.5825655563430191 0.5188356164383562 0.5822111977321048 0.20662100456621005 0.6931254429482636 0.2060502283105023 0.6934798015591779 0.5182648401826484 0.6931254429482636 0.5188356164383562
0 0.9815733522324592 0.7551369863013698 0.7980155917788803 0.7551369863013698 0.797661233167966 0.2579908675799087 0.9815733522324592 0.2574200913242009 0.9819277108433735 0.7545662100456622 0.9815733522324592 0.7551369863013698
0 0.7916371367824239 0.7551369863013698 0.708008504606662 0.7551369863013698 0.7076541459957477 0.3550228310502283 0.7916371367824239 0.3544520547945205 0.791991495393338 0.7545662100456622 0.7916371367824239 0.7551369863013698
0 0.08433734939759036 0.6192922374429224 0.025513819985825654 0.6192922374429224 0.025159461374911412 0.5079908675799086 0.08433734939759036 0.507420091324201 0.0846917080085046 0.6187214611872146 0.08433734939759036 0.6192922374429224
0 0.37632884479092843 0.8156392694063926 0.26222537207654145 0.8156392694063926 0.2618710134656272 0.6198630136986302 0.09071580439404678 0.6192922374429224 0.09036144578313253 0.5079908675799086 0.2303330970942594 0.507420091324201 0.23068745570517363 0.5353881278538812 0.3798724309000709 0.535958904109589 0.3802267895109851 0.6210045662100456 0.34443656980864634 0.6215753424657534 0.3440822111977321 0.6301369863013698 0.37632884479092843 0.6307077625570776 0.3766832034018427 0.815068493150685 0.37632884479092843 0.8156392694063926
0 0.6931254429482636 0.6980593607305936 0.5825655563430191 0.6980593607305936 0.5822111977321048 0.5296803652968036 0.6931254429482636 0.5291095890410958 0.6934798015591779 0.6974885844748858 0.6931254429482636 0.6980593607305936
0 0.6931254429482636 0.9297945205479452 0.3827072997873848 0.9297945205479452 0.38235294117647056 0.6312785388127854 0.44011339475549255 0.6307077625570776 0.4404677533664068 0.6221461187214612 0.38058114812189936 0.6215753424657534 0.3802267895109851 0.5365296803652968 0.5053153791637137 0.535958904109589 0.5056697377746279 0.5422374429223744 0.5570517363571935 0.5428082191780822 0.5574060949681078 0.7123287671232876 0.6931254429482636 0.7128995433789954 0.6934798015591779 0.9292237442922374 0.6931254429482636 0.9297945205479452
0 0.25442948263642806 0.9297945205479452 0.025513819985825654 0.9297945205479452 0.025159461374911412 0.6312785388127854 0.25442948263642806 0.6307077625570776 0.2547838412473423 0.9292237442922374 0.25442948263642806 0.9297945205479452
0 0.37632884479092843 0.9297945205479452 0.26222537207654145 0.9297945205479452 0.2618710134656272 0.8253424657534246 0.37632884479092843 0.8247716894977168 0.3766832034018427 0.9292237442922374 0.37632884479092843 0.9297945205479452