0 0.4729011689691817 0.1966019417475728 0.4357066950053135 0.1966019417475728 0.4351753453772582 0.16181229773462782 0.4729011689691817 0.1610032362459547 0.473432518597237 0.19579288025889968 0.4729011689691817 0.1966019417475728
0 0.08501594048884166 0.20145631067961164 0.052072263549415514 0.20145631067961164 0.05154091392136025 0.16990291262135923 0.08501594048884166 0.16909385113268607 0.08554729011689692 0.20064724919093851 0.08501594048884166 0.20145631067961164
0 0.9341126461211477 0.20307443365695793 0.8990435706695006 0.20307443365695793 0.8985122210414452 0.1715210355987055 0.9341126461211477 0.17071197411003236 0.934643995749203 0.2022653721682848 0.9341126461211477 0.20307443365695793
0 0.5547290116896918 0.20469255663430422 0.5185972369819342 0.20469255663430422 0.5180658873538788 0.17313915857605178 0.5547290116896918 0.17233009708737865 0.555260361317747 0.20388349514563106 0.5547290116896918 0.20469255663430422
0 0.1891604675876727 0.4377022653721683 0.06376195536663125 0.4377022653721683 0.06323060573857599 0.23624595469255663 0.1891604675876727 0.2354368932038835 0.18969181721572795 0.4368932038834951 0.1891604675876727 0.4377022653721683
0 0.25717321997874604 0.4377022653721683 0.1902231668437832 0.4377022653721683 0.18969181721572795 0.23624595469255663 0.25717321997874604 0.2354368932038835 0.25770456960680127 0.4368932038834951 0.25717321997874604 0.4377022653721683
0 0.33475026567481403 0.4377022653721683 0.2678002125398512 0.4377022653721683 0.26726886291179597 0.23624595469255663 0.33475026567481403 0.2354368932038835 0.33528161530286926 0.4368932038834951 0.33475026567481403 0.4377022653721683
0 0.45908607863974493 0.4377022653721683 0.33581296493092455 0.4377022653721683 0.33528161530286926 0.23624595469255663 0.45908607863974493 0.2354368932038835 0.4596174282678002 0.4368932038834951 0.45908607863974493 0.4377022653721683
0 0.720510095642933 0.4393203883495146 0.5270988310308182 0.4393203883495146 0.526567481402763 0.23624595469255663 0.720510095642933 0.2354368932038835 0.7210414452709883 0.43851132686084143 0.720510095642933 0.4393203883495146
0 0.9213602550478215 0.4393203883495146 0.7300743889479278 0.4393203883495146 0.7295430393198725 0.23624595469255663 0.9213602550478215 0.2354368932038835 0.9218916046758767 0.43851132686084143 0.9213602550478215 0.4393203883495146
0 0.1891604675876727 0.6318770226537217 0.1392136025504782 0.6318770226537217 0.13868225292242295 0.56957928802589 0.11902231668437832 0.5687702265372169 0.11849096705632306 0.5388349514563107 0.06376195536663125 0.5380258899676376 0.06323060573857599 0.43851132686084143 0.1891604675876727 0.4377022653721683 0.18969181721572795 0.6310679611650486 0.1891604675876727 0.6318770226537217
0 0.3846971307120085 0.633495145631068 0.33581296493092455 0.633495145631068 0.33528161530286926 0.43851132686084143 0.45908607863974493 0.4377022653721683 0.4596174282678002 0.5372168284789643 0.4059511158342189 0.5380258899676376 0.40541976620616366 0.5679611650485437 0.38575982996811903 0.5687702265372169 0.38522848034006374 0.6326860841423948 0.3846971307120085 0.633495145631068
0 0.25717321997874604 0.5169902912621359 0.19341126461211477 0.5169902912621359 0.19287991498405951 0.44336569579288027 0.25717321997874604 0.4425566343042071 0.25770456960680127 0.5161812297734628 0.25717321997874604 0.5169902912621359
0 0.33156216790648246 0.5169902912621359 0.2678002125398512 0.5169902912621359 0.26726886291179597 0.44336569579288027 0.33156216790648246 0.4425566343042071 0.33209351753453775 0.5161812297734628 0.33156216790648246 0.5169902912621359
0 0.6546227417640808 0.5946601941747572 0.6174282678002125 0.5946601941747572 0.6158342189160467 0.5906148867313916 0.6147715196599363 0.587378640776699 0.6147715196599363 0.5841423948220065 0.6137088204038257 0.5825242718446602 0.6137088204038257 0.5792880258899676 0.6126461211477152 0.5776699029126213 0.6115834218916046 0.5744336569579288 0.6115834218916046 0.5711974110032363 0.6105207226354942 0.56957928802589 0.6094580233793836 0.5663430420711975 0.6083953241232731 0.5631067961165048 0.6083953241232731 0.5598705501618123 0.6073326248671626 0.558252427184466 0.6062699256110521 0.5550161812297735 0.6062699256110521 0.551779935275081 0.6052072263549415 0.5501618122977346 0.6052072263549415 0.5469255663430421 0.604144527098831 0.5453074433656958 0.6030818278427205 0.5420711974110033 0.6025504782146652 0.5396440129449838 0.5270988310308182 0.5396440129449838 0.526567481402763 0.4449838187702265 0.6546227417640808 0.4441747572815534 0.655154091392136 0.5938511326860841 0.6546227417640808 0.5946601941747572
0 0.720510095642933 0.5412621359223301 0.6588735387885228 0.5412621359223301 0.6583421891604676 0.4449838187702265 0.720510095642933 0.4441747572815534 0.7210414452709883 0.540453074433657 0.720510095642933 0.5412621359223301
0 0.7917109458023379 0.5412621359223301 0.7300743889479278 0.5412621359223301 0.7295430393198725 0.4449838187702265 0.7917109458023379 0.4441747572815534 0.7922422954303932 0.540453074433657 0.7917109458023379 0.5412621359223301
0 0.8331562167906482 0.5946601941747572 0.7970244420828906 0.5946601941747572 0.7964930924548352 0.4449838187702265 0.9213602550478215 0.4441747572815534 0.9218916046758767 0.5420711974110033 0.8469713071200851 0.5428802588996764 0.8453772582359192 0.5453074433656958 0.8453772582359192 0.5485436893203883 0.8443145589798087 0.5501618122977346 0.8443145589798087 0.5533980582524272 0.8432518597236982 0.5550161812297735 0.8432518597236982 0.558252427184466 0.8421891604675876 0.5598705501618123 0.8411264612114772 0.5631067961165048 0.8411264612114772 0.5663430420711975 0.8400637619553666 0.5679611650485437 0.8390010626992561 0.5711974110032363 0.8390010626992561 0.5744336569579288 0.8379383634431455 0.5760517799352751 0.8379383634431455 0.5792880258899676 0.8368756641870351 0.580906148867314 0.8358129649309245 0.5841423948220065 0.834750265674814 0.587378640776699 0.834750265674814 0.5922330097087378 0.8331562167906482 0.5946601941747572
0 0.25717321997874604 0.6027508090614887 0.19341126461211477 0.6027508090614887 0.19287991498405951 0.5242718446601942 0.25717321997874604 0.5234627831715211 0.25770456960680127 0.6019417475728155 0.25717321997874604 0.6027508090614887
0 0.33156216790648246 0.6027508090614887 0.2678002125398512 0.6027508090614887 0.26726886291179597 0.5242718446601942 0.33156216790648246 0.5234627831715211 0.33209351753453775 0.6019417475728155 0.33156216790648246 0.6027508090614887
0 0.13496280552603612 0.7305825242718447 0.06376195536663125 0.7305825242718447 0.06323060573857599 0.5420711974110033 0.11477151965993623 0.5412621359223301 0.1153028692879915 0.5711974110032363 0.13496280552603612 0.5720064724919094 0.13549415515409138 0.7297734627831716 0.13496280552603612 0.7305825242718447
0 0.45908607863974493 0.7305825242718447 0.3889479277364506 0.7305825242718447 0.3884165781083953 0.5744336569579288 0.40807651434643993 0.5736245954692557 0.4086078639744952 0.5436893203883495 0.45908607863974493 0.5428802588996764 0.4596174282678002 0.7297734627831716 0.45908607863974493 0.7305825242718447
0 0.61211477151966 0.732200647249191 0.5270988310308182 0.732200647249191 0.526567481402763 0.5453074433656958 0.5993623804463337 0.5444983818770227 0.6009564293304994 0.5485436893203883 0.6009564293304994 0.551779935275081 0.60201912858661 0.5533980582524272 0.6030818278427205 0.5566343042071198 0.6030818278427205 0.5598705501618123 0.604144527098831 0.5614886731391586 0.6052072263549415 0.5647249190938511 0.6052072263549415 0.5679611650485437 0.6062699256110521 0.56957928802589 0.6062699256110521 0.5728155339805825 0.6073326248671626 0.5744336569579288 0.6083953241232731 0.5776699029126213 0.6083953241232731 0.580906148867314 0.6094580233793836 0.5825242718446602 0.6105207226354942 0.5857605177993528 0.6105207226354942 0.5889967637540453 0.6115834218916046 0.5906148867313916 0.6126461211477152 0.5938511326860841 0.6126461211477152 0.7313915857605178 0.61211477151966 0.732200647249191
0 0.720510095642933 0.5946601941747572 0.6588735387885228 0.5946601941747572 0.6583421891604676 0.5453074433656958 0.720510095642933 0.5444983818770227 0.7210414452709883 0.5938511326860841 0.720510095642933 0.5946601941747572
0 0.7917109458023379 0.5946601941747572 0.7300743889479278 0.5946601941747572 0.7295430393198725 0.5453074433656958 0.7917109458023379 0.5444983818770227 0.7922422954303932 0.5938511326860841 0.7917109458023379 0.5946601941747572
0 0.9213602550478215 0.732200647249191 0.8384697130712009 0.732200647249191 0.8379383634431455 0.5970873786407767 0.8390010626992561 0.5954692556634305 0.8400637619553666 0.5922330097087378 0.8400637619553666 0.5889967637540453 0.8411264612114772 0.587378640776699 0.8411264612114772 0.5841423948220065 0.8421891604675876 0.5825242718446602 0.8432518597236982 0.5792880258899676 0.8432518597236982 0.5760517799352751 0.8443145589798087 0.5744336569579288 0.8443145589798087 0.5711974110032363 0.8453772582359192 0.56957928802589 0.8453772582359192 0.5663430420711975 0.8464399574920297 0.5647249190938511 0.8475026567481403 0.5614886731391586 0.8475026567481403 0.558252427184466 0.8485653560042508 0.5566343042071198 0.8496280552603613 0.5533980582524272 0.8496280552603613 0.5501618122977346 0.9213602550478215 0.5493527508090615 0.9218916046758767 0.7313915857605178 0.9213602550478215 0.732200647249191
0 0.720510095642933 0.732200647249191 0.6174282678002125 0.732200647249191 0.6168969181721573 0.6003236245954693 0.720510095642933 0.5995145631067961 0.7210414452709883 0.7313915857605178 0.720510095642933 0.732200647249191
0 0.8331562167906482 0.732200647249191 0.7300743889479278 0.732200647249191 0.7295430393198725 0.6003236245954693 0.8331562167906482 0.5995145631067961 0.8336875664187035 0.7313915857605178 0.8331562167906482 0.732200647249191
0 0.25717321997874604 0.7305825242718447 0.19234856535600425 0.7305825242718447 0.191817215727949 0.6084142394822006 0.25717321997874604 0.6076051779935275 0.25770456960680127 0.7297734627831716 0.25717321997874604 0.7305825242718447
0 0.33049946865037194 0.7305825242718447 0.2678002125398512 0.7305825242718447 0.26726886291179597 0.6084142394822006 0.33049946865037194 0.6076051779935275 0.33103081827842723 0.7297734627831716 0.33049946865037194 0.7305825242718447
0 0.1891604675876727 0.7305825242718447 0.1392136025504782 0.7305825242718447 0.13868225292242295 0.6375404530744336 0.1891604675876727 0.6367313915857605 0.18969181721572795 0.7297734627831716 0.1891604675876727 0.7305825242718447
0 0.3846971307120085 0.7305825242718447 0.33581296493092455 0.7305825242718447 0.33528161530286926 0.63915857605178 0.3846971307120085 0.6383495145631068 0.38522848034006374 0.7297734627831716 0.3846971307120085 0.7305825242718447
0 0.25717321997874604 0.8810679611650486 0.19872476089266738 0.8810679611650486 0.19819341126461212 0.7508090614886731 0.25717321997874604 0.75 0.25770456960680127 0.8802588996763754 0.25717321997874604 0.8810679611650486
0 0.32518597236981933 0.8810679611650486 0.2678002125398512 0.8810679611650486 0.26726886291179597 0.7508090614886731 0.32518597236981933 0.75 0.3257173219978746 0.8802588996763754 0.32518597236981933 0.8810679611650486