0 0.9310344827586207 0.34051724137931033 0.7541229385307346 0.34051724137931033 0.7533733133433284 0.25517241379310346 0.6686656671664168 0.2543103448275862 0.6679160419790104 0.1310344827586207 0.9310344827586207 0.13017241379310346 0.931784107946027 0.3396551724137931 0.9310344827586207 0.34051724137931033
0 0.335832083958021 0.2836206896551724 0.2143928035982009 0.2836206896551724 0.2136431784107946 0.13448275862068965 0.335832083958021 0.1336206896551724 0.3365817091454273 0.2827586206896552 0.335832083958021 0.2836206896551724
0 0.46776611694152925 0.21637931034482757 0.34182908545727136 0.21637931034482757 0.3410794602698651 0.13448275862068965 0.46776611694152925 0.1336206896551724 0.46851574212893554 0.21551724137931033 0.46776611694152925 0.21637931034482757
0 0.46776611694152925 0.4370689655172414 0.38980509745127434 0.4370689655172414 0.38905547226386805 0.3913793103448276 0.3868065967016492 0.3905172413793103 0.3860569715142429 0.42586206896551726 0.27886056971514245 0.4267241379310345 0.27811094452773616 0.3568965517241379 0.31634182908545727 0.3560344827586207 0.3410794602698651 0.3275862068965517 0.3410794602698651 0.22241379310344828 0.46776611694152925 0.22155172413793103 0.46851574212893554 0.4362068965517241 0.46776611694152925 0.4370689655172414
0 0.7526236881559221 0.38189655172413794 0.6086956521739131 0.38189655172413794 0.6079460269865068 0.25517241379310346 0.7526236881559221 0.2543103448275862 0.7533733133433284 0.3810344827586207 0.7526236881559221 0.38189655172413794
0 0.27136431784107945 0.4267241379310345 0.14992503748125938 0.4267241379310345 0.14917541229385306 0.2603448275862069 0.20839580209895053 0.25948275862068965 0.20914542728635682 0.28793103448275864 0.27136431784107945 0.28879310344827586 0.27211394302848574 0.42586206896551726 0.27136431784107945 0.4267241379310345
0 0.3148425787106447 0.35086206896551725 0.27886056971514245 0.35086206896551725 0.27811094452773616 0.2896551724137931 0.335832083958021 0.28879310344827586 0.3365817091454273 0.3258620689655172 0.3313343328335832 0.33189655172413796 0.32908545727136435 0.33275862068965517 0.3238380809595202 0.34051724137931033 0.32158920539730135 0.3413793103448276 0.3148425787106447 0.35086206896551725
0 0.9310344827586207 0.531896551724138 0.8035982008995503 0.531896551724138 0.802848575712144 0.4862068965517241 0.7938530734632684 0.47586206896551725 0.7848575712143928 0.46379310344827585 0.7811094452773614 0.45775862068965517 0.7541229385307346 0.45775862068965517 0.7533733133433284 0.3413793103448276 0.9310344827586207 0.34051724137931033 0.931784107946027 0.4379310344827586 0.8500749625187406 0.4387931034482759 0.8493253373313343 0.4724137931034483 0.8530734632683659 0.4732758620689655 0.8538230884557722 0.44482758620689655 0.9310344827586207 0.44396551724137934 0.931784107946027 0.5310344827586206 0.9310344827586207 0.531896551724138
0 0.7481259370314842 0.531896551724138 0.6086956521739131 0.531896551724138 0.6079460269865068 0.3879310344827586 0.7481259370314842 0.3870689655172414 0.7488755622188905 0.5310344827586206 0.7481259370314842 0.531896551724138
0 0.21139430284857572 0.5198275862068965 0.14992503748125938 0.5198275862068965 0.14917541229385306 0.43103448275862066 0.21139430284857572 0.43017241379310345 0.212143928035982 0.5189655172413793 0.21139430284857572 0.5198275862068965
0 0.30884557721139433 0.5198275862068965 0.2158920539730135 0.5198275862068965 0.2151424287856072 0.43103448275862066 0.30884557721139433 0.43017241379310345 0.3095952023988006 0.5189655172413793 0.30884557721139433 0.5198275862068965
0 0.391304347826087 0.5198275862068965 0.31334332833583206 0.5198275862068965 0.31259370314842577 0.43103448275862066 0.3853073463268366 0.43017241379310345 0.3860569715142429 0.4396551724137931 0.391304347826087 0.44051724137931036 0.39205397301349326 0.5189655172413793 0.391304347826087 0.5198275862068965
0 0.46776611694152925 0.5198275862068965 0.3988005997001499 0.5198275862068965 0.3980509745127436 0.44482758620689655 0.46776611694152925 0.44396551724137934 0.46851574212893554 0.5189655172413793 0.46776611694152925 0.5198275862068965
0 0.7976011994002998 0.531896551724138 0.7541229385307346 0.531896551724138 0.7533733133433284 0.46379310344827585 0.7781109445277361 0.46293103448275863 0.7848575712143928 0.4706896551724138 0.7923538230884558 0.4810344827586207 0.7983508245877061 0.4896551724137931 0.7983508245877061 0.5310344827586206 0.7976011994002998 0.531896551724138
0 0.9100449775112444 0.6612068965517242 0.863568215892054 0.6612068965517242 0.8628185907046477 0.5431034482758621 0.9325337331334332 0.5422413793103448 0.9332833583208395 0.6258620689655172 0.9115442278860569 0.6267241379310344 0.9107946026986506 0.6603448275862069 0.9100449775112444 0.6612068965517242
0 0.9550224887556222 0.6612068965517242 0.9160419790104948 0.6612068965517242 0.9152923538230885 0.6327586206896552 0.9550224887556222 0.631896551724138 0.9557721139430285 0.6603448275862069 0.9550224887556222 0.6612068965517242
0 0.9385307346326837 0.9336206896551724 0.8170914542728636 0.9336206896551724 0.8163418290854573 0.6620689655172414 0.8575712143928036 0.6612068965517242 0.8590704647676162 0.6594827586206896 0.8620689655172413 0.6594827586206896 0.863568215892054 0.6612068965517242 0.9100449775112444 0.6612068965517242 0.9115442278860569 0.6594827586206896 0.9145427286356822 0.6594827586206896 0.9160419790104948 0.6612068965517242 0.9400299850074962 0.6612068965517242 0.9407796101949025 0.7965517241379311 0.93928035982009 0.7982758620689655 0.93928035982009 0.9327586206896552 0.9385307346326837 0.9336206896551724