0 0.5501730103806228 0.37190812720848054 0.13494809688581316 0.37190812720848054 0.13321799307958476 0.20141342756183744 0.6505190311418685 0.20053003533568906 0.6522491349480969 0.3409893992932862 0.5536332179930796 0.3418727915194346 0.5519031141868512 0.3710247349823322 0.5501730103806228 0.37190812720848054
0 0.8408304498269896 0.3418727915194346 0.6539792387543253 0.3418727915194346 0.6522491349480969 0.20141342756183744 0.8408304498269896 0.20053003533568906 0.842560553633218 0.3409893992932862 0.8408304498269896 0.3418727915194346
0 0.6885813148788927 0.48498233215547704 0.5536332179930796 0.48498233215547704 0.5519031141868512 0.34275618374558303 0.643598615916955 0.3418727915194346 0.6470588235294118 0.3454063604240283 0.6885813148788927 0.3454063604240283 0.6903114186851211 0.4840989399293286 0.6885813148788927 0.48498233215547704
0 0.8408304498269896 0.4001766784452297 0.698961937716263 0.4001766784452297 0.6972318339100346 0.3462897526501767 0.8408304498269896 0.3454063604240283 0.842560553633218 0.3992932862190813 0.8408304498269896 0.4001766784452297
0 0.3494809688581315 0.5485865724381626 0.13494809688581316 0.5485865724381626 0.13321799307958476 0.3763250883392226 0.3494809688581315 0.3754416961130742 0.35121107266435986 0.5477031802120141 0.3494809688581315 0.5485865724381626
0 0.5432525951557093 0.5485865724381626 0.35986159169550175 0.5485865724381626 0.35813148788927335 0.3763250883392226 0.5432525951557093 0.3754416961130742 0.5449826989619377 0.5477031802120141 0.5432525951557093 0.5485865724381626
0 0.8408304498269896 0.48144876325088337 0.698961937716263 0.48144876325088337 0.6972318339100346 0.4045936395759717 0.8408304498269896 0.4037102473498233 0.842560553633218 0.48056537102473496 0.8408304498269896 0.48144876325088337
0 0.8373702422145328 0.5485865724381626 0.7058823529411765 0.5485865724381626 0.7041522491349481 0.4876325088339223 0.8373702422145328 0.48674911660777387 0.8391003460207612 0.5477031802120141 0.8373702422145328 0.5485865724381626
0 0.6885813148788927 0.5485865724381626 0.5536332179930796 0.5485865724381626 0.5519031141868512 0.48939929328621906 0.6885813148788927 0.48851590106007065 0.6903114186851211 0.5477031802120141 0.6885813148788927 0.5485865724381626
0 0.8442906574394463 0.7181978798586572 0.6332179930795848 0.7181978798586572 0.6314878892733564 0.6643109540636042 0.8442906574394463 0.6634275618374559 0.8460207612456747 0.7173144876325088 0.8442906574394463 0.7181978798586572
0 0.8581314878892734 0.9337455830388692 0.6262975778546713 0.9337455830388692 0.6245674740484429 0.7243816254416962 0.8581314878892734 0.7234982332155477 0.8598615916955017 0.9328621908127208 0.8581314878892734 0.9337455830388692