0 0.3791208791208791 0.4872881355932203 0.18406593406593408 0.4872881355932203 0.18269230769230768 0.4491525423728814 0.14560439560439561 0.4483050847457627 0.14423076923076922 0.24745762711864408 0.3791208791208791 0.24661016949152542 0.3804945054945055 0.4864406779661017 0.3791208791208791 0.4872881355932203
0 0.7197802197802198 0.4872881355932203 0.3901098901098901 0.4872881355932203 0.38873626373626374 0.31864406779661014 0.38186813186813184 0.3177966101694915 0.3804945054945055 0.24745762711864408 0.9725274725274725 0.24661016949152542 0.9739010989010989 0.37796610169491524 0.7307692307692307 0.3788135593220339 0.7293956043956044 0.3525423728813559 0.7225274725274725 0.3516949152542373 0.7211538461538461 0.4864406779661017 0.7197802197802198 0.4872881355932203
0 0.9725274725274725 0.5228813559322034 0.7307692307692307 0.5228813559322034 0.7293956043956044 0.37966101694915255 0.9725274725274725 0.3788135593220339 0.9739010989010989 0.5220338983050847 0.9725274725274725 0.5228813559322034
0 0.7197802197802198 0.7466101694915255 0.5879120879120879 0.7466101694915255 0.5865384615384616 0.6474576271186441 0.38186813186813184 0.6466101694915254 0.3804945054945055 0.5949152542372881 0.6263736263736264 0.5940677966101695 0.6277472527472527 0.488135593220339 0.7197802197802198 0.4872881355932203 0.7211538461538461 0.7457627118644068 0.7197802197802198 0.7466101694915255
0 0.27472527472527475 0.5872881355932204 0.14560439560439561 0.5872881355932204 0.14423076923076922 0.49491525423728816 0.27472527472527475 0.4940677966101695 0.2760989010989011 0.5864406779661017 0.27472527472527475 0.5872881355932204
0 0.45604395604395603 0.5872881355932204 0.28846153846153844 0.5872881355932204 0.28708791208791207 0.49491525423728816 0.45604395604395603 0.4940677966101695 0.4574175824175824 0.5864406779661017 0.45604395604395603 0.5872881355932204
0 0.6153846153846154 0.5872881355932204 0.46703296703296704 0.5872881355932204 0.46565934065934067 0.49491525423728816 0.6153846153846154 0.4940677966101695 0.6167582417582418 0.5864406779661017 0.6153846153846154 0.5872881355932204
0 0.8434065934065934 0.5872881355932204 0.7307692307692307 0.5872881355932204 0.7293956043956044 0.523728813559322 0.8434065934065934 0.5228813559322034 0.8447802197802198 0.5864406779661017 0.8434065934065934 0.5872881355932204
0 0.9725274725274725 0.5872881355932204 0.8461538461538461 0.5872881355932204 0.8447802197802198 0.523728813559322 0.9725274725274725 0.5228813559322034 0.9739010989010989 0.5864406779661017 0.9725274725274725 0.5872881355932204
0 0.33791208791208793 0.7991525423728814 0.14560439560439561 0.7991525423728814 0.14423076923076922 0.5949152542372881 0.33791208791208793 0.5940677966101695 0.3392857142857143 0.7983050847457627 0.33791208791208793 0.7991525423728814
0 0.3791208791208791 0.6466101694915254 0.3489010989010989 0.6466101694915254 0.3475274725274725 0.5949152542372881 0.3791208791208791 0.5940677966101695 0.3804945054945055 0.6457627118644068 0.3791208791208791 0.6466101694915254
0 0.9725274725274725 0.7991525423728814 0.7307692307692307 0.7991525423728814 0.7293956043956044 0.5949152542372881 0.9725274725274725 0.5940677966101695 0.9739010989010989 0.7983050847457627 0.9725274725274725 0.7991525423728814
0 0.5741758241758241 0.7991525423728814 0.3489010989010989 0.7991525423728814 0.3475274725274725 0.6542372881355932 0.5741758241758241 0.6533898305084745 0.5755494505494505 0.7983050847457627 0.5741758241758241 0.7991525423728814
0 0.7197802197802198 0.7991525423728814 0.5879120879120879 0.7991525423728814 0.5865384615384616 0.7542372881355932 0.7197802197802198 0.7533898305084745 0.7211538461538461 0.7983050847457627 0.7197802197802198 0.7991525423728814
0 0.9752747252747253 0.9838983050847457 0.8653846153846154 0.9838983050847457 0.864010989010989 0.8186440677966101 0.9752747252747253 0.8177966101694916 0.9766483516483516 0.9830508474576272 0.9752747252747253 0.9838983050847457