0 0.8780788177339901 0.23944954128440368 0.7093596059113301 0.23944954128440368 0.708743842364532 0.044036697247706424 0.8780788177339901 0.043119266055045874 0.8786945812807881 0.23853211009174313 0.8780788177339901 0.23944954128440368
0 0.24014778325123154 0.41559633027522935 0.1539408866995074 0.41559633027522935 0.15332512315270935 0.14311926605504588 0.24014778325123154 0.14220183486238533 0.24076354679802955 0.41467889908256883 0.24014778325123154 0.41559633027522935
0 0.2881773399014778 0.41559633027522935 0.24630541871921183 0.41559633027522935 0.24568965517241378 0.14311926605504588 0.43226600985221675 0.14220183486238533 0.4328817733990148 0.3724770642201835 0.4051724137931034 0.37339449541284403 0.40455665024630544 0.3889908256880734 0.3633004926108374 0.38990825688073394 0.3626847290640394 0.3834862385321101 0.2894088669950739 0.38256880733944953 0.28879310344827586 0.41467889908256883 0.2881773399014778 0.41559633027522935
0 0.5554187192118226 0.37339449541284403 0.43842364532019706 0.37339449541284403 0.437807881773399 0.14311926605504588 0.5554187192118226 0.14220183486238533 0.5560344827586207 0.3724770642201835 0.5554187192118226 0.37339449541284403
0 0.6995073891625616 0.43944954128440367 0.5615763546798029 0.43944954128440367 0.5609605911330049 0.14311926605504588 0.6995073891625616 0.14220183486238533 0.7001231527093597 0.43853211009174314 0.6995073891625616 0.43944954128440367
0 0.8780788177339901 0.6669724770642201 0.7093596059113301 0.6669724770642201 0.708743842364532 0.24036697247706423 0.8780788177339901 0.23944954128440368 0.8786945812807881 0.6660550458715596 0.8780788177339901 0.6669724770642201
0 0.43596059113300495 0.7532110091743119 0.24630541871921183 0.7532110091743119 0.24568965517241378 0.42385321100917434 0.2881773399014778 0.42293577981651376 0.28879310344827586 0.42752293577981654 0.3078817733990148 0.42844036697247706 0.30849753694581283 0.3908256880733945 0.4039408866995074 0.38990825688073394 0.40455665024630544 0.381651376146789 0.43596059113300495 0.38073394495412843 0.43657635467980294 0.7522935779816514 0.43596059113300495 0.7532110091743119
0 0.5554187192118226 0.6339449541284403 0.4421182266009852 0.6339449541284403 0.44150246305418717 0.5302752293577981 0.437192118226601 0.5293577981651376 0.43657635467980294 0.381651376146789 0.5554187192118226 0.38073394495412843 0.5560344827586207 0.6330275229357798 0.5554187192118226 0.6339449541284403
0 0.24014778325123154 0.6211009174311927 0.1539408866995074 0.6211009174311927 0.15332512315270935 0.42385321100917434 0.24014778325123154 0.42293577981651376 0.24076354679802955 0.6201834862385321 0.24014778325123154 0.6211009174311927
0 0.6268472906403941 0.536697247706422 0.5615763546798029 0.536697247706422 0.5609605911330049 0.44770642201834865 0.6268472906403941 0.44678899082568807 0.6274630541871922 0.5357798165137615 0.6268472906403941 0.536697247706422
0 0.6995073891625616 0.536697247706422 0.6317733990147784 0.536697247706422 0.6311576354679803 0.44770642201834865 0.6995073891625616 0.44678899082568807 0.7001231527093597 0.5357798165137615 0.6995073891625616 0.536697247706422
0 0.6995073891625616 0.7532110091743119 0.5344827586206896 0.7532110091743119 0.5338669950738916 0.6403669724770642 0.5603448275862069 0.6394495412844037 0.5609605911330049 0.544954128440367 0.6995073891625616 0.5440366972477064 0.7001231527093597 0.7522935779816514 0.6995073891625616 0.7532110091743119
0 0.24014778325123154 0.7532110091743119 0.1539408866995074 0.7532110091743119 0.15332512315270935 0.6275229357798165 0.24014778325123154 0.6266055045871559 0.24076354679802955 0.7522935779816514 0.24014778325123154 0.7532110091743119
0 0.5283251231527094 0.7532110091743119 0.4421182266009852 0.7532110091743119 0.44150246305418717 0.6403669724770642 0.5283251231527094 0.6394495412844037 0.5289408866995073 0.7522935779816514 0.5283251231527094 0.7532110091743119