0 0.7414097781268407 0.3888642413487134 0.648929903789515 0.3888642413487134 0.6488317298252504 0.13487133984028393 0.7414097781268407 0.13464951197870453 0.7415079520911054 0.38864241348713396 0.7414097781268407 0.3888642413487134
0 0.8370312193206362 0.3888642413487134 0.7445513449833104 0.3888642413487134 0.7444531710190457 0.13487133984028393 0.8370312193206362 0.13464951197870453 0.8371293932849009 0.38864241348713396 0.8370312193206362 0.3888642413487134
0 0.8816021990967995 0.28061224489795916 0.8399764382485765 0.28061224489795916 0.8398782642843118 0.13487133984028393 0.8816021990967995 0.13464951197870453 0.8817003730610642 0.2803904170363798 0.8816021990967995 0.28061224489795916
0 0.9823286864323582 0.3888642413487134 0.8847437659532692 0.3888642413487134 0.8846455919890045 0.13487133984028393 0.9823286864323582 0.13464951197870453 0.9824268603966229 0.38864241348713396 0.9823286864323582 0.3888642413487134
0 0.5432947182407225 0.5867346938775511 0.3654034949931278 0.5867346938775511 0.36530532102886315 0.14418811002661935 0.5432947182407225 0.14396628216503993 0.5433928922049872 0.5865128660159716 0.5432947182407225 0.5867346938775511
0 0.8816021990967995 0.3888642413487134 0.8399764382485765 0.3888642413487134 0.8398782642843118 0.2870452528837622 0.8816021990967995 0.2868234250221828 0.8817003730610642 0.38864241348713396 0.8816021990967995 0.3888642413487134
0 0.13430198311407815 0.6608251996450755 0.0170822697820538 0.6608251996450755 0.016984095817789122 0.38198757763975155 0.14117416061260554 0.3817657497781721 0.14127233457687022 0.6197870452528838 0.1344983310426075 0.6200088731144632 0.13440015707834282 0.660603371783496 0.13430198311407815 0.6608251996450755
0 0.29687806793638327 0.7943655723158829 0.24052621244845868 0.7943655723158829 0.240428038484194 0.7320319432120674 0.23758099352051837 0.731810115350488 0.2374828195562537 0.7941437444543035 0.15864912625171804 0.7943655723158829 0.15855095228745336 0.6610470275066548 0.13763989789907716 0.6608251996450755 0.13754172393481248 0.6286601597160604 0.14490477125466325 0.628438331854481 0.14500294521892795 0.38198757763975155 0.19791871195758884 0.3817657497781721 0.1980168859218535 0.4862466725820763 0.2794031022972708 0.48646850044365575 0.2795012762615354 0.7023070097604259 0.29687806793638327 0.7025288376220054 0.296976241900648 0.7941437444543035 0.29687806793638327 0.7943655723158829
0 0.2454349106616925 0.48025732031943213 0.20106027881405852 0.48025732031943213 0.20096210484979382 0.38198757763975155 0.2454349106616925 0.3817657497781721 0.2455330846259572 0.4800354924578527 0.2454349106616925 0.48025732031943213
0 0.35362261928136657 0.48025732031943213 0.24857647751816217 0.48025732031943213 0.2484783035538975 0.38198757763975155 0.35362261928136657 0.3817657497781721 0.35372079324563127 0.4800354924578527 0.35362261928136657 0.48025732031943213
0 0.7655605733359513 0.7988021295474712 0.648929903789515 0.7988021295474712 0.6488317298252504 0.39707187222715173 0.7685057922638916 0.3968500443655723 0.7686039662281563 0.5936113575865128 0.7657569212644807 0.5938331854480923 0.765658747300216 0.7985803016858918 0.7655605733359513 0.7988021295474712
0 0.9823286864323582 0.7988021295474712 0.768702140192421 0.7988021295474712 0.7686039662281563 0.39707187222715173 0.9823286864323582 0.3968500443655723 0.9824268603966229 0.7985803016858918 0.9823286864323582 0.7988021295474712
0 0.35362261928136657 0.5658828748890861 0.28254466915374044 0.5658828748890861 0.28244649518947573 0.4866903283052351 0.35362261928136657 0.48646850044365575 0.35372079324563127 0.5656610470275066 0.35362261928136657 0.5658828748890861
0 0.3534262713528372 0.7943655723158829 0.30001963479285293 0.7943655723158829 0.2999214608285883 0.6965394853593612 0.28254466915374044 0.6963176574977817 0.28244649518947573 0.5740905057675244 0.35362261928136657 0.573868677905945 0.35372079324563127 0.5865128660159716 0.3535244453171019 0.5869565217391305 0.3535244453171019 0.7941437444543035 0.3534262713528372 0.7943655723158829
0 0.09267622226585509 0.7943655723158829 0.0170822697820538 0.7943655723158829 0.016984095817789122 0.6677018633540373 0.09267622226585509 0.6674800354924578 0.09277439623011977 0.7941437444543035 0.09267622226585509 0.7943655723158829
0 0.1562929511093658 0.7943655723158829 0.09562144119379541 0.7943655723158829 0.09552326722953072 0.6677018633540373 0.1562929511093658 0.6674800354924578 0.15639112507363048 0.7941437444543035 0.1562929511093658 0.7943655723158829