0 0.2410358565737052 0.3436406067677946 0.046812749003984064 0.3436406067677946 0.046314741035856574 0.044340723453908985 0.2360557768924303 0.043757292882147025 0.23655378486055778 0.21703617269544925 0.2410358565737052 0.2176196032672112 0.24153386454183268 0.34305717619603265 0.2410358565737052 0.3436406067677946
0 0.500996015936255 0.42532088681446906 0.24203187250996017 0.42532088681446906 0.24153386454183268 0.21820303383897316 0.24601593625498008 0.2176196032672112 0.24651394422310757 0.044340723453908985 0.500996015936255 0.043757292882147025 0.5014940239043825 0.42473745624270715 0.500996015936255 0.42532088681446906
0 0.2410358565737052 0.6038506417736289 0.14143426294820718 0.6038506417736289 0.1409362549800797 0.543757292882147 0.13695219123505975 0.5390898483080513 0.13645418326693226 0.5373395565927654 0.1349601593625498 0.5367561260210035 0.13097609561752988 0.5309218203033839 0.12699203187250996 0.5250875145857643 0.12649402390438247 0.5233372228704785 0.125 0.5227537922987164 0.1205179282868526 0.5163360560093349 0.046812749003984064 0.5163360560093349 0.046314741035856574 0.44224037339556593 0.10657370517928287 0.44165694282380397 0.10707171314741036 0.3500583430571762 0.20219123505976094 0.34947491248541424 0.20268924302788843 0.3453908984830805 0.046812749003984064 0.34480746791131855 0.046812749003984064 0.3436406067677946 0.2410358565737052 0.3436406067677946 0.24153386454183268 0.603267211201867 0.2410358565737052 0.6038506417736289
0 0.10159362549800798 0.4346557759626604 0.046812749003984064 0.4346557759626604 0.046314741035856574 0.3500583430571762 0.10159362549800798 0.34947491248541424 0.10209163346613546 0.4340723453908985 0.10159362549800798 0.4346557759626604
0 0.7858565737051793 0.676196032672112 0.6274900398406374 0.676196032672112 0.62699203187251 0.6569428238039673 0.6175298804780877 0.6563593932322054 0.6170318725099602 0.661610268378063 0.5129482071713147 0.6621936989498249 0.5124501992031872 0.6581096849474912 0.5134462151394422 0.6569428238039673 0.5134462151394422 0.6044340723453909 0.24203187250996017 0.6038506417736289 0.24153386454183268 0.425904317386231 0.500996015936255 0.42532088681446906 0.5014940239043825 0.42707117852975496 0.4581673306772908 0.4276546091015169 0.45766932270916333 0.47607934655775963 0.5109561752988048 0.4766627771295216 0.5114541832669323 0.43757292882147025 0.9243027888446215 0.4369894982497083 0.924800796812749 0.6301050175029171 0.795816733067729 0.6306884480746792 0.7953187250996016 0.5344224037339557 0.6832669322709163 0.5338389731621938 0.6827689243027888 0.5647607934655776 0.6713147410358565 0.5653442240373395 0.670816733067729 0.5764294049008168 0.6822709163346613 0.5770128354725788 0.6827689243027888 0.6487747957992999 0.6922310756972112 0.6493582263710619 0.6927290836653387 0.6406067677946324 0.7858565737051793 0.6400233372228705 0.7863545816733067 0.67561260210035 0.7858565737051793 0.676196032672112
0 0.13346613545816732 0.6050175029171528 0.046812749003984064 0.6050175029171528 0.046314741035856574 0.5262543757292882 0.11653386454183266 0.5256709451575262 0.12101593625498008 0.5309218203033839 0.12151394422310757 0.5326721120186698 0.12300796812749004 0.5332555425904317 0.12350597609561753 0.5350058343057176 0.125 0.5355892648774796 0.12898406374501992 0.5414235705950992 0.1339641434262948 0.5484247374562428 0.1339641434262948 0.6044340723453909 0.13346613545816732 0.6050175029171528
0 0.7858565737051793 0.6306884480746792 0.6932270916334662 0.6306884480746792 0.6927290836653387 0.544924154025671 0.7858565737051793 0.5443407234539089 0.7863545816733067 0.6301050175029171 0.7858565737051793 0.6306884480746792
0 0.23207171314741035 0.9189031505250875 0.046812749003984064 0.9189031505250875 0.046314741035856574 0.617269544924154 0.19621513944223107 0.6166861143523921 0.19671314741035856 0.6056009334889149 0.14143426294820718 0.6050175029171528 0.14143426294820718 0.6038506417736289 0.2340637450199203 0.6038506417736289 0.23456175298804782 0.6849474912485414 0.23256972111553784 0.6861143523920653 0.23256972111553784 0.9183197199533255 0.23207171314741035 0.9189031505250875
0 0.5029880478087649 0.748541423570595 0.2400398406374502 0.748541423570595 0.23954183266932272 0.6861143523920653 0.2350597609561753 0.6855309218203034 0.23456175298804782 0.6044340723453909 0.5129482071713147 0.6038506417736289 0.5134462151394422 0.6569428238039673 0.5039840637450199 0.6575262543757293 0.5034860557768924 0.7479579929988331 0.5029880478087649 0.748541423570595
0 0.6165338645418327 0.9189031505250875 0.5129482071713147 0.9189031505250875 0.5124501992031872 0.6732788798133023 0.6165338645418327 0.6726954492415402 0.6170318725099602 0.9183197199533255 0.6165338645418327 0.9189031505250875
0 0.7858565737051793 0.9189031505250875 0.6274900398406374 0.9189031505250875 0.62699203187251 0.676779463243874 0.7858565737051793 0.676196032672112 0.7863545816733067 0.9183197199533255 0.7858565737051793 0.9189031505250875
0 0.46215139442231074 0.9189031505250875 0.2400398406374502 0.9189031505250875 0.23954183266932272 0.7491248541423571 0.5029880478087649 0.748541423570595 0.5034860557768924 0.8716452742123687 0.4631474103585657 0.8722287047841307 0.4626494023904382 0.9183197199533255 0.46215139442231074 0.9189031505250875