0 0.6216216216216216 0.38360323886639675 0.3810810810810811 0.38360323886639675 0.3804054054054054 0.11133603238866396 0.40135135135135136 0.11032388663967611 0.43243243243243246 0.06376518218623482 0.5594594594594594 0.06376518218623482 0.5891891891891892 0.1082995951417004 0.5918918918918918 0.11032388663967611 0.6216216216216216 0.11032388663967611 0.6222972972972973 0.3825910931174089 0.6216216216216216 0.38360323886639675
0 0.37567567567567567 0.28643724696356276 0.15 0.28643724696356276 0.14932432432432433 0.11133603238866396 0.37567567567567567 0.11032388663967611 0.37635135135135134 0.2854251012145749 0.37567567567567567 0.28643724696356276
0 0.7783783783783784 0.33704453441295545 0.6283783783783784 0.33704453441295545 0.6277027027027027 0.11133603238866396 0.7783783783783784 0.11032388663967611 0.779054054054054 0.3360323886639676 0.7783783783783784 0.33704453441295545
0 0.9554054054054054 0.4180161943319838 0.7851351351351351 0.4180161943319838 0.7844594594594595 0.11133603238866396 0.9554054054054054 0.11032388663967611 0.956081081081081 0.41700404858299595 0.9554054054054054 0.4180161943319838
0 0.2648648648648649 0.521255060728745 0.15405405405405406 0.521255060728745 0.15337837837837837 0.29554655870445345 0.2648648648648649 0.29453441295546556 0.26554054054054055 0.520242914979757 0.2648648648648649 0.521255060728745
0 0.37567567567567567 0.43016194331983804 0.27297297297297296 0.43016194331983804 0.2722972972972973 0.29554655870445345 0.37567567567567567 0.29453441295546556 0.37635135135135134 0.4291497975708502 0.37567567567567567 0.43016194331983804
0 0.7783783783783784 0.6427125506072875 0.6283783783783784 0.6427125506072875 0.6277027027027027 0.34615384615384615 0.7783783783783784 0.3451417004048583 0.779054054054054 0.6417004048582996 0.7783783783783784 0.6427125506072875
0 0.5554054054054054 0.8269230769230769 0.42702702702702705 0.8269230769230769 0.4060810810810811 0.7955465587044535 0.40540540540540543 0.7925101214574899 0.3844594594594595 0.7631578947368421 0.3837837837837838 0.7601214574898786 0.3804054054054054 0.757085020242915 0.3804054054054054 0.38461538461538464 0.38175675675675674 0.38461538461538464 0.38175675675675674 0.39068825910931176 0.4027027027027027 0.3917004048582996 0.40337837837837837 0.46356275303643724 0.40675675675675677 0.4645748987854251 0.40743243243243243 0.39878542510121456 0.45135135135135135 0.3977732793522267 0.452027027027027 0.39271255060728744 0.6270270270270271 0.3917004048582996 0.6277027027027027 0.520242914979757 0.6229729729729729 0.521255060728745 0.6222972972972973 0.757085020242915 0.6027027027027027 0.7580971659919028 0.5864864864864865 0.7823886639676113 0.5831081081081081 0.7854251012145749 0.5824324324324325 0.7884615384615384 0.5554054054054054 0.8269230769230769
0 0.8648648648648649 0.5313765182186235 0.7851351351351351 0.5313765182186235 0.7844594594594595 0.4271255060728745 0.8648648648648649 0.42611336032388664 0.8655405405405405 0.5303643724696356 0.8648648648648649 0.5313765182186235
0 0.9554054054054054 0.5313765182186235 0.8716216216216216 0.5313765182186235 0.870945945945946 0.4271255060728745 0.9554054054054054 0.42611336032388664 0.956081081081081 0.5303643724696356 0.9554054054054054 0.5313765182186235
0 0.37567567567567567 0.521255060728745 0.27297297297297296 0.521255060728745 0.2722972972972973 0.4392712550607287 0.37567567567567567 0.4382591093117409 0.37635135135135134 0.520242914979757 0.37567567567567567 0.521255060728745
0 0.37567567567567567 0.7580971659919028 0.15 0.7580971659919028 0.14932432432432433 0.5303643724696356 0.37567567567567567 0.5293522267206477 0.37635135135135134 0.757085020242915 0.37567567567567567 0.7580971659919028
0 0.9554054054054054 0.7580971659919028 0.7851351351351351 0.7580971659919028 0.7844594594594595 0.5404858299595142 0.9554054054054054 0.5394736842105263 0.956081081081081 0.757085020242915 0.9554054054054054 0.7580971659919028
0 0.7783783783783784 0.7580971659919028 0.6283783783783784 0.7580971659919028 0.6277027027027027 0.6518218623481782 0.7783783783783784 0.6508097165991903 0.779054054054054 0.757085020242915 0.7783783783783784 0.7580971659919028