0 0.5763546798029556 0.35247349823321555 0.33169129720853857 0.35247349823321555 0.3308702791461412 0.2332155477031802 0.32348111658456485 0.23233215547703182 0.3226600985221675 0.30742049469964666 0.047619047619047616 0.3083038869257951 0.046798029556650245 0.04946996466431095 0.3218390804597701 0.04858657243816254 0.3226600985221675 0.06537102473498234 0.33004926108374383 0.06625441696113074 0.3308702791461412 0.04946996466431095 0.5763546798029556 0.04858657243816254 0.577175697865353 0.35159010600706714 0.5763546798029556 0.35247349823321555
0 0.3218390804597701 0.5644876325088339 0.08702791461412152 0.5644876325088339 0.08620689655172414 0.5070671378091873 0.047619047619047616 0.5061837455830389 0.046798029556650245 0.31802120141342755 0.2922824302134647 0.31713780918727913 0.29310344827586204 0.38869257950530034 0.3218390804597701 0.38957597173144876 0.3226600985221675 0.5636042402826855 0.3218390804597701 0.5644876325088339
0 0.3842364532019704 0.4496466431095406 0.33169129720853857 0.4496466431095406 0.3308702791461412 0.3621908127208481 0.3842364532019704 0.36130742049469966 0.3850574712643678 0.44876325088339225 0.3842364532019704 0.4496466431095406
0 0.5747126436781609 0.5644876325088339 0.33169129720853857 0.5644876325088339 0.3308702791461412 0.4575971731448763 0.3891625615763547 0.45671378091872794 0.3899835796387521 0.3621908127208481 0.4663382594417077 0.36130742049469966 0.4671592775041051 0.4876325088339223 0.5073891625615764 0.48851590106007065 0.5082101806239737 0.43286219081272087 0.4729064039408867 0.43197879858657245 0.4720853858784893 0.3621908127208481 0.5763546798029556 0.36130742049469966 0.577175697865353 0.5265017667844523 0.5755336617405583 0.5282685512367491 0.5755336617405583 0.5636042402826855 0.5747126436781609 0.5644876325088339
0 0.5024630541871922 0.4832155477031802 0.4729064039408867 0.4832155477031802 0.4720853858784893 0.43992932862190814 0.5024630541871922 0.43904593639575973 0.5032840722495895 0.4823321554770318 0.5024630541871922 0.4832155477031802
0 0.7438423645320197 0.6846289752650176 0.5894909688013136 0.6846289752650176 0.5886699507389163 0.6183745583038869 0.5927750410509032 0.6174911660777385 0.5935960591133005 0.5282685512367491 0.7438423645320197 0.5273851590106007 0.7446633825944171 0.6837455830388692 0.7438423645320197 0.6846289752650176
0 0.8735632183908046 0.6669611307420494 0.7553366174055829 0.6669611307420494 0.7545155993431856 0.5282685512367491 0.8735632183908046 0.5273851590106007 0.874384236453202 0.666077738515901 0.8735632183908046 0.6669611307420494
0 0.458128078817734 0.6793286219081273 0.38587848932676516 0.6793286219081273 0.3850574712643678 0.5795053003533569 0.458128078817734 0.5786219081272085 0.45894909688013136 0.6784452296819788 0.458128078817734 0.6793286219081273
0 0.5796387520525451 0.808303886925795 0.4663382594417077 0.808303886925795 0.46551724137931033 0.5795053003533569 0.5796387520525451 0.5786219081272085 0.5804597701149425 0.8074204946996466 0.5796387520525451 0.808303886925795
0 0.8735632183908046 0.8878091872791519 0.7865353037766831 0.8878091872791519 0.7857142857142857 0.6925795053003534 0.8111658456486043 0.691696113074205 0.8119868637110016 0.676678445229682 0.8735632183908046 0.6757950530035336 0.874384236453202 0.8869257950530035 0.8735632183908046 0.8878091872791519
0 0.458128078817734 0.7234982332155477 0.38587848932676516 0.7234982332155477 0.3850574712643678 0.6872791519434629 0.458128078817734 0.6863957597173145 0.45894909688013136 0.7226148409893993 0.458128078817734 0.7234982332155477
0 0.7783251231527094 0.8878091872791519 0.5894909688013136 0.8878091872791519 0.5886699507389163 0.6925795053003534 0.7783251231527094 0.691696113074205 0.7791461412151067 0.8869257950530035 0.7783251231527094 0.8878091872791519