0 0.5401929260450161 0.4606003752345216 0.37942122186495175 0.4606003752345216 0.3778135048231511 0.4540337711069418 0.12218649517684887 0.4530956848030019 0.12057877813504823 0.1894934333958724 0.5498392282958199 0.18855534709193245 0.5514469453376206 0.3677298311444653 0.5434083601286174 0.36866791744840527 0.5418006430868167 0.4596622889305816 0.5401929260450161 0.4606003752345216
0 0.8617363344051447 0.40431519699812385 0.5562700964630225 0.40431519699812385 0.5546623794212219 0.3696060037523452 0.5514469453376206 0.3677298311444653 0.5514469453376206 0.1894934333958724 0.8617363344051447 0.18855534709193245 0.8633440514469454 0.40337711069418386 0.8617363344051447 0.40431519699812385
0 0.6881028938906752 0.5487804878048781 0.5562700964630225 0.5487804878048781 0.5546623794212219 0.41088180112570355 0.8617363344051447 0.4099437148217636 0.8633440514469454 0.4915572232645403 0.7877813504823151 0.4924953095684803 0.7845659163987139 0.49437148217636023 0.7781350482315113 0.49437148217636023 0.77491961414791 0.49624765478424016 0.7620578778135049 0.49624765478424016 0.7588424437299035 0.4981238273921201 0.752411575562701 0.4981238273921201 0.7491961414790996 0.5 0.7427652733118971 0.5 0.7395498392282959 0.50187617260788 0.729903536977492 0.50187617260788 0.7266881028938906 0.5037523452157598 0.7138263665594855 0.5037523452157598 0.7106109324758842 0.5056285178236398 0.7041800643086816 0.5056285178236398 0.7009646302250804 0.5075046904315197 0.6913183279742765 0.5075046904315197 0.6897106109324759 0.5478424015009381 0.6881028938906752 0.5487804878048781
0 0.3054662379421222 0.5581613508442776 0.12218649517684887 0.5581613508442776 0.12057877813504823 0.46153846153846156 0.3054662379421222 0.4606003752345216 0.3070739549839228 0.5572232645403377 0.3054662379421222 0.5581613508442776
0 0.5401929260450161 0.7213883677298312 0.40836012861736337 0.7213883677298312 0.4067524115755627 0.5590994371482176 0.3183279742765273 0.5581613508442776 0.3167202572347267 0.46153846153846156 0.5401929260450161 0.4606003752345216 0.5418006430868167 0.7204502814258912 0.5401929260450161 0.7213883677298312
0 0.8617363344051447 0.5844277673545967 0.7009646302250804 0.5844277673545967 0.6993569131832797 0.5140712945590994 0.707395498392283 0.5131332082551595 0.7106109324758842 0.5112570356472795 0.7202572347266881 0.5112570356472795 0.7234726688102894 0.5093808630393997 0.7331189710610932 0.5093808630393997 0.7363344051446945 0.5075046904315197 0.7459807073954984 0.5075046904315197 0.7491961414790996 0.5056285178236398 0.7556270096463023 0.5056285178236398 0.7588424437299035 0.5037523452157598 0.7717041800643086 0.5037523452157598 0.77491961414791 0.50187617260788 0.7813504823151125 0.50187617260788 0.7845659163987139 0.5 0.8617363344051447 0.5 0.8633440514469454 0.5834896810506567 0.8617363344051447 0.5844277673545967
0 0.6881028938906752 0.6219512195121951 0.5562700964630225 0.6219512195121951 0.5546623794212219 0.5572232645403377 0.6881028938906752 0.5562851782363978 0.6897106109324759 0.6210131332082551 0.6881028938906752 0.6219512195121951
0 0.3954983922829582 0.8189493433395872 0.12218649517684887 0.8189493433395872 0.12057877813504823 0.5666041275797373 0.3954983922829582 0.5656660412757973 0.3971061093247588 0.8180112570356473 0.3954983922829582 0.8189493433395872
0 0.8617363344051447 0.8189493433395872 0.5562700964630225 0.8189493433395872 0.5546623794212219 0.6285178236397748 0.6977491961414791 0.6275797373358349 0.6993569131832797 0.5909943714821764 0.8617363344051447 0.5900562851782364 0.8633440514469454 0.8180112570356473 0.8617363344051447 0.8189493433395872
0 0.5401929260450161 0.8189493433395872 0.40836012861736337 0.8189493433395872 0.4067524115755627 0.7279549718574109 0.5401929260450161 0.7270168855534709 0.5418006430868167 0.8180112570356473 0.5401929260450161 0.8189493433395872
0 0.6591639871382636 0.948405253283302 0.5241157556270096 0.948405253283302 0.522508038585209 0.8348968105065666 0.6591639871382636 0.8339587242026266 0.6607717041800643 0.9474671669793621 0.6591639871382636 0.948405253283302