0 0.8302752293577982 0.47586872586872586 0.6364678899082569 0.47586872586872586 0.6370412844036697 0.222007722007722 0.9541284403669725 0.22104247104247104 0.9547018348623854 0.41505791505791506 0.8314220183486238 0.416023166023166 0.830848623853211 0.4749034749034749 0.8302752293577982 0.47586872586872586
0 0.15711009174311927 0.4700772200772201 0.05045871559633028 0.4700772200772201 0.04988532110091743 0.22393822393822393 0.15711009174311927 0.22297297297297297 0.15768348623853212 0.4691119691119691 0.15711009174311927 0.4700772200772201
0 0.24426605504587157 0.4700772200772201 0.1628440366972477 0.4700772200772201 0.16227064220183487 0.22393822393822393 0.24426605504587157 0.22297297297297297 0.2448394495412844 0.4691119691119691 0.24426605504587157 0.4700772200772201
0 0.36811926605504586 0.4700772200772201 0.25 0.4700772200772201 0.24942660550458715 0.22393822393822393 0.36811926605504586 0.22297297297297297 0.36869266055045874 0.4691119691119691 0.36811926605504586 0.4700772200772201
0 0.9541284403669725 0.6862934362934363 0.8360091743119266 0.6862934362934363 0.8354357798165137 0.416988416988417 0.9541284403669725 0.416023166023166 0.9547018348623854 0.6853281853281853 0.9541284403669725 0.6862934362934363
0 0.7087155963302753 0.6862934362934363 0.6364678899082569 0.6862934362934363 0.635894495412844 0.4826254826254826 0.7660550458715596 0.48166023166023164 0.7666284403669725 0.5115830115830116 0.7706422018348624 0.5125482625482626 0.7712155963302753 0.4768339768339768 0.8302752293577982 0.47586872586872586 0.830848623853211 0.5945945945945946 0.7098623853211009 0.5955598455598455 0.7092889908256881 0.6853281853281853 0.7087155963302753 0.6862934362934363
0 0.0860091743119266 0.6824324324324325 0.04931192660550459 0.6824324324324325 0.04873853211009174 0.4806949806949807 0.2855504587155963 0.4797297297297297 0.2861238532110092 0.5424710424710425 0.0871559633027523 0.5434362934362934 0.08658256880733944 0.5501930501930502 0.08944954128440367 0.5511583011583011 0.09002293577981652 0.6254826254826255 0.0871559633027523 0.6264478764478765 0.08658256880733944 0.6814671814671814 0.0860091743119266 0.6824324324324325
0 0.36811926605504586 0.6824324324324325 0.29128440366972475 0.6824324324324325 0.2907110091743119 0.4806949806949807 0.36811926605504586 0.4797297297297297 0.36869266055045874 0.6814671814671814 0.36811926605504586 0.6824324324324325
0 0.14678899082568808 0.6824324324324325 0.0871559633027523 0.6824324324324325 0.08658256880733944 0.6274131274131274 0.08944954128440367 0.6264478764478765 0.09002293577981652 0.5521235521235521 0.14678899082568808 0.5511583011583011 0.1473623853211009 0.6814671814671814 0.14678899082568808 0.6824324324324325
0 0.19954128440366972 0.6824324324324325 0.15252293577981652 0.6824324324324325 0.15194954128440366 0.5521235521235521 0.19954128440366972 0.5511583011583011 0.20011467889908258 0.6814671814671814 0.19954128440366972 0.6824324324324325
0 0.2855504587155963 0.6824324324324325 0.20527522935779816 0.6824324324324325 0.20470183486238533 0.5521235521235521 0.2855504587155963 0.5511583011583011 0.2861238532110092 0.6814671814671814 0.2855504587155963 0.6824324324324325
0 0.7672018348623854 0.6862934362934363 0.7144495412844036 0.6862934362934363 0.7138761467889908 0.6023166023166023 0.7672018348623854 0.6013513513513513 0.7677752293577982 0.6853281853281853 0.7672018348623854 0.6862934362934363
0 0.8302752293577982 0.63996138996139 0.7729357798165137 0.63996138996139 0.7723623853211009 0.6042471042471043 0.8302752293577982 0.6032818532818532 0.830848623853211 0.638996138996139 0.8302752293577982 0.63996138996139
0 0.5172018348623854 0.8581081081081081 0.3795871559633027 0.8581081081081081 0.3790137614678899 0.6216216216216216 0.5172018348623854 0.6206563706563707 0.5177752293577982 0.8571428571428571 0.5172018348623854 0.8581081081081081