0 0.10672853828306264 0.13484087102177555 0.06264501160092807 0.13484087102177555 0.06206496519721578 0.05695142378559464 0.10672853828306264 0.05611390284757119 0.10730858468677494 0.13400335008375208 0.10672853828306264 0.13484087102177555
0 0.16357308584686775 0.41457286432160806 0.1368909512761021 0.41457286432160806 0.13631090487238978 0.32830820770519265 0.11252900232018562 0.3274706867671692 0.11194895591647332 0.05695142378559464 0.27842227378190254 0.05611390284757119 0.2790023201856148 0.35845896147403683 0.19721577726218098 0.3592964824120603 0.19663573085846867 0.34338358458961477 0.1751740139211137 0.3425460636515913 0.1745939675174014 0.34673366834170855 0.1937354988399072 0.347571189279732 0.1943155452436195 0.38358458961474035 0.16473317865429235 0.3844221105527638 0.16415313225058004 0.4137353433835846 0.16357308584686775 0.41457286432160806
0 0.5336426914153132 0.41457286432160806 0.2842227378190255 0.41457286432160806 0.28364269141531323 0.05695142378559464 0.5336426914153132 0.05611390284757119 0.5342227378190255 0.4137353433835846 0.5336426914153132 0.41457286432160806
0 0.6194895591647331 0.41457286432160806 0.5382830626450116 0.41457286432160806 0.5377030162412993 0.05695142378559464 0.6194895591647331 0.05611390284757119 0.6200696055684455 0.4137353433835846 0.6194895591647331 0.41457286432160806
0 0.7911832946635731 0.41457286432160806 0.6241299303944315 0.41457286432160806 0.6235498839907193 0.05695142378559464 0.7911832946635731 0.05611390284757119 0.7917633410672854 0.4137353433835846 0.7911832946635731 0.41457286432160806
0 0.9593967517401392 0.41457286432160806 0.7946635730858469 0.41457286432160806 0.7940835266821346 0.05695142378559464 0.9593967517401392 0.05611390284757119 0.9599767981438515 0.4137353433835846 0.9593967517401392 0.41457286432160806
0 0.1334106728538283 0.3509212730318258 0.11252900232018562 0.3509212730318258 0.11194895591647332 0.3316582914572864 0.1334106728538283 0.330820770519263 0.1339907192575406 0.3500837520938023 0.1334106728538283 0.3509212730318258
0 0.1334106728538283 0.41457286432160806 0.11252900232018562 0.41457286432160806 0.11194895591647332 0.35510887772194305 0.1334106728538283 0.3542713567839196 0.1339907192575406 0.4137353433835846 0.1334106728538283 0.41457286432160806
0 0.23781902552204176 0.41457286432160806 0.19721577726218098 0.41457286432160806 0.19663573085846867 0.36348408710217756 0.23781902552204176 0.3626465661641541 0.23839907192575405 0.4137353433835846 0.23781902552204176 0.41457286432160806
0 0.27842227378190254 0.41457286432160806 0.24245939675174014 0.41457286432160806 0.24187935034802785 0.36348408710217756 0.27842227378190254 0.3626465661641541 0.2790023201856148 0.4137353433835846 0.27842227378190254 0.41457286432160806
0 0.1937354988399072 0.41457286432160806 0.16705336426914152 0.41457286432160806 0.16647331786542924 0.39028475711892796 0.1937354988399072 0.38944723618090454 0.1943155452436195 0.4137353433835846 0.1937354988399072 0.41457286432160806
0 0.07424593967517401 0.5402010050251256 0.022041763341067284 0.5402010050251256 0.021461716937354988 0.4221105527638191 0.0951276102088167 0.4212730318257956 0.095707656612529 0.5142378559463987 0.08932714617169374 0.5234505862646566 0.08352668213457076 0.5301507537688442 0.0777262180974478 0.5368509212730318 0.07424593967517401 0.5402010050251256
0 0.16357308584686775 0.5150753768844221 0.09860788863109049 0.5150753768844221 0.09802784222737819 0.4221105527638191 0.16357308584686775 0.4212730318257956 0.16415313225058004 0.5142378559463987 0.16357308584686775 0.5150753768844221
0 0.23781902552204176 0.5753768844221105 0.16705336426914152 0.5753768844221105 0.16647331786542924 0.4221105527638191 0.23781902552204176 0.4212730318257956 0.23839907192575405 0.5745393634840871 0.23781902552204176 0.5753768844221105
0 0.28074245939675174 0.5418760469011725 0.24245939675174014 0.5418760469011725 0.24187935034802785 0.4221105527638191 0.28074245939675174 0.4212730318257956 0.28132250580046403 0.541038525963149 0.28074245939675174 0.5418760469011725
0 0.1902552204176334 0.9120603015075377 0.022041763341067284 0.9120603015075377 0.021461716937354988 0.6683417085427136 0.052204176334106726 0.6675041876046901 0.05278422273781903 0.5460636515912898 0.07540603248259861 0.5452261306532663 0.0777262180974478 0.5418760469011725 0.08468677494199536 0.533500837520938 0.09164733178654293 0.5251256281407035 0.09744779582366589 0.518425460636516 0.16357308584686775 0.518425460636516 0.16415313225058004 0.5795644891122278 0.24129930394431554 0.5804020100502513 0.24187935034802785 0.5477386934673367 0.28074245939675174 0.5469011725293133 0.28132250580046403 0.6030150753768844 0.21693735498839908 0.6038525963149078 0.21635730858468677 0.7906197654941374 0.19083526682134572 0.8274706867671692 0.19083526682134572 0.9112227805695142 0.1902552204176334 0.9120603015075377
0 0.04988399071925754 0.6641541038525963 0.022041763341067284 0.6641541038525963 0.021461716937354988 0.5460636515912898 0.04988399071925754 0.5452261306532663 0.05046403712296984 0.6633165829145728 0.04988399071925754 0.6641541038525963
0 0.28074245939675174 0.6658291457286433 0.22041763341067286 0.6658291457286433 0.21983758700696054 0.609715242881072 0.28074245939675174 0.6088777219430486 0.28132250580046403 0.6649916247906198 0.28074245939675174 0.6658291457286433
0 0.5475638051044084 0.7780569514237856 0.45591647331786544 0.7780569514237856 0.45533642691415316 0.6147403685092128 0.5475638051044084 0.6139028475711893 0.5481438515081206 0.7772194304857621 0.5475638051044084 0.7780569514237856
0 0.6310904872389791 0.7613065326633166 0.5545243619489559 0.7613065326633166 0.5539443155452436 0.6147403685092128 0.6310904872389791 0.6139028475711893 0.6316705336426914 0.7604690117252931 0.6310904872389791 0.7613065326633166
0 0.808584686774942 0.7830820770519263 0.7169373549883991 0.7830820770519263 0.7163573085846868 0.6147403685092128 0.808584686774942 0.6139028475711893 0.8091647331786543 0.7822445561139029 0.808584686774942 0.7830820770519263
0 0.6763341067285383 0.6842546063651591 0.6368909512761021 0.6842546063651591 0.6363109048723898 0.6180904522613065 0.7122969837587007 0.6172529313232831 0.712877030162413 0.6666666666666666 0.691415313225058 0.6675041876046901 0.6890951276102089 0.6708542713567839 0.6844547563805105 0.6758793969849246 0.679814385150812 0.6809045226130653 0.6763341067285383 0.6842546063651591
0 0.28074245939675174 0.7897822445561139 0.22041763341067286 0.7897822445561139 0.21983758700696054 0.6700167504187605 0.28074245939675174 0.669179229480737 0.28132250580046403 0.7889447236180904 0.28074245939675174 0.7897822445561139
0 0.7122969837587007 0.7830820770519263 0.6368909512761021 0.7830820770519263 0.6363109048723898 0.6934673366834171 0.6763341067285383 0.6926298157453936 0.6774941995359629 0.6909547738693468 0.6821345707656613 0.6859296482412061 0.6867749419953596 0.6809045226130653 0.691415313225058 0.6758793969849246 0.7122969837587007 0.6758793969849246 0.712877030162413 0.7822445561139029 0.7122969837587007 0.7830820770519263
0 0.7122969837587007 0.9539363484087102 0.5997679814385151 0.9539363484087102 0.5991879350348028 0.864321608040201 0.5968677494199536 0.8609715242881072 0.5910672853828306 0.8509212730318257 0.5875870069605569 0.8442211055276382 0.5829466357308585 0.8358458961474037 0.5783062645011601 0.8274706867671692 0.5736658932714617 0.8190954773869347 0.5690255220417634 0.8107202680067002 0.564385150812065 0.8023450586264657 0.5597447795823666 0.7939698492462312 0.5551044083526682 0.7855946398659966 0.5539443155452436 0.7822445561139029 0.5539443155452436 0.7621440536013401 0.5997679814385151 0.7613065326633166 0.6003480278422274 0.7654941373534339 0.6310904872389791 0.7663316582914573 0.6316705336426914 0.7872696817420436 0.7122969837587007 0.788107202680067 0.712877030162413 0.9530988274706867 0.7122969837587007 0.9539363484087102
0 0.5939675174013921 0.9539363484087102 0.45591647331786544 0.9539363484087102 0.45533642691415316 0.7855946398659966 0.548723897911833 0.7847571189279732 0.5504640371229699 0.7872696817420436 0.5551044083526682 0.7956448911222781 0.558584686774942 0.8023450586264657 0.5620649651972158 0.8090452261306532 0.5667053364269141 0.8174204355108877 0.5725058004640371 0.8274706867671692 0.5771461716937355 0.8358458961474037 0.5817865429234339 0.8442211055276382 0.5852668213457076 0.8509212730318257 0.589907192575406 0.8592964824120602 0.5945475638051044 0.8676716917922948 0.5945475638051044 0.9530988274706867 0.5939675174013921 0.9539363484087102
0 0.7621809744779582 0.9539363484087102 0.7169373549883991 0.9539363484087102 0.7163573085846868 0.7889447236180904 0.7621809744779582 0.788107202680067 0.7627610208816705 0.9530988274706867 0.7621809744779582 0.9539363484087102
0 0.808584686774942 0.8701842546063652 0.7668213457076566 0.8701842546063652 0.7662412993039444 0.7889447236180904 0.808584686774942 0.788107202680067 0.8091647331786543 0.8693467336683417 0.808584686774942 0.8701842546063652
0 0.28074245939675174 0.9120603015075377 0.19489559164733178 0.9120603015075377 0.1943155452436195 0.8291457286432161 0.21577726218097448 0.7981574539363484 0.22041763341067286 0.7931323283082077 0.28074245939675174 0.7931323283082077 0.28132250580046403 0.9112227805695142 0.28074245939675174 0.9120603015075377
0 0.808584686774942 0.9539363484087102 0.7668213457076566 0.9539363484087102 0.7662412993039444 0.8777219430485762 0.808584686774942 0.8768844221105527 0.8091647331786543 0.9128978224455612 0.7877030162412993 0.9137353433835846 0.787122969837587 0.916247906197655 0.808584686774942 0.9170854271356784 0.8091647331786543 0.9530988274706867 0.808584686774942 0.9539363484087102