0 0.26300148588410105 0.32879656160458454 0.16047548291233285 0.32879656160458454 0.15973254086181277 0.2163323782234957 0.02526002971768202 0.21561604584527222 0.02451708766716196 0.10744985673352435 0.2674591381872214 0.10673352435530085 0.26820208023774145 0.2163323782234957 0.26448736998514116 0.2170487106017192 0.2637444279346211 0.32808022922636104 0.26300148588410105 0.32879656160458454
0 0.14710252600297177 0.3302292263610315 0.03863298662704309 0.3302292263610315 0.03789004457652303 0.29083094555873923 0.02526002971768202 0.29011461318051573 0.02451708766716196 0.22206303724928367 0.14710252600297177 0.22134670487106017 0.14784546805349183 0.32951289398280803 0.14710252600297177 0.3302292263610315
0 0.19910846953937592 0.47492836676217765 0.02526002971768202 0.47492836676217765 0.02451708766716196 0.33810888252148996 0.19910846953937592 0.33739255014326647 0.199851411589896 0.47421203438395415 0.19910846953937592 0.47492836676217765
0 0.2897473997028232 0.7929799426934098 0.21099554234769688 0.7929799426934098 0.21025260029717682 0.6934097421203438 0.2199108469539376 0.6926934097421203 0.22065378900445765 0.6876790830945558 0.21099554234769688 0.6869627507163324 0.21025260029717682 0.6833810888252149 0.20059435364041606 0.6826647564469914 0.199851411589896 0.6518624641833811 0.20950965824665677 0.6511461318051576 0.21025260029717682 0.5759312320916905 0.2288261515601783 0.5752148997134671 0.22956909361069835 0.5687679083094556 0.21099554234769688 0.5680515759312321 0.21025260029717682 0.5573065902578797 0.20059435364041606 0.5565902578796562 0.199851411589896 0.5257879656160458 0.20950965824665677 0.5250716332378224 0.21025260029717682 0.47277936962750716 0.20059435364041606 0.47206303724928367 0.199851411589896 0.4369627507163324 0.20950965824665677 0.4362464183381089 0.21025260029717682 0.42406876790830944 0.27191679049034173 0.42335243553008595 0.27340267459138184 0.4262177650429799 0.2867756315007429 0.4262177650429799 0.287518573551263 0.5673352435530086 0.2540861812778603 0.5680515759312321 0.25334323922734026 0.5744985673352435 0.29420505200594355 0.5752148997134671 0.2949479940564636 0.5415472779369628 0.32838038632986627 0.5408309455587392 0.3291233283803863 0.5343839541547278 0.29569093610698366 0.5336676217765043 0.29569093610698366 0.5322349570200573 0.3789004457652303 0.5322349570200573 0.37964338781575035 0.5630372492836676 0.5690936106983655 0.5637535816618912 0.5698365527488856 0.6045845272206304 0.7102526002971769 0.6053008595988538 0.7109955423476969 0.6848137535816619 0.3774145616641902 0.6855300859598854 0.37592867756315007 0.6869627507163324 0.27934621099554235 0.6869627507163324 0.2786032689450223 0.6919770773638968 0.2897473997028232 0.6926934097421203 0.29049034175334326 0.7922636103151862 0.2897473997028232 0.7929799426934098
0 0.5690936106983655 0.5637535816618912 0.3803863298662704 0.5637535816618912 0.37964338781575035 0.5329512893982808 0.29569093610698366 0.5322349570200573 0.2949479940564636 0.4269340974212034 0.37444279346210996 0.4262177650429799 0.37592867756315007 0.42335243553008595 0.5601783060921248 0.42335243553008595 0.5609212481426449 0.46131805157593125 0.5690936106983655 0.46203438395415475 0.5698365527488856 0.5630372492836676 0.5690936106983655 0.5637535816618912
0 0.9435364041604755 0.8861031518624641 0.7102526002971769 0.8861031518624641 0.7095096582466568 0.6862464183381088 0.7109955423476969 0.6848137535816619 0.7109955423476969 0.6060171919770774 0.5705794947994056 0.6053008595988538 0.5698365527488856 0.42406876790830944 0.7399702823179792 0.42335243553008595 0.7407132243684993 0.6117478510028653 0.7518573551263001 0.6124641833810889 0.7526002971768202 0.6203438395415473 0.7726597325408618 0.6210601719197708 0.7734026745913819 0.6160458452722063 0.8306092124814265 0.6153295128939829 0.8320950965824666 0.6124641833810889 0.9435364041604755 0.6124641833810889 0.9442793462109955 0.8853868194842407 0.9435364041604755 0.8861031518624641
0 0.9435364041604755 0.6053008595988538 0.7488855869242199 0.6053008595988538 0.7473997028231798 0.6024355300859598 0.7414561664190193 0.6024355300859598 0.7407132243684993 0.5587392550143266 0.7473997028231798 0.5580229226361032 0.7481426448736999 0.42406876790830944 0.9435364041604755 0.42335243553008595 0.9442793462109955 0.6045845272206304 0.9435364041604755 0.6053008595988538
0 0.19910846953937592 0.5680515759312321 0.02526002971768202 0.5680515759312321 0.02451708766716196 0.4828080229226361 0.19910846953937592 0.4820916905444126 0.199851411589896 0.5673352435530086 0.19910846953937592 0.5680515759312321
0 0.19910846953937592 0.8832378223495702 0.02526002971768202 0.8832378223495702 0.02451708766716196 0.5759312320916905 0.19910846953937592 0.5752148997134671 0.199851411589896 0.8825214899713467 0.19910846953937592 0.8832378223495702
0 0.5185735512630015 0.8861031518624641 0.37592867756315007 0.8861031518624641 0.37518573551263 0.6948424068767909 0.3803863298662704 0.6941260744985673 0.38112927191679047 0.6876790830945558 0.3774145616641902 0.6869627507163324 0.3774145616641902 0.6855300859598854 0.4234769687964339 0.6855300859598854 0.42421991084695393 0.6934097421203438 0.5185735512630015 0.6941260744985673 0.5193164933135216 0.8853868194842407 0.5185735512630015 0.8861031518624641
0 0.7013372956909361 0.8861031518624641 0.5274888558692422 0.8861031518624641 0.5267459138187222 0.6948424068767909 0.5304606240713224 0.6941260744985673 0.5312035661218425 0.6862464183381088 0.5720653789004457 0.6855300859598854 0.5728083209509658 0.6934097421203438 0.7013372956909361 0.6941260744985673 0.7020802377414561 0.8853868194842407 0.7013372956909361 0.8861031518624641
0 0.36701337295690933 0.7929799426934098 0.2971768202080238 0.7929799426934098 0.2964338781575037 0.6934097421203438 0.300148588410104 0.6926934097421203 0.30089153046062406 0.6876790830945558 0.337295690936107 0.6869627507163324 0.33803863298662706 0.6919770773638968 0.36701337295690933 0.6926934097421203 0.36775631500742945 0.7922636103151862 0.36701337295690933 0.7929799426934098