0 0.6617647058823529 0.34280532043530837 0.5833333333333334 0.34280532043530837 0.5808823529411765 0.34159613059250304 0.3480392156862745 0.34159613059250304 0.34681372549019607 0.17291414752116083 0.6617647058823529 0.17230955259975816 0.6629901960784313 0.3422007255139057 0.6617647058823529 0.34280532043530837
0 0.9068627450980392 0.34280532043530837 0.6691176470588235 0.34280532043530837 0.6678921568627451 0.17291414752116083 0.9068627450980392 0.17230955259975816 0.9080882352941176 0.3422007255139057 0.9068627450980392 0.34280532043530837
0 0.3382352941176471 0.40447400241837966 0.11764705882352941 0.40447400241837966 0.11642156862745098 0.22370012091898428 0.11397058823529412 0.22249093107617895 0.3382352941176471 0.2218863361547763 0.3394607843137255 0.40386940749697703 0.3382352941176471 0.40447400241837966
0 0.5808823529411765 0.4322853688029021 0.39705882352941174 0.4322853688029021 0.3737745098039216 0.4207980652962515 0.35661764705882354 0.4111245465538089 0.34681372549019607 0.40507859733978235 0.34681372549019607 0.39298669891172916 0.3443627450980392 0.39177750906892383 0.3443627450980392 0.373639661426844 0.34191176470588236 0.3724304715840387 0.34191176470588236 0.3555018137847642 0.3394607843137255 0.3542926239419589 0.3394607843137255 0.3422007255139057 0.5808823529411765 0.34159613059250304 0.5821078431372549 0.4316807738814994 0.5808823529411765 0.4322853688029021
0 0.9068627450980392 0.48428053204353083 0.5882352941176471 0.48428053204353083 0.5870098039215687 0.347037484885127 0.9068627450980392 0.3464328899637243 0.9080882352941176 0.4836759371221282 0.9068627450980392 0.48428053204353083
0 0.36519607843137253 0.4576783555018138 0.11519607843137254 0.4576783555018138 0.11397058823529412 0.40870616686819833 0.3431372549019608 0.40810157194679564 0.3492647058823529 0.4111245465538089 0.36887254901960786 0.42200725513905685 0.38848039215686275 0.4328899637243047 0.3737745098039216 0.44014510278113667 0.36642156862745096 0.4449818621523579 0.36642156862745096 0.4570737605804111 0.36519607843137253 0.4576783555018138
0 0.4730392156862745 0.48428053204353083 0.3700980392156863 0.48428053204353083 0.36887254901960786 0.44740024183796856 0.39215686274509803 0.435912938331318 0.4730392156862745 0.435912938331318 0.4742647058823529 0.4836759371221282 0.4730392156862745 0.48428053204353083
0 0.5808823529411765 0.48428053204353083 0.48284313725490197 0.48428053204353083 0.48161764705882354 0.4365175332527207 0.5808823529411765 0.435912938331318 0.5821078431372549 0.4836759371221282 0.5808823529411765 0.48428053204353083
0 0.23039215686274508 0.5193470374848851 0.11764705882352941 0.5193470374848851 0.11642156862745098 0.45828295042321643 0.19117647058823528 0.4576783555018138 0.20710784313725492 0.4655380894800484 0.23161764705882354 0.4788391777509069 0.23161764705882354 0.5187424425634825 0.23039215686274508 0.5193470374848851
0 0.3602941176470588 0.5193470374848851 0.24509803921568626 0.5193470374848851 0.24387254901960784 0.47762998790810157 0.21446078431372548 0.46311970979443773 0.20710784313725492 0.45828295042321643 0.3602941176470588 0.4576783555018138 0.36151960784313725 0.5187424425634825 0.3602941176470588 0.5193470374848851
0 0.3431372549019608 0.7043530834340992 0.11029411764705882 0.7043530834340992 0.1090686274509804 0.6372430471584039 0.3431372549019608 0.6366384522370012 0.3443627450980392 0.7037484885126964 0.3431372549019608 0.7043530834340992
0 0.35784313725490197 0.9099153567110037 0.11029411764705882 0.9099153567110037 0.1090686274509804 0.7110036275695284 0.35784313725490197 0.7103990326481258 0.3590686274509804 0.909310761789601 0.35784313725490197 0.9099153567110037