0 0.361997226074896 0.31359223300970873 0.17891816920943135 0.31359223300970873 0.1782246879334258 0.02912621359223301 0.361997226074896 0.02815533980582524 0.36269070735090153 0.312621359223301 0.361997226074896 0.31359223300970873
0 0.49375866851595007 0.20097087378640777 0.37031900138696255 0.20097087378640777 0.369625520110957 0.02912621359223301 0.49375866851595007 0.02815533980582524 0.4944521497919556 0.2 0.49375866851595007 0.20097087378640777
0 0.855755894590846 0.31359223300970873 0.5034674063800277 0.31359223300970873 0.5027739251040222 0.02912621359223301 0.855755894590846 0.02815533980582524 0.8564493758668515 0.312621359223301 0.855755894590846 0.31359223300970873
0 0.5575589459084604 0.7194174757281553 0.47711511789181693 0.7194174757281553 0.4764216366158114 0.625242718446602 0.37031900138696255 0.6242718446601941 0.369625520110957 0.21165048543689322 0.5020804438280166 0.21067961165048543 0.5027739251040222 0.312621359223301 0.4618585298196949 0.31359223300970873 0.46116504854368934 0.5339805825242718 0.5575589459084604 0.5349514563106796 0.558252427184466 0.6233009708737864 0.5520110957004161 0.6242718446601941 0.5513176144244105 0.6427184466019418 0.5575589459084604 0.6436893203883495 0.558252427184466 0.7184466019417476 0.5575589459084604 0.7194174757281553
0 0.361997226074896 0.6242718446601941 0.17891816920943135 0.6242718446601941 0.1782246879334258 0.3320388349514563 0.361997226074896 0.33106796116504855 0.36269070735090153 0.6233009708737864 0.361997226074896 0.6242718446601941
0 0.5561719833564494 0.43398058252427185 0.46879334257975036 0.43398058252427185 0.4680998613037448 0.3320388349514563 0.5561719833564494 0.33106796116504855 0.5568654646324549 0.4330097087378641 0.5561719833564494 0.43398058252427185
0 0.5575589459084604 0.43398058252427185 0.5568654646324549 0.3320388349514563 0.558252427184466 0.3320388349514563 0.558252427184466 0.4330097087378641 0.5575589459084604 0.43398058252427185
0 0.855755894590846 0.6242718446601941 0.5672676837725381 0.6242718446601941 0.5665742024965326 0.3320388349514563 0.855755894590846 0.33106796116504855 0.8564493758668515 0.6233009708737864 0.855755894590846 0.6242718446601941
0 0.5561719833564494 0.5233009708737864 0.46879334257975036 0.5233009708737864 0.4680998613037448 0.4446601941747573 0.5561719833564494 0.4436893203883495 0.5568654646324549 0.5223300970873787 0.5561719833564494 0.5233009708737864
0 0.5575589459084604 0.5233009708737864 0.5568654646324549 0.4446601941747573 0.558252427184466 0.4446601941747573 0.558252427184466 0.5223300970873787 0.5575589459084604 0.5233009708737864
0 0.855755894590846 0.8611650485436894 0.5686546463245492 0.8611650485436894 0.5679611650485437 0.6446601941747573 0.855755894590846 0.6436893203883495 0.8564493758668515 0.8601941747572815 0.855755894590846 0.8611650485436894
0 0.5575589459084604 0.8611650485436894 0.47711511789181693 0.8611650485436894 0.4764216366158114 0.7320388349514563 0.5575589459084604 0.7310679611650486 0.558252427184466 0.8601941747572815 0.5575589459084604 0.8611650485436894