0 0.2674285714285714 0.4261904761904762 0.08571428571428572 0.4261904761904762 0.08514285714285715 0.09047619047619047 0.2674285714285714 0.08968253968253968 0.268 0.4253968253968254 0.2674285714285714 0.4261904761904762
0 0.4491428571428571 0.3341269841269841 0.2754285714285714 0.3341269841269841 0.27485714285714286 0.09047619047619047 0.392 0.08968253968253968 0.39257142857142857 0.2365079365079365 0.4937142857142857 0.2373015873015873 0.4942857142857143 0.2746031746031746 0.49257142857142855 0.276984126984127 0.48742857142857143 0.28253968253968254 0.4845714285714286 0.28809523809523807 0.4805714285714286 0.2920634920634921 0.48 0.29444444444444445 0.46514285714285714 0.3134920634920635 0.4634285714285714 0.3142857142857143 0.4617142857142857 0.31825396825396823 0.4554285714285714 0.3253968253968254 0.45371428571428574 0.32936507936507936 0.4491428571428571 0.3341269841269841
0 0.49257142857142855 0.22777777777777777 0.4 0.22777777777777777 0.3994285714285714 0.16825396825396827 0.4017142857142857 0.16666666666666666 0.4017142857142857 0.09047619047619047 0.49257142857142855 0.08968253968253968 0.49314285714285716 0.22698412698412698 0.49257142857142855 0.22777777777777777
0 0.8251428571428572 0.41825396825396827 0.536 0.41825396825396827 0.5354285714285715 0.346031746031746 0.45371428571428574 0.34523809523809523 0.464 0.32936507936507936 0.46685714285714286 0.326984126984127 0.4685714285714286 0.32301587301587303 0.47485714285714287 0.31587301587301586 0.4754285714285714 0.3134920634920635 0.48914285714285716 0.29603174603174603 0.49885714285714283 0.2841269841269841 0.49942857142857144 0.28174603174603174 0.5022857142857143 0.27936507936507937 0.5022857142857143 0.09047619047619047 0.8251428571428572 0.08968253968253968 0.8257142857142857 0.4174603174603175 0.8251428571428572 0.41825396825396827
0 0.528 0.6325396825396825 0.4674285714285714 0.6325396825396825 0.46685714285714286 0.5825396825396826 0.2754285714285714 0.5817460317460318 0.27485714285714286 0.346031746031746 0.5348571428571428 0.34523809523809523 0.5354285714285715 0.5619047619047619 0.5291428571428571 0.5626984126984127 0.5285714285714286 0.6317460317460317 0.528 0.6325396825396825
0 0.8251428571428572 0.7468253968253968 0.6697142857142857 0.7468253968253968 0.6691428571428572 0.6333333333333333 0.536 0.6325396825396825 0.5354285714285715 0.41904761904761906 0.8251428571428572 0.41825396825396827 0.8257142857142857 0.746031746031746 0.8251428571428572 0.7468253968253968
0 0.2674285714285714 0.7468253968253968 0.08571428571428572 0.7468253968253968 0.08514285714285715 0.4380952380952381 0.2674285714285714 0.4373015873015873 0.268 0.746031746031746 0.2674285714285714 0.7468253968253968
0 0.3782857142857143 0.7468253968253968 0.2754285714285714 0.7468253968253968 0.27485714285714286 0.5904761904761905 0.3782857142857143 0.5896825396825397 0.37885714285714284 0.746031746031746 0.3782857142857143 0.7468253968253968
0 0.4594285714285714 0.7468253968253968 0.3862857142857143 0.7468253968253968 0.38571428571428573 0.5904761904761905 0.4594285714285714 0.5896825396825397 0.46 0.746031746031746 0.4594285714285714 0.7468253968253968
0 0.6617142857142857 0.942063492063492 0.4674285714285714 0.942063492063492 0.46685714285714286 0.6428571428571429 0.6617142857142857 0.6420634920634921 0.6622857142857143 0.9412698412698413 0.6617142857142857 0.942063492063492
0 0.4502857142857143 0.9547619047619048 0.36228571428571427 0.9547619047619048 0.3617142857142857 0.7714285714285715 0.4502857142857143 0.7706349206349207 0.45085714285714285 0.953968253968254 0.4502857142857143 0.9547619047619048