0 0.945283556568823 0.20366639806607575 0.7854089484183528 0.20366639806607575 0.7852664576802508 0.072522159548751 0.945283556568823 0.07232070910556003 0.945426047306925 0.20346494762288478 0.945283556568823 0.20366639806607575
0 0.2909660872043317 0.4083400483481064 0.14192077514961526 0.4083400483481064 0.14177828441151324 0.11764705882352941 0.2909660872043317 0.11744560838033843 0.2911085779424337 0.4081385979049154 0.2909660872043317 0.4083400483481064
0 0.4243374180678256 0.3176873489121676 0.2963807352522086 0.3176873489121676 0.2962382445141066 0.11764705882352941 0.4243374180678256 0.11744560838033843 0.4244799088059276 0.3174858984689766 0.4243374180678256 0.3176873489121676
0 0.7737247078939868 0.40874294923448834 0.6249643773154745 0.40874294923448834 0.6248218865773725 0.34730056406124094 0.603875748076375 0.34709911361804996 0.603733257338273 0.40854149879129736 0.43032202906811057 0.40874294923448834 0.43017953833000855 0.3251410153102337 0.42960957537760047 0.32473811442385175 0.42960957537760047 0.11764705882352941 0.6232544884582503 0.11744560838033843 0.6233969791963523 0.20104754230459307 0.7737247078939868 0.20124899274778404 0.7738671986320889 0.40854149879129736 0.7737247078939868 0.40874294923448834
0 0.945283556568823 0.5944802578565673 0.7854089484183528 0.5944802578565673 0.7852664576802508 0.21152296535052378 0.945283556568823 0.2113215149073328 0.945426047306925 0.5942788074133764 0.945283556568823 0.5944802578565673
0 0.4260473069250499 0.5441176470588235 0.2963807352522086 0.5441176470588235 0.2962382445141066 0.3251410153102337 0.43003704759190653 0.32493956486704273 0.43017953833000855 0.40854149879129736 0.4263322884012539 0.40874294923448834 0.4261897976631519 0.5439161966156325 0.4260473069250499 0.5441176470588235
0 0.2909660872043317 0.6561240934730056 0.14192077514961526 0.6561240934730056 0.14177828441151324 0.41579371474617244 0.2909660872043317 0.41559226430298146 0.2911085779424337 0.6559226430298146 0.2909660872043317 0.6561240934730056
0 0.5816471929324594 0.6561240934730056 0.4317469364491308 0.6561240934730056 0.4316044457110288 0.41659951651893634 0.5816471929324594 0.41639806607574537 0.5817896836705614 0.6559226430298146 0.5816471929324594 0.6561240934730056
0 0.6779709318894271 0.5340451248992748 0.5899116557423767 0.5340451248992748 0.5897691650042747 0.47219983883964545 0.5870618409803363 0.47199838839645447 0.5869193502422343 0.41659951651893634 0.6779709318894271 0.41639806607574537 0.6781134226275292 0.5338436744560838 0.6779709318894271 0.5340451248992748
0 0.7737247078939868 0.6561240934730056 0.6839555428897122 0.6561240934730056 0.6838130521516101 0.5834004834810637 0.6832430891992021 0.5829975825946817 0.6832430891992021 0.41659951651893634 0.7737247078939868 0.41639806607574537 0.7738671986320889 0.6559226430298146 0.7737247078939868 0.6561240934730056
0 0.6836705614135081 0.6561240934730056 0.5870618409803363 0.6561240934730056 0.5869193502422343 0.5419016921837227 0.6779709318894271 0.5417002417405318 0.6781134226275292 0.5829975825946817 0.6836705614135081 0.5831990330378727 0.6838130521516101 0.6559226430298146 0.6836705614135081 0.6561240934730056
0 0.3602165859219151 0.6561240934730056 0.2963807352522086 0.6561240934730056 0.2962382445141066 0.5519742143432715 0.3602165859219151 0.5517727639000806 0.3603590766600171 0.6559226430298146 0.3602165859219151 0.6561240934730056
0 0.4260473069250499 0.6561240934730056 0.36563123396979197 0.6561240934730056 0.36548874323168995 0.5519742143432715 0.4260473069250499 0.5517727639000806 0.4261897976631519 0.6559226430298146 0.4260473069250499 0.6561240934730056