0 0.4481865284974093 0.49089253187613846 0.20466321243523317 0.49089253187613846 0.2033678756476684 0.3679417122040073 0.054404145077720206 0.3670309653916211 0.05310880829015544 0.151183970856102 0.4481865284974093 0.15027322404371585 0.4494818652849741 0.4899817850637523 0.4481865284974093 0.49089253187613846
0 0.7849740932642487 0.37249544626593806 0.5233160621761658 0.37249544626593806 0.522020725388601 0.15482695810564662 0.9196891191709845 0.15391621129326047 0.9209844559585493 0.2495446265938069 0.7875647668393783 0.25045537340619306 0.7862694300518135 0.37158469945355194 0.7849740932642487 0.37249544626593806
0 0.9196891191709845 0.37249544626593806 0.7875647668393783 0.37249544626593806 0.7862694300518135 0.25136612021857924 0.9196891191709845 0.25045537340619306 0.9209844559585493 0.37158469945355194 0.9196891191709845 0.37249544626593806
0 0.18911917098445596 0.4890710382513661 0.054404145077720206 0.4890710382513661 0.05310880829015544 0.3879781420765027 0.07512953367875648 0.3870673952641166 0.07642487046632124 0.37522768670309653 0.18911917098445596 0.3743169398907104 0.19041450777202074 0.48816029143898 0.18911917098445596 0.4890710382513661
0 0.6683937823834197 0.6183970856102003 0.5233160621761658 0.6183970856102003 0.522020725388601 0.39162112932604737 0.538860103626943 0.3907103825136612 0.5401554404145078 0.3788706739526412 0.6683937823834197 0.377959927140255 0.6696891191709845 0.6174863387978142 0.6683937823834197 0.6183970856102003
0 0.9196891191709845 0.49453551912568305 0.6787564766839378 0.49453551912568305 0.677461139896373 0.3788706739526412 0.9196891191709845 0.377959927140255 0.9209844559585493 0.4936247723132969 0.9196891191709845 0.49453551912568305
0 0.4481865284974093 0.7167577413479053 0.20466321243523317 0.7167577413479053 0.2033678756476684 0.4918032786885246 0.3911917098445596 0.49089253187613846 0.39248704663212436 0.4972677595628415 0.43005181347150256 0.4981785063752277 0.4326424870466321 0.5018214936247724 0.4481865284974093 0.5018214936247724 0.4494818652849741 0.7158469945355191 0.4481865284974093 0.7167577413479053
0 0.4481865284974093 0.5018214936247724 0.4326424870466321 0.5018214936247724 0.43005181347150256 0.4981785063752277 0.39378238341968913 0.4981785063752277 0.39248704663212436 0.4918032786885246 0.4481865284974093 0.49089253187613846 0.4494818652849741 0.5009107468123861 0.4481865284974093 0.5018214936247724
0 0.19170984455958548 0.7167577413479053 0.054404145077720206 0.7167577413479053 0.05310880829015544 0.51183970856102 0.08549222797927461 0.5109289617486339 0.08678756476683938 0.4972677595628415 0.19170984455958548 0.49635701275045535 0.19300518134715025 0.7158469945355191 0.19170984455958548 0.7167577413479053
0 0.9196891191709845 0.7204007285974499 0.6787564766839378 0.7204007285974499 0.677461139896373 0.5009107468123861 0.9041450777202072 0.5 0.905440414507772 0.5300546448087432 0.9196891191709845 0.5309653916211293 0.9209844559585493 0.7194899817850637 0.9196891191709845 0.7204007285974499
0 0.6658031088082902 0.7204007285974499 0.5233160621761658 0.7204007285974499 0.522020725388601 0.6247723132969034 0.6658031088082902 0.6238615664845173 0.667098445595855 0.7194899817850637 0.6658031088082902 0.7204007285974499
0 0.27202072538860106 0.9699453551912568 0.05181347150259067 0.9699453551912568 0.050518134715025906 0.843351548269581 0.27202072538860106 0.8424408014571949 0.27331606217616583 0.9690346083788707 0.27202072538860106 0.9699453551912568