0 0.37343358395989973 0.4901153212520593 0.30451127819548873 0.4901153212520593 0.30388471177944865 0.35914332784184516 0.3026315789473684 0.357495881383855 0.3026315789473684 0.22899505766062603 0.42105263157894735 0.22817133443163098 0.4216791979949875 0.4497528830313015 0.37468671679197996 0.45057660626029655 0.37406015037593987 0.48929159802306427 0.37343358395989973 0.4901153212520593
0 0.6127819548872181 0.49835255354200986 0.42606516290726815 0.49835255354200986 0.42543859649122806 0.22899505766062603 0.6127819548872181 0.22817133443163098 0.6134085213032582 0.4975288303130148 0.6127819548872181 0.49835255354200986
0 0.6917293233082706 0.4769357495881384 0.6177944862155389 0.4769357495881384 0.6171679197994987 0.22899505766062603 0.6917293233082706 0.22817133443163098 0.6923558897243107 0.47611202635914335 0.6917293233082706 0.4769357495881384
0 0.7719298245614035 0.3500823723228995 0.6979949874686717 0.3500823723228995 0.6973684210526315 0.22899505766062603 0.7719298245614035 0.22817133443163098 0.7725563909774437 0.34925864909390447 0.7719298245614035 0.3500823723228995
0 0.7719298245614035 0.46540362438220756 0.6979949874686717 0.46540362438220756 0.6973684210526315 0.36079077429983525 0.7719298245614035 0.3599670510708402 0.7725563909774437 0.4645799011532125 0.7719298245614035 0.46540362438220756
0 0.42105263157894735 0.5675453047775947 0.37844611528822053 0.5675453047775947 0.37781954887218044 0.45634266886326197 0.42105263157894735 0.45551894563426687 0.4216791979949875 0.5667215815485996 0.42105263157894735 0.5675453047775947
0 0.7719298245614035 0.5362438220757826 0.7117794486215538 0.5362438220757826 0.7111528822055138 0.4728171334431631 0.7719298245614035 0.471993410214168 0.7725563909774437 0.5354200988467874 0.7719298245614035 0.5362438220757826
0 0.7055137844611529 0.5362438220757826 0.6177944862155389 0.5362438220757826 0.6171679197994987 0.4827018121911038 0.7055137844611529 0.4818780889621087 0.706140350877193 0.5354200988467874 0.7055137844611529 0.5362438220757826
0 0.37343358395989973 0.5675453047775947 0.30451127819548873 0.5675453047775947 0.30388471177944865 0.4958813838550247 0.37343358395989973 0.4950576606260296 0.37406015037593987 0.5667215815485996 0.37343358395989973 0.5675453047775947
0 0.5 0.6976935749588138 0.42606516290726815 0.6976935749588138 0.42543859649122806 0.49917627677100496 0.49874686716791977 0.49835255354200986 0.4993734335839599 0.5914332784184514 0.5006265664160401 0.5930807248764415 0.5006265664160401 0.6968698517298187 0.5 0.6976935749588138
0 0.6453634085213033 0.7751235584843492 0.5050125313283208 0.7751235584843492 0.5043859649122807 0.5930807248764415 0.5 0.5922570016474464 0.4993734335839599 0.49917627677100496 0.6127819548872181 0.49835255354200986 0.6134085213032582 0.5403624382207578 0.6453634085213033 0.5411861614497528 0.6459899749373433 0.7742998352553542 0.6453634085213033 0.7751235584843492
0 0.7719298245614035 0.7751235584843492 0.6516290726817042 0.7751235584843492 0.6510025062656641 0.5420098846787479 0.7719298245614035 0.5411861614497528 0.7725563909774437 0.7742998352553542 0.7719298245614035 0.7751235584843492
0 0.42105263157894735 0.7751235584843492 0.30451127819548873 0.7751235584843492 0.30388471177944865 0.5733113673805601 0.42105263157894735 0.5724876441515651 0.4216791979949875 0.7742998352553542 0.42105263157894735 0.7751235584843492
0 0.2932330827067669 0.7421746293245469 0.2531328320802005 0.7421746293245469 0.2525062656641604 0.5947281713344317 0.2932330827067669 0.5939044481054365 0.29385964912280704 0.7413509060955519 0.2932330827067669 0.7421746293245469
0 0.5 0.7751235584843492 0.42606516290726815 0.7751235584843492 0.42543859649122806 0.7034596375617792 0.5 0.7026359143327842 0.5006265664160401 0.7742998352553542 0.5 0.7751235584843492