0 0.15439276485788114 0.2456730769230769 0.07751937984496124 0.2456730769230769 0.07719638242894057 0.1326923076923077 0.15439276485788114 0.13221153846153846 0.1547157622739018 0.24519230769230768 0.15439276485788114 0.2456730769230769
0 0.2868217054263566 0.2456730769230769 0.16085271317829458 0.2456730769230769 0.1605297157622739 0.1326923076923077 0.2868217054263566 0.13221153846153846 0.28714470284237725 0.24519230769230768 0.2868217054263566 0.2456730769230769
0 0.39082687338501293 0.4985576923076923 0.2958656330749354 0.4985576923076923 0.29554263565891475 0.1326923076923077 0.4599483204134367 0.13221153846153846 0.46027131782945735 0.4153846153846154 0.39147286821705424 0.41586538461538464 0.3911498708010336 0.4980769230769231 0.39082687338501293 0.4985576923076923
0 0.5497416020671835 0.7754807692307693 0.5148578811369509 0.7754807692307693 0.5145348837209303 0.1346153846153846 0.5497416020671835 0.13413461538461538 0.5500645994832042 0.775 0.5497416020671835 0.7754807692307693
0 0.8158914728682171 0.34278846153846154 0.5607235142118863 0.34278846153846154 0.5604005167958657 0.1346153846153846 0.8158914728682171 0.13413461538461538 0.8162144702842378 0.3423076923076923 0.8158914728682171 0.34278846153846154
0 0.8979328165374677 0.34278846153846154 0.8236434108527132 0.34278846153846154 0.8233204134366925 0.1346153846153846 0.8979328165374677 0.13413461538461538 0.8982558139534884 0.3423076923076923 0.8979328165374677 0.34278846153846154
0 0.2868217054263566 0.44759615384615387 0.07751937984496124 0.44759615384615387 0.07719638242894057 0.25576923076923075 0.2868217054263566 0.2552884615384615 0.28714470284237725 0.44711538461538464 0.2868217054263566 0.44759615384615387
0 0.6815245478036176 0.5014423076923077 0.5607235142118863 0.5014423076923077 0.5604005167958657 0.3528846153846154 0.6815245478036176 0.3524038461538462 0.6818475452196382 0.5009615384615385 0.6815245478036176 0.5014423076923077
0 0.8979328165374677 0.7754807692307693 0.7370801033591732 0.7754807692307693 0.7367571059431525 0.47692307692307695 0.6866925064599483 0.47644230769230766 0.6863695090439277 0.3528846153846154 0.8158914728682171 0.3524038461538462 0.8162144702842378 0.6288461538461538 0.787467700258398 0.6293269230769231 0.7871447028423773 0.7009615384615384 0.8979328165374677 0.7014423076923076 0.8982558139534884 0.775 0.8979328165374677 0.7754807692307693
0 0.8979328165374677 0.69375 0.8236434108527132 0.69375 0.8233204134366925 0.3528846153846154 0.8979328165374677 0.3524038461538462 0.8982558139534884 0.6932692307692307 0.8979328165374677 0.69375
0 0.4599483204134367 0.4985576923076923 0.39664082687338503 0.4985576923076923 0.3963178294573643 0.42403846153846153 0.4599483204134367 0.4235576923076923 0.46027131782945735 0.4980769230769231 0.4599483204134367 0.4985576923076923
0 0.2868217054263566 0.7745192307692308 0.07751937984496124 0.7745192307692308 0.07719638242894057 0.4634615384615385 0.2868217054263566 0.46298076923076925 0.28714470284237725 0.7740384615384616 0.2868217054263566 0.7745192307692308
0 0.729328165374677 0.5408653846153846 0.6866925064599483 0.5408653846153846 0.6863695090439277 0.4855769230769231 0.729328165374677 0.48509615384615384 0.7296511627906976 0.5403846153846154 0.729328165374677 0.5408653846153846
0 0.3152454780361757 0.5975961538461538 0.2958656330749354 0.5975961538461538 0.29554263565891475 0.5067307692307692 0.3417312661498708 0.50625 0.34205426356589147 0.5298076923076923 0.3407622739018088 0.5317307692307692 0.33947028423772607 0.5346153846153846 0.33947028423772607 0.5365384615384615 0.3381782945736434 0.5384615384615384 0.3375322997416021 0.5403846153846154 0.33688630490956073 0.5423076923076923 0.3349483204134367 0.5461538461538461 0.3349483204134367 0.5480769230769231 0.33430232558139533 0.5490384615384616 0.3323643410852713 0.5528846153846154 0.3323643410852713 0.5548076923076923 0.3310723514211886 0.5567307692307693 0.33042635658914726 0.5586538461538462 0.33042635658914726 0.5605769230769231 0.32848837209302323 0.5634615384615385 0.3278423772609819 0.5653846153846154 0.32719638242894056 0.5673076923076923 0.3259043927648579 0.5701923076923077 0.3252583979328165 0.5721153846153846 0.3246124031007752 0.5740384615384615 0.3226744186046512 0.5778846153846153 0.3226744186046512 0.5798076923076924 0.3220284237726098 0.5807692307692308 0.32073643410852715 0.5836538461538462 0.32073643410852715 0.5855769230769231 0.3187984496124031 0.5884615384615385 0.31815245478036175 0.5903846153846154 0.31815245478036175 0.5923076923076923 0.3162144702842377 0.5951923076923077 0.3152454780361757 0.5975961538461538
0 0.4599483204134367 0.7745192307692308 0.3546511627906977 0.7745192307692308 0.354328165374677 0.7009615384615384 0.41214470284237725 0.7004807692307692 0.4124677002583979 0.6932692307692307 0.2958656330749354 0.6927884615384615 0.29554263565891475 0.6028846153846154 0.3178294573643411 0.6024038461538461 0.3187984496124031 0.6 0.32073643410852715 0.5961538461538461 0.32073643410852715 0.5942307692307692 0.3220284237726098 0.5923076923076923 0.3226744186046512 0.5903846153846154 0.3226744186046512 0.5884615384615385 0.3246124031007752 0.5855769230769231 0.3252583979328165 0.5836538461538462 0.3259043927648579 0.5817307692307693 0.3278423772609819 0.5778846153846153 0.3278423772609819 0.5759615384615384 0.32848837209302323 0.575 0.33042635658914726 0.5711538461538461 0.33042635658914726 0.5692307692307692 0.33171834625323 0.5673076923076923 0.3323643410852713 0.5653846153846154 0.33301033591731266 0.5634615384615385 0.33430232558139533 0.5605769230769231 0.3349483204134367 0.5586538461538462 0.33559431524547806 0.5567307692307693 0.3375322997416021 0.5528846153846154 0.3375322997416021 0.5509615384615385 0.3381782945736434 0.55 0.33947028423772607 0.5471153846153847 0.33947028423772607 0.5451923076923076 0.3407622739018088 0.5442307692307692 0.3414082687338501 0.5423076923076923 0.34205426356589147 0.5403846153846154 0.34270025839793283 0.5384615384615384 0.3439922480620155 0.5355769230769231 0.34463824289405687 0.5336538461538461 0.3452842377260982 0.5317307692307692 0.34593023255813954 0.5298076923076923 0.34593023255813954 0.5067307692307692 0.4599483204134367 0.50625 0.46027131782945735 0.7740384615384616 0.4599483204134367 0.7745192307692308
0 0.729328165374677 0.7754807692307693 0.5607235142118863 0.7754807692307693 0.5604005167958657 0.5125 0.6815245478036176 0.5120192307692307 0.6818475452196382 0.5471153846153847 0.729328165374677 0.5475961538461539 0.7296511627906976 0.775 0.729328165374677 0.7754807692307693
0 0.7919896640826873 0.6947115384615384 0.7916666666666666 0.6365384615384615 0.8158914728682171 0.6360576923076923 0.8162144702842378 0.6932692307692307 0.7926356589147286 0.69375 0.7919896640826873 0.6947115384615384
0 0.3475452196382429 0.7745192307692308 0.2958656330749354 0.7745192307692308 0.29554263565891475 0.7009615384615384 0.3475452196382429 0.7004807692307692 0.3478682170542636 0.7740384615384616 0.3475452196382429 0.7745192307692308