0 0.21897810218978103 0.31997084548104954 0.07218167072181671 0.31997084548104954 0.07177615571776155 0.02478134110787172 0.21897810218978103 0.024052478134110787 0.21938361719383617 0.31924198250728864 0.21897810218978103 0.31997084548104954
0 0.47850770478507704 0.4774052478134111 0.2546634225466342 0.4774052478134111 0.25385239253852393 0.47594752186588923 0.2278994322789943 0.47594752186588923 0.22749391727493917 0.39504373177842567 0.25385239253852393 0.3943148688046647 0.2542579075425791 0.3848396501457726 0.2278994322789943 0.38411078717201164 0.22749391727493917 0.02478134110787172 0.47850770478507704 0.024052478134110787 0.4789132197891322 0.47667638483965014 0.47850770478507704 0.4774052478134111
0 0.9383617193836172 0.48323615160349853 0.7258718572587186 0.48323615160349853 0.7254663422546634 0.41545189504373176 0.6228710462287105 0.41472303206997085 0.6224655312246553 0.34839650145772594 0.624493106244931 0.34766763848396504 0.6678832116788321 0.2696793002915452 0.6678832116788321 0.026239067055393587 0.9383617193836172 0.025510204081632654 0.9387672343876723 0.48250728862973763 0.9383617193836172 0.48323615160349853
0 0.6212489862124899 0.33746355685131196 0.5279805352798054 0.33746355685131196 0.5275750202757502 0.03644314868804665 0.6618004866180048 0.03571428571428571 0.66220600162206 0.26384839650145775 0.6573398215733982 0.2725947521865889 0.6504460665044607 0.28644314868804666 0.6212489862124899 0.33746355685131196
0 0.21897810218978103 0.5881924198250729 0.040551500405515 0.5881924198250729 0.040145985401459854 0.4446064139941691 0.07137064071370641 0.44387755102040816 0.07177615571776155 0.33090379008746357 0.21897810218978103 0.3301749271137026 0.21938361719383617 0.5874635568513119 0.21897810218978103 0.5881924198250729
0 0.6180048661800487 0.5051020408163265 0.5279805352798054 0.5051020408163265 0.5275750202757502 0.34839650145772594 0.6180048661800487 0.34766763848396504 0.6184103811841039 0.5043731778425656 0.6180048661800487 0.5051020408163265
0 0.7210056772100568 0.7660349854227405 0.6861313868613139 0.7660349854227405 0.6857258718572588 0.5787172011661808 0.6228710462287105 0.5779883381924198 0.6224655312246553 0.4227405247813411 0.7210056772100568 0.42201166180758015 0.7214111922141119 0.7653061224489796 0.7210056772100568 0.7660349854227405
0 0.3008921330089213 0.7806122448979592 0.22708840227088403 0.7806122448979592 0.22668288726682886 0.7521865889212828 0.22384428223844283 0.7514577259475219 0.22343876723438766 0.6778425655976676 0.22627737226277372 0.6771137026239067 0.22668288726682886 0.5787172011661808 0.22465531224655313 0.5779883381924198 0.22424979724249797 0.5029154518950437 0.22708840227088403 0.5021865889212828 0.22749391727493917 0.48833819241982507 0.25385239253852393 0.48760932944606417 0.2542579075425791 0.478134110787172 0.3008921330089213 0.4774052478134111 0.3012976480129765 0.6282798833819242 0.3098134630981346 0.6290087463556852 0.3102189781021898 0.7011661807580175 0.30170316301703165 0.7018950437317785 0.3012976480129765 0.7798833819241983 0.3008921330089213 0.7806122448979592
0 0.3746958637469586 0.7018950437317785 0.31062449310624496 0.7018950437317785 0.3102189781021898 0.4897959183673469 0.3746958637469586 0.489067055393586 0.3751013787510138 0.7011661807580175 0.3746958637469586 0.7018950437317785
0 0.44120032441200324 0.6217201166180758 0.41281427412814276 0.6217201166180758 0.4124087591240876 0.6180758017492711 0.3819951338199513 0.6173469387755102 0.3815896188158962 0.4897959183673469 0.47850770478507704 0.489067055393586 0.4789132197891322 0.6166180758017493 0.4420113544201135 0.6173469387755102 0.4416058394160584 0.6209912536443148 0.44120032441200324 0.6217201166180758
0 0.9383617193836172 0.7660349854227405 0.7258718572587186 0.7660349854227405 0.7254663422546634 0.4912536443148688 0.9383617193836172 0.4905247813411079 0.9387672343876723 0.7653061224489796 0.9383617193836172 0.7660349854227405
0 0.6180048661800487 0.5779883381924198 0.5279805352798054 0.5779883381924198 0.5275750202757502 0.5160349854227405 0.6180048661800487 0.5153061224489796 0.6184103811841039 0.577259475218659 0.6180048661800487 0.5779883381924198
0 0.21816707218167072 0.7660349854227405 0.17437145174371452 0.7660349854227405 0.17396593673965938 0.6034985422740525 0.21816707218167072 0.6027696793002916 0.21857258718572586 0.7653061224489796 0.21816707218167072 0.7660349854227405
0 0.47850770478507704 0.7806122448979592 0.38118410381184104 0.7806122448979592 0.38077858880778587 0.6982507288629738 0.3791565287915653 0.6967930029154519 0.3791565287915653 0.6443148688046647 0.38118410381184104 0.6435860058309038 0.3815896188158962 0.6282798833819242 0.47850770478507704 0.6275510204081632 0.4789132197891322 0.7798833819241983 0.47850770478507704 0.7806122448979592
0 0.3746958637469586 0.7806122448979592 0.30900243309002434 0.7806122448979592 0.3085969180859692 0.7099125364431487 0.3746958637469586 0.7091836734693877 0.3751013787510138 0.7798833819241983 0.3746958637469586 0.7806122448979592