0 0.3978328173374613 0.3811787072243346 0.0696594427244582 0.3811787072243346 0.06888544891640867 0.0779467680608365 0.32972136222910214 0.07699619771863118 0.3304953560371517 0.2414448669201521 0.3978328173374613 0.2423954372623574 0.39860681114551083 0.38022813688212925 0.3978328173374613 0.3811787072243346
0 0.4504643962848297 0.22908745247148288 0.34055727554179566 0.22908745247148288 0.3397832817337461 0.0779467680608365 0.4504643962848297 0.07699619771863118 0.45123839009287925 0.22813688212927757 0.4504643962848297 0.22908745247148288
0 0.5975232198142415 0.22908745247148288 0.46439628482972134 0.22908745247148288 0.46362229102167185 0.0779467680608365 0.5975232198142415 0.07699619771863118 0.598297213622291 0.22813688212927757 0.5975232198142415 0.22908745247148288
0 0.7662538699690402 0.22908745247148288 0.6114551083591331 0.22908745247148288 0.6106811145510835 0.0779467680608365 0.7662538699690402 0.07699619771863118 0.7670278637770898 0.22813688212927757 0.7662538699690402 0.22908745247148288
0 0.7662538699690402 0.45722433460076045 0.6037151702786377 0.45722433460076045 0.6029411764705882 0.4467680608365019 0.43498452012383904 0.4458174904942966 0.4342105263157895 0.3821292775665399 0.4086687306501548 0.3811787072243346 0.40789473684210525 0.24334600760456274 0.7662538699690402 0.2423954372623574 0.7670278637770898 0.45627376425855515 0.7662538699690402 0.45722433460076045
0 0.19659442724458204 0.4781368821292776 0.0696594427244582 0.4781368821292776 0.06888544891640867 0.3935361216730038 0.19659442724458204 0.3925855513307985 0.19736842105263158 0.47718631178707227 0.19659442724458204 0.4781368821292776
0 0.33126934984520123 0.4781368821292776 0.20743034055727555 0.4781368821292776 0.206656346749226 0.3935361216730038 0.33126934984520123 0.3925855513307985 0.3320433436532508 0.47718631178707227 0.33126934984520123 0.4781368821292776
0 0.47523219814241485 0.6967680608365019 0.34210526315789475 0.6967680608365019 0.3413312693498452 0.3935361216730038 0.4241486068111455 0.3925855513307985 0.42492260061919507 0.45627376425855515 0.47523219814241485 0.45722433460076045 0.4760061919504644 0.6958174904942965 0.47523219814241485 0.6967680608365019
0 0.7863777089783281 0.7671102661596958 0.47523219814241485 0.7671102661596958 0.4744582043343653 0.6977186311787072 0.4760061919504644 0.6958174904942965 0.4760061919504644 0.45817490494296575 0.7662538699690402 0.45722433460076045 0.7670278637770898 0.4847908745247148 0.7910216718266254 0.48574144486692017 0.7964396284829721 0.4923954372623574 0.8057275541795665 0.5057034220532319 0.8095975232198143 0.5123574144486692 0.8119195046439629 0.5133079847908745 0.81656346749226 0.5209125475285171 0.8173374613003096 0.5237642585551331 0.8212074303405573 0.526615969581749 0.8273993808049536 0.5361216730038023 0.8273993808049536 0.714828897338403 0.8235294117647058 0.7195817490494296 0.8212074303405573 0.720532319391635 0.8142414860681114 0.7309885931558935 0.8119195046439629 0.7319391634980988 0.7871517027863777 0.7642585551330798 0.7863777089783281 0.7671102661596958
0 0.33126934984520123 0.7671102661596958 0.0696594427244582 0.7671102661596958 0.06888544891640867 0.49049429657794674 0.33126934984520123 0.48954372623574144 0.3320433436532508 0.7661596958174905 0.33126934984520123 0.7671102661596958
0 0.46439628482972134 0.7671102661596958 0.34210526315789475 0.7671102661596958 0.3413312693498452 0.7091254752851711 0.46439628482972134 0.7081749049429658 0.4651702786377709 0.7661596958174905 0.46439628482972134 0.7671102661596958
0 0.35758513931888547 0.9477186311787072 0.21517027863777088 0.9477186311787072 0.21439628482972137 0.7946768060836502 0.35758513931888547 0.7937262357414449 0.35835913312693496 0.9467680608365019 0.35758513931888547 0.9477186311787072