0 0.7233201581027668 0.24278350515463917 0.6245059288537549 0.24278350515463917 0.6240118577075099 0.09175257731958762 0.7233201581027668 0.09123711340206185 0.7238142292490118 0.2422680412371134 0.7233201581027668 0.24278350515463917
0 0.83399209486166 0.16030927835051548 0.7282608695652174 0.16030927835051548 0.7277667984189723 0.09175257731958762 0.83399209486166 0.09123711340206185 0.8344861660079052 0.15979381443298968 0.83399209486166 0.16030927835051548
0 0.83399209486166 0.24278350515463917 0.7282608695652174 0.24278350515463917 0.7277667984189723 0.16597938144329896 0.83399209486166 0.1654639175257732 0.8344861660079052 0.2422680412371134 0.83399209486166 0.24278350515463917
0 0.8478260869565217 0.3211340206185567 0.6126482213438735 0.3211340206185567 0.6121541501976284 0.2556701030927835 0.8478260869565217 0.2551546391752577 0.8483201581027668 0.32061855670103095 0.8478260869565217 0.3211340206185567
0 0.700592885375494 0.5005154639175258 0.5108695652173914 0.5005154639175258 0.5103754940711462 0.33608247422680415 0.700592885375494 0.3355670103092783 0.7010869565217391 0.5 0.700592885375494 0.5005154639175258
0 0.8379446640316206 0.46030927835051544 0.7055335968379447 0.46030927835051544 0.7050395256916996 0.33608247422680415 0.8379446640316206 0.3355670103092783 0.8384387351778656 0.45979381443298967 0.8379446640316206 0.46030927835051544
0 0.37450592885375494 0.5664948453608247 0.05434782608695652 0.5664948453608247 0.053853754940711464 0.3391752577319588 0.37450592885375494 0.338659793814433 0.375 0.565979381443299 0.37450592885375494 0.5664948453608247
0 0.7786561264822134 0.5211340206185567 0.7055335968379447 0.5211340206185567 0.7050395256916996 0.46494845360824744 0.7786561264822134 0.46443298969072166 0.7791501976284585 0.520618556701031 0.7786561264822134 0.5211340206185567
0 0.8379446640316206 0.5211340206185567 0.7845849802371542 0.5211340206185567 0.7840909090909091 0.46494845360824744 0.8379446640316206 0.46443298969072166 0.8384387351778656 0.520618556701031 0.8379446640316206 0.5211340206185567
0 0.6620553359683794 0.6139175257731959 0.5108695652173914 0.6139175257731959 0.5103754940711462 0.5010309278350515 0.6620553359683794 0.5005154639175258 0.6625494071146245 0.6134020618556701 0.6620553359683794 0.6139175257731959
0 0.7025691699604744 0.7809278350515464 0.6245059288537549 0.7809278350515464 0.6240118577075099 0.7072164948453609 0.6620553359683794 0.7067010309278351 0.6625494071146245 0.5010309278350515 0.700592885375494 0.5005154639175258 0.7010869565217391 0.6587628865979381 0.7045454545454546 0.6592783505154639 0.7050395256916996 0.6381443298969072 0.7628458498023716 0.6376288659793814 0.7633399209486166 0.702061855670103 0.7035573122529645 0.7025773195876288 0.7030632411067194 0.7804123711340206 0.7025691699604744 0.7809278350515464
0 0.8379446640316206 0.6324742268041237 0.7055335968379447 0.6324742268041237 0.7050395256916996 0.5257731958762887 0.8379446640316206 0.5252577319587629 0.8384387351778656 0.6319587628865979 0.8379446640316206 0.6324742268041237
0 0.37450592885375494 0.8345360824742268 0.11166007905138339 0.8345360824742268 0.11116600790513834 0.7515463917525773 0.08201581027667984 0.7211340206185567 0.05434782608695652 0.7211340206185567 0.053853754940711464 0.5824742268041238 0.37450592885375494 0.581958762886598 0.375 0.8340206185567011 0.37450592885375494 0.8345360824742268
0 0.5108695652173914 0.7067010309278351 0.5103754940711462 0.6144329896907217 0.6620553359683794 0.6139175257731959 0.6625494071146245 0.6793814432989691 0.658102766798419 0.6798969072164949 0.657608695652174 0.7010309278350515 0.5118577075098815 0.7015463917525773 0.5113636363636364 0.7061855670103093 0.5108695652173914 0.7067010309278351
0 0.8379446640316206 0.7025773195876288 0.7687747035573123 0.7025773195876288 0.7682806324110671 0.6381443298969072 0.8379446640316206 0.6376288659793814 0.8384387351778656 0.702061855670103 0.8379446640316206 0.7025773195876288
0 0.6185770750988142 0.7809278350515464 0.5118577075098815 0.7809278350515464 0.5113636363636364 0.7072164948453609 0.6185770750988142 0.7067010309278351 0.6190711462450593 0.7804123711340206 0.6185770750988142 0.7809278350515464
0 0.8379446640316206 0.8304123711340207 0.708498023715415 0.8304123711340207 0.7080039525691699 0.7072164948453609 0.8379446640316206 0.7067010309278351 0.8384387351778656 0.8298969072164949 0.8379446640316206 0.8304123711340207
0 0.10573122529644269 0.7891752577319587 0.05434782608695652 0.7891752577319587 0.053853754940711464 0.7257731958762886 0.07806324110671936 0.7252577319587629 0.10622529644268774 0.7546391752577319 0.10622529644268774 0.788659793814433 0.10573122529644269 0.7891752577319587