0 0.7440633245382586 0.43929173693086004 0.6455584872471416 0.43929173693086004 0.6451187335092349 0.3254637436762226 0.6517150395778364 0.3246205733558179 0.6521547933157432 0.31703204047217537 0.6262093227792436 0.31618887015177066 0.6257695690413368 0.32377740303541314 0.6420404573438874 0.3246205733558179 0.6424802110817942 0.43844856661045534 0.6059806508355321 0.43929173693086004 0.6055408970976254 0.42158516020236086 0.5875109938434476 0.42074198988195616 0.5870712401055409 0.3827993254637437 0.5426561125769569 0.38195615514333897 0.5422163588390502 0.37436762225969644 0.5391380826737028 0.37352445193929174 0.538698328935796 0.43844856661045534 0.45382585751978893 0.43929173693086004 0.45338610378188215 0.3760539629005059 0.45030782761653476 0.3752107925801012 0.449868073878628 0.3254637436762226 0.4731750219876869 0.3246205733558179 0.4736147757255937 0.31703204047217537 0.45910290237467016 0.31618887015177066 0.4586631486367634 0.19224283305227655 0.7440633245382586 0.19139966273187184 0.7445030782761654 0.43844856661045534 0.7440633245382586 0.43929173693086004
0 0.10817941952506596 0.39376053962900504 0.06860158311345646 0.39376053962900504 0.0681618293755497 0.3254637436762226 0.10817941952506596 0.3246205733558179 0.10861917326297274 0.39291736930860033 0.10817941952506596 0.39376053962900504
0 0.15919085312225154 0.678752107925801 0.06860158311345646 0.678752107925801 0.0681618293755497 0.40134907251264756 0.11169744942832015 0.40050590219224286 0.11213720316622691 0.3254637436762226 0.15919085312225154 0.3246205733558179 0.15963060686015831 0.6779089376053963 0.15919085312225154 0.678752107925801
0 0.8469656992084432 0.678752107925801 0.45910290237467016 0.678752107925801 0.4586631486367634 0.6644182124789207 0.45382585751978893 0.663575042158516 0.45338610378188215 0.6779089376053963 0.16358839050131926 0.678752107925801 0.16314863676341249 0.3254637436762226 0.4494283201407212 0.3246205733558179 0.449868073878628 0.5986509274873525 0.48812664907651715 0.5994940978077572 0.48856640281442393 0.5919055649241147 0.45382585751978893 0.5910623946037099 0.45338610378188215 0.5497470489038786 0.5382585751978892 0.5489038785834739 0.538698328935796 0.5902192242833052 0.5329815303430079 0.5910623946037099 0.5325417766051012 0.5986509274873525 0.5382585751978892 0.5994940978077572 0.538698328935796 0.6104553119730185 0.5875109938434476 0.6112984822934233 0.5879507475813545 0.6070826306913997 0.5426561125769569 0.606239460370995 0.5422163588390502 0.5598650927487352 0.5875109938434476 0.5590219224283305 0.5879507475813545 0.4451939291736931 0.8469656992084432 0.44435075885328834 0.8474054529463501 0.6779089376053963 0.8469656992084432 0.678752107925801
0 0.8469656992084432 0.43929173693086004 0.8284960422163589 0.43929173693086004 0.828056288478452 0.3625632377740304 0.7766051011433597 0.3617200674536256 0.776165347405453 0.43844856661045534 0.7475813544415127 0.43929173693086004 0.747141600703606 0.3254637436762226 0.8469656992084432 0.3246205733558179 0.8474054529463501 0.43844856661045534 0.8469656992084432 0.43929173693086004
0 0.8240985048372911 0.4325463743676223 0.7801231310466139 0.4325463743676223 0.7796833773087071 0.36930860033726814 0.8240985048372911 0.3684654300168634 0.8245382585751979 0.4317032040472175 0.8240985048372911 0.4325463743676223
0 0.5611257695690414 0.43929173693086004 0.5426561125769569 0.43929173693086004 0.5422163588390502 0.38785834738617203 0.5611257695690414 0.38701517706576727 0.5615655233069481 0.43844856661045534 0.5611257695690414 0.43929173693086004
0 0.5839929639401935 0.43929173693086004 0.5646437994722955 0.43929173693086004 0.5642040457343888 0.38785834738617203 0.5839929639401935 0.38701517706576727 0.5844327176781002 0.43844856661045534 0.5839929639401935 0.43929173693086004
0 0.5848724714160071 0.5539629005059022 0.5426561125769569 0.5539629005059022 0.5422163588390502 0.4451939291736931 0.5848724714160071 0.44435075885328834 0.5853122251539138 0.5531197301854974 0.5848724714160071 0.5539629005059022
0 0.4951627088830255 0.5438448566610455 0.45382585751978893 0.5438448566610455 0.45338610378188215 0.4468802698145025 0.4951627088830255 0.4460370994940978 0.49560246262093227 0.5430016863406408 0.4951627088830255 0.5438448566610455
0 0.5382585751978892 0.5438448566610455 0.4995602462620932 0.5438448566610455 0.49912049252418644 0.4468802698145025 0.5382585751978892 0.4460370994940978 0.538698328935796 0.5430016863406408 0.5382585751978892 0.5438448566610455
0 0.741424802110818 0.8204047217537943 0.644678979771328 0.8204047217537943 0.6442392260334213 0.6863406408094435 0.741424802110818 0.6854974704890388 0.7418645558487247 0.8195615514333895 0.741424802110818 0.8204047217537943
0 0.6385224274406333 0.8473861720067454 0.4547053649956025 0.8473861720067454 0.4542656112576957 0.6913996627318718 0.6385224274406333 0.6905564924114671 0.63896218117854 0.8465430016863407 0.6385224274406333 0.8473861720067454