0 0.24379024839006438 0.5233463035019456 0.09475620975160993 0.5233463035019456 0.09429622815087396 0.21011673151750973 0.24379024839006438 0.20946822308690013 0.24425022999080037 0.522697795071336 0.24379024839006438 0.5233463035019456
0 0.34590616375344985 0.4571984435797665 0.24839006439742412 0.4571984435797665 0.24793008279668813 0.21011673151750973 0.45538178472861085 0.20946822308690013 0.4558417663293468 0.33073929961089493 0.3468261269549218 0.33138780804150453 0.3463661453541858 0.4565499351491569 0.34590616375344985 0.4571984435797665
0 0.7295308187672493 0.5817120622568094 0.5823367065317387 0.5817120622568094 0.5818767249310027 0.5304798962386511 0.5142594296228151 0.5298313878080415 0.5133394664213431 0.5311284046692607 0.45998160073597055 0.5311284046692607 0.4595216191352346 0.4267185473411154 0.4604415823367065 0.4254215304798962 0.4604415823367065 0.21011673151750973 0.7295308187672493 0.20946822308690013 0.7299908003679852 0.4915693904020752 0.7865685372585096 0.49221789883268485 0.7870285188592456 0.5732814526588845 0.7304507819687213 0.5739299610894941 0.7299908003679852 0.5810635538261998 0.7295308187672493 0.5817120622568094
0 0.8988040478380864 0.48573281452658884 0.735050597976081 0.48573281452658884 0.734590616375345 0.21011673151750973 0.8988040478380864 0.20946822308690013 0.8992640294388224 0.48508430609597925 0.8988040478380864 0.48573281452658884
0 0.43054277828886844 0.4571984435797665 0.3514259429622815 0.4571984435797665 0.35096596136154556 0.33852140077821014 0.45538178472861085 0.33787289234760054 0.4558417663293468 0.42153047989623865 0.4540018399264029 0.42412451361867703 0.45354185832566696 0.4260700389105058 0.44158233670653174 0.44163424124513617 0.4402023919043238 0.44228274967574577 0.43698252069917204 0.4481193255512322 0.4356025758969641 0.4487678339818418 0.43054277828886844 0.4571984435797665
0 0.35510579576816925 0.7996108949416343 0.24839006439742412 0.7996108949416343 0.24793008279668813 0.46433203631647213 0.43330266789328425 0.46368352788586253 0.45906163753449863 0.427367055771725 0.4595216191352346 0.6407263294422828 0.45538178472861085 0.6413748378728924 0.4549218031278749 0.6900129701686122 0.3560257589696412 0.6906614785992218 0.35556577736890527 0.7989623865110247 0.35510579576816925 0.7996108949416343
0 0.8988040478380864 0.5765239948119325 0.7911683532658693 0.5765239948119325 0.7907083716651334 0.49286640726329445 0.8988040478380864 0.49221789883268485 0.8992640294388224 0.5758754863813229 0.8988040478380864 0.5765239948119325
0 0.24379024839006438 0.7996108949416343 0.09475620975160993 0.7996108949416343 0.09429622815087396 0.5304798962386511 0.24379024839006438 0.5298313878080415 0.24425022999080037 0.7989623865110247 0.24379024839006438 0.7996108949416343
0 0.5814167433302668 0.5817120622568094 0.5565777368905244 0.5817120622568094 0.5561177552897885 0.5382619974059663 0.5142594296228151 0.5376134889753567 0.5137994480220791 0.5304798962386511 0.5814167433302668 0.5298313878080415 0.5818767249310027 0.5810635538261998 0.5814167433302668 0.5817120622568094
0 0.7295308187672493 0.7996108949416343 0.45998160073597055 0.7996108949416343 0.4595216191352346 0.5317769130998703 0.5133394664213431 0.5311284046692607 0.5137994480220791 0.5369649805447471 0.5556577736890524 0.5376134889753567 0.5561177552897885 0.5810635538261998 0.7295308187672493 0.5817120622568094 0.7299908003679852 0.7989623865110247 0.7295308187672493 0.7996108949416343
0 0.8988040478380864 0.7996108949416343 0.735050597976081 0.7996108949416343 0.734590616375345 0.5810635538261998 0.8988040478380864 0.5804150453955902 0.8992640294388224 0.7989623865110247 0.8988040478380864 0.7996108949416343
0 0.45446182152713893 0.7996108949416343 0.35970561177552896 0.7996108949416343 0.359245630174793 0.6977950713359273 0.45446182152713893 0.6971465629053177 0.4549218031278749 0.7989623865110247 0.45446182152713893 0.7996108949416343
0 0.45446182152713893 0.9539559014267186 0.36982520699172033 0.9539559014267186 0.3693652253909844 0.814526588845655 0.45446182152713893 0.8138780804150454 0.4549218031278749 0.953307392996109 0.45446182152713893 0.9539559014267186