0 0.622759158222915 0.4803191489361702 0.6196414653156664 0.47606382978723405 0.617692907248636 0.474468085106383 0.61730319563523 0.4728723404255319 0.6141855027279813 0.4696808510638298 0.6102883865939205 0.4654255319148936 0.6083398285268901 0.46382978723404256 0.607950116913484 0.4622340425531915 0.603273577552611 0.45691489361702126 0.5985970381917382 0.45159574468085106 0.5966484801247077 0.45 0.5962587685113017 0.44840425531914896 0.5923616523772408 0.4441489361702128 0.5892439594699922 0.4409574468085106 0.588074824629774 0.44042553191489364 0.5861262665627436 0.43670212765957445 0.5822291504286827 0.4324468085106383 0.5802805923616524 0.4308510638297872 0.5798908807482464 0.42925531914893617 0.5767731878409976 0.42606382978723406 0.5756040530007794 0.425531914893617 0.5752143413873734 0.423936170212766 0.5705378020265004 0.4186170212765957 0.5650818394388153 0.4122340425531915 0.5604053000779423 0.40691489361702127 0.5592361652377241 0.40638297872340423 0.558846453624318 0.4047872340425532 0.5557287607170693 0.4015957446808511 0.5545596258768511 0.40106382978723404 0.5533904910366328 0.3984042553191489 0.5494933749025721 0.3941489361702128 0.5467653936087296 0.39148936170212767 0.5463756819953235 0.3898936170212766 0.5432579890880749 0.38670212765957446 0.539360872954014 0.3824468085106383 0.5381917381137958 0.3819148936170213 0.5370226032735775 0.3792553191489362 0.5323460639127046 0.373936170212766 0.5303975058456742 0.3723404255319149 0.5335151987529229 0.3670212765957447 0.5366328916601715 0.3617021276595745 0.5381917381137958 0.35851063829787233 0.5385814497272019 0.3569148936170213 0.5397505845674201 0.35638297872340424 0.5413094310210445 0.35319148936170214 0.5444271239282931 0.3478723404255319 0.5467653936087296 0.34361702127659577 0.5498830865159782 0.3382978723404255 0.5522213561964147 0.33404255319148934 0.5553390491036633 0.32872340425531915 0.5576773187840998 0.324468085106383 0.5607950116913484 0.3191489361702128 0.5631332813717849 0.3148936170212766 0.5662509742790335 0.30957446808510636 0.56858924395947 0.30531914893617024 0.5717069368667186 0.3 0.5740452065471551 0.2957446808510638 0.5771628994544037 0.2904255319148936 0.5802805923616524 0.2851063829787234 0.5810600155884645 0.28297872340425534 0.5814497272018706 0.28138297872340423 0.5826188620420889 0.28085106382978725 0.5841777084957132 0.2776595744680851 0.5845674201091192 0.27606382978723404 0.5857365549493375 0.275531914893617 0.5872954014029618 0.2723404255319149 0.5904130943102105 0.2670212765957447 0.5935307872174591 0.26170212765957446 0.5950896336710834 0.25851063829787235 0.5954793452844894 0.2569148936170213 0.5966484801247077 0.25638297872340426 0.5982073265783321 0.2531914893617021 0.6013250194855807 0.2478723404255319 0.6044427123928293 0.2425531914893617 0.6075604053000779 0.2372340425531915 0.6083398285268901 0.2351063829787234 0.6095089633671084 0.2324468085106383 0.6106780982073265 0.23191489361702128 0.6114575214341388 0.2297872340425532 0.613016367887763 0.22659574468085106 0.6134060795011691 0.225 0.6145752143413874 0.22446808510638297 0.6161340607950117 0.22127659574468084 0.6165237724084178 0.21968085106382979 0.617692907248636 0.21914893617021278 0.6192517537022604 0.21595744680851064 0.622369446609509 0.21063829787234042 0.6254871395167576 0.2053191489361702 0.627045985970382 0.20212765957446807 0.627435697583788 0.20053191489361702 0.6286048324240062 0.2 0.6301636788776306 0.19680851063829788 0.6305533904910366 0.1952127659574468 0.6317225253312548 0.1946808510638298 0.6325019485580671 0.1925531914893617 0.6328916601714731 0.19095744680851065 0.7092751363990647 0.19095744680851065 0.7096648480124708 0.39787234042553193 0.6671862821512081 0.3984042553191489 0.6660171473109898 0.4 0.6636788776305534 0.40425531914893614 0.6605611847233047 0.4095744680851064 0.6582229150428682 0.41382978723404257 0.6574434918160561 0.41595744680851066 0.6543257989088075 0.42127659574468085 0.651987529228371 0.425531914893617 0.6496492595479345 0.4297872340425532 0.647310989867498 0.4340425531914894 0.6465315666406859 0.43617021276595747 0.6461418550272798 0.4377659574468085 0.6449727201870615 0.43829787234042555 0.6434138737334373 0.44148936170212766 0.642634450506625 0.44361702127659575 0.642244738893219 0.4452127659574468 0.6410756040530008 0.44574468085106383 0.6395167575993764 0.44893617021276594 0.6371784879189399 0.4531914893617021 0.6356196414653157 0.4563829787234043 0.6352299298519096 0.45797872340425533 0.6340607950116913 0.45851063829787236 0.6325019485580671 0.46170212765957447 0.6317225253312548 0.46382978723404256 0.6313328137178488 0.4654255319148936 0.6301636788776306 0.46595744680851064 0.6293842556508183 0.46808510638297873 0.6262665627435697 0.4734042553191489 0.6239282930631332 0.4776595744680851 0.622759158222915 0.4803191489361702
0 0.9727201870615745 0.4271276595744681 0.7147310989867498 0.4271276595744681 0.7143413873733437 0.2297872340425532 0.8558067030397506 0.22925531914893618 0.8710054559625877 0.20851063829787234 0.8721745908028059 0.20585106382978724 0.8749025720966485 0.20319148936170212 0.8752922837100545 0.20159574468085106 0.8780202650038971 0.19893617021276597 0.8791893998441154 0.19627659574468084 0.8819173811379579 0.19361702127659575 0.882307092751364 0.1920212765957447 0.8838659392049883 0.19095744680851065 0.9727201870615745 0.19095744680851065 0.9731098986749805 0.42659574468085104 0.9727201870615745 0.4271276595744681
0 0.1441932969602494 0.48138297872340424 0.1426344505066251 0.47925531914893615 0.1387373343725643 0.475 0.1348402182385035 0.47074468085106386 0.1309431021044427 0.4664893617021277 0.12626656274356976 0.46117021276595743 0.12159002338269681 0.45585106382978724 0.11769290724863601 0.45159574468085106 0.11379579111457522 0.4473404255319149 0.10989867498051442 0.4430851063829787 0.10522213561964147 0.4377659574468085 0.10288386593920498 0.43563829787234043 0.10171473109898675 0.4351063829787234 0.10132501948558068 0.43351063829787234 0.09664848012470771 0.42819148936170215 0.09431021044427124 0.42606382978723406 0.093141075604053 0.425531914893617 0.09275136399064692 0.423936170212766 0.08885424785658613 0.4196808510638298 0.08573655494933749 0.41648936170212764 0.0818394388152767 0.4122340425531915 0.0779423226812159 0.40797872340425534 0.0759937646141855 0.40638297872340423 0.07560405300077942 0.4047872340425532 0.07326578332034295 0.4026595744680851 0.07131722525331255 0.40106382978723404 0.07092751363990647 0.399468085106383 0.06858924395947 0.3973404255319149 0.06391270459859703 0.3920212765957447 0.060795011691348405 0.38882978723404255 0.05689789555728761 0.38457446808510637 0.05222135619641465 0.3792553191489362 0.048324240062353856 0.375 0.043647700701480906 0.3696808510638298 0.03975058456742011 0.36542553191489363 0.03858144972720187 0.3648936170212766 0.040140296180826186 0.3617021276595745 0.04169914263445051 0.35851063829787233 0.042088854247856584 0.3569148936170213 0.04403741231488698 0.3553191489361702 0.045596258768511304 0.35212765957446807 0.04598597038191738 0.350531914893617 0.04793452844894778 0.34893617021276596 0.051052221356196414 0.34361702127659577 0.05416991426344505 0.3382978723404255 0.057287607170693686 0.33297872340425533 0.05962587685113016 0.32872340425531915 0.060015588464536244 0.3271276595744681 0.06118472330475448 0.32659574468085106 0.0627435697583788 0.32340425531914896 0.06313328137178488 0.32180851063829785 0.06508183943881528 0.3202127659574468 0.0666406858924396 0.3170212765957447 0.06703039750584568 0.31542553191489364 0.0681995323460639 0.3148936170212766 0.07131722525331255 0.30957446808510636 0.07365549493374902 0.30531914893617024 0.07677318784099767 0.3 0.0798908807482463 0.2946808510638298 0.08106001558846454 0.29202127659574467 0.08222915042868277 0.29148936170212764 0.08378799688230709 0.28829787234042553 0.08495713172252534 0.2856382978723404 0.08612626656274357 0.2851063829787234 0.08768511301636789 0.28191489361702127 0.09158222915042868 0.275531914893617 0.09392049883086516 0.2712765957446808 0.0970381917381138 0.26595744680851063 0.10093530787217458 0.25957446808510637 0.10210444271239283 0.2569148936170213 0.10327357755261107 0.25638297872340426 0.10483242400623538 0.2531914893617021 0.10872954014029618 0.24680851063829787 0.11106780982073265 0.2425531914893617 0.1141855027279813 0.2372340425531915 0.11808261886204209 0.23085106382978723 0.11964146531566641 0.2276595744680851 0.12003117692907249 0.22606382978723405 0.12197973499610289 0.22446808510638297 0.12353858144972721 0.22127659574468084 0.12392829306313329 0.21968085106382979 0.12587685113016367 0.21808510638297873 0.1289945440374123 0.2127659574468085 0.1313328137178488 0.20851063829787234 0.1352299298519096 0.20212765957446807 0.1367887763055339 0.19893617021276597 0.13795791114575215 0.19627659574468084 0.1391270459859704 0.19574468085106383 0.1410756040530008 0.1920212765957447 0.2190179267342167 0.1920212765957447 0.21940763834762275 0.39893617021276595 0.19251753702260327 0.399468085106383 0.19173811379579112 0.4015957446808511 0.19056897895557287 0.4021276595744681 0.18901013250194856 0.4053191489361702 0.18862042088854247 0.40691489361702127 0.18745128604832423 0.4074468085106383 0.18589243959469992 0.4106382978723404 0.18472330475448168 0.41329787234042553 0.18355416991426343 0.41382978723404257 0.18199532346063912 0.41702127659574467 0.18160561184723303 0.4186170212765957 0.18043647700701482 0.41914893617021276 0.17887763055339048 0.4223404255319149 0.17498051441932969 0.42872340425531913 0.17186282151208107 0.4340425531914894 0.16874512860483243 0.43936170212765957 0.16562743569758379 0.44468085106382976 0.16250974279033514 0.45 0.16095089633671084 0.4531914893617021 0.1597817614964926 0.45585106382978724 0.15861262665627435 0.4563829787234043 0.15705378020265004 0.4595744680851064 0.15666406858924395 0.46117021276595743 0.15471551052221355 0.4627659574468085 0.15315666406858924 0.46595744680851064 0.15276695245518315 0.4675531914893617 0.15159781761496494 0.46808510638297873 0.1500389711613406 0.47127659574468084 0.14964925954793454 0.4728723404255319 0.1484801247077163 0.4734042553191489 0.1461418550272798 0.4776595744680851 0.1441932969602494 0.48138297872340424
0 0.48791893998441155 0.42606382978723406 0.40374123148869834 0.42606382978723406 0.39438815276695244 0.41329787234042553 0.3916601714731099 0.4106382978723404 0.39049103663289164 0.40797872340425534 0.37957911145752143 0.3941489361702128 0.3768511301636789 0.39148936170212767 0.3764614185502728 0.3898936170212766 0.37373343725643027 0.3872340425531915 0.3729540140296181 0.3851063829787234 0.3729540140296181 0.22872340425531915 0.37490257209664846 0.22819148936170214 0.37568199532346064 0.22606382978723405 0.382307092751364 0.21808510638297873 0.38269680436477005 0.21648936170212765 0.3858144972720187 0.21329787234042552 0.38698363211223696 0.2127659574468085 0.3912704598597038 0.20585106382978724 0.4006235385814497 0.19414893617021275 0.48791893998441155 0.19414893617021275 0.4883086515978176 0.425531914893617 0.48791893998441155 0.42606382978723406
0 0.48791893998441155 0.5484042553191489 0.4091971940763835 0.5484042553191489 0.4088074824629774 0.4957446808510638 0.4442712392829306 0.4952127659574468 0.4446609508963367 0.48723404255319147 0.40374123148869834 0.4867021276595745 0.4033515198752923 0.5478723404255319 0.31488698363211226 0.5484042553191489 0.31449727201870614 0.42659574468085104 0.2244738893219018 0.42606382978723406 0.2240841777084957 0.22872340425531915 0.36788776305533905 0.22819148936170214 0.3682774746687451 0.3882978723404255 0.37568199532346064 0.3984042553191489 0.37763055339049106 0.4 0.37879968823070925 0.4026595744680851 0.3815276695245518 0.4053191489361702 0.38269680436477005 0.40797872340425534 0.3912704598597038 0.4186170212765957 0.3932190179267342 0.42021276595744683 0.3936087295401403 0.4218085106382979 0.39633671083398286 0.42446808510638295 0.3967264224473889 0.42606382978723406 0.4014029618082619 0.43138297872340425 0.48791893998441155 0.43138297872340425 0.4883086515978176 0.5478723404255319 0.48791893998441155 0.5484042553191489
0 0.17537022603273578 0.5164893617021277 0.17381137957911147 0.5143617021276595 0.17186282151208107 0.5127659574468085 0.17147310989867498 0.5111702127659574 0.16835541699142634 0.5079787234042553 0.1671862821512081 0.5074468085106383 0.16679657053780203 0.5058510638297873 0.16289945440374123 0.5015957446808511 0.1597817614964926 0.49840425531914895 0.15861262665627435 0.4978723404255319 0.15822291504286828 0.49627659574468086 0.1558846453624318 0.49414893617021277 0.15471551052221355 0.49361702127659574 0.15354637568199533 0.4909574468085106 0.14964925954793454 0.4867021276595745 0.14770070148090414 0.4851063829787234 0.1484801247077163 0.48404255319148937 0.14886983632112236 0.4824468085106383 0.1500389711613406 0.4819148936170213 0.15159781761496494 0.4787234042553192 0.151987529228371 0.47712765957446807 0.15315666406858924 0.4765957446808511 0.15471551052221355 0.4734042553191489 0.1558846453624318 0.47074468085106386 0.15705378020265004 0.4702127659574468 0.15861262665627435 0.46702127659574466 0.15900233826968044 0.4654255319148936 0.16095089633671084 0.46382978723404256 0.16250974279033514 0.46063829787234045 0.16562743569758379 0.4553191489361702 0.16874512860483243 0.45 0.17186282151208107 0.44468085106382976 0.17498051441932969 0.43936170212765957 0.17887763055339048 0.4329787234042553 0.18043647700701482 0.4297872340425532 0.18082618862042088 0.42819148936170215 0.18199532346063912 0.4276595744680851 0.18589243959469992 0.42127659574468085 0.18745128604832423 0.41808510638297874 0.18784099766173032 0.41648936170212764 0.18901013250194856 0.41595744680851066 0.1921278254091972 0.4106382978723404 0.19446609508963367 0.40638297872340423 0.19485580670303976 0.4047872340425532 0.2190179267342167 0.4047872340425532 0.21940763834762275 0.44468085106382976 0.21551052221356196 0.45 0.2131722525331255 0.4542553191489362 0.2127825409197194 0.45585106382978724 0.21161340607950116 0.4563829787234043 0.20771628994544036 0.4627659574468085 0.20459859703819175 0.46808510638297873 0.2014809041309431 0.4734042553191489 0.19914263445050662 0.4776595744680851 0.19875292283710055 0.47925531914893615 0.1975837879968823 0.4797872340425532 0.196024941543258 0.4829787234042553 0.1956352299298519 0.4845744680851064 0.1936866718628215 0.48617021276595745 0.1921278254091972 0.48936170212765956 0.19173811379579112 0.4909574468085106 0.18978955572876072 0.4925531914893617 0.18745128604832423 0.4968085106382979 0.18355416991426343 0.5031914893617021 0.18199532346063912 0.5063829787234042 0.18160561184723303 0.5079787234042553 0.17965705378020266 0.5095744680851064 0.17809820732657833 0.5127659574468085 0.17770849571317227 0.5143617021276595 0.17537022603273578 0.5164893617021277
0 0.6671862821512081 0.5324468085106383 0.6632891660171473 0.527127659574468 0.6621200311769291 0.526595744680851 0.661730319563523 0.525 0.6593920498830865 0.5228723404255319 0.6582229150428682 0.5223404255319148 0.6562743569758379 0.5186170212765957 0.6531566640685893 0.5154255319148936 0.6477007014809041 0.5090425531914894 0.6414653156664069 0.5015957446808511 0.6383476227591582 0.49840425531914895 0.6371784879189399 0.4978723404255319 0.6360093530787218 0.4952127659574468 0.6313328137178488 0.4898936170212766 0.627435697583788 0.4856382978723404 0.6262665627435697 0.4851063829787234 0.6293842556508183 0.4808510638297872 0.6301636788776306 0.4787234042553192 0.6305533904910366 0.47712765957446807 0.6317225253312548 0.4765957446808511 0.6325019485580671 0.474468085106383 0.6356196414653157 0.46914893617021275 0.6387373343725643 0.46382978723404256 0.6402961808261887 0.46063829787234045 0.6410756040530008 0.45851063829787236 0.6414653156664069 0.45691489361702126 0.642634450506625 0.4563829787234043 0.6441932969602494 0.4531914893617021 0.6465315666406859 0.44893617021276594 0.6488698363211224 0.44468085106382976 0.6512081060015589 0.44042553191489364 0.651987529228371 0.43829787234042555 0.6523772408417771 0.43670212765957445 0.6535463756819954 0.43617021276595747 0.6551052221356196 0.4329787234042553 0.6554949337490257 0.43138297872340425 0.656664068589244 0.4308510638297872 0.6574434918160561 0.42872340425531913 0.6590023382696805 0.425531914893617 0.661340607950117 0.42127659574468085 0.6644583008573656 0.41595744680851066 0.6660171473109898 0.4127659574468085 0.666406858924396 0.41117021276595744 0.6675759937646142 0.4106382978723404 0.6683554169914263 0.4085106382978723 0.6691348402182385 0.40638297872340423 0.6695245518316446 0.4047872340425532 0.7092751363990647 0.4047872340425532 0.7096648480124708 0.46170212765957447 0.7073265783320343 0.4648936170212766 0.7061574434918161 0.4675531914893617 0.7049883086515978 0.46808510638297873 0.7034294621979735 0.47127659574468084 0.6995323460639127 0.4776595744680851 0.6964146531566641 0.4829787234042553 0.6940763834762276 0.48723404255319147 0.6901792673421668 0.49361702127659574 0.6886204208885425 0.4968085106382979 0.6882307092751364 0.49840425531914895 0.686282151208106 0.5 0.6823850350740452 0.5063829787234042 0.6792673421667965 0.5117021276595745 0.6769290724863601 0.5159574468085106 0.6730319563522993 0.5223404255319148 0.671473109898675 0.5255319148936171 0.6703039750584567 0.5281914893617021 0.6691348402182385 0.5287234042553192 0.6671862821512081 0.5324468085106383
0 0.8901013250194856 0.6686170212765957 0.784099766173032 0.6686170212765957 0.7802026500389712 0.6632978723404256 0.7763055339049104 0.6590425531914894 0.77435697583788 0.6574468085106383 0.7731878409976617 0.6547872340425532 0.7700701480904131 0.651595744680851 0.764614185502728 0.6452127659574468 0.7591582229150429 0.6388297872340426 0.7552611067809821 0.6345744680851064 0.7533125487139517 0.6329787234042553 0.7521434138737334 0.6303191489361702 0.7482462977396727 0.6260638297872341 0.7435697583787997 0.6207446808510638 0.7416212003117693 0.6191489361702127 0.7412314886983632 0.6175531914893617 0.7381137957911146 0.6143617021276596 0.7342166796570537 0.6101063829787234 0.7330475448168355 0.6095744680851064 0.7310989867498051 0.6058510638297873 0.7272018706157444 0.6015957446808511 0.725253312548714 0.6 0.7248636009353079 0.598404255319149 0.7225253312548714 0.5962765957446808 0.720576773187841 0.5946808510638298 0.7201870615744349 0.5930851063829787 0.7162899454403742 0.5888297872340426 0.7131722525331254 0.5856382978723405 0.7120031176929073 0.5851063829787234 0.7100545596258768 0.5813829787234043 0.7061574434918161 0.5771276595744681 0.7042088854247857 0.575531914893617 0.7038191738113796 0.573936170212766 0.7014809041309431 0.5718085106382979 0.6995323460639127 0.5702127659574469 0.6991426344505066 0.5686170212765957 0.6952455183164459 0.5643617021276596 0.6921278254091972 0.5611702127659575 0.690958690568979 0.5606382978723404 0.6890101325019485 0.5569148936170213 0.6851130163678878 0.5526595744680851 0.6831644583008574 0.551063829787234 0.6827747466874513 0.549468085106383 0.6804364770070148 0.5473404255319149 0.6792673421667965 0.5468085106382978 0.6773187840997662 0.5430851063829787 0.6742010911925176 0.5398936170212766 0.671473109898675 0.5372340425531915 0.6753702260327358 0.5308510638297872 0.6784879189399844 0.5255319148936171 0.6800467653936088 0.5223404255319148 0.6804364770070148 0.5207446808510638 0.6823850350740452 0.5191489361702127 0.6839438815276695 0.5159574468085106 0.6843335931410756 0.5143617021276595 0.6855027279812939 0.5138297872340426 0.6870615744349181 0.5106382978723404 0.6874512860483243 0.5090425531914894 0.6893998441153546 0.5074468085106383 0.690958690568979 0.5042553191489362 0.6948558067030397 0.4978723404255319 0.6971940763834762 0.49361702127659574 0.7003117692907249 0.48829787234042554 0.7034294621979735 0.4829787234042553 0.7073265783320343 0.4765957446808511 0.7104442712392829 0.47127659574468084 0.7108339828526891 0.4696808510638298 0.7435697583787997 0.4696808510638298 0.7439594699922057 0.46595744680851064 0.7147310989867498 0.4654255319148936 0.7143413873733437 0.4276595744680851 0.9727201870615745 0.4271276595744681 0.9731098986749805 0.5468085106382978 0.8908807482462977 0.5473404255319149 0.8904910366328916 0.6680851063829787 0.8901013250194856 0.6686170212765957
0 0.23616523772408418 0.5835106382978723 0.2338269680436477 0.5803191489361702 0.23265783320342948 0.5797872340425532 0.23226812159002339 0.5781914893617022 0.2299298519095869 0.576063829787234 0.22876071706936868 0.575531914893617 0.22759158222915044 0.5728723404255319 0.22525331254871395 0.5707446808510638 0.2240841777084957 0.5702127659574469 0.22369446609508964 0.5686170212765957 0.21979734996102884 0.5643617021276596 0.2166796570537802 0.5611702127659575 0.2127825409197194 0.5569148936170213 0.21161340607950116 0.5563829787234043 0.2112236944660951 0.5547872340425531 0.2088854247856586 0.5526595744680851 0.2069368667186282 0.551063829787234 0.20654715510522215 0.549468085106383 0.20420888542478566 0.5473404255319149 0.2030397505845674 0.5468085106382978 0.20265003897116135 0.5452127659574468 0.1995323460639127 0.5420212765957447 0.1956352299298519 0.5377659574468086 0.19173811379579112 0.5335106382978724 0.18784099766173032 0.5292553191489362 0.18316445830085737 0.523936170212766 0.17965705378020266 0.5202127659574468 0.18082618862042088 0.5186170212765957 0.18199532346063912 0.5180851063829788 0.18355416991426343 0.5148936170212766 0.18394388152766952 0.5132978723404256 0.18511301636788777 0.5127659574468085 0.18745128604832423 0.5085106382978724 0.19056897895557287 0.5031914893617021 0.1936866718628215 0.4978723404255319 0.19680436477007016 0.4925531914893617 0.1979734996102884 0.4898936170212766 0.19914263445050662 0.48936170212765956 0.20070148090413095 0.48617021276595745 0.20459859703819175 0.4797872340425532 0.20771628994544036 0.474468085106383 0.210833982852689 0.46914893617021275 0.2147310989867498 0.4627659574468085 0.21784879189399844 0.4574468085106383 0.22174590802805924 0.451063829787234 0.2240841777084957 0.44680851063829785 0.2240841777084957 0.4319148936170213 0.3102104442712393 0.43138297872340425 0.31060015588464535 0.5478723404255319 0.2572096648480125 0.5484042553191489 0.25604053000779425 0.55 0.2529228371005456 0.5553191489361702 0.2525331254871395 0.5569148936170213 0.2513639906469213 0.5574468085106383 0.24902572096648481 0.5617021276595745 0.24863600935307872 0.5632978723404255 0.24668745128604833 0.5648936170212766 0.24512860483242402 0.5680851063829787 0.24045206547155104 0.575531914893617 0.23811379579111458 0.5797872340425532 0.2377240841777085 0.5813829787234043 0.23655494933749024 0.5819148936170213 0.23616523772408418 0.5835106382978723
0 0.3959469992205768 0.6601063829787234 0.3047544816835542 0.6601063829787234 0.3008573655494934 0.6547872340425532 0.29890880748246296 0.6531914893617021 0.2985190958690569 0.651595744680851 0.2961808261886204 0.649468085106383 0.2915042868277475 0.6441489361702127 0.2876071706936867 0.6398936170212766 0.2837100545596259 0.6356382978723404 0.2798129384255651 0.6313829787234042 0.2751363990646921 0.6260638297872341 0.2727981293842556 0.6239361702127659 0.27162899454403744 0.6234042553191489 0.2704598597038192 0.6207446808510638 0.2665627435697584 0.6164893617021276 0.2626656274356976 0.6122340425531915 0.2587685113016368 0.6079787234042553 0.25565081839438814 0.6047872340425532 0.2544816835541699 0.6042553191489362 0.2540919719407638 0.6026595744680852 0.25175370226032734 0.600531914893617 0.2505845674201091 0.6 0.24941543257989088 0.5973404255319149 0.24707716289945442 0.5952127659574468 0.24590802805923617 0.5946808510638298 0.24473889321901793 0.5920212765957447 0.24162120031176929 0.5888297872340426 0.2396726422447389 0.5872340425531914 0.24201091192517538 0.5840425531914893 0.24668745128604833 0.5765957446808511 0.2505845674201091 0.5702127659574469 0.2529228371005456 0.5659574468085107 0.25759937646141856 0.5585106382978723 0.2603273577552611 0.5537234042553192 0.3102104442712393 0.5537234042553192 0.31060015588464535 0.6063829787234043 0.3141075604053001 0.6069148936170212 0.31449727201870614 0.5542553191489362 0.3959469992205768 0.5537234042553192 0.39633671083398286 0.6595744680851063 0.3959469992205768 0.6601063829787234
0 0.48791893998441155 0.6601063829787234 0.4014029618082619 0.6601063829787234 0.4010132501948558 0.5542553191489362 0.48791893998441155 0.5537234042553192 0.4883086515978176 0.6595744680851063 0.48791893998441155 0.6601063829787234
0 0.9727201870615745 0.6632978723404256 0.8963367108339828 0.6632978723404256 0.8959469992205767 0.5585106382978723 0.9727201870615745 0.5579787234042554 0.9731098986749805 0.6627659574468086 0.9727201870615745 0.6632978723404256
0 0.9727201870615745 0.7877659574468086 0.8752922837100545 0.7877659574468086 0.8749025720966485 0.7755319148936171 0.8733437256430242 0.7734042553191489 0.872954014029618 0.7718085106382979 0.8690568978955573 0.7675531914893617 0.8659392049883087 0.7643617021276595 0.8647700701480904 0.7638297872340426 0.8628215120810601 0.7601063829787233 0.8589243959469992 0.7558510638297873 0.8569758378799688 0.7542553191489362 0.8565861262665627 0.7526595744680851 0.8534684333593141 0.749468085106383 0.8522992985190959 0.7489361702127659 0.8511301636788776 0.7462765957446809 0.8472330475448169 0.7420212765957447 0.8445050662509743 0.7393617021276596 0.8441153546375681 0.7377659574468085 0.8409976617303195 0.7345744680851064 0.8371005455962588 0.7303191489361702 0.8359314107560405 0.7297872340425532 0.8347622759158223 0.7271276595744681 0.8300857365549493 0.7218085106382979 0.8254091971940763 0.7164893617021276 0.8242400623538582 0.7159574468085106 0.8230709275136399 0.7132978723404255 0.8191738113795791 0.7090425531914893 0.8160561184723305 0.7058510638297872 0.8148869836321122 0.7053191489361702 0.8129384255650819 0.7015957446808511 0.809041309431021 0.6973404255319149 0.8070927513639906 0.6957446808510638 0.8067030397505845 0.6941489361702128 0.8020265003897116 0.6888297872340425 0.7973499610288387 0.6835106382978723 0.7954014029618083 0.6819148936170213 0.7950116913484022 0.6803191489361702 0.7918939984411536 0.6771276595744681 0.7879968823070927 0.6728723404255319 0.7868277474668746 0.6723404255319149 0.7856586126266563 0.6696808510638298 0.7844894777864381 0.6691489361702128 0.9727201870615745 0.6686170212765957 0.9731098986749805 0.7872340425531915 0.9727201870615745 0.7877659574468086
0 0.9727201870615745 0.8675531914893617 0.8752922837100545 0.8675531914893617 0.8749025720966485 0.7978723404255319 0.9727201870615745 0.7973404255319149 0.9731098986749805 0.8670212765957447 0.9727201870615745 0.8675531914893617