0 0.26714801444043323 0.2577972709551657 0.13357400722021662 0.2577972709551657 0.13312274368231047 0.07115009746588694 0.26714801444043323 0.07066276803118908 0.2685018050541516 0.07212475633528265 0.2685018050541516 0.25633528265107214 0.26714801444043323 0.2577972709551657
0 0.34025270758122744 0.3162768031189084 0.27346570397111913 0.3162768031189084 0.273014440433213 0.07115009746588694 0.34025270758122744 0.07066276803118908 0.3407039711191336 0.3157894736842105 0.34025270758122744 0.3162768031189084
0 0.4675090252707581 0.20224171539961014 0.3483754512635379 0.20224171539961014 0.3479241877256318 0.07115009746588694 0.4675090252707581 0.07066276803118908 0.46796028880866425 0.20175438596491227 0.4675090252707581 0.20224171539961014
0 0.7148014440433214 0.14376218323586745 0.7138989169675091 0.14278752436647174 0.648014440433213 0.14278752436647174 0.6471119133574007 0.14181286549707603 0.5803249097472925 0.14181286549707603 0.5798736462093863 0.07115009746588694 0.7148014440433214 0.07066276803118908 0.7152527075812274 0.14327485380116958 0.7148014440433214 0.14376218323586745
0 0.7851985559566786 0.307504873294347 0.7211191335740073 0.307504873294347 0.7206678700361011 0.07115009746588694 0.7851985559566786 0.07066276803118908 0.7856498194945848 0.30701754385964913 0.7851985559566786 0.307504873294347
0 0.9187725631768953 0.14376218323586745 0.7924187725631769 0.14376218323586745 0.7919675090252708 0.07115009746588694 0.9187725631768953 0.07066276803118908 0.9192238267148014 0.14327485380116958 0.9187725631768953 0.14376218323586745
0 0.6714801444043321 0.23635477582846004 0.6344765342960289 0.23635477582846004 0.6340252707581228 0.21637426900584794 0.6308664259927798 0.2158869395711501 0.6304151624548736 0.22319688109161792 0.5776173285198556 0.2236842105263158 0.5771660649819494 0.14912280701754385 0.6796028880866426 0.148635477582846 0.6805054151624549 0.14961013645224172 0.7148014440433214 0.14961013645224172 0.7152527075812274 0.21539961013645223 0.6723826714801444 0.2158869395711501 0.6719314079422383 0.23586744639376217 0.6714801444043321 0.23635477582846004
0 0.9187725631768953 0.307504873294347 0.8510830324909747 0.307504873294347 0.8506317689530686 0.246588693957115 0.7924187725631769 0.24610136452241715 0.7919675090252708 0.15009746588693956 0.9187725631768953 0.14961013645224172 0.9192238267148014 0.30701754385964913 0.9187725631768953 0.307504873294347
0 0.37364620938628157 0.2626705653021443 0.34657039711191334 0.2626705653021443 0.3461191335740072 0.20857699805068225 0.39620938628158847 0.2080896686159844 0.39666064981949456 0.24463937621832357 0.37454873646209386 0.24512670565302144 0.3740974729241877 0.2621832358674464 0.37364620938628157 0.2626705653021443
0 0.4675090252707581 0.27631578947368424 0.40252707581227437 0.27631578947368424 0.4020758122743682 0.20857699805068225 0.4675090252707581 0.2080896686159844 0.46796028880866425 0.27582846003898637 0.4675090252707581 0.27631578947368424
0 0.7148014440433214 0.36403508771929827 0.5776173285198556 0.36403508771929827 0.5771660649819494 0.2290448343079922 0.6299638989169675 0.22855750487329435 0.6304151624548736 0.2387914230019493 0.6750902527075813 0.23927875243664717 0.6755415162454874 0.2202729044834308 0.7148014440433214 0.21978557504873295 0.7152527075812274 0.3635477582846004 0.7148014440433214 0.36403508771929827
0 0.8402527075812274 0.307504873294347 0.7924187725631769 0.307504873294347 0.7919675090252708 0.2524366471734893 0.822202166064982 0.2519493177387914 0.8226534296028881 0.2855750487329435 0.8402527075812274 0.28606237816764135 0.8407039711191335 0.30701754385964913 0.8402527075812274 0.307504873294347
0 0.26805054151624547 0.38255360623781676 0.13357400722021662 0.38255360623781676 0.13312274368231047 0.2631578947368421 0.26805054151624547 0.2626705653021443 0.2685018050541516 0.3820662768031189 0.26805054151624547 0.38255360623781676
0 0.39620938628158847 0.38255360623781676 0.322202166064982 0.38255360623781676 0.32175090252707583 0.3226120857699805 0.3456678700361011 0.32212475633528265 0.3461191335740072 0.26900584795321636 0.37364620938628157 0.26851851851851855 0.3740974729241877 0.28362573099415206 0.39620938628158847 0.28411306042884993 0.39666064981949456 0.3820662768031189 0.39620938628158847 0.38255360623781676
0 0.4675090252707581 0.38255360623781676 0.40252707581227437 0.38255360623781676 0.4020758122743682 0.28167641325536064 0.4675090252707581 0.28118908382066277 0.46796028880866425 0.3820662768031189 0.4675090252707581 0.38255360623781676
0 0.7851985559566786 0.36403508771929827 0.7211191335740073 0.36403508771929827 0.7206678700361011 0.3138401559454191 0.7851985559566786 0.31335282651072127 0.7856498194945848 0.3635477582846004 0.7851985559566786 0.36403508771929827
0 0.924187725631769 0.36403508771929827 0.7915162454873647 0.36403508771929827 0.7910649819494585 0.3138401559454191 0.924187725631769 0.31335282651072127 0.9246389891696751 0.3635477582846004 0.924187725631769 0.36403508771929827
0 0.3167870036101083 0.38255360623781676 0.27346570397111913 0.38255360623781676 0.273014440433213 0.3226120857699805 0.3167870036101083 0.32212475633528265 0.31723826714801445 0.3820662768031189 0.3167870036101083 0.38255360623781676
0 0.6245487364620939 0.6807992202729045 0.41787003610108303 0.6807992202729045 0.4174187725631769 0.49317738791423 0.5424187725631769 0.4926900584795322 0.5428700361010831 0.5594541910331384 0.5496389891696751 0.5599415204678363 0.5500902527075813 0.49317738791423 0.6245487364620939 0.4926900584795322 0.625 0.6803118908382066 0.6245487364620939 0.6807992202729045
0 0.7572202166064982 0.6807992202729045 0.6326714801444043 0.6807992202729045 0.6322202166064982 0.49317738791423 0.7572202166064982 0.4926900584795322 0.7576714801444043 0.6803118908382066 0.7572202166064982 0.6807992202729045
0 0.5541516245487365 0.8104288499025342 0.41787003610108303 0.8104288499025342 0.4174187725631769 0.6890838206627681 0.5541516245487365 0.6885964912280702 0.5546028880866426 0.8099415204678363 0.5541516245487365 0.8104288499025342
0 0.6543321299638989 0.8104288499025342 0.5613718411552346 0.8104288499025342 0.5609205776173285 0.6890838206627681 0.6552346570397112 0.6885964912280702 0.6556859205776173 0.7495126705653021 0.654783393501805 0.7504873294346979 0.654783393501805 0.8099415204678363 0.6543321299638989 0.8104288499025342
0 0.7572202166064982 0.8104288499025342 0.6633574007220217 0.8104288499025342 0.6629061371841155 0.6890838206627681 0.7572202166064982 0.6885964912280702 0.7576714801444043 0.8099415204678363 0.7572202166064982 0.8104288499025342