0 0.41163793103448276 0.5919324577861164 0.2435344827586207 0.5919324577861164 0.24245689655172414 0.5534709193245778 0.07112068965517242 0.5525328330206379 0.07004310344827586 0.2176360225140713 0.41163793103448276 0.21669793621013134 0.41271551724137934 0.5909943714821764 0.41163793103448276 0.5919324577861164
0 0.6788793103448276 0.398686679174484 0.49353448275862066 0.398686679174484 0.49245689655172414 0.22326454033771106 0.6788793103448276 0.2223264540337711 0.6799568965517241 0.3977485928705441 0.6788793103448276 0.398686679174484
0 0.853448275862069 0.398686679174484 0.6853448275862069 0.398686679174484 0.6842672413793104 0.22326454033771106 0.853448275862069 0.2223264540337711 0.8545258620689655 0.3977485928705441 0.853448275862069 0.398686679174484
0 0.6012931034482759 0.6876172607879925 0.49137931034482757 0.6876172607879925 0.49030172413793105 0.40337711069418386 0.6012931034482759 0.4024390243902439 0.6023706896551724 0.4896810506566604 0.646551724137931 0.4906191369606004 0.6476293103448276 0.5966228893058161 0.603448275862069 0.5975609756097561 0.6023706896551724 0.6866791744840526 0.6012931034482759 0.6876172607879925
0 0.853448275862069 0.5975609756097561 0.6573275862068966 0.5975609756097561 0.65625 0.48405253283302063 0.6077586206896551 0.4831144465290807 0.6066810344827587 0.40337711069418386 0.853448275862069 0.4024390243902439 0.8545258620689655 0.5966228893058161 0.853448275862069 0.5975609756097561
0 0.2413793103448276 0.7795497185741088 0.10991379310344827 0.7795497185741088 0.10883620689655173 0.7636022514071295 0.06896551724137931 0.7626641651031895 0.07004310344827586 0.5534709193245778 0.2413793103448276 0.5525328330206379 0.24245689655172414 0.7786116322701688 0.2413793103448276 0.7795497185741088
0 0.41163793103448276 0.7795497185741088 0.2435344827586207 0.7795497185741088 0.24245689655172414 0.5928705440900562 0.3146551724137931 0.5919324577861164 0.31573275862068967 0.6885553470919324 0.41163793103448276 0.6894934333958724 0.41271551724137934 0.7786116322701688 0.41163793103448276 0.7795497185741088
0 0.41163793103448276 0.6838649155722326 0.3232758620689655 0.6838649155722326 0.32219827586206895 0.6041275797373359 0.41163793103448276 0.6031894934333959 0.41271551724137934 0.6829268292682927 0.41163793103448276 0.6838649155722326
0 0.853448275862069 0.7814258911819888 0.6077586206896551 0.7814258911819888 0.6066810344827587 0.6060037523452158 0.853448275862069 0.6050656660412758 0.8545258620689655 0.7804878048780488 0.853448275862069 0.7814258911819888
0 0.6012931034482759 0.7814258911819888 0.49137931034482757 0.7814258911819888 0.49030172413793105 0.6923076923076923 0.6012931034482759 0.6913696060037523 0.6023706896551724 0.7804878048780488 0.6012931034482759 0.7814258911819888
0 0.41379310344827586 0.9315196998123827 0.33405172413793105 0.9315196998123827 0.3329741379310345 0.8030018761726079 0.41379310344827586 0.8020637898686679 0.41487068965517243 0.9305816135084428 0.41379310344827586 0.9315196998123827