0 0.18181818181818182 0.09625212947189098 0.050505050505050504 0.09625212947189098 0.04924242424242424 0.0068143100511073255 0.18181818181818182 0.00596252129471891 0.1830808080808081 0.09540034071550256 0.18181818181818182 0.09625212947189098
0 0.2904040404040404 0.07921635434412266 0.1919191919191919 0.07921635434412266 0.19065656565656566 0.0068143100511073255 0.2904040404040404 0.00596252129471891 0.2916666666666667 0.07836456558773425 0.2904040404040404 0.07921635434412266
0 0.41414141414141414 0.09114139693356048 0.3005050505050505 0.09114139693356048 0.29924242424242425 0.0068143100511073255 0.41414141414141414 0.00596252129471891 0.4154040404040404 0.09028960817717206 0.41414141414141414 0.09114139693356048
0 0.4823232323232323 0.09114139693356048 0.42424242424242425 0.09114139693356048 0.42297979797979796 0.0068143100511073255 0.4823232323232323 0.00596252129471891 0.48358585858585856 0.09028960817717206 0.4823232323232323 0.09114139693356048
0 0.4797979797979798 0.42674616695059625 0.050505050505050504 0.42674616695059625 0.04924242424242424 0.28620102214650767 0.1893939393939394 0.28534923339011925 0.19065656565656566 0.10732538330494037 0.24242424242424243 0.10647359454855196 0.24368686868686867 0.08517887563884156 0.2904040404040404 0.08432708688245315 0.2916666666666667 0.10562180579216354 0.29797979797979796 0.10647359454855196 0.29924242424242425 0.09710391822827939 0.4823232323232323 0.09625212947189098 0.48358585858585856 0.26405451448040884 0.5202020202020202 0.26490630323679726 0.5214646464646465 0.3594548551959114 0.4823232323232323 0.36030664395229983 0.4810606060606061 0.42589437819420783 0.4797979797979798 0.42674616695059625
0 0.17929292929292928 0.17632027257240204 0.050505050505050504 0.17632027257240204 0.04924242424242424 0.10391822827938671 0.17929292929292928 0.1030664395229983 0.18055555555555555 0.17546848381601363 0.17929292929292928 0.17632027257240204
0 0.18181818181818182 0.28023850085178875 0.050505050505050504 0.28023850085178875 0.04924242424242424 0.1839863713798978 0.18181818181818182 0.18313458262350937 0.1830808080808081 0.27938671209540034 0.18181818181818182 0.28023850085178875
0 0.7651515151515151 0.43185689948892675 0.6186868686868687 0.43185689948892675 0.6174242424242424 0.403747870528109 0.5277777777777778 0.4028960817717206 0.5265151515151515 0.2657580919931857 0.7651515151515151 0.26490630323679726 0.7664141414141414 0.43100511073253833 0.7651515151515151 0.43185689948892675
0 0.9318181818181818 0.42674616695059625 0.7752525252525253 0.42674616695059625 0.773989898989899 0.2657580919931857 0.9318181818181818 0.26490630323679726 0.9330808080808081 0.42589437819420783 0.9318181818181818 0.42674616695059625
0 0.5202020202020202 0.4028960817717206 0.48737373737373735 0.4028960817717206 0.4861111111111111 0.3645655877342419 0.5202020202020202 0.3637137989778535 0.5214646464646465 0.4020442930153322 0.5202020202020202 0.4028960817717206
0 0.5833333333333334 0.5732538330494037 0.48737373737373735 0.5732538330494037 0.4861111111111111 0.49744463373083475 0.1893939393939394 0.49659284497444633 0.18813131313131312 0.43270868824531517 0.48737373737373735 0.43185689948892675 0.48863636363636365 0.4088586030664395 0.6085858585858586 0.4080068143100511 0.6098484848484849 0.43100511073253833 0.8232323232323232 0.43185689948892675 0.8244949494949495 0.4957410562180579 0.5858585858585859 0.49659284497444633 0.5845959595959596 0.5724020442930153 0.5833333333333334 0.5732538330494037
0 0.17929292929292928 0.49659284497444633 0.050505050505050504 0.49659284497444633 0.04924242424242424 0.43270868824531517 0.17929292929292928 0.43185689948892675 0.18055555555555555 0.4957410562180579 0.17929292929292928 0.49659284497444633
0 0.9318181818181818 0.5238500851788757 0.8333333333333334 0.5238500851788757 0.8320707070707071 0.43270868824531517 0.9318181818181818 0.43185689948892675 0.9330808080808081 0.5229982964224872 0.9318181818181818 0.5238500851788757
0 0.9318181818181818 0.661839863713799 0.7474747474747475 0.661839863713799 0.7462121212121212 0.49744463373083475 0.8232323232323232 0.49659284497444633 0.8244949494949495 0.5264054514480409 0.9318181818181818 0.5272572402044293 0.9330808080808081 0.6609880749574105 0.9318181818181818 0.661839863713799
0 0.4772727272727273 0.661839863713799 0.2803030303030303 0.661839863713799 0.27904040404040403 0.6030664395229983 0.2727272727272727 0.6022146507666098 0.27146464646464646 0.6609880749574105 0.050505050505050504 0.661839863713799 0.04924242424242424 0.5025553662691652 0.4772727272727273 0.5017035775127768 0.47853535353535354 0.6609880749574105 0.4772727272727273 0.661839863713799
0 0.6136363636363636 0.5238500851788757 0.5934343434343434 0.5238500851788757 0.5921717171717171 0.5025553662691652 0.6136363636363636 0.5017035775127768 0.61489898989899 0.5229982964224872 0.6136363636363636 0.5238500851788757
0 0.7449494949494949 0.661839863713799 0.5934343434343434 0.661839863713799 0.5921717171717171 0.5281090289608177 0.6186868686868687 0.5272572402044293 0.6199494949494949 0.5025553662691652 0.7449494949494949 0.5017035775127768 0.7462121212121212 0.6609880749574105 0.7449494949494949 0.661839863713799
0 0.5833333333333334 0.6243611584327087 0.48737373737373735 0.6243611584327087 0.4861111111111111 0.5792163543441227 0.5833333333333334 0.5783645655877342 0.5845959595959596 0.6235093696763203 0.5833333333333334 0.6243611584327087
0 0.2803030303030303 0.7402044293015332 0.050505050505050504 0.7402044293015332 0.04924242424242424 0.6712095400340715 0.2803030303030303 0.6703577512776832 0.2815656565656566 0.7393526405451448 0.2803030303030303 0.7402044293015332
0 0.2803030303030303 0.9667802385008518 0.050505050505050504 0.9667802385008518 0.04924242424242424 0.7410562180579217 0.2803030303030303 0.7402044293015332 0.2815656565656566 0.9659284497444633 0.2803030303030303 0.9667802385008518