0 0.7033333333333334 0.5722222222222222 0.6116666666666667 0.5722222222222222 0.6108333333333333 0.4711111111111111 0.52 0.47 0.5191666666666667 0.35555555555555557 0.61 0.35444444444444445 0.6108333333333333 0.19777777777777777 0.6316666666666667 0.19666666666666666 0.6341666666666667 0.19333333333333333 0.6425 0.18 0.6483333333333333 0.17 0.71 0.17 0.7183333333333334 0.1811111111111111 0.7283333333333334 0.1922222222222222 0.7416666666666667 0.1922222222222222 0.7425 0.3088888888888889 0.7466666666666667 0.31 0.7475 0.19333333333333333 0.8033333333333333 0.1922222222222222 0.8041666666666667 0.35777777777777775 0.89 0.35888888888888887 0.8908333333333334 0.42 0.77 0.4211111111111111 0.7691666666666667 0.4711111111111111 0.71 0.4722222222222222 0.7091666666666666 0.3977777777777778 0.6066666666666667 0.39666666666666667 0.6058333333333333 0.4222222222222222 0.61 0.42333333333333334 0.6108333333333333 0.40444444444444444 0.7033333333333334 0.4033333333333333 0.7041666666666667 0.5711111111111111 0.7033333333333334 0.5722222222222222
0 0.8516666666666667 0.25 0.81 0.25 0.8091666666666667 0.19333333333333333 0.8516666666666667 0.1922222222222222 0.8525 0.24888888888888888 0.8516666666666667 0.25
0 0.9566666666666667 0.3522222222222222 0.8583333333333333 0.3522222222222222 0.8575 0.19333333333333333 0.9566666666666667 0.1922222222222222 0.9575 0.3511111111111111 0.9566666666666667 0.3522222222222222
0 0.33166666666666667 0.33444444444444443 0.135 0.33444444444444443 0.13416666666666666 0.19555555555555557 0.27 0.19444444444444445 0.2708333333333333 0.29777777777777775 0.2733333333333333 0.29888888888888887 0.27416666666666667 0.19555555555555557 0.33166666666666667 0.19444444444444445 0.3325 0.3333333333333333 0.33166666666666667 0.33444444444444443
0 0.3616666666666667 0.33444444444444443 0.33666666666666667 0.33444444444444443 0.3358333333333333 0.19555555555555557 0.4866666666666667 0.19444444444444445 0.4875 0.3022222222222222 0.36333333333333334 0.30333333333333334 0.3625 0.3333333333333333 0.3616666666666667 0.33444444444444443
0 0.8516666666666667 0.3522222222222222 0.81 0.3522222222222222 0.8091666666666667 0.2577777777777778 0.8516666666666667 0.25666666666666665 0.8525 0.3511111111111111 0.8516666666666667 0.3522222222222222
0 0.40166666666666667 0.3566666666666667 0.36666666666666664 0.3566666666666667 0.36583333333333334 0.3088888888888889 0.40166666666666667 0.30777777777777776 0.4025 0.35555555555555557 0.40166666666666667 0.3566666666666667
0 0.4866666666666667 0.45666666666666667 0.4066666666666667 0.45666666666666667 0.4058333333333333 0.3088888888888889 0.4866666666666667 0.30777777777777776 0.4875 0.45555555555555555 0.4866666666666667 0.45666666666666667
0 0.15 0.5722222222222222 0.043333333333333335 0.5722222222222222 0.0425 0.3511111111111111 0.13333333333333333 0.35 0.13416666666666666 0.34 0.15 0.3388888888888889 0.15083333333333335 0.5711111111111111 0.15 0.5722222222222222
0 0.42 0.5722222222222222 0.3516666666666667 0.5722222222222222 0.35083333333333333 0.5222222222222223 0.345 0.5211111111111111 0.3441666666666667 0.5711111111111111 0.15666666666666668 0.5722222222222222 0.15583333333333332 0.34 0.27 0.3388888888888889 0.2708333333333333 0.3622222222222222 0.2733333333333333 0.36333333333333334 0.27416666666666667 0.34 0.3616666666666667 0.3388888888888889 0.3625 0.36 0.40166666666666667 0.3611111111111111 0.4025 0.39555555555555555 0.27 0.39666666666666667 0.26916666666666667 0.4022222222222222 0.345 0.4033333333333333 0.3458333333333333 0.46 0.42 0.46111111111111114 0.42083333333333334 0.5711111111111111 0.42 0.5722222222222222
0 0.9566666666666667 0.4211111111111111 0.8966666666666666 0.4211111111111111 0.8958333333333334 0.36 0.9566666666666667 0.35888888888888887 0.9575 0.42 0.9566666666666667 0.4211111111111111
0 0.40166666666666667 0.45444444444444443 0.3516666666666667 0.45444444444444443 0.35083333333333333 0.40444444444444444 0.40166666666666667 0.4033333333333333 0.4025 0.4533333333333333 0.40166666666666667 0.45444444444444443
0 0.86 0.5722222222222222 0.775 0.5722222222222222 0.7741666666666667 0.4288888888888889 0.86 0.42777777777777776 0.8608333333333333 0.5711111111111111 0.86 0.5722222222222222
0 0.9566666666666667 0.5722222222222222 0.8666666666666667 0.5722222222222222 0.8658333333333333 0.4288888888888889 0.9566666666666667 0.42777777777777776 0.9575 0.5711111111111111 0.9566666666666667 0.5722222222222222
0 0.4866666666666667 0.5722222222222222 0.42833333333333334 0.5722222222222222 0.4275 0.4622222222222222 0.4866666666666667 0.46111111111111114 0.4875 0.5711111111111111 0.4866666666666667 0.5722222222222222
0 0.605 0.5722222222222222 0.52 0.5722222222222222 0.5191666666666667 0.4777777777777778 0.605 0.4766666666666667 0.6058333333333333 0.5711111111111111 0.605 0.5722222222222222
0 0.7683333333333333 0.5722222222222222 0.71 0.5722222222222222 0.7091666666666666 0.48 0.7683333333333333 0.47888888888888886 0.7691666666666667 0.5711111111111111 0.7683333333333333 0.5722222222222222