0 0.29926650366748164 0.1389776357827476 0.05623471882640587 0.1389776357827476 0.05599022004889975 0.04701049748973072 0.29926650366748164 0.04678229119123688 0.2995110024449878 0.13874942948425376 0.29926650366748164 0.1389776357827476
0 0.15892420537897312 0.24623459607485165 0.05623471882640587 0.24623459607485165 0.05599022004889975 0.14513920584208123 0.15892420537897312 0.1449109995435874 0.1591687041564792 0.24600638977635783 0.15892420537897312 0.24623459607485165
0 0.29926650366748164 0.24623459607485165 0.19266503667481663 0.24623459607485165 0.1924205378973105 0.2113190324052944 0.16577017114914425 0.21109082610680055 0.16552567237163815 0.14513920584208123 0.29926650366748164 0.1449109995435874 0.2995110024449878 0.24600638977635783 0.29926650366748164 0.24623459607485165
0 0.15941320293398534 0.40460976722957553 0.05623471882640587 0.40460976722957553 0.05599022004889975 0.25330899132816065 0.15941320293398534 0.2530807850296668 0.15965770171149143 0.4043815609310817 0.15941320293398534 0.40460976722957553
0 0.29926650366748164 0.40460976722957553 0.16577017114914425 0.40460976722957553 0.16552567237163815 0.25330899132816065 0.29926650366748164 0.2530807850296668 0.2995110024449878 0.4043815609310817 0.29926650366748164 0.40460976722957553
0 0.10757946210268948 0.46942035600182563 0.05623471882640587 0.46942035600182563 0.05599022004889975 0.40985851209493385 0.10757946210268948 0.40963030579644 0.1078239608801956 0.4691921497033318 0.10757946210268948 0.46942035600182563
0 0.29926650366748164 0.46942035600182563 0.11246943765281174 0.46942035600182563 0.11222493887530563 0.40985851209493385 0.29926650366748164 0.40963030579644 0.2995110024449878 0.4691921497033318 0.29926650366748164 0.46942035600182563
0 0.23422982885085575 0.57074395253309 0.05623471882640587 0.57074395253309 0.05599022004889975 0.47421268827019625 0.23422982885085575 0.4739844819717024 0.23447432762836184 0.5705157462345961 0.23422982885085575 0.57074395253309
0 0.4288508557457213 0.6424007302601552 0.2410757946210269 0.6424007302601552 0.24083129584352078 0.47421268827019625 0.4288508557457213 0.4739844819717024 0.4290953545232274 0.6421725239616614 0.4288508557457213 0.6424007302601552
0 0.5814180929095355 0.8920584208124144 0.2410757946210269 0.8920584208124144 0.24083129584352078 0.6467366499315381 0.4332518337408313 0.6465084436330443 0.4334963325183374 0.47421268827019625 0.5794621026894865 0.4739844819717024 0.5797066014669927 0.6458238247375627 0.7545232273838631 0.6460520310360566 0.7547677261613692 0.6467366499315381 0.5853300733496333 0.646964856230032 0.5850855745721272 0.7480602464628023 0.5819070904645477 0.7482884527612962 0.5816625916870416 0.8000912825193975 0.5437652811735941 0.8003194888178914 0.543520782396088 0.824737562756732 0.5814180929095355 0.8249657690552259 0.5816625916870416 0.8918302145139206 0.5814180929095355 0.8920584208124144
0 0.7545232273838631 0.6419443176631675 0.5848410757946211 0.6419443176631675 0.5845965770171149 0.47421268827019625 0.7227383863080684 0.4739844819717024 0.7229828850855746 0.5737106344135098 0.7545232273838631 0.5739388407120036 0.7547677261613692 0.6417161113646737 0.7545232273838631 0.6419443176631675
0 0.9354523227383863 0.6939753537197627 0.7594132029339853 0.6939753537197627 0.7591687041564792 0.5727978092195345 0.7266503667481663 0.5725696029210406 0.7264058679706602 0.47421268827019625 0.9354523227383863 0.4739844819717024 0.9356968215158924 0.6937471474212689 0.9354523227383863 0.6939753537197627
0 0.23422982885085575 0.8610223642172524 0.05623471882640587 0.8610223642172524 0.05599022004889975 0.5769055225924236 0.23422982885085575 0.5766773162939297 0.23447432762836184 0.8607941579187586 0.23422982885085575 0.8610223642172524
0 0.6772616136919315 0.8477863989046097 0.5853300733496333 0.8477863989046097 0.5850855745721272 0.7526243724326791 0.6122249388753056 0.7523961661341853 0.6124694376528117 0.74851665905979 0.5853300733496333 0.7482884527612962 0.5850855745721272 0.6471930625285258 0.7545232273838631 0.646964856230032 0.7547677261613692 0.7480602464628023 0.6777506112469438 0.7482884527612962 0.6775061124694377 0.847558192606116 0.6772616136919315 0.8477863989046097
0 0.9354523227383863 0.8920584208124144 0.7594132029339853 0.8920584208124144 0.7591687041564792 0.6987676859881333 0.9354523227383863 0.6985394796896395 0.9356968215158924 0.8918302145139206 0.9354523227383863 0.8920584208124144
0 0.7545232273838631 0.8249657690552259 0.6821515892420538 0.8249657690552259 0.6819070904645477 0.7526243724326791 0.7545232273838631 0.7523961661341853 0.7547677261613692 0.824737562756732 0.7545232273838631 0.8249657690552259
0 0.7545232273838631 0.8920584208124144 0.6821515892420538 0.8920584208124144 0.6819070904645477 0.8293016887266088 0.7545232273838631 0.829073482428115 0.7547677261613692 0.8918302145139206 0.7545232273838631 0.8920584208124144
0 0.6772616136919315 0.8920584208124144 0.5975550122249389 0.8920584208124144 0.5973105134474328 0.8512094933820173 0.6772616136919315 0.8509812870835235 0.6775061124694377 0.8918302145139206 0.6772616136919315 0.8920584208124144