0 0.15544041450777202 0.3283410138248848 0.07253886010362694 0.3283410138248848 0.07167530224525043 0.2119815668202765 0.15544041450777202 0.2108294930875576 0.15630397236614854 0.3271889400921659 0.15544041450777202 0.3283410138248848
0 0.4697754749568221 0.5564516129032258 0.24870466321243523 0.5564516129032258 0.2469775474956822 0.554147465437788 0.18134715025906736 0.554147465437788 0.18048359240069084 0.5046082949308756 0.16407599309153714 0.5034562211981567 0.16321243523316062 0.2119815668202765 0.4697754749568221 0.2108294930875576 0.47063903281519864 0.5552995391705069 0.4697754749568221 0.5564516129032258
0 0.6925734024179621 0.5564516129032258 0.6373056994818653 0.5564516129032258 0.6364421416234888 0.5253456221198156 0.613126079447323 0.5241935483870968 0.6122625215889465 0.5552995391705069 0.5284974093264249 0.5564516129032258 0.5276338514680483 0.2119815668202765 0.6925734024179621 0.2108294930875576 0.6934369602763385 0.5552995391705069 0.6925734024179621 0.5564516129032258
0 0.927461139896373 0.5564516129032258 0.7012089810017271 0.5564516129032258 0.7003454231433506 0.2119815668202765 0.927461139896373 0.2108294930875576 0.9283246977547496 0.5552995391705069 0.927461139896373 0.5564516129032258
0 0.15544041450777202 0.4619815668202765 0.07253886010362694 0.4619815668202765 0.07167530224525043 0.3387096774193548 0.15544041450777202 0.33755760368663595 0.15630397236614854 0.4608294930875576 0.15544041450777202 0.4619815668202765
0 0.15544041450777202 0.6578341013824884 0.07253886010362694 0.6578341013824884 0.07167530224525043 0.47235023041474655 0.15544041450777202 0.47119815668202764 0.15630397236614854 0.6566820276497696 0.15544041450777202 0.6578341013824884
0 0.2469775474956822 0.7338709677419355 0.15716753022452504 0.7338709677419355 0.15630397236614854 0.6682027649769585 0.16234887737478412 0.6670506912442397 0.16321243523316062 0.5622119815668203 0.24006908462867013 0.5610599078341014 0.24093264248704663 0.6036866359447005 0.2469775474956822 0.6048387096774194 0.24784110535405873 0.5576036866359447 0.30915371329879104 0.5564516129032258 0.31001727115716754 0.684331797235023 0.22107081174438686 0.6854838709677419 0.22020725388601037 0.6935483870967742 0.2469775474956822 0.6947004608294931 0.24784110535405873 0.7327188940092166 0.2469775474956822 0.7338709677419355
0 0.4697754749568221 0.7338709677419355 0.3177892918825561 0.7338709677419355 0.3169257340241796 0.5576036866359447 0.4697754749568221 0.5564516129032258 0.47063903281519864 0.7327188940092166 0.4697754749568221 0.7338709677419355
0 0.6286701208981001 0.6647465437788018 0.5284974093264249 0.6647465437788018 0.5276338514680483 0.5990783410138248 0.5474956822107081 0.597926267281106 0.5483592400690847 0.5668202764976958 0.6286701208981001 0.565668202764977 0.6295336787564767 0.663594470046083 0.6286701208981001 0.6647465437788018
0 0.6925734024179621 0.8721198156682027 0.5284974093264249 0.8721198156682027 0.5276338514680483 0.6751152073732719 0.6355785837651122 0.673963133640553 0.6364421416234888 0.5668202764976958 0.6925734024179621 0.565668202764977 0.6934369602763385 0.8709677419354839 0.6925734024179621 0.8721198156682027
0 0.927461139896373 0.7407834101382489 0.7012089810017271 0.7407834101382489 0.7003454231433506 0.5668202764976958 0.927461139896373 0.565668202764977 0.9283246977547496 0.7396313364055299 0.927461139896373 0.7407834101382489
0 0.15544041450777202 0.8675115207373272 0.07253886010362694 0.8675115207373272 0.07167530224525043 0.6682027649769585 0.15544041450777202 0.6670506912442397 0.15630397236614854 0.7327188940092166 0.12780656303972365 0.7338709677419355 0.12694300518134716 0.7926267281105991 0.15544041450777202 0.793778801843318 0.15630397236614854 0.8663594470046083 0.15544041450777202 0.8675115207373272
0 0.30915371329879104 0.7338709677419355 0.2556131260794473 0.7338709677419355 0.2547495682210708 0.695852534562212 0.30915371329879104 0.6947004608294931 0.31001727115716754 0.7327188940092166 0.30915371329879104 0.7338709677419355
0 0.23661485319516407 0.8675115207373272 0.16407599309153714 0.8675115207373272 0.16321243523316062 0.7857142857142857 0.13471502590673576 0.7845622119815668 0.13385146804835923 0.7442396313364056 0.23661485319516407 0.7430875576036866 0.2374784110535406 0.8663594470046083 0.23661485319516407 0.8675115207373272