0 0.5498533724340176 0.25967596759675965 0.25513196480938416 0.25967596759675965 0.25439882697947214 0.13051305130513052 0.5498533724340176 0.13006300630063006 0.5505865102639296 0.25922592259225924 0.5498533724340176 0.25967596759675965
0 0.8489736070381232 0.31278127812781276 0.5586510263929618 0.31278127812781276 0.5579178885630498 0.13051305130513052 0.8489736070381232 0.13006300630063006 0.8497067448680352 0.31233123312331235 0.8489736070381232 0.31278127812781276
0 0.5498533724340176 0.6179117911791179 0.25513196480938416 0.6179117911791179 0.25439882697947214 0.2646264626462646 0.5498533724340176 0.2641764176417642 0.5505865102639296 0.6174617461746175 0.5498533724340176 0.6179117911791179
0 0.8489736070381232 0.4567956795679568 0.5586510263929618 0.4567956795679568 0.5579178885630498 0.3177317731773177 0.8489736070381232 0.3172817281728173 0.8497067448680352 0.45634563456345634 0.8489736070381232 0.4567956795679568
0 0.8489736070381232 0.6017101710171017 0.5586510263929618 0.6017101710171017 0.5579178885630498 0.46174617461746176 0.8489736070381232 0.4612961296129613 0.8497067448680352 0.6012601260126013 0.8489736070381232 0.6017101710171017
0 0.6935483870967742 0.7511251125112511 0.5586510263929618 0.7511251125112511 0.5579178885630498 0.6075607560756076 0.6935483870967742 0.6071107110711071 0.6942815249266863 0.7506750675067507 0.6935483870967742 0.7511251125112511
0 0.8489736070381232 0.7016201620162016 0.7023460410557185 0.7016201620162016 0.7016129032258065 0.6075607560756076 0.8489736070381232 0.6071107110711071 0.8497067448680352 0.7011701170117012 0.8489736070381232 0.7016201620162016
0 0.5498533724340176 0.7511251125112511 0.25513196480938416 0.7511251125112511 0.25439882697947214 0.6183618361836184 0.5498533724340176 0.6179117911791179 0.5505865102639296 0.7506750675067507 0.5498533724340176 0.7511251125112511
0 0.8489736070381232 0.8573357335733574 0.6055718475073314 0.8573357335733574 0.6048387096774194 0.7560756075607561 0.7008797653958945 0.7556255625562557 0.7016129032258065 0.7074707470747075 0.8489736070381232 0.7070207020702071 0.8497067448680352 0.8568856885688569 0.8489736070381232 0.8573357335733574
0 0.36656891495601174 0.8573357335733574 0.25513196480938416 0.8573357335733574 0.25439882697947214 0.7560756075607561 0.36656891495601174 0.7556255625562557 0.36730205278592376 0.8568856885688569 0.36656891495601174 0.8573357335733574
0 0.6041055718475073 0.8573357335733574 0.375366568914956 0.8573357335733574 0.374633431085044 0.7560756075607561 0.6041055718475073 0.7556255625562557 0.6048387096774194 0.8568856885688569 0.6041055718475073 0.8573357335733574