0 0.5883777239709443 0.12822085889570553 0.3728813559322034 0.12822085889570553 0.37167070217917675 0.024539877300613498 0.5883777239709443 0.02392638036809816 0.589588377723971 0.1276073619631902 0.5883777239709443 0.12822085889570553
0 0.7966101694915254 0.11349693251533742 0.6004842615012107 0.11349693251533742 0.5992736077481841 0.024539877300613498 0.7966101694915254 0.02392638036809816 0.7978208232445521 0.11288343558282209 0.7966101694915254 0.11349693251533742
0 0.9564164648910412 0.11349693251533742 0.8087167070217918 0.11349693251533742 0.8075060532687651 0.024539877300613498 0.9564164648910412 0.02392638036809816 0.9576271186440678 0.11288343558282209 0.9564164648910412 0.11349693251533742
0 0.9564164648910412 0.40061349693251536 0.6464891041162227 0.40061349693251536 0.6452784503631961 0.25398773006134967 0.7699757869249395 0.25337423312883434 0.7711864406779662 0.24785276073619633 0.6464891041162227 0.24723926380368097 0.6452784503631961 0.12024539877300613 0.9564164648910412 0.1196319018404908 0.9576271186440678 0.27361963190184047 0.774818401937046 0.27423312883435585 0.7736077481840193 0.2785276073619632 0.9564164648910412 0.2791411042944785 0.9576271186440678 0.4 0.9564164648910412 0.40061349693251536
0 0.3728813559322034 0.33067484662576685 0.05569007263922518 0.33067484662576685 0.05447941888619855 0.16809815950920245 0.3704600484261501 0.16748466257668712 0.37167070217917675 0.13496932515337423 0.6319612590799032 0.1343558282208589 0.6331719128329297 0.3006134969325153 0.4576271186440678 0.30122699386503066 0.4552058111380145 0.3024539877300613 0.45036319612590797 0.30368098159509205 0.4406779661016949 0.30736196319018405 0.43341404358353514 0.3098159509202454 0.4261501210653753 0.3122699386503067 0.4188861985472155 0.3147239263803681 0.4092009685230024 0.3184049079754601 0.39951573849878935 0.3220858895705521 0.3946731234866828 0.32331288343558284 0.38498789346246975 0.32699386503067485 0.37772397094430993 0.3294478527607362 0.3728813559322034 0.33067484662576685
0 0.6319612590799032 0.4521472392638037 0.3728813559322034 0.4521472392638037 0.37167070217917675 0.3312883435582822 0.37530266343825663 0.3294478527607362 0.38256658595641646 0.32699386503067485 0.3922518159806295 0.32331288343558284 0.39709443099273606 0.3220858895705521 0.4067796610169492 0.3184049079754601 0.41646489104116224 0.3147239263803681 0.423728813559322 0.3122699386503067 0.43099273607748184 0.3098159509202454 0.43825665859564167 0.30736196319018405 0.44794188861985473 0.30368098159509205 0.45278450363196127 0.3024539877300613 0.4576271186440678 0.30122699386503066 0.6319612590799032 0.30122699386503066 0.6331719128329297 0.45153374233128835 0.6319612590799032 0.4521472392638037
0 0.36077481840193704 0.5343558282208589 0.05569007263922518 0.5343558282208589 0.05447941888619855 0.3312883435582822 0.3704600484261501 0.33067484662576685 0.37167070217917675 0.45153374233128835 0.36319612590799033 0.4521472392638037 0.3619854721549637 0.5337423312883436 0.36077481840193704 0.5343558282208589
0 0.9564164648910412 0.5343558282208589 0.6464891041162227 0.5343558282208589 0.6452784503631961 0.40613496932515336 0.9564164648910412 0.405521472392638 0.9576271186440678 0.5337423312883436 0.9564164648910412 0.5343558282208589
0 0.5230024213075061 0.5343558282208589 0.37530266343825663 0.5343558282208589 0.37409200968523004 0.4588957055214724 0.5230024213075061 0.4582822085889571 0.5242130750605327 0.5337423312883436 0.5230024213075061 0.5343558282208589
0 0.6343825665859564 0.5343558282208589 0.5351089588377724 0.5343558282208589 0.5338983050847458 0.4588957055214724 0.6343825665859564 0.4582822085889571 0.635593220338983 0.5337423312883436 0.6343825665859564 0.5343558282208589
0 0.9636803874092009 0.6374233128834356 0.6682808716707022 0.6374233128834356 0.6670702179176755 0.5460122699386503 0.9636803874092009 0.5453987730061349 0.9648910411622276 0.6368098159509202 0.9636803874092009 0.6374233128834356
0 0.9636803874092009 0.7233128834355829 0.6682808716707022 0.7233128834355829 0.6670702179176755 0.645398773006135 0.9636803874092009 0.6447852760736197 0.9648910411622276 0.7226993865030675 0.9636803874092009 0.7233128834355829
0 0.9636803874092009 0.9858895705521472 0.6464891041162227 0.9858895705521472 0.6452784503631961 0.7337423312883435 0.9636803874092009 0.7331288343558282 0.9648910411622276 0.9852760736196319 0.9636803874092009 0.9858895705521472