0 0.31770222743259086 0.3207816968541468 0.12895662368112543 0.3207816968541468 0.12866354044548653 0.057197330791229746 0.31770222743259086 0.056720686367969494 0.3179953106682298 0.3203050524308866 0.31770222743259086 0.3207816968541468
0 0.6822977725674091 0.3226882745471878 0.6207502930832356 0.3226882745471878 0.6204572098475967 0.06005719733079123 0.6822977725674091 0.05958055290753098 0.682590855803048 0.32221163012392756 0.6822977725674091 0.3226882745471878
0 0.8100820633059789 0.3226882745471878 0.6869871043376319 0.3226882745471878 0.686694021101993 0.06005719733079123 0.8100820633059789 0.05958055290753098 0.8103751465416178 0.32221163012392756 0.8100820633059789 0.3226882745471878
0 0.4618991793669402 0.42850333651096284 0.3182883939038687 0.42850333651096284 0.3179953106682298 0.1363203050524309 0.4618991793669402 0.13584366062917064 0.4621922626025791 0.42802669208770255 0.4618991793669402 0.42850333651096284
0 0.9548651817116061 0.3226882745471878 0.8229777256740914 0.3226882745471878 0.8226846424384525 0.28026692087702576 0.8147713950762017 0.2797902764537655 0.8144783118405627 0.13822688274547187 0.9548651817116061 0.13775023832221164 0.955158264947245 0.32221163012392756 0.9548651817116061 0.3226882745471878
0 0.20750293083235638 0.6715919923736893 0.12895662368112543 0.6715919923736893 0.12866354044548653 0.32697807435653004 0.24501758499413834 0.3265014299332698 0.24531066822977726 0.32125834127740704 0.31770222743259086 0.3207816968541468 0.3179953106682298 0.42802669208770255 0.27549824150058616 0.42850333651096284 0.27520515826494724 0.555767397521449 0.20808909730363423 0.5562440419447092 0.2077960140679953 0.6711153479504289 0.20750293083235638 0.6715919923736893
0 0.12368112543962485 0.4780743565300286 0.06330597889800703 0.4780743565300286 0.06301289566236812 0.32697807435653004 0.12368112543962485 0.3265014299332698 0.12397420867526378 0.4775977121067683 0.12368112543962485 0.4780743565300286
0 0.8593200468933178 0.5571973307912298 0.6207502930832356 0.5571973307912298 0.6204572098475967 0.32983794089609153 0.8593200468933178 0.32936129647283124 0.8596131301289566 0.5567206863679695 0.8593200468933178 0.5571973307912298
0 0.9548651817116061 0.5571973307912298 0.8640093786635404 0.5571973307912298 0.8637162954279015 0.32983794089609153 0.9548651817116061 0.32936129647283124 0.955158264947245 0.5567206863679695 0.9548651817116061 0.5571973307912298
0 0.3417350527549824 0.5562440419447092 0.2790152403282532 0.5562440419447092 0.2787221570926143 0.43469971401334606 0.3417350527549824 0.4342230695900858 0.3420281359906213 0.555767397521449 0.3417350527549824 0.5562440419447092
0 0.4618991793669402 0.6715919923736893 0.34642438452520513 0.6715919923736893 0.34613130128956626 0.43469971401334606 0.4618991793669402 0.4342230695900858 0.4621922626025791 0.6711153479504289 0.4618991793669402 0.6715919923736893
0 0.2749120750293083 0.6715919923736893 0.21219226260257915 0.6715919923736893 0.21189917936694022 0.563393708293613 0.2749120750293083 0.5629170638703527 0.27520515826494724 0.6711153479504289 0.2749120750293083 0.6715919923736893
0 0.3417350527549824 0.6715919923736893 0.2790152403282532 0.6715919923736893 0.2787221570926143 0.563393708293613 0.3417350527549824 0.5629170638703527 0.3420281359906213 0.6711153479504289 0.3417350527549824 0.6715919923736893
0 0.712778429073857 0.8136320305052431 0.6207502930832356 0.8136320305052431 0.6204572098475967 0.5643469971401335 0.6688159437280188 0.5638703527168732 0.6691090269636577 0.6348903717826502 0.712778429073857 0.6353670162059104 0.713071512309496 0.8131553860819828 0.712778429073857 0.8136320305052431
0 0.712778429073857 0.628693994280267 0.6735052754982415 0.628693994280267 0.6732121922626025 0.5643469971401335 0.712778429073857 0.5638703527168732 0.713071512309496 0.6282173498570067 0.712778429073857 0.628693994280267
0 0.8171160609613131 0.8136320305052431 0.7180539273153576 0.8136320305052431 0.7177608440797186 0.5643469971401335 0.8171160609613131 0.5638703527168732 0.817409144196952 0.8131553860819828 0.8171160609613131 0.8136320305052431
0 0.9548651817116061 0.8136320305052431 0.8218053927315357 0.8136320305052431 0.8215123094958968 0.5643469971401335 0.9548651817116061 0.5638703527168732 0.955158264947245 0.8131553860819828 0.9548651817116061 0.8136320305052431
0 0.12368112543962485 0.8126787416587226 0.06389214536928488 0.8126787416587226 0.06359906213364595 0.6796949475691134 0.12368112543962485 0.6792183031458532 0.12397420867526378 0.8122020972354623 0.12368112543962485 0.8126787416587226
0 0.2866354044548652 0.8126787416587226 0.12895662368112543 0.8126787416587226 0.12866354044548653 0.6796949475691134 0.2866354044548652 0.6792183031458532 0.2869284876905041 0.8122020972354623 0.2866354044548652 0.8126787416587226
0 0.3898007033997655 0.8069590085795996 0.29073856975381007 0.8069590085795996 0.29044548651817115 0.6796949475691134 0.34232121922626024 0.6792183031458532 0.34261430246189917 0.7197330791229742 0.34583821805392734 0.7202097235462345 0.34613130128956626 0.6796949475691134 0.3898007033997655 0.6792183031458532 0.39009378663540445 0.8064823641563393 0.3898007033997655 0.8069590085795996
0 0.4618991793669402 0.8126787416587226 0.39566236811254396 0.8126787416587226 0.39536928487690504 0.6796949475691134 0.4618991793669402 0.6792183031458532 0.4621922626025791 0.8122020972354623 0.4618991793669402 0.8126787416587226
0 0.20574443141852286 0.9223069590085796 0.06389214536928488 0.9223069590085796 0.06359906213364595 0.8207816968541468 0.20574443141852286 0.8203050524308866 0.20603751465416179 0.9218303145853194 0.20574443141852286 0.9223069590085796