0 0.1847545219638243 0.3824742268041237 0.04909560723514212 0.3824742268041237 0.04844961240310078 0.1731958762886598 0.1847545219638243 0.17216494845360825 0.18540051679586564 0.38144329896907214 0.1847545219638243 0.3824742268041237
0 0.3953488372093023 0.4690721649484536 0.20284237726098192 0.4690721649484536 0.20219638242894056 0.19175257731958764 0.3953488372093023 0.19072164948453607 0.39599483204134367 0.46804123711340206 0.3953488372093023 0.4690721649484536
0 0.689922480620155 0.4690721649484536 0.40310077519379844 0.4690721649484536 0.4024547803617571 0.19175257731958764 0.689922480620155 0.19072164948453607 0.6905684754521964 0.46804123711340206 0.689922480620155 0.4690721649484536
0 0.9043927648578811 0.4690721649484536 0.6963824289405685 0.4690721649484536 0.6957364341085271 0.19175257731958764 0.9043927648578811 0.19072164948453607 0.9050387596899225 0.46804123711340206 0.9043927648578811 0.4690721649484536
0 0.1847545219638243 0.8216494845360824 0.04909560723514212 0.8216494845360824 0.04844961240310078 0.3917525773195876 0.1847545219638243 0.3907216494845361 0.18540051679586564 0.8206185567010309 0.1847545219638243 0.8216494845360824
0 0.4883720930232558 0.6711340206185566 0.35012919896640826 0.6711340206185566 0.3494832041343669 0.48041237113402063 0.4018087855297158 0.4793814432989691 0.4024547803617571 0.47010309278350515 0.458656330749354 0.4690721649484536 0.45930232558139533 0.47835051546391755 0.4883720930232558 0.4793814432989691 0.48901808785529716 0.6701030927835051 0.4883720930232558 0.6711340206185566
0 0.268733850129199 0.5618556701030928 0.20284237726098192 0.5618556701030928 0.20219638242894056 0.48041237113402063 0.268733850129199 0.4793814432989691 0.2693798449612403 0.5608247422680412 0.268733850129199 0.5618556701030928
0 0.34366925064599485 0.5618556701030928 0.27648578811369506 0.5618556701030928 0.27583979328165376 0.48041237113402063 0.34366925064599485 0.4793814432989691 0.34431524547803616 0.5608247422680412 0.34366925064599485 0.5618556701030928
0 0.6925064599483204 0.8010309278350516 0.49483204134366926 0.8010309278350516 0.4941860465116279 0.48041237113402063 0.7248062015503876 0.4793814432989691 0.725452196382429 0.6268041237113402 0.6937984496124031 0.6278350515463917 0.6931524547803618 0.8 0.6925064599483204 0.8010309278350516
0 0.8178294573643411 0.6278350515463917 0.7325581395348837 0.6278350515463917 0.7319121447028424 0.48041237113402063 0.8178294573643411 0.4793814432989691 0.8184754521963824 0.6268041237113402 0.8178294573643411 0.6278350515463917
0 0.9043927648578811 0.7 0.8255813953488372 0.7 0.8249354005167958 0.48041237113402063 0.9043927648578811 0.4793814432989691 0.9050387596899225 0.6989690721649484 0.9043927648578811 0.7
0 0.34366925064599485 0.8010309278350516 0.20284237726098192 0.8010309278350516 0.20219638242894056 0.5711340206185567 0.34366925064599485 0.5701030927835051 0.34431524547803616 0.8 0.34366925064599485 0.8010309278350516
0 0.8178294573643411 0.8010309278350516 0.7002583979328165 0.8010309278350516 0.6996124031007752 0.6391752577319587 0.8178294573643411 0.6381443298969072 0.8184754521963824 0.8 0.8178294573643411 0.8010309278350516
0 0.40568475452196384 0.8010309278350516 0.35012919896640826 0.8010309278350516 0.3494832041343669 0.6824742268041237 0.40568475452196384 0.6814432989690722 0.40633074935400515 0.8 0.40568475452196384 0.8010309278350516
0 0.4883720930232558 0.8010309278350516 0.4134366925064599 0.8010309278350516 0.4127906976744186 0.6824742268041237 0.4883720930232558 0.6814432989690722 0.48901808785529716 0.8 0.4883720930232558 0.8010309278350516
0 0.9043927648578811 0.8010309278350516 0.8255813953488372 0.8010309278350516 0.8249354005167958 0.711340206185567 0.9043927648578811 0.7103092783505155 0.9050387596899225 0.8 0.9043927648578811 0.8010309278350516