0 0.20408163265306123 0.3356164383561644 0.04421768707482993 0.3356164383561644 0.04365079365079365 0.06457925636007827 0.20408163265306123 0.06360078277886497 0.2046485260770975 0.33463796477495106 0.20408163265306123 0.3356164383561644
0 0.2743764172335601 0.22015655577299412 0.20975056689342403 0.22015655577299412 0.20918367346938777 0.06457925636007827 0.2743764172335601 0.06360078277886497 0.27494331065759636 0.2191780821917808 0.2743764172335601 0.22015655577299412
0 0.40816326530612246 0.3356164383561644 0.2800453514739229 0.3356164383561644 0.27947845804988664 0.06457925636007827 0.40816326530612246 0.06360078277886497 0.4087301587301587 0.33463796477495106 0.40816326530612246 0.3356164383561644
0 0.5430839002267573 0.3356164383561644 0.41496598639455784 0.3356164383561644 0.4143990929705215 0.06457925636007827 0.5430839002267573 0.06360078277886497 0.5436507936507936 0.33463796477495106 0.5430839002267573 0.3356164383561644
0 0.6201814058956916 0.3356164383561644 0.5498866213151927 0.3356164383561644 0.5493197278911565 0.06457925636007827 0.6201814058956916 0.06360078277886497 0.6207482993197279 0.33463796477495106 0.6201814058956916 0.3356164383561644
0 0.7947845804988662 0.2025440313111546 0.7154195011337868 0.2025440313111546 0.7148526077097506 0.06457925636007827 0.7947845804988662 0.06360078277886497 0.7953514739229025 0.20156555772994128 0.7947845804988662 0.2025440313111546
0 0.7063492063492064 0.19863013698630136 0.626984126984127 0.19863013698630136 0.6264172335600907 0.0684931506849315 0.7063492063492064 0.0675146771037182 0.7069160997732427 0.19765166340508805 0.7063492063492064 0.19863013698630136
0 0.7947845804988662 0.45107632093933464 0.5850340136054422 0.45107632093933464 0.5844671201814059 0.34442270058708413 0.6258503401360545 0.34344422700587085 0.6264172335600907 0.21135029354207435 0.7947845804988662 0.21037181996086105 0.7953514739229025 0.4500978473581213 0.7947845804988662 0.45107632093933464
0 0.2743764172335601 0.3356164383561644 0.20975056689342403 0.3356164383561644 0.20918367346938777 0.22896281800391388 0.2743764172335601 0.22798434442270057 0.27494331065759636 0.33463796477495106 0.2743764172335601 0.3356164383561644
0 0.15873015873015872 0.6193737769080235 0.04421768707482993 0.6193737769080235 0.04365079365079365 0.34442270058708413 0.15873015873015872 0.34344422700587085 0.159297052154195 0.6183953033268101 0.15873015873015872 0.6193737769080235
0 0.2619047619047619 0.6193737769080235 0.1655328798185941 0.6193737769080235 0.1649659863945578 0.34442270058708413 0.2619047619047619 0.34344422700587085 0.2624716553287982 0.6183953033268101 0.2619047619047619 0.6193737769080235
0 0.5793650793650794 0.4452054794520548 0.26303854875283444 0.4452054794520548 0.2624716553287982 0.34442270058708413 0.5793650793650794 0.34344422700587085 0.5799319727891157 0.44422700587084146 0.5793650793650794 0.4452054794520548
0 0.46485260770975056 0.7837573385518591 0.2687074829931973 0.7837573385518591 0.268140589569161 0.45401174168297453 0.33900226757369617 0.45303326810176126 0.33956916099773243 0.4461839530332681 0.47052154195011336 0.4452054794520548 0.4710884353741497 0.5596868884540117 0.4365079365079365 0.5606653620352251 0.43594104308390025 0.5675146771037182 0.46485260770975056 0.5684931506849316 0.46541950113378683 0.7827788649706457 0.46485260770975056 0.7837573385518591
0 0.6802721088435374 0.7837573385518591 0.47165532879818595 0.7837573385518591 0.4710884353741497 0.4461839530332681 0.5793650793650794 0.4452054794520548 0.5799319727891157 0.45792563600782776 0.6802721088435374 0.4589041095890411 0.6808390022675737 0.7827788649706457 0.6802721088435374 0.7837573385518591