0 0.32304038004750596 0.29396092362344584 0.2755344418052256 0.29396092362344584 0.27434679334916867 0.26287744227353466 0.24228028503562946 0.2619893428063943 0.24109263657957244 0.2824156305506217 0.18052256532066507 0.283303730017762 0.17814726840855108 0.28685612788632325 0.14014251781472684 0.28685612788632325 0.1377672209026128 0.283303730017762 0.10926365795724466 0.283303730017762 0.10807600950118765 0.17939609236234458 0.32304038004750596 0.17850799289520428 0.32422802850356297 0.29307282415630553 0.32304038004750596 0.29396092362344584
0 0.44655581947743467 0.29396092362344584 0.334916864608076 0.29396092362344584 0.333729216152019 0.17939609236234458 0.44655581947743467 0.17850799289520428 0.4477434679334917 0.29307282415630553 0.44655581947743467 0.29396092362344584
0 0.6460807600950119 0.25488454706927177 0.6128266033254157 0.25488454706927177 0.6116389548693587 0.17939609236234458 0.7648456057007126 0.17850799289520428 0.7660332541567696 0.2255772646536412 0.6864608076009501 0.22646536412078153 0.6579572446555819 0.2477797513321492 0.6543942992874109 0.24866785079928952 0.6532066508313539 0.25133214920071045 0.6460807600950119 0.25488454706927177
0 0.9501187648456056 0.4005328596802842 0.9026128266033254 0.4005328596802842 0.9014251781472684 0.37300177619893427 0.9097387173396675 0.37211367673179396 0.9109263657957245 0.31261101243339257 0.9049881235154394 0.3117229129662522 0.9038004750593824 0.36589698046181174 0.8622327790973872 0.36678507992895204 0.8610451306413301 0.2895204262877442 0.7767220902612827 0.2886323268206039 0.7755344418052257 0.26287744227353466 0.7220902612826603 0.2619893428063943 0.7209026128266033 0.23268206039076378 0.7719714964370546 0.23179396092362345 0.7731591448931117 0.17939609236234458 0.9501187648456056 0.17850799289520428 0.9513064133016627 0.3996447602131439 0.9501187648456056 0.4005328596802842
0 0.7410926365795725 0.36678507992895204 0.6128266033254157 0.36678507992895204 0.6116389548693587 0.25932504440497334 0.6532066508313539 0.25843694493783304 0.6555819477434679 0.25488454706927177 0.6888361045130641 0.23179396092362345 0.7149643705463183 0.23179396092362345 0.7161520190023754 0.26465364120781526 0.7410926365795725 0.2655417406749556 0.7422802850356295 0.36589698046181174 0.7410926365795725 0.36678507992895204
0 0.27078384798099764 0.3987566607460036 0.10926365795724466 0.3987566607460036 0.10807600950118765 0.2877442273534636 0.17814726840855108 0.28685612788632325 0.18052256532066507 0.2886323268206039 0.23990498812351543 0.2886323268206039 0.24109263657957244 0.30905861456483125 0.2660332541567696 0.3099467140319716 0.2672209026128266 0.36589698046181174 0.27197149643705465 0.36767317939609234 0.27197149643705465 0.3978685612788632 0.27078384798099764 0.3987566607460036
0 0.8527315914489311 0.36678507992895204 0.7505938242280285 0.36678507992895204 0.7494061757719715 0.31261101243339257 0.7743467933491687 0.3117229129662522 0.7755344418052257 0.29484902309058614 0.8527315914489311 0.29396092362344584 0.8539192399049881 0.36589698046181174 0.8527315914489311 0.36678507992895204
0 0.32304038004750596 0.3614564831261101 0.2755344418052256 0.3614564831261101 0.27434679334916867 0.30017761989342806 0.32304038004750596 0.29928952042628776 0.32422802850356297 0.3605683836589698 0.32304038004750596 0.3614564831261101
0 0.44655581947743467 0.3987566607460036 0.27315914489311166 0.3987566607460036 0.27197149643705465 0.36767317939609234 0.33016627078384797 0.36678507992895204 0.331353919239905 0.30017761989342806 0.44655581947743467 0.29928952042628776 0.4477434679334917 0.3978685612788632 0.44655581947743467 0.3987566607460036
0 0.8931116389548693 0.4005328596802842 0.6128266033254157 0.4005328596802842 0.6116389548693587 0.37300177619893427 0.8931116389548693 0.37211367673179396 0.8942992874109263 0.3996447602131439 0.8931116389548693 0.4005328596802842
0 0.42992874109263657 0.4857904085257549 0.27315914489311166 0.4857904085257549 0.27197149643705465 0.40852575488454707 0.42992874109263657 0.40763765541740676 0.4311163895486936 0.4849023090586146 0.42992874109263657 0.4857904085257549
0 0.1828978622327791 0.7504440497335702 0.10926365795724466 0.7504440497335702 0.10807600950118765 0.6483126110124334 0.1828978622327791 0.6474245115452931 0.1840855106888361 0.7495559502664298 0.1828978622327791 0.7504440497335702
0 0.24465558194774348 0.7504440497335702 0.19239904988123516 0.7504440497335702 0.19121140142517815 0.6483126110124334 0.28978622327790976 0.6474245115452931 0.29097387173396677 0.7442273534635879 0.24703087885985747 0.7451154529307282 0.24584323040380046 0.7495559502664298 0.24465558194774348 0.7504440497335702
0 0.44418052256532065 0.8730017761989343 0.27315914489311166 0.8730017761989343 0.27197149643705465 0.8206039076376554 0.2672209026128266 0.8188277087033747 0.2672209026128266 0.7868561278863233 0.27197149643705465 0.7850799289520426 0.27197149643705465 0.7797513321492007 0.35629453681710216 0.7788632326820604 0.35748218527315917 0.7229129662522202 0.29691211401425177 0.7220248667850799 0.29572446555819476 0.6483126110124334 0.3681710213776722 0.6474245115452931 0.3693586698337292 0.6749555950266429 0.3752969121140142 0.6758436944937833 0.37648456057007124 0.6483126110124334 0.44418052256532065 0.6474245115452931 0.44536817102137766 0.7726465364120781 0.4014251781472684 0.7735346358792184 0.4002375296912114 0.7779751332149201 0.44418052256532065 0.7788632326820604 0.44536817102137766 0.872113676731794 0.44418052256532065 0.8730017761989343
0 0.3515439429928741 0.7735346358792184 0.2755344418052256 0.7735346358792184 0.27434679334916867 0.7513321492007105 0.29453681710213775 0.7504440497335702 0.29572446555819476 0.7282415630550622 0.3515439429928741 0.7273534635879219 0.3527315914489311 0.7726465364120781 0.3515439429928741 0.7735346358792184
0 0.26365795724465557 0.8730017761989343 0.10926365795724466 0.8730017761989343 0.10807600950118765 0.7566607460035524 0.24465558194774348 0.7557726465364121 0.24584323040380046 0.7850799289520426 0.2660332541567696 0.7859680284191829 0.2672209026128266 0.8188277087033747 0.2648456057007126 0.8206039076376554 0.2648456057007126 0.872113676731794 0.26365795724465557 0.8730017761989343
0 0.42755344418052255 0.9582593250444049 0.2684085510688836 0.9582593250444049 0.2672209026128266 0.8809946714031972 0.42755344418052255 0.8801065719360568 0.42874109263657956 0.9573712255772646 0.42755344418052255 0.9582593250444049