0 0.2614942528735632 0.45625 0.14798850574712644 0.45625 0.14774904214559387 0.2636363636363636 0.2614942528735632 0.2630681818181818 0.2617337164750958 0.4556818181818182 0.2614942528735632 0.45625
0 0.49473180076628354 0.6676136363636364 0.44875478927203066 0.6676136363636364 0.44851532567049807 0.6488636363636363 0.3242337164750958 0.6482954545454546 0.32375478927203066 0.6494318181818182 0.2629310344827586 0.6494318181818182 0.2626915708812261 0.5784090909090909 0.2638888888888889 0.5778409090909091 0.26412835249042144 0.2636363636363636 0.44396551724137934 0.2630681818181818 0.4442049808429119 0.4068181818181818 0.49473180076628354 0.40738636363636366 0.4949712643678161 0.6670454545454545 0.49473180076628354 0.6676136363636364
0 0.14272030651340997 0.3744318181818182 0.08189655172413793 0.3744318181818182 0.0821360153256705 0.26704545454545453 0.14272030651340997 0.26647727272727273 0.14295977011494254 0.37386363636363634 0.14272030651340997 0.3744318181818182
0 0.7437739463601533 0.852840909090909 0.7030651340996169 0.852840909090909 0.7028256704980843 0.3068181818181818 0.7045019157088123 0.30625 0.7047413793103449 0.28863636363636364 0.7897509578544061 0.28806818181818183 0.7899904214559387 0.31136363636363634 0.7931034482758621 0.3119318181818182 0.7933429118773946 0.6931818181818182 0.7274904214559387 0.69375 0.7272509578544061 0.7909090909090909 0.7437739463601533 0.7914772727272728 0.7440134099616859 0.8522727272727273 0.7437739463601533 0.852840909090909
0 0.7001915708812261 0.5335227272727273 0.5656130268199234 0.5335227272727273 0.5653735632183908 0.30454545454545456 0.6005747126436781 0.3039772727272727 0.6008141762452107 0.2897727272727273 0.6307471264367817 0.28920454545454544 0.6309865900383141 0.30568181818181817 0.7001915708812261 0.30625 0.7004310344827587 0.5329545454545455 0.7001915708812261 0.5335227272727273
0 0.9291187739463601 0.56875 0.7935823754789272 0.56875 0.7933429118773946 0.3125 0.8630268199233716 0.3119318181818182 0.8632662835249042 0.29772727272727273 0.8922413793103449 0.29715909090909093 0.8924808429118773 0.31363636363636366 0.9291187739463601 0.31420454545454546 0.9293582375478927 0.5681818181818182 0.9291187739463601 0.56875
0 0.14559386973180077 0.56875 0.08189655172413793 0.56875 0.08165708812260536 0.5159090909090909 0.1039272030651341 0.5153409090909091 0.10416666666666667 0.5113636363636364 0.08189655172413793 0.5107954545454545 0.08165708812260536 0.39090909090909093 0.14559386973180077 0.39034090909090907 0.14583333333333334 0.5681818181818182 0.14559386973180077 0.56875
0 0.20306513409961685 0.56875 0.14798850574712644 0.56875 0.14774904214559387 0.46704545454545454 0.20306513409961685 0.46647727272727274 0.20330459770114942 0.5681818181818182 0.20306513409961685 0.56875
0 0.2595785440613027 0.56875 0.2064176245210728 0.56875 0.20617816091954022 0.46704545454545454 0.2595785440613027 0.46647727272727274 0.25981800766283525 0.5681818181818182 0.2595785440613027 0.56875
0 0.6283524904214559 0.8482954545454545 0.5986590038314177 0.8482954545454545 0.5984195402298851 0.8284090909090909 0.5656130268199234 0.8278409090909091 0.5653735632183908 0.5397727272727273 0.7001915708812261 0.5392045454545454 0.7004310344827587 0.8306818181818182 0.6288314176245211 0.83125 0.6285919540229885 0.8477272727272728 0.6283524904214559 0.8482954545454545
0 0.17480842911877395 0.8176136363636364 0.08189655172413793 0.8176136363636364 0.08165708812260536 0.5784090909090909 0.21839080459770116 0.5778409090909091 0.21863026819923373 0.7136363636363636 0.17768199233716475 0.7142045454545455 0.17744252873563218 0.6761363636363636 0.1752873563218391 0.6755681818181818 0.17504789272030652 0.8170454545454545 0.17480842911877395 0.8176136363636364
0 0.32375478927203066 0.81875 0.2231800766283525 0.81875 0.22294061302681992 0.5784090909090909 0.2624521072796935 0.5778409090909091 0.2626915708812261 0.6488636363636363 0.32375478927203066 0.6494318181818182 0.3239942528735632 0.8181818181818182 0.32375478927203066 0.81875
0 0.8903256704980843 0.85625 0.8615900383141762 0.85625 0.8613505747126436 0.8375 0.796455938697318 0.8369318181818182 0.7962164750957854 0.5829545454545455 0.9291187739463601 0.5823863636363636 0.9293582375478927 0.8409090909090909 0.8908045977011494 0.8414772727272727 0.8905651340996169 0.8556818181818182 0.8903256704980843 0.85625
0 0.44492337164750956 0.81875 0.32662835249042144 0.81875 0.3263888888888889 0.6488636363636363 0.4482758620689655 0.6482954545454546 0.44851532567049807 0.6670454545454545 0.4454022988505747 0.6676136363636364 0.44516283524904215 0.8181818181818182 0.44492337164750956 0.81875
0 0.7859195402298851 0.852840909090909 0.7466475095785441 0.852840909090909 0.7464080459770115 0.7920454545454545 0.7523946360153256 0.7914772727272728 0.7526340996168582 0.7875 0.7303639846743295 0.7869318181818182 0.7301245210727969 0.6988636363636364 0.7931034482758621 0.6982954545454545 0.7933429118773946 0.8363636363636363 0.7863984674329502 0.8369318181818182 0.7861590038314177 0.8522727272727273 0.7859195402298851 0.852840909090909
0 0.21839080459770116 0.81875 0.19300766283524903 0.81875 0.1925287356321839 0.8176136363636364 0.17768199233716475 0.8176136363636364 0.17744252873563218 0.7193181818181819 0.21839080459770116 0.71875 0.21863026819923373 0.8181818181818182 0.21839080459770116 0.81875