0 0.2431924882629108 0.32228915662650603 0.03755868544600939 0.32228915662650603 0.03708920187793427 0.0823293172690763 0.2431924882629108 0.08132530120481928 0.24366197183098592 0.321285140562249 0.2431924882629108 0.32228915662650603
0 0.49389671361502346 0.38052208835341367 0.3615023474178404 0.38052208835341367 0.36103286384976524 0.09036144578313253 0.5370892018779343 0.0893574297188755 0.5375586854460094 0.3072289156626506 0.5333333333333333 0.3142570281124498 0.5276995305164319 0.32429718875502006 0.523943661971831 0.33032128514056225 0.5211267605633803 0.33433734939759036 0.5154929577464789 0.34437751004016065 0.5117370892018779 0.35040160642570284 0.5070422535211268 0.35843373493975905 0.504225352112676 0.36244979919678716 0.49953051643192486 0.3704819277108434 0.49577464788732395 0.37650602409638556 0.4943661971830986 0.37751004016064255 0.49389671361502346 0.38052208835341367
0 0.7830985915492957 0.4387550200803213 0.49483568075117373 0.4387550200803213 0.4943661971830986 0.3895582329317269 0.49577464788732395 0.3865461847389558 0.49765258215962443 0.3845381526104418 0.5023474178403756 0.37650602409638556 0.507981220657277 0.36646586345381527 0.5117370892018779 0.3604417670682731 0.5136150234741784 0.35843373493975905 0.5192488262910798 0.34839357429718876 0.523943661971831 0.34036144578313254 0.5276995305164319 0.33433734939759036 0.5314553990610329 0.32831325301204817 0.5352112676056338 0.32228915662650603 0.5389671361502347 0.31626506024096385 0.5413145539906103 0.3132530120481928 0.5413145539906103 0.09036144578313253 0.7830985915492957 0.0893574297188755 0.7835680751173709 0.43775100401606426 0.7830985915492957 0.4387550200803213
0 0.9455399061032864 0.3845381526104418 0.787793427230047 0.3845381526104418 0.7873239436619718 0.09036144578313253 0.9455399061032864 0.0893574297188755 0.9460093896713615 0.38353413654618473 0.9455399061032864 0.3845381526104418
0 0.4244131455399061 0.5050200803212851 0.3615023474178404 0.5050200803212851 0.36103286384976524 0.3895582329317269 0.4244131455399061 0.3885542168674699 0.42488262910798125 0.5040160642570282 0.4244131455399061 0.5050200803212851
0 0.49014084507042255 0.5050200803212851 0.4291079812206573 0.5050200803212851 0.42863849765258216 0.3895582329317269 0.49014084507042255 0.3885542168674699 0.49061032863849763 0.5040160642570282 0.49014084507042255 0.5050200803212851
0 0.9427230046948357 0.6234939759036144 0.8704225352112676 0.6234939759036144 0.8699530516431925 0.39759036144578314 0.9427230046948357 0.3965863453815261 0.9431924882629108 0.6224899598393574 0.9427230046948357 0.6234939759036144
0 0.8619718309859155 0.5652610441767069 0.8018779342723005 0.5652610441767069 0.8014084507042254 0.4879518072289157 0.7896713615023474 0.48694779116465864 0.7892018779342723 0.4036144578313253 0.8619718309859155 0.4026104417670683 0.8624413145539906 0.5642570281124498 0.8619718309859155 0.5652610441767069
0 0.584037558685446 0.6937751004016064 0.49671361502347416 0.6937751004016064 0.4962441314553991 0.6104417670682731 0.4953051643192488 0.608433734939759 0.4953051643192488 0.44176706827309237 0.4943661971830986 0.4397590361445783 0.584037558685446 0.4387550200803213 0.5845070422535211 0.6927710843373494 0.584037558685446 0.6937751004016064
0 0.7417840375586855 0.8524096385542169 0.5896713615023474 0.8524096385542169 0.5892018779342723 0.6004016064257028 0.5849765258215962 0.5993975903614458 0.5845070422535211 0.4397590361445783 0.7830985915492957 0.4387550200803213 0.7835680751173709 0.7951807228915663 0.7690140845070422 0.7961847389558233 0.755868544600939 0.8242971887550201 0.7469483568075117 0.8413654618473896 0.7455399061032864 0.8463855421686747 0.7417840375586855 0.8524096385542169
0 0.492018779342723 0.7961847389558233 0.3615023474178404 0.7961847389558233 0.36103286384976524 0.5140562248995983 0.49014084507042255 0.5130522088353414 0.49061032863849763 0.5060240963855421 0.4915492957746479 0.5060240963855421 0.4915492957746479 0.6987951807228916 0.4924882629107981 0.7008032128514057 0.4924882629107981 0.7951807228915663 0.492018779342723 0.7961847389558233
0 0.9455399061032864 0.7961847389558233 0.787793427230047 0.7961847389558233 0.7873239436619718 0.6465863453815262 0.7892018779342723 0.6445783132530121 0.7892018779342723 0.5783132530120482 0.8647887323943662 0.5773092369477911 0.8652582159624413 0.6345381526104418 0.9455399061032864 0.6355421686746988 0.9460093896713615 0.7951807228915663 0.9455399061032864 0.7961847389558233
0 0.584037558685446 0.7961847389558233 0.49671361502347416 0.7961847389558233 0.4962441314553991 0.7028112449799196 0.584037558685446 0.7018072289156626 0.5845070422535211 0.7951807228915663 0.584037558685446 0.7961847389558233