0 0.33500837520938026 0.46715741789354476 0.06030150753768844 0.46715741789354476 0.059463986599664995 0.17667044167610418 0.34338358458961477 0.17610419026047566 0.3442211055276382 0.4178935447338618 0.33668341708542715 0.41845979614949036 0.3358458961474037 0.4665911664779162 0.33500837520938026 0.46715741789354476
0 0.52428810720268 0.46715741789354476 0.34505862646566166 0.46715741789354476 0.3442211055276382 0.17667044167610418 0.9229480737018425 0.17610419026047566 0.923785594639866 0.42242355605889015 0.525963149078727 0.4229898074745187 0.5251256281407035 0.4665911664779162 0.52428810720268 0.46715741789354476
0 0.7319932998324958 0.6064552661381654 0.5393634840871022 0.6064552661381654 0.5385259631490787 0.43035107587768967 0.7319932998324958 0.4297848244620612 0.7328308207705193 0.6058890147225368 0.7319932998324958 0.6064552661381654
0 0.9195979899497487 0.5645526613816535 0.7437185929648241 0.5645526613816535 0.7428810720268006 0.43035107587768967 0.9195979899497487 0.4297848244620612 0.9204355108877722 0.5639864099660249 0.9195979899497487 0.5645526613816535
0 0.52428810720268 0.7684031710079275 0.34505862646566166 0.7684031710079275 0.3442211055276382 0.46772366930917325 0.52428810720268 0.46715741789354476 0.5251256281407035 0.7678369195922989 0.52428810720268 0.7684031710079275
0 0.19430485762144054 0.6143827859569649 0.06030150753768844 0.6143827859569649 0.059463986599664995 0.47451868629671573 0.19430485762144054 0.4739524348810872 0.19514237855946398 0.6138165345413363 0.19430485762144054 0.6143827859569649
0 0.33500837520938026 0.5702151755379389 0.20603015075376885 0.5702151755379389 0.2051926298157454 0.47451868629671573 0.33500837520938026 0.4739524348810872 0.3358458961474037 0.5696489241223103 0.33500837520938026 0.5702151755379389
0 0.9229480737018425 0.8227633069082673 0.5393634840871022 0.8227633069082673 0.5385259631490787 0.6149490373725934 0.7420435510887772 0.6143827859569649 0.7428810720268006 0.5719139297848245 0.9229480737018425 0.571347678369196 0.923785594639866 0.8221970554926388 0.9229480737018425 0.8227633069082673
0 0.33500837520938026 0.8227633069082673 0.06030150753768844 0.8227633069082673 0.059463986599664995 0.6217440543601359 0.20435510887772193 0.6211778029445073 0.2051926298157454 0.5775764439411099 0.33500837520938026 0.5770101925254814 0.3358458961474037 0.8221970554926388 0.33500837520938026 0.8227633069082673
0 0.52428810720268 0.8227633069082673 0.34505862646566166 0.8227633069082673 0.3442211055276382 0.7757644394110985 0.52428810720268 0.77519818799547 0.5251256281407035 0.8221970554926388 0.52428810720268 0.8227633069082673
0 0.7085427135678392 0.9767836919592299 0.45896147403685095 0.9767836919592299 0.4581239530988275 0.8437146092865232 0.5376884422110553 0.8431483578708947 0.5393634840871022 0.8442808607021518 0.7085427135678392 0.8442808607021518 0.7093802345058626 0.9762174405436014 0.7085427135678392 0.9767836919592299