0 0.21016166281755197 0.20732838589981448 0.07621247113163972 0.20732838589981448 0.07505773672055427 0.12894248608534323 0.20092378752886836 0.1284786641929499 0.20207852193995382 0.16697588126159554 0.21016166281755197 0.16743970315398887 0.2113163972286374 0.20686456400742115 0.21016166281755197 0.20732838589981448
0 0.6166281755196305 0.37430426716141 0.08083140877598152 0.37430426716141 0.07967667436489607 0.2189239332096475 0.6166281755196305 0.21846011131725418 0.6177829099307159 0.3738404452690167 0.6166281755196305 0.37430426716141
0 0.9168591224018475 0.37059369202226344 0.6304849884526559 0.37059369202226344 0.6293302540415704 0.32189239332096475 0.6189376443418014 0.32142857142857145 0.6177829099307159 0.2189239332096475 0.9168591224018475 0.21846011131725418 0.918013856812933 0.37012987012987014 0.9168591224018475 0.37059369202226344
0 0.6166281755196305 0.5728200371057514 0.42494226327944573 0.5728200371057514 0.4237875288683603 0.3747680890538033 0.6166281755196305 0.37430426716141 0.6177829099307159 0.5723562152133581 0.6166281755196305 0.5728200371057514
0 0.8013856812933026 0.44758812615955473 0.6304849884526559 0.44758812615955473 0.6293302540415704 0.3747680890538033 0.8013856812933026 0.37430426716141 0.8025404157043879 0.44712430426716143 0.8013856812933026 0.44758812615955473
0 0.9168591224018475 0.4735621521335807 0.815242494226328 0.4735621521335807 0.8140877598152425 0.3747680890538033 0.9168591224018475 0.37430426716141 0.918013856812933 0.47309833024118736 0.9168591224018475 0.4735621521335807
0 0.4110854503464203 0.4457328385899815 0.08083140877598152 0.4457328385899815 0.07967667436489607 0.37940630797773656 0.4110854503464203 0.37894248608534326 0.4122401847575058 0.4452690166975881 0.4110854503464203 0.4457328385899815
0 0.24942263279445728 0.5078849721706865 0.08545034642032333 0.5078849721706865 0.08429561200923788 0.45269016697588127 0.17090069284064666 0.45222634508348797 0.1720554272517321 0.44805194805194803 0.24942263279445728 0.44758812615955473 0.25057736720554274 0.5074211502782932 0.24942263279445728 0.5078849721706865
0 0.4110854503464203 0.5097402597402597 0.26558891454965355 0.5097402597402597 0.2644341801385681 0.44990723562152135 0.4110854503464203 0.449443413729128 0.4122401847575058 0.5092764378478665 0.4110854503464203 0.5097402597402597
0 0.9168591224018475 0.6294063079777366 0.6304849884526559 0.6294063079777366 0.6293302540415704 0.45269016697588127 0.8013856812933026 0.45222634508348797 0.8025404157043879 0.4777365491651206 0.9168591224018475 0.4782003710575139 0.918013856812933 0.6289424860853432 0.9168591224018475 0.6294063079777366
0 0.4110854503464203 0.6294063079777366 0.08083140877598152 0.6294063079777366 0.07967667436489607 0.5139146567717996 0.4110854503464203 0.5134508348794063 0.4122401847575058 0.6289424860853432 0.4110854503464203 0.6294063079777366
0 0.6166281755196305 0.6294063079777366 0.42494226327944573 0.6294063079777366 0.4237875288683603 0.5769944341372912 0.6166281755196305 0.576530612244898 0.6177829099307159 0.6289424860853432 0.6166281755196305 0.6294063079777366
0 0.7528868360277137 0.7203153988868275 0.6351039260969977 0.7203153988868275 0.6339491916859122 0.6818181818181818 0.6293302540415704 0.6808905380333952 0.6293302540415704 0.6419294990723562 0.7528868360277137 0.641465677179963 0.754041570438799 0.7198515769944341 0.7528868360277137 0.7203153988868275