0 0.46814159292035395 0.6429436705027256 0.2398230088495575 0.6429436705027256 0.23938053097345133 0.4251968503937008 0.4672566371681416 0.42489400363416113 0.46769911504424777 0.5899454875832829 0.4685840707964602 0.5905511811023622 0.4685840707964602 0.642640823743186 0.46814159292035395 0.6429436705027256
0 0.6610619469026549 0.5902483343428225 0.46814159292035395 0.5902483343428225 0.46769911504424777 0.4251968503937008 0.6610619469026549 0.42489400363416113 0.661504424778761 0.5899454875832829 0.6610619469026549 0.5902483343428225
0 0.9557522123893806 0.5393700787401575 0.7044247787610619 0.5393700787401575 0.7039823008849557 0.5233192004845548 0.668141592920354 0.5230163537250151 0.6676991150442478 0.4251968503937008 0.9557522123893806 0.42489400363416113 0.9561946902654868 0.5390672319806178 0.9557522123893806 0.5393700787401575
0 0.7716814159292036 0.7937613567534827 0.6592920353982301 0.7937613567534827 0.6588495575221239 0.726832222895215 0.6946902654867256 0.7265293761356754 0.6951327433628318 0.6432465172622653 0.672566371681416 0.6429436705027256 0.6721238938053097 0.6256814052089643 0.6712389380530973 0.625075711689885 0.6712389380530973 0.5905511811023622 0.6703539823008849 0.5899454875832829 0.6703539823008849 0.5475469412477286 0.7690265486725664 0.547244094488189 0.7694690265486726 0.6087219866747425 0.7703539823008849 0.6093276801938219 0.7703539823008849 0.7316777710478498 0.7712389380530974 0.7322834645669292 0.7712389380530974 0.7928528164748637 0.7721238938053098 0.7934585099939431 0.7716814159292036 0.7937613567534827
0 0.8477876106194691 0.6744397334948516 0.7752212389380531 0.6744397334948516 0.7747787610619469 0.5475469412477286 0.9557522123893806 0.547244094488189 0.9561946902654868 0.6505148394912175 0.8486725663716814 0.6508176862507571 0.8482300884955752 0.6741368867353119 0.8477876106194691 0.6744397334948516
0 0.6716814159292035 0.6429436705027256 0.4690265486725664 0.6429436705027256 0.4685840707964602 0.5905511811023622 0.6610619469026549 0.5902483343428225 0.6619469026548672 0.5896426408237432 0.6699115044247788 0.5896426408237432 0.6712389380530973 0.5905511811023622 0.6712389380530973 0.625075711689885 0.6721238938053097 0.6256814052089643 0.6721238938053097 0.642640823743186 0.6716814159292035 0.6429436705027256
0 0.6070796460176991 0.7228952150211992 0.5230088495575221 0.7228952150211992 0.522566371681416 0.6474863718958207 0.6309734513274337 0.6471835251362811 0.6314159292035398 0.7068443367655967 0.6079646017699115 0.7071471835251363 0.6075221238938053 0.7225923682616596 0.6070796460176991 0.7228952150211992
0 0.6867256637168142 0.7228952150211992 0.6371681415929203 0.7228952150211992 0.6367256637168142 0.6474863718958207 0.6858407079646017 0.6471835251362811 0.6862831858407079 0.6705027256208359 0.6871681415929204 0.6711084191399153 0.6871681415929204 0.7225923682616596 0.6867256637168142 0.7228952150211992
0 0.9557522123893806 0.711992731677771 0.8584070796460177 0.711992731677771 0.8579646017699115 0.6577831617201696 0.9557522123893806 0.65748031496063 0.9561946902654868 0.7116898849182314 0.9557522123893806 0.711992731677771
0 0.8495575221238938 0.6792852816474864 0.8132743362831858 0.6792852816474864 0.8132743362831858 0.678679588128407 0.8495575221238938 0.678679588128407 0.8495575221238938 0.6792852816474864
0 0.9557522123893806 0.7937613567534827 0.7778761061946903 0.7937613567534827 0.7774336283185841 0.7189582071471835 0.8123893805309734 0.7186553603876439 0.8128318584070796 0.6953361599030891 0.8495575221238938 0.6950333131435493 0.85 0.7171411265899454 0.9557522123893806 0.7174439733494852 0.9561946902654868 0.7934585099939431 0.9557522123893806 0.7937613567534827