0 0.9007751937984496 0.19906166219839141 0.6790697674418604 0.19906166219839141 0.6782945736434108 0.06970509383378017 0.9007751937984496 0.0690348525469169 0.9015503875968992 0.19839142091152814 0.9007751937984496 0.19906166219839141
0 0.641860465116279 0.6561662198391421 0.57984496124031 0.6561662198391421 0.5790697674418605 0.646112600536193 0.06511627906976744 0.6454423592493298 0.06434108527131784 0.39276139410187666 0.524031007751938 0.3920911528150134 0.5248062015503876 0.20509383378016086 0.7488372093023256 0.20442359249329758 0.7496124031007751 0.4289544235924933 0.6930232558139535 0.4296246648793566 0.6922480620155039 0.6112600536193029 0.6852713178294574 0.6172922252010724 0.6782945736434108 0.6219839142091153 0.6426356589147287 0.6541554959785523 0.641860465116279 0.6561662198391421
0 0.8930232558139535 0.3827077747989276 0.7565891472868217 0.3827077747989276 0.7558139534883721 0.20509383378016086 0.8930232558139535 0.20442359249329758 0.8937984496124031 0.3820375335120643 0.8930232558139535 0.3827077747989276
0 0.937984496124031 0.5127345844504021 0.710077519379845 0.5127345844504021 0.7093023255813954 0.45576407506702415 0.7550387596899225 0.4550938337801609 0.7558139534883721 0.39812332439678283 0.827906976744186 0.39745308310991956 0.8286821705426357 0.38873994638069703 0.875968992248062 0.38806970509383376 0.8767441860465116 0.3967828418230563 0.937984496124031 0.39745308310991956 0.9387596899224806 0.5120643431635389 0.937984496124031 0.5127345844504021
0 0.9441860465116279 0.703083109919571 0.6976744186046512 0.703083109919571 0.6953488372093023 0.7010723860589813 0.6852713178294574 0.6910187667560321 0.6782945736434108 0.6863270777479893 0.6682170542635659 0.6762734584450402 0.6612403100775194 0.6715817694369973 0.6511627906976745 0.6615281501340483 0.6472868217054264 0.6595174262734584 0.6984496124031008 0.613941018766756 0.6984496124031008 0.5227882037533512 0.9441860465116279 0.5221179624664879 0.9449612403100776 0.7024128686327078 0.9441860465116279 0.703083109919571
0 0.24031007751937986 0.8679624664879356 0.06511627906976744 0.8679624664879356 0.06434108527131784 0.6514745308310992 0.10697674418604651 0.650804289544236 0.10775193798449613 0.646112600536193 0.24031007751937986 0.6454423592493298 0.24108527131782945 0.8672922252010724 0.24031007751937986 0.8679624664879356
0 0.5782945736434109 0.8103217158176944 0.44651162790697674 0.8103217158176944 0.44573643410852715 0.7359249329758714 0.48992248062015503 0.735254691689008 0.4906976744186046 0.7292225201072386 0.44651162790697674 0.7285522788203753 0.44573643410852715 0.6514745308310992 0.48992248062015503 0.650804289544236 0.4906976744186046 0.646112600536193 0.5782945736434109 0.6454423592493298 0.5790697674418605 0.6554959785522788 0.5806201550387597 0.6568364611260054 0.5806201550387597 0.660857908847185 0.6403100775193798 0.6615281501340483 0.6906976744186046 0.7050938337801609 0.6906976744186046 0.7654155495978552 0.6294573643410852 0.7660857908847185 0.6054263565891473 0.7868632707774799 0.5984496124031008 0.7942359249329759 0.5930232558139535 0.7975871313672922 0.5813953488372093 0.8089812332439679 0.5782945736434109 0.8103217158176944
0 0.4387596899224806 0.8679624664879356 0.24806201550387597 0.8679624664879356 0.24728682170542635 0.6514745308310992 0.4387596899224806 0.650804289544236 0.43953488372093025 0.8672922252010724 0.4387596899224806 0.8679624664879356
0 0.9441860465116279 0.8679624664879356 0.6976744186046512 0.8679624664879356 0.6968992248062016 0.7091152815013405 0.9441860465116279 0.7084450402144772 0.9449612403100776 0.8672922252010724 0.9441860465116279 0.8679624664879356
0 0.689922480620155 0.8679624664879356 0.5875968992248062 0.8679624664879356 0.5868217054263566 0.8150134048257373 0.610077519379845 0.7949061662198391 0.6356589147286822 0.7714477211796247 0.689922480620155 0.7714477211796247 0.6906976744186046 0.8672922252010724 0.689922480620155 0.8679624664879356
0 0.57984496124031 0.8679624664879356 0.44651162790697674 0.8679624664879356 0.44573643410852715 0.8176943699731903 0.57984496124031 0.8170241286863271 0.5806201550387597 0.8672922252010724 0.57984496124031 0.8679624664879356