0 0.20017108639863132 0.39594676346037505 0.13857998289136014 0.39594676346037505 0.138366124893071 0.21960072595281308 0.1881950384944397 0.21929824561403508 0.18840889649272882 0.22988505747126436 0.20017108639863132 0.23018753781004234 0.20038494439692045 0.3956442831215971 0.20017108639863132 0.39594676346037505
0 0.3738237810094098 0.4026013309134906 0.20958083832335328 0.4026013309134906 0.20936698032506415 0.21960072595281308 0.3738237810094098 0.21929824561403508 0.3740376390076989 0.40229885057471265 0.3738237810094098 0.4026013309134906
0 0.46877673224978617 0.4026013309134906 0.3776732249786142 0.4026013309134906 0.37745936698032506 0.21960072595281308 0.46877673224978617 0.21929824561403508 0.46899059024807527 0.40229885057471265 0.46877673224978617 0.4026013309134906
0 0.6642429426860564 0.33787053841500303 0.5731394354148845 0.33787053841500303 0.5729255774165953 0.21960072595281308 0.6642429426860564 0.21929824561403508 0.6644568006843456 0.33756805807622503 0.6642429426860564 0.33787053841500303
0 0.8177929854576561 0.4673321234119782 0.6680923866552609 0.4673321234119782 0.6678785286569717 0.21960072595281308 0.8177929854576561 0.21929824561403508 0.8180068434559452 0.4670296430732002 0.8177929854576561 0.4673321234119782
0 0.5633019674935843 0.4673321234119782 0.47904191616766467 0.4673321234119782 0.4788280581693755 0.2395644283121597 0.5633019674935843 0.23926194797338174 0.5635158254918734 0.4670296430732002 0.5633019674935843 0.4673321234119782
0 0.632164242942686 0.40018148820326677 0.602224123182207 0.40018148820326677 0.6020102651839179 0.3430127041742287 0.632164242942686 0.3427102238354507 0.6323781009409752 0.3998790078644888 0.632164242942686 0.40018148820326677
0 0.6642429426860564 0.4673321234119782 0.6347305389221557 0.4673321234119782 0.6343028229255774 0.4667271627344223 0.567579127459367 0.4667271627344223 0.5673652694610778 0.4053236539624924 0.6355859709153122 0.4050211736237145 0.6357998289136013 0.3430127041742287 0.6642429426860564 0.3427102238354507 0.6644568006843456 0.4670296430732002 0.6642429426860564 0.4673321234119782
0 0.8177929854576561 0.7444041137326074 0.6283147989734816 0.7444041137326074 0.6281009409751924 0.7065940713853599 0.5727117194183062 0.706291591046582 0.5724978614200171 0.7441016333938294 0.13857998289136014 0.7444041137326074 0.138366124893071 0.40774349667271625 0.47476475620188197 0.4074410163339383 0.47497861420017107 0.4670296430732002 0.4709153122326775 0.4673321234119782 0.47070145423438836 0.5565638233514821 0.6343028229255774 0.5568663036902601 0.6345166809238666 0.4730792498487598 0.8177929854576561 0.4727767695099819 0.8180068434559452 0.7441016333938294 0.8177929854576561 0.7444041137326074
0 0.5286569717707442 0.5526315789473685 0.47904191616766467 0.5526315789473685 0.4788280581693755 0.4730792498487598 0.5286569717707442 0.4727767695099819 0.5288708297690333 0.5523290986085905 0.5286569717707442 0.5526315789473685
0 0.5637296834901625 0.5526315789473685 0.5325064157399487 0.5526315789473685 0.5322925577416595 0.4730792498487598 0.5637296834901625 0.4727767695099819 0.5639435414884517 0.5523290986085905 0.5637296834901625 0.5526315789473685
0 0.6266039349871685 0.5453720508166969 0.5727117194183062 0.5453720508166969 0.5724978614200171 0.4785238959467635 0.6266039349871685 0.4782214156079855 0.6268177929854577 0.5450695704779189 0.6266039349871685 0.5453720508166969
0 0.6244653550042771 0.7444041137326074 0.5761334473909324 0.7444041137326074 0.5759195893926433 0.7114337568058077 0.6244653550042771 0.7111312764670297 0.6246792130025663 0.7441016333938294 0.6244653550042771 0.7444041137326074
0 0.3045337895637297 0.8194192377495463 0.23781009409751924 0.8194192377495463 0.2375962360992301 0.76346037507562 0.3045337895637297 0.7631578947368421 0.30474764756201883 0.8191167574107683 0.3045337895637297 0.8194192377495463