0 0.35303265940902023 0.21515679442508712 0.2737169517884914 0.21515679442508712 0.2729393468118196 0.07665505226480836 0.35303265940902023 0.07578397212543554 0.3538102643856921 0.21428571428571427 0.35303265940902023 0.21515679442508712
0 0.5583203732503889 0.1681184668989547 0.49611197511664074 0.1681184668989547 0.4953343701399689 0.11672473867595819 0.49144634525660963 0.11585365853658537 0.4906687402799378 0.10627177700348432 0.49455676516329705 0.10540069686411149 0.4953343701399689 0.10278745644599303 0.3561430793157076 0.1019163763066202 0.35536547433903576 0.07665505226480836 0.6594090202177294 0.07578397212543554 0.6601866251944012 0.10104529616724739 0.5598755832037325 0.1019163763066202 0.5590979782270606 0.1672473867595819 0.5583203732503889 0.1681184668989547
0 0.7433903576982893 0.21515679442508712 0.6625194401244168 0.21515679442508712 0.661741835147745 0.07665505226480836 0.7433903576982893 0.07578397212543554 0.7441679626749611 0.21428571428571427 0.7433903576982893 0.21515679442508712
0 0.49300155520995337 0.21515679442508712 0.3561430793157076 0.21515679442508712 0.35536547433903576 0.10627177700348432 0.463452566096423 0.10540069686411149 0.4642301710730949 0.16898954703832753 0.49300155520995337 0.16986062717770034 0.4937791601866252 0.21428571428571427 0.49300155520995337 0.21515679442508712
0 0.49300155520995337 0.13850174216027875 0.4665629860031104 0.13850174216027875 0.46578538102643857 0.10627177700348432 0.48833592534992226 0.10540069686411149 0.4891135303265941 0.11846689895470383 0.49300155520995337 0.11933797909407666 0.4937791601866252 0.13763066202090593 0.49300155520995337 0.13850174216027875
0 0.5816485225505443 0.12804878048780488 0.5614307931570762 0.12804878048780488 0.5606531881804043 0.10627177700348432 0.5816485225505443 0.10540069686411149 0.5824261275272161 0.12717770034843207 0.5816485225505443 0.12804878048780488
0 0.6594090202177294 0.21515679442508712 0.5863141524105754 0.21515679442508712 0.5855365474339036 0.10627177700348432 0.6594090202177294 0.10540069686411149 0.6601866251944012 0.21428571428571427 0.6594090202177294 0.21515679442508712
0 0.5816485225505443 0.15069686411149827 0.5614307931570762 0.15069686411149827 0.5606531881804043 0.13066202090592335 0.5816485225505443 0.1297909407665505 0.5824261275272161 0.14982578397212543 0.5816485225505443 0.15069686411149827
0 0.49300155520995337 0.1681184668989547 0.4665629860031104 0.1681184668989547 0.46578538102643857 0.14111498257839722 0.49300155520995337 0.1402439024390244 0.4937791601866252 0.1672473867595819 0.49300155520995337 0.1681184668989547
0 0.5816485225505443 0.16637630662020905 0.5614307931570762 0.16637630662020905 0.5606531881804043 0.15505226480836237 0.5816485225505443 0.15418118466898956 0.5824261275272161 0.16550522648083624 0.5816485225505443 0.16637630662020905
0 0.5816485225505443 0.21515679442508712 0.49611197511664074 0.21515679442508712 0.4953343701399689 0.17073170731707318 0.5816485225505443 0.16986062717770034 0.5824261275272161 0.21428571428571427 0.5816485225505443 0.21515679442508712
0 0.7527216174183515 0.7674216027874564 0.07931570762052877 0.7674216027874564 0.07853810264385692 0.3327526132404181 0.9440124416796267 0.3318815331010453 0.9447900466562986 0.6933797909407665 0.7542768273716952 0.6942508710801394 0.7534992223950233 0.7665505226480837 0.7527216174183515 0.7674216027874564
0 0.8460342146189735 0.7674216027874564 0.7573872472783826 0.7674216027874564 0.7566096423017107 0.6986062717770035 0.8460342146189735 0.6977351916376306 0.8468118195956454 0.7665505226480837 0.8460342146189735 0.7674216027874564
0 0.8755832037325039 0.7203832752613241 0.8506998444790047 0.7203832752613241 0.8499222395023328 0.6986062717770035 0.8755832037325039 0.6977351916376306 0.8763608087091758 0.7195121951219512 0.8755832037325039 0.7203832752613241
0 0.9035769828926905 0.7203832752613241 0.8786936236391913 0.7203832752613241 0.8779160186625194 0.6986062717770035 0.9035769828926905 0.6977351916376306 0.9043545878693624 0.7195121951219512 0.9035769828926905 0.7203832752613241
0 0.9440124416796267 0.725609756097561 0.9082426127527217 0.725609756097561 0.9074650077760498 0.6986062717770035 0.9440124416796267 0.6977351916376306 0.9447900466562986 0.7247386759581882 0.9440124416796267 0.725609756097561
0 0.9035769828926905 0.7674216027874564 0.8506998444790047 0.7674216027874564 0.8499222395023328 0.7264808362369338 0.9035769828926905 0.725609756097561 0.9043545878693624 0.7665505226480837 0.9035769828926905 0.7674216027874564
0 0.9440124416796267 0.7447735191637631 0.9082426127527217 0.7447735191637631 0.9074650077760498 0.7264808362369338 0.9440124416796267 0.725609756097561 0.9447900466562986 0.7439024390243902 0.9440124416796267 0.7447735191637631
0 0.9440124416796267 0.7674216027874564 0.9082426127527217 0.7674216027874564 0.9074650077760498 0.7456445993031359 0.9440124416796267 0.7447735191637631 0.9447900466562986 0.7665505226480837 0.9440124416796267 0.7674216027874564
0 0.2986003110419907 0.8005226480836237 0.27682737169517885 0.8005226480836237 0.276049766718507 0.7717770034843205 0.2986003110419907 0.7709059233449478 0.29937791601866254 0.7996515679442509 0.2986003110419907 0.8005226480836237
0 0.39502332814930013 0.8405923344947736 0.30171073094867806 0.8405923344947736 0.3009331259720062 0.7717770034843205 0.39502332814930013 0.7709059233449478 0.39580093312597203 0.8397212543554007 0.39502332814930013 0.8405923344947736
0 0.463452566096423 0.912020905923345 0.27682737169517885 0.912020905923345 0.276049766718507 0.8449477351916377 0.39813374805598756 0.8440766550522648 0.3989113530326594 0.7717770034843205 0.463452566096423 0.7709059233449478 0.4642301710730949 0.9111498257839721 0.463452566096423 0.912020905923345
0 0.5241057542768274 0.8249128919860628 0.46967340590979784 0.8249128919860628 0.468895800933126 0.7717770034843205 0.5303265940902022 0.7709059233449478 0.531104199066874 0.8170731707317073 0.5241057542768274 0.8249128919860628
0 0.5660964230171073 0.8614982578397212 0.46967340590979784 0.8614982578397212 0.468895800933126 0.8257839721254355 0.5241057542768274 0.8249128919860628 0.531104199066874 0.8170731707317073 0.531104199066874 0.7717770034843205 0.5598755832037325 0.7709059233449478 0.5606531881804043 0.8449477351916377 0.5660964230171073 0.8458188153310104 0.5668740279937792 0.8606271777003485 0.5660964230171073 0.8614982578397212
0 0.5863141524105754 0.8127177700348432 0.5645412130637636 0.8127177700348432 0.5637636080870918 0.7717770034843205 0.5863141524105754 0.7709059233449478 0.5870917573872473 0.8118466898954704 0.5863141524105754 0.8127177700348432
0 0.6080870917573873 0.8893728222996515 0.5909797822706065 0.8893728222996515 0.5902021772939346 0.7717770034843205 0.6080870917573873 0.7709059233449478 0.6088646967340591 0.8885017421602788 0.6080870917573873 0.8893728222996515
0 0.7480559875583204 0.8127177700348432 0.6127527216174183 0.8127177700348432 0.6119751166407466 0.7717770034843205 0.7480559875583204 0.7709059233449478 0.7488335925349923 0.8118466898954704 0.7480559875583204 0.8127177700348432
0 0.2986003110419907 0.8405923344947736 0.27682737169517885 0.8405923344947736 0.276049766718507 0.8048780487804879 0.2986003110419907 0.804006968641115 0.29937791601866254 0.8397212543554007 0.2986003110419907 0.8405923344947736
0 0.5863141524105754 0.8614982578397212 0.5692068429237948 0.8614982578397212 0.5684292379471229 0.8449477351916377 0.5645412130637636 0.8440766550522648 0.5637636080870918 0.8170731707317073 0.5863141524105754 0.8162020905923345 0.5870917573872473 0.8606271777003485 0.5863141524105754 0.8614982578397212
0 0.6547433903576982 0.8614982578397212 0.6127527216174183 0.8614982578397212 0.6119751166407466 0.8170731707317073 0.6547433903576982 0.8162020905923345 0.6555209953343701 0.8606271777003485 0.6547433903576982 0.8614982578397212
0 0.6749611197511665 0.8388501742160279 0.6594090202177294 0.8388501742160279 0.6586314152410575 0.8170731707317073 0.6749611197511665 0.8162020905923345 0.6757387247278382 0.837979094076655 0.6749611197511665 0.8388501742160279
0 0.6936236391912908 0.8388501742160279 0.6796267496111975 0.8388501742160279 0.6788491446345256 0.8170731707317073 0.6936236391912908 0.8162020905923345 0.6944012441679627 0.837979094076655 0.6936236391912908 0.8388501742160279
0 0.7107309486780715 0.8388501742160279 0.6967340590979783 0.8388501742160279 0.6959564541213064 0.8170731707317073 0.7107309486780715 0.8162020905923345 0.7115085536547434 0.837979094076655 0.7107309486780715 0.8388501742160279
0 0.7293934681181959 0.8388501742160279 0.7153965785381027 0.8388501742160279 0.7146189735614308 0.8170731707317073 0.7293934681181959 0.8162020905923345 0.7301710730948678 0.837979094076655 0.7293934681181959 0.8388501742160279
0 0.7480559875583204 0.8388501742160279 0.7325038880248833 0.8388501742160279 0.7317262830482115 0.8170731707317073 0.7480559875583204 0.8162020905923345 0.7488335925349923 0.837979094076655 0.7480559875583204 0.8388501742160279
0 0.7480559875583204 0.912020905923345 0.6127527216174183 0.912020905923345 0.6119751166407466 0.8658536585365854 0.6578538102643857 0.8649825783972126 0.6586314152410575 0.8414634146341463 0.7480559875583204 0.8405923344947736 0.7488335925349923 0.9111498257839721 0.7480559875583204 0.912020905923345
0 0.5863141524105754 0.912020905923345 0.46967340590979784 0.912020905923345 0.468895800933126 0.867595818815331 0.5863141524105754 0.8667247386759582 0.5870917573872473 0.9111498257839721 0.5863141524105754 0.912020905923345
0 0.6080870917573873 0.912020905923345 0.5909797822706065 0.912020905923345 0.5902021772939346 0.8937282229965157 0.6080870917573873 0.8928571428571429 0.6088646967340591 0.9111498257839721 0.6080870917573873 0.912020905923345