0 0.210896309314587 0.322841726618705 0.21045694200351495 0.2356115107913669 0.2117750439367311 0.23471223021582735 0.21221441124780316 0.2697841726618705 0.21133567662565905 0.2715827338129496 0.21133567662565905 0.32194244604316546 0.210896309314587 0.322841726618705
0 0.37785588752196836 0.5314748201438849 0.20826010544815465 0.5314748201438849 0.2078207381370826 0.4784172661870504 0.2086994727592267 0.4766187050359712 0.2086994727592267 0.42805755395683454 0.2095782073813708 0.4262589928057554 0.2095782073813708 0.37589928057553956 0.21045694200351495 0.37410071942446044 0.21045694200351495 0.3237410071942446 0.21133567662565905 0.32194244604316546 0.21133567662565905 0.2715827338129496 0.21221441124780316 0.2697841726618705 0.21221441124780316 0.2356115107913669 0.37873462214411246 0.23471223021582735 0.37917398945518455 0.36510791366906475 0.37829525483304044 0.3669064748201439 0.37829525483304044 0.5305755395683454 0.37785588752196836 0.5314748201438849
0 0.8172231985940246 0.783273381294964 0.7117750439367311 0.783273381294964 0.711335676625659 0.37949640287769787 0.710456942003515 0.3776978417266187 0.710456942003515 0.25359712230215825 0.8787346221441125 0.2526978417266187 0.8791739894551845 0.64568345323741 0.8181019332161688 0.6465827338129496 0.8176625659050967 0.7823741007194245 0.8172231985940246 0.783273381294964
0 0.20298769771529 0.6717625899280576 0.12390158172231985 0.6717625899280576 0.1234622144112478 0.4658273381294964 0.12434094903339192 0.46402877697841727 0.12434094903339192 0.36151079136690645 0.2100175746924429 0.3606115107913669 0.21045694200351495 0.37410071942446044 0.2095782073813708 0.37589928057553956 0.2095782073813708 0.4262589928057554 0.2086994727592267 0.42805755395683454 0.2086994727592267 0.4766187050359712 0.2078207381370826 0.4784172661870504 0.2078207381370826 0.5305755395683454 0.2038664323374341 0.5314748201438849 0.20342706502636204 0.670863309352518 0.20298769771529 0.6717625899280576
0 0.46309314586994726 0.5836330935251799 0.38488576449912126 0.5836330935251799 0.3844463971880492 0.43884892086330934 0.38532513181019334 0.4370503597122302 0.38532513181019334 0.3669064748201439 0.46309314586994726 0.3660071942446043 0.46353251318101935 0.5827338129496403 0.46309314586994726 0.5836330935251799
0 0.7047451669595782 0.6879496402877698 0.6282952548330404 0.6879496402877698 0.6278558875219684 0.37949640287769787 0.7047451669595782 0.37859712230215825 0.7051845342706503 0.6870503597122302 0.7047451669595782 0.6879496402877698
0 0.9639718804920914 0.6034172661870504 0.8884007029876977 0.6034172661870504 0.8879613356766256 0.3830935251798561 0.9639718804920914 0.38219424460431656 0.9644112478031635 0.6025179856115108 0.9639718804920914 0.6034172661870504
0 0.29086115992970124 0.6591726618705036 0.20826010544815465 0.6591726618705036 0.2078207381370826 0.539568345323741 0.22495606326889278 0.5386690647482014 0.22539543057996486 0.5323741007194245 0.29086115992970124 0.5314748201438849 0.29130052724077327 0.658273381294964 0.29086115992970124 0.6591726618705036
0 0.3391915641476274 0.6303956834532374 0.2961335676625659 0.6303956834532374 0.29569420035149385 0.539568345323741 0.37785588752196836 0.5386690647482014 0.37829525483304044 0.5971223021582733 0.3400702987697715 0.5980215827338129 0.3396309314586995 0.6294964028776978 0.3391915641476274 0.6303956834532374
0 0.37785588752196836 0.6681654676258992 0.343585237258348 0.6681654676258992 0.3431458699472759 0.6061151079136691 0.37785588752196836 0.6052158273381295 0.37829525483304044 0.6672661870503597 0.37785588752196836 0.6681654676258992
0 0.37785588752196836 0.7634892086330936 0.2961335676625659 0.7634892086330936 0.29569420035149385 0.6402877697841727 0.3391915641476274 0.6393884892086331 0.3396309314586995 0.6762589928057554 0.37785588752196836 0.677158273381295 0.37829525483304044 0.762589928057554 0.37785588752196836 0.7634892086330936
0 0.8787346221441125 0.783273381294964 0.8224956063268892 0.783273381294964 0.8220562390158173 0.6564748201438849 0.8787346221441125 0.6555755395683454 0.8791739894551845 0.7823741007194245 0.8787346221441125 0.783273381294964
0 0.2478031634446397 0.7634892086330936 0.20826010544815465 0.7634892086330936 0.2078207381370826 0.6672661870503597 0.2478031634446397 0.6663669064748201 0.2482425307557118 0.762589928057554 0.2478031634446397 0.7634892086330936
0 0.29086115992970124 0.7634892086330936 0.2521968365553603 0.7634892086330936 0.2517574692442882 0.6672661870503597 0.29086115992970124 0.6663669064748201 0.29130052724077327 0.762589928057554 0.29086115992970124 0.7634892086330936