0 0.47095959595959597 0.5304203539823009 0.2904040404040404 0.5304203539823009 0.28914141414141414 0.5293141592920354 0.09343434343434344 0.5293141592920354 0.0928030303030303 0.2975663716814159 0.47095959595959597 0.29701327433628316 0.4715909090909091 0.5298672566371682 0.47095959595959597 0.5304203539823009
0 0.9204545454545454 0.5127212389380531 0.797979797979798 0.5127212389380531 0.7973484848484849 0.4723451327433628 0.5441919191919192 0.4717920353982301 0.5435606060606061 0.2997787610619469 0.9204545454545454 0.29922566371681414 0.9210858585858586 0.5121681415929203 0.9204545454545454 0.5127212389380531
0 0.7904040404040404 0.6222345132743363 0.5441919191919192 0.6222345132743363 0.5435606060606061 0.47898230088495575 0.6035353535353535 0.478429203539823 0.6041666666666666 0.5685840707964602 0.6603535353535354 0.5691371681415929 0.6609848484848485 0.5641592920353983 0.6123737373737373 0.5636061946902655 0.6117424242424242 0.47898230088495575 0.7904040404040404 0.478429203539823 0.7910353535353535 0.6216814159292036 0.7904040404040404 0.6222345132743363
0 0.9204545454545454 0.7228982300884956 0.797979797979798 0.7228982300884956 0.7973484848484849 0.5199115044247787 0.8926767676767676 0.519358407079646 0.8933080808080808 0.5807522123893806 0.9204545454545454 0.5813053097345132 0.9210858585858586 0.7223451327433629 0.9204545454545454 0.7228982300884956
0 0.28914141414141414 0.7483407079646017 0.09343434343434344 0.7483407079646017 0.0928030303030303 0.5298672566371682 0.28914141414141414 0.5293141592920354 0.2897727272727273 0.7477876106194691 0.28914141414141414 0.7483407079646017
0 0.47095959595959597 0.6897123893805309 0.2967171717171717 0.6897123893805309 0.29608585858585856 0.5353982300884956 0.4166666666666667 0.5348451327433629 0.4172979797979798 0.5519911504424779 0.47095959595959597 0.5525442477876106 0.4715909090909091 0.6891592920353983 0.47095959595959597 0.6897123893805309
0 0.7904040404040404 0.8346238938053098 0.5441919191919192 0.8346238938053098 0.5435606060606061 0.6283185840707964 0.7904040404040404 0.6277654867256637 0.7910353535353535 0.834070796460177 0.7904040404040404 0.8346238938053098
0 0.47095959595959597 0.8324115044247787 0.2967171717171717 0.8324115044247787 0.29608585858585856 0.6902654867256637 0.47095959595959597 0.6897123893805309 0.4715909090909091 0.831858407079646 0.47095959595959597 0.8324115044247787
0 0.9204545454545454 0.8346238938053098 0.797979797979798 0.8346238938053098 0.7973484848484849 0.7289823008849557 0.9204545454545454 0.728429203539823 0.9210858585858586 0.834070796460177 0.9204545454545454 0.8346238938053098
0 0.19696969696969696 0.8324115044247787 0.09343434343434344 0.8324115044247787 0.0928030303030303 0.754424778761062 0.19696969696969696 0.7538716814159292 0.1976010101010101 0.831858407079646 0.19696969696969696 0.8324115044247787
0 0.28914141414141414 0.8324115044247787 0.2032828282828283 0.8324115044247787 0.20265151515151514 0.754424778761062 0.28914141414141414 0.7538716814159292 0.2897727272727273 0.831858407079646 0.28914141414141414 0.8324115044247787
0 0.18813131313131312 0.9673672566371682 0.08333333333333333 0.9673672566371682 0.08270202020202021 0.8473451327433629 0.18813131313131312 0.8467920353982301 0.18876262626262627 0.9668141592920354 0.18813131313131312 0.9673672566371682