0 0.2897091722595078 0.4945414847161572 0.17337807606263983 0.4945414847161572 0.17281879194630873 0.4366812227074236 0.15771812080536912 0.435589519650655 0.15715883668903805 0.1965065502183406 0.15604026845637584 0.1943231441048035 0.15604026845637584 0.12882096069868995 0.2897091722595078 0.1277292576419214 0.2902684563758389 0.49344978165938863 0.2897091722595078 0.4945414847161572
0 0.37024608501118567 0.5054585152838428 0.3232662192393736 0.5054585152838428 0.3227069351230425 0.49563318777292575 0.29082774049217003 0.4945414847161572 0.2902684563758389 0.12882096069868995 0.5827740492170023 0.1277292576419214 0.5833333333333334 0.39956331877729256 0.685682326621924 0.40065502183406115 0.6862416107382551 0.49344978165938863 0.3713646532438479 0.4945414847161572 0.37080536912751677 0.5043668122270742 0.37024608501118567 0.5054585152838428
0 0.685682326621924 0.38973799126637554 0.5883668903803132 0.38973799126637554 0.5878076062639821 0.12882096069868995 0.674496644295302 0.1277292576419214 0.6750559284116331 0.15065502183406113 0.685682326621924 0.1517467248908297 0.6862416107382551 0.388646288209607 0.685682326621924 0.38973799126637554
0 0.8210290827740492 0.4945414847161572 0.6912751677852349 0.4945414847161572 0.6907158836689038 0.12882096069868995 0.8210290827740492 0.1277292576419214 0.8215883668903803 0.49344978165938863 0.8210290827740492 0.4945414847161572
0 0.37024608501118567 0.8264192139737991 0.29082774049217003 0.8264192139737991 0.2902684563758389 0.5087336244541485 0.3221476510067114 0.50764192139738 0.3232662192393736 0.5054585152838428 0.37024608501118567 0.5054585152838428 0.37080536912751677 0.8253275109170306 0.37024608501118567 0.8264192139737991
0 0.28187919463087246 0.8264192139737991 0.15771812080536912 0.8264192139737991 0.15715883668903805 0.5087336244541485 0.28187919463087246 0.50764192139738 0.28243847874720357 0.8253275109170306 0.28187919463087246 0.8264192139737991
0 0.4519015659955257 0.6430131004366813 0.378076062639821 0.6430131004366813 0.3775167785234899 0.5087336244541485 0.4519015659955257 0.50764192139738 0.4524608501118568 0.6419213973799127 0.4519015659955257 0.6430131004366813
0 0.5469798657718121 0.8307860262008734 0.4574944071588367 0.8307860262008734 0.4569351230425056 0.5087336244541485 0.5973154362416108 0.50764192139738 0.5978747203579419 0.6790393013100436 0.5514541387024608 0.6801310043668122 0.5508948545861297 0.6331877729257642 0.5480984340044742 0.6320960698689956 0.5475391498881432 0.8296943231441049 0.5469798657718121 0.8307860262008734
0 0.8210290827740492 0.8307860262008734 0.6331096196868009 0.8307860262008734 0.6325503355704698 0.6812227074235808 0.6029082774049217 0.6801310043668122 0.6023489932885906 0.5087336244541485 0.8210290827740492 0.50764192139738 0.8215883668903803 0.8296943231441049 0.8210290827740492 0.8307860262008734
0 0.44966442953020136 0.8176855895196506 0.378076062639821 0.8176855895196506 0.3775167785234899 0.6572052401746725 0.44966442953020136 0.6561135371179039 0.45022371364653246 0.8165938864628821 0.44966442953020136 0.8176855895196506
0 0.6286353467561522 0.8307860262008734 0.5838926174496645 0.8307860262008734 0.5833333333333334 0.7903930131004366 0.5559284116331096 0.7893013100436681 0.5553691275167785 0.6899563318777293 0.6286353467561522 0.6888646288209607 0.6291946308724832 0.8296943231441049 0.6286353467561522 0.8307860262008734