0 0.6513233601841196 0.2691717791411043 0.4326812428078251 0.2691717791411043 0.43210586881472957 0.15950920245398773 0.30149597238204834 0.15874233128834356 0.3009205983889528 0.2684049079754601 0.19217491369390102 0.2691717791411043 0.1915995397008055 0.05521472392638037 0.4108170310701956 0.054447852760736194 0.41139240506329117 0.06748466257668712 0.4315304948216341 0.06825153374233128 0.43210586881472957 0.05521472392638037 0.6513233601841196 0.054447852760736194 0.6518987341772152 0.2684049079754601 0.6513233601841196 0.2691717791411043
0 0.80897583429229 0.2906441717791411 0.6685845799769851 0.2906441717791411 0.6680092059838896 0.05521472392638037 0.80897583429229 0.054447852760736194 0.8095512082853855 0.2898773006134969 0.80897583429229 0.2906441717791411
0 0.4108170310701956 0.2691717791411043 0.30609896432681244 0.2691717791411043 0.3055235903337169 0.1656441717791411 0.4108170310701956 0.16487730061349692 0.41139240506329117 0.2684049079754601 0.4108170310701956 0.2691717791411043
0 0.3003452243958573 0.4072085889570552 0.21749136939010358 0.4072085889570552 0.21691599539700807 0.37883435582822084 0.19217491369390102 0.37806748466257667 0.1915995397008055 0.2776073619631902 0.3003452243958573 0.276840490797546 0.3009205983889528 0.40644171779141103 0.3003452243958573 0.4072085889570552
0 0.42692750287687 0.37806748466257667 0.30609896432681244 0.37806748466257667 0.3055235903337169 0.2776073619631902 0.42692750287687 0.276840490797546 0.42750287686996546 0.3773006134969325 0.42692750287687 0.37806748466257667
0 0.5638665132336018 0.37806748466257667 0.4326812428078251 0.37806748466257667 0.43210586881472957 0.2776073619631902 0.5638665132336018 0.276840490797546 0.5644418872266973 0.3773006134969325 0.5638665132336018 0.37806748466257667
0 0.6513233601841196 0.5651840490797546 0.5086306098964327 0.5651840490797546 0.5080552359033371 0.5352760736196319 0.49136939010356734 0.5345092024539877 0.4907940161104718 0.44785276073619634 0.5063291139240507 0.4470858895705521 0.5069044879171462 0.40797546012269936 0.5684695051783659 0.4072085889570552 0.5690448791714614 0.2776073619631902 0.6513233601841196 0.276840490797546 0.6518987341772152 0.3773006134969325 0.6363636363636364 0.37806748466257667 0.6357882623705409 0.40644171779141103 0.666283084004603 0.4072085889570552 0.6668584579976985 0.48773006134969327 0.6524741081703107 0.48849693251533743 0.6518987341772152 0.5644171779141104 0.6513233601841196 0.5651840490797546
0 0.80897583429229 0.37806748466257667 0.6685845799769851 0.37806748466257667 0.6680092059838896 0.29754601226993865 0.80897583429229 0.2967791411042945 0.8095512082853855 0.3773006134969325 0.80897583429229 0.37806748466257667
0 0.4902186421173763 0.7446319018404908 0.19217491369390102 0.7446319018404908 0.1915995397008055 0.40797546012269936 0.4902186421173763 0.4072085889570552 0.4907940161104718 0.5337423312883436 0.4896432681242808 0.5352760736196319 0.4896432681242808 0.5644171779141104 0.4907940161104718 0.5659509202453987 0.4907940161104718 0.7438650306748467 0.4902186421173763 0.7446319018404908
0 0.80897583429229 0.7446319018404908 0.667433831990794 0.7446319018404908 0.6668584579976985 0.40797546012269936 0.80897583429229 0.4072085889570552 0.8095512082853855 0.7438650306748467 0.80897583429229 0.7446319018404908
0 0.5074798619102416 0.5651840490797546 0.4902186421173763 0.5651840490797546 0.4896432681242808 0.5352760736196319 0.5074798619102416 0.5345092024539877 0.5080552359033371 0.5644171779141104 0.5074798619102416 0.5651840490797546