0 0.8022813688212928 0.33035714285714285 0.7034220532319392 0.33035714285714285 0.7027883396704689 0.057539682539682536 0.8022813688212928 0.05654761904761905 0.802915082382763 0.32936507936507936 0.8022813688212928 0.33035714285714285
0 0.973384030418251 0.5922619047619048 0.8086185044359949 0.5922619047619048 0.8079847908745247 0.057539682539682536 0.973384030418251 0.05654761904761905 0.9740177439797212 0.5912698412698413 0.973384030418251 0.5922619047619048
0 0.23067173637515842 0.4652777777777778 0.18250950570342206 0.4652777777777778 0.18187579214195185 0.4503968253968254 0.05449936628643853 0.4494047619047619 0.053865652724968315 0.1765873015873016 0.23067173637515842 0.17559523809523808 0.23130544993662863 0.4642857142857143 0.23067173637515842 0.4652777777777778
0 0.5133079847908745 0.4632936507936508 0.2370088719898606 0.4632936507936508 0.23637515842839038 0.1765873015873016 0.5133079847908745 0.17559523809523808 0.5139416983523447 0.4623015873015873 0.5133079847908745 0.4632936507936508
0 0.6920152091254753 0.4632936507936508 0.5196451204055766 0.4632936507936508 0.5190114068441065 0.1765873015873016 0.6920152091254753 0.17559523809523808 0.6926489226869454 0.4623015873015873 0.6920152091254753 0.4632936507936508
0 0.8022813688212928 0.5922619047619048 0.7046894803548795 0.5922619047619048 0.7040557667934094 0.3412698412698413 0.7027883396704689 0.3392857142857143 0.8022813688212928 0.3382936507936508 0.802915082382763 0.5912698412698413 0.8022813688212928 0.5922619047619048
0 0.10899873257287707 0.560515873015873 0.05449936628643853 0.560515873015873 0.053865652724968315 0.4583333333333333 0.10899873257287707 0.4573412698412698 0.10963244613434728 0.5595238095238095 0.10899873257287707 0.560515873015873
0 0.1761723700887199 0.560515873015873 0.11533586818757921 0.560515873015873 0.114702154626109 0.4583333333333333 0.1761723700887199 0.4573412698412698 0.17680608365019013 0.5595238095238095 0.1761723700887199 0.560515873015873
0 0.31305449936628643 0.7132936507936508 0.18250950570342206 0.7132936507936508 0.18187579214195185 0.4742063492063492 0.23574144486692014 0.4732142857142857 0.23637515842839038 0.4642857142857143 0.31305449936628643 0.4632936507936508 0.31368821292775667 0.7123015873015873 0.31305449936628643 0.7132936507936508
0 0.49936628643852976 0.8224206349206349 0.3193916349809886 0.8224206349206349 0.31875792141951836 0.5694444444444444 0.31432192648922685 0.5684523809523809 0.31368821292775667 0.4642857142857143 0.41825095057034223 0.4632936507936508 0.4188846641318124 0.47023809523809523 0.49936628643852976 0.4712301587301587 0.5 0.8214285714285714 0.49936628643852976 0.8224206349206349
0 0.5956907477820025 0.6279761904761905 0.5057034220532319 0.6279761904761905 0.5050697084917617 0.5376984126984127 0.5183776932826363 0.5367063492063492 0.5190114068441065 0.4722222222222222 0.5956907477820025 0.4712301587301587 0.5963244613434727 0.626984126984127 0.5956907477820025 0.6279761904761905
0 0.6869455006337135 0.6795634920634921 0.6020278833967047 0.6795634920634921 0.6013941698352345 0.4722222222222222 0.6869455006337135 0.4712301587301587 0.6875792141951838 0.6785714285714286 0.6869455006337135 0.6795634920634921
0 0.20785804816223066 0.8224206349206349 0.05449936628643853 0.8224206349206349 0.053865652724968315 0.5694444444444444 0.1761723700887199 0.5684523809523809 0.17680608365019013 0.7202380952380952 0.20785804816223066 0.7212301587301587 0.20849176172370087 0.8214285714285714 0.20785804816223066 0.8224206349206349
0 0.6920152091254753 0.8224206349206349 0.5057034220532319 0.8224206349206349 0.5050697084917617 0.6369047619047619 0.5956907477820025 0.6359126984126984 0.5963244613434727 0.6865079365079365 0.6920152091254753 0.6875 0.6926489226869454 0.8214285714285714 0.6920152091254753 0.8224206349206349
0 0.31305449936628643 0.8224206349206349 0.21419518377693283 0.8224206349206349 0.21356147021546262 0.7222222222222222 0.31305449936628643 0.7212301587301587 0.31368821292775667 0.8214285714285714 0.31305449936628643 0.8224206349206349