0 0.43997718848018247 0.4223790322580645 0.358426005132592 0.4223790322580645 0.3582834331337325 0.3818548387096774 0.3165098374679213 0.3816532258064516 0.31636726546906185 0.4221774193548387 0.2606216139150271 0.4223790322580645 0.26047904191616766 0.18306451612903227 0.41317365269461076 0.18286290322580645 0.4133162246934702 0.18467741935483872 0.4136013686911891 0.18508064516129033 0.4136013686911891 0.18669354838709679 0.41417165668662675 0.1870967741935484 0.41417165668662675 0.18870967741935485 0.41474194468206443 0.18911290322580646 0.41474194468206443 0.1907258064516129 0.4150270886797833 0.19112903225806452 0.4150270886797833 0.19274193548387097 0.415597376675221 0.19314516129032258 0.415597376675221 0.19475806451612904 0.4161676646706587 0.19516129032258064 0.4161676646706587 0.1967741935483871 0.4164528086683775 0.1971774193548387 0.4164528086683775 0.19879032258064516 0.4170230966638152 0.19919354838709677 0.4170230966638152 0.20040322580645162 0.41759338465925294 0.20080645161290323 0.41759338465925294 0.20241935483870968 0.4178785286569718 0.2028225806451613 0.4178785286569718 0.20443548387096774 0.41844881665240946 0.20483870967741935 0.41844881665240946 0.2064516129032258 0.41901910464784714 0.2068548387096774 0.41901910464784714 0.20846774193548387 0.41930424864556604 0.20887096774193548 0.41930424864556604 0.21048387096774193 0.4198745366410037 0.21088709677419354 0.4198745366410037 0.2125 0.4204448246364414 0.2129032258064516 0.4204448246364414 0.21451612903225806 0.42072996863416023 0.21491935483870966 0.42072996863416023 0.21653225806451612 0.42130025662959797 0.21693548387096775 0.42130025662959797 0.21854838709677418 0.4215854006273168 0.21895161290322582 0.4215854006273168 0.22056451612903225 0.4221556886227545 0.22096774193548388 0.4221556886227545 0.22258064516129034 0.42272597661819217 0.22298387096774194 0.42272597661819217 0.2245967741935484 0.42301112061591106 0.225 0.42301112061591106 0.22580645161290322 0.42358140861134874 0.22620967741935483 0.42358140861134874 0.22782258064516128 0.4241516966067864 0.22822580645161292 0.4241516966067864 0.22983870967741934 0.42443684060450526 0.23024193548387098 0.42443684060450526 0.2318548387096774 0.425007128599943 0.23225806451612904 0.425007128599943 0.23387096774193547 0.4255774165953807 0.2342741935483871 0.4255774165953807 0.23588709677419356 0.4258625605930995 0.23629032258064517 0.4258625605930995 0.23790322580645162 0.4264328485885372 0.23830645161290323 0.4264328485885372 0.2399193548387097 0.42700313658397493 0.2403225806451613 0.42700313658397493 0.24193548387096775 0.42728828058169377 0.24233870967741936 0.42728828058169377 0.2439516129032258 0.42785856857713145 0.24435483870967742 0.42785856857713145 0.24596774193548387 0.42842885657256913 0.24637096774193548 0.42842885657256913 0.24798387096774194 0.428714000570288 0.24838709677419354 0.428714000570288 0.2495967741935484 0.4292842885657257 0.25 0.4292842885657257 0.25161290322580643 0.4298545765611634 0.25201612903225806 0.4298545765611634 0.2536290322580645 0.4301397205588822 0.2540322580645161 0.4301397205588822 0.25564516129032255 0.43071000855431996 0.2560483870967742 0.43071000855431996 0.25766129032258067 0.4309951525520388 0.25806451612903225 0.4309951525520388 0.25967741935483873 0.4315654405474765 0.2600806451612903 0.4315654405474765 0.2616935483870968 0.43213572854291415 0.2620967741935484 0.43213572854291415 0.26370967741935486 0.432420872540633 0.26411290322580644 0.432420872540633 0.2657258064516129 0.43299116053607073 0.2661290322580645 0.43299116053607073 0.267741935483871 0.4335614485315084 0.26814516129032256 0.4335614485315084 0.26895161290322583 0.43384659252922725 0.2693548387096774 0.43384659252922725 0.2709677419354839 0.434416880524665 0.2713709677419355 0.434416880524665 0.27298387096774196 0.43498716852010266 0.27338709677419354 0.43498716852010266 0.275 0.4352723125178215 0.2754032258064516 0.4352723125178215 0.2770161290322581 0.4358426005132592 0.27741935483870966 0.4358426005132592 0.27903225806451615 0.4364128885086969 0.2794354838709677 0.4364128885086969 0.2810483870967742 0.43669803250641576 0.2814516129032258 0.43669803250641576 0.2830645161290323 0.43726832050185344 0.28346774193548385 0.43726832050185344 0.28508064516129034 0.4378386084972911 0.2854838709677419 0.4378386084972911 0.2870967741935484 0.43812375249500995 0.2875 0.43812375249500995 0.28911290322580646 0.4386940404904477 0.28951612903225804 0.4386940404904477 0.2911290322580645 0.43897918448816653 0.2915322580645161 0.43897918448816653 0.2931451612903226 0.4395494724836042 0.29354838709677417 0.4395494724836042 0.29516129032258065 0.44011976047904194 0.2955645161290323 0.44011976047904194 0.2971774193548387 0.4404049044767608 0.29758064516129035 0.4404049044767608 0.2991935483870968 0.44097519247219846 0.2995967741935484 0.44097519247219846 0.3008064516129032 0.44154548046763614 0.30120967741935484 0.44154548046763614 0.30282258064516127 0.441830624465355 0.3032258064516129 0.441830624465355 0.30483870967741933 0.4424009124607927 0.30524193548387096 0.4424009124607927 0.30685483870967745 0.4429712004562304 0.307258064516129 0.4429712004562304 0.3088709677419355 0.44325634445394924 0.3092741935483871 0.44325634445394924 0.31048387096774194 0.44796122041631026 0.3106854838709677 0.4481037924151697 0.38548387096774195 0.44026233247790136 0.38568548387096774 0.44011976047904194 0.4221774193548387 0.43997718848018247 0.4223790322580645
0 0.8848018249215854 0.6002016129032258 0.7191331622469347 0.6002016129032258 0.7189905902480753 0.4625 0.8118049615055604 0.4622983870967742 0.8119475335044197 0.3786290322580645 0.6467065868263473 0.3784274193548387 0.6465640148274879 0.31088709677419357 0.6468491588252068 0.31048387096774194 0.6468491588252068 0.3092741935483871 0.6474194468206445 0.3088709677419355 0.6474194468206445 0.307258064516129 0.6479897348160821 0.30685483870967745 0.6479897348160821 0.30524193548387096 0.648274878813801 0.30483870967741933 0.648274878813801 0.3032258064516129 0.6488451668092386 0.30282258064516127 0.6488451668092386 0.30120967741935484 0.6491303108069575 0.3008064516129032 0.6491303108069575 0.3 0.6497005988023952 0.2995967741935484 0.6497005988023952 0.2979838709677419 0.650270886797833 0.29758064516129035 0.650270886797833 0.29596774193548386 0.6505560307955518 0.2955645161290323 0.6505560307955518 0.2939516129032258 0.6511263187909895 0.29354838709677417 0.6511263187909895 0.29193548387096774 0.6516966067864272 0.2915322580645161 0.6516966067864272 0.2899193548387097 0.651981750784146 0.28951612903225804 0.651981750784146 0.2887096774193548 0.6525520387795837 0.28830645161290325 0.6525520387795837 0.28669354838709676 0.6531223267750214 0.2862903225806452 0.6531223267750214 0.2846774193548387 0.6534074707727402 0.2842741935483871 0.6534074707727402 0.28266129032258064 0.6539777587681779 0.28225806451612906 0.6539777587681779 0.2806451612903226 0.6545480467636157 0.28024193548387094 0.6545480467636157 0.2786290322580645 0.6548331907613345 0.2782258064516129 0.6548331907613345 0.27741935483870966 0.6554034787567722 0.2770161290322581 0.6554034787567722 0.2754032258064516 0.6559737667522099 0.275 0.6559737667522099 0.27338709677419354 0.6562589107499287 0.27298387096774196 0.6562589107499287 0.2713709677419355 0.6568291987453664 0.2709677419354839 0.6568291987453664 0.2693548387096774 0.6573994867408041 0.26895161290322583 0.6573994867408041 0.26814516129032256 0.6576846307385229 0.267741935483871 0.6576846307385229 0.2661290322580645 0.6582549187339607 0.2657258064516129 0.6582549187339607 0.26411290322580644 0.6585400627316795 0.26370967741935486 0.6585400627316795 0.2620967741935484 0.6591103507271172 0.2616935483870968 0.6591103507271172 0.2600806451612903 0.6596806387225549 0.25967741935483873 0.6596806387225549 0.25806451612903225 0.6599657827202737 0.25766129032258067 0.6599657827202737 0.2568548387096774 0.6605360707157114 0.2564516129032258 0.6605360707157114 0.25483870967741934 0.6611063587111491 0.25443548387096776 0.6611063587111491 0.2528225806451613 0.6613915027088679 0.2524193548387097 0.6613915027088679 0.2508064516129032 0.6619617907043057 0.25040322580645163 0.6619617907043057 0.24879032258064515 0.6625320786997434 0.24838709677419354 0.6625320786997434 0.2467741935483871 0.6628172226974622 0.24637096774193548 0.6628172226974622 0.24556451612903227 0.6633875106928999 0.24516129032258063 0.6633875106928999 0.2435483870967742 0.6639577986883376 0.24314516129032257 0.6639577986883376 0.24153225806451614 0.6642429426860564 0.2411290322580645 0.6642429426860564 0.23951612903225805 0.6648132306814941 0.23911290322580644 0.6648132306814941 0.2375 0.6653835186769318 0.23709677419354838 0.6653835186769318 0.23629032258064517 0.6656686626746507 0.23588709677419356 0.6656686626746507 0.2342741935483871 0.6662389506700884 0.23387096774193547 0.6662389506700884 0.23225806451612904 0.6665240946678073 0.2318548387096774 0.6665240946678073 0.23024193548387098 0.667094382663245 0.22983870967741934 0.667094382663245 0.22822580645161292 0.6676646706586826 0.22782258064516128 0.6676646706586826 0.22620967741935483 0.6679498146564015 0.22580645161290322 0.6679498146564015 0.225 0.6685201026518391 0.2245967741935484 0.6685201026518391 0.22298387096774194 0.6690903906472768 0.22258064516129034 0.6690903906472768 0.22096774193548388 0.6693755346449958 0.22056451612903225 0.6693755346449958 0.21895161290322582 0.6699458226404335 0.21854838709677418 0.6699458226404335 0.21693548387096775 0.6705161106358711 0.21653225806451612 0.6705161106358711 0.21491935483870966 0.67080125463359 0.21451612903225806 0.67080125463359 0.21370967741935484 0.6713715426290277 0.21330645161290324 0.6713715426290277 0.21169354838709678 0.6719418306244653 0.21129032258064517 0.6719418306244653 0.20967741935483872 0.6722269746221842 0.20927419354838708 0.6722269746221842 0.20766129032258066 0.6727972626176218 0.20725806451612902 0.6727972626176218 0.2056451612903226 0.6733675506130596 0.20524193548387096 0.6733675506130596 0.20443548387096774 0.6736526946107785 0.20403225806451614 0.6736526946107785 0.20241935483870968 0.6742229826062162 0.20201612903225807 0.6742229826062162 0.20040322580645162 0.6747932706016538 0.2 0.6747932706016538 0.19838709677419356 0.6750784145993727 0.19798387096774195 0.6750784145993727 0.1963709677419355 0.6756487025948104 0.19596774193548386 0.6756487025948104 0.19435483870967743 0.6759338465925292 0.1939516129032258 0.6759338465925292 0.19314516129032258 0.6765041345879669 0.19274193548387097 0.6765041345879669 0.19112903225806452 0.6770744225834047 0.1907258064516129 0.6770744225834047 0.18911290322580646 0.6773595665811235 0.18870967741935485 0.6773595665811235 0.1870967741935484 0.6779298545765612 0.18669354838709679 0.6779298545765612 0.18508064516129033 0.6785001425719989 0.18467741935483872 0.6785001425719989 0.18306451612903227 0.8848018249215854 0.18286290322580645 0.8849443969204448 0.6 0.8848018249215854 0.6002016129032258
0 0.16852010265183917 0.37641129032258064 0.08839463929284289 0.37641129032258064 0.08825206729398347 0.2608870967741935 0.16852010265183917 0.26068548387096774 0.1686626746506986 0.37620967741935485 0.16852010265183917 0.37641129032258064
0 0.2537781579697747 0.7481854838709677 0.08839463929284289 0.7481854838709677 0.08825206729398347 0.3818548387096774 0.1739378386084973 0.3816532258064516 0.1740804106073567 0.2608870967741935 0.2537781579697747 0.26068548387096774 0.2539207299686342 0.7479838709677419 0.2537781579697747 0.7481854838709677
0 0.647276874821785 0.5743951612903225 0.5888223552894212 0.5743951612903225 0.5886797832905617 0.5641129032258064 0.44767607641859136 0.5639112903225807 0.44753350441973194 0.3858870967741935 0.4481037924151697 0.38548387096774195 0.4481037924151697 0.31088709677419357 0.6410037068719704 0.3106854838709677 0.6411462788708298 0.5431451612903225 0.6464214428286285 0.5433467741935484 0.6465640148274879 0.535483870967742 0.6468491588252068 0.535483870967742 0.6468491588252068 0.5737903225806451 0.6474194468206445 0.5741935483870968 0.647276874821785 0.5743951612903225
0 0.7134302822925578 0.6715725806451613 0.5888223552894212 0.6715725806451613 0.5886797832905617 0.6419354838709678 0.5889649272882805 0.6415322580645161 0.5889649272882805 0.5745967741935484 0.647276874821785 0.5743951612903225 0.647276874821785 0.573991935483871 0.6468491588252068 0.5737903225806451 0.6468491588252068 0.535483870967742 0.6465640148274879 0.5350806451612903 0.6465640148274879 0.3858870967741935 0.7134302822925578 0.38568548387096774 0.7135728542914171 0.6713709677419355 0.7134302822925578 0.6715725806451613
0 0.806672369546621 0.45463709677419356 0.7191331622469347 0.45463709677419356 0.7189905902480753 0.3858870967741935 0.806672369546621 0.38568548387096774 0.8068149415454805 0.4544354838709677 0.806672369546621 0.45463709677419356
0 0.43997718848018247 0.5671370967741935 0.35899629312802966 0.5671370967741935 0.35885372112917024 0.42983870967741933 0.3582834331337325 0.42943548387096775 0.358426005132592 0.4288306451612903 0.43997718848018247 0.4288306451612903 0.44011976047904194 0.5669354838709677 0.43997718848018247 0.5671370967741935
0 0.3538637011690904 0.5606854838709677 0.2606216139150271 0.5606854838709677 0.26047904191616766 0.43629032258064515 0.3538637011690904 0.43608870967741936 0.3540062731679498 0.5604838709677419 0.3538637011690904 0.5606854838709677
0 0.3877958368976333 0.7860887096774194 0.2606216139150271 0.7860887096774194 0.26047904191616766 0.5741935483870968 0.4174508126603935 0.573991935483871 0.41759338465925294 0.6334677419354838 0.35899629312802966 0.6336693548387097 0.35885372112917024 0.6362903225806451 0.3877958368976333 0.636491935483871 0.3879384088964927 0.7858870967741935 0.3877958368976333 0.7860887096774194
0 0.5842600513259196 0.7860887096774194 0.39235814086113485 0.7860887096774194 0.39221556886227543 0.6366935483870968 0.4214428286284574 0.636491935483871 0.4215854006273168 0.5741935483870968 0.5885372112917023 0.573991935483871 0.5889649272882805 0.5745967741935484 0.5889649272882805 0.6415322580645161 0.5845451953236385 0.6417338709677419 0.584402623324779 0.7858870967741935 0.5842600513259196 0.7860887096774194
0 0.8848018249215854 0.7860887096774194 0.7191331622469347 0.7860887096774194 0.7189905902480753 0.6080645161290322 0.8848018249215854 0.6078629032258065 0.8849443969204448 0.7858870967741935 0.8848018249215854 0.7860887096774194
0 0.6421442828628457 0.7860887096774194 0.5888223552894212 0.7860887096774194 0.5886797832905617 0.6778225806451613 0.6421442828628457 0.6776209677419355 0.6422868548617051 0.7858870967741935 0.6421442828628457 0.7860887096774194
0 0.7134302822925578 0.7860887096774194 0.6467065868263473 0.7860887096774194 0.6465640148274879 0.6778225806451613 0.7134302822925578 0.6776209677419355 0.7135728542914171 0.7858870967741935 0.7134302822925578 0.7860887096774194