0 0.09135628952916373 0.2821969696969697 0.035839775122979624 0.2821969696969697 0.035488404778636684 0.06691919191919192 0.09135628952916373 0.06628787878787878 0.09170765987350668 0.2815656565656566 0.09135628952916373 0.2821969696969697
0 0.26141953619114544 0.2821969696969697 0.09768095572733661 0.2821969696969697 0.09732958538299367 0.06691919191919192 0.26141953619114544 0.06628787878787878 0.2617709065354884 0.2815656565656566 0.26141953619114544 0.2821969696969697
0 0.4279690794096978 0.4438131313131313 0.26774420238931834 0.4438131313131313 0.2673928320449754 0.06691919191919192 0.5221363316936051 0.06628787878787878 0.522487702037948 0.42045454545454547 0.48910751932536894 0.42108585858585856 0.488756148981026 0.4318181818181818 0.4342937456078707 0.432449494949495 0.43394237526352775 0.3838383838383838 0.42867182009838367 0.3832070707070707 0.42832044975404077 0.4431818181818182 0.4279690794096978 0.4438131313131313
0 0.5994378074490513 0.28345959595959597 0.5284609978917779 0.28345959595959597 0.528109627547435 0.06691919191919192 0.5994378074490513 0.06628787878787878 0.5997891777933942 0.2828282828282828 0.5994378074490513 0.28345959595959597
0 0.7983134223471539 0.42108585858585856 0.6057624736472241 0.42108585858585856 0.6054111033028813 0.06691919191919192 0.7983134223471539 0.06628787878787878 0.7986647926914968 0.42045454545454547 0.7983134223471539 0.42108585858585856
0 0.9648629655657063 0.5801767676767676 0.8046380885453268 0.5801767676767676 0.8042867182009839 0.21338383838383837 0.9648629655657063 0.21275252525252525 0.9652143359100492 0.5795454545454546 0.9648629655657063 0.5801767676767676
0 0.15460295151089248 0.461489898989899 0.04005621925509487 0.461489898989899 0.03970484891075193 0.29797979797979796 0.10541110330288124 0.29734848484848486 0.10576247364722417 0.29292929292929293 0.14968376669009137 0.2922979797979798 0.1500351370344343 0.2967171717171717 0.15460295151089248 0.29734848484848486 0.15495432185523542 0.46085858585858586 0.15460295151089248 0.461489898989899
0 0.26141953619114544 0.461489898989899 0.1602248770203795 0.461489898989899 0.15987350667603653 0.38257575757575757 0.16233309908643712 0.3819444444444444 0.16268446943078005 0.29292929292929293 0.26141953619114544 0.2922979797979798 0.2617709065354884 0.46085858585858586 0.26141953619114544 0.461489898989899
0 0.5994378074490513 0.42108585858585856 0.5284609978917779 0.42108585858585856 0.528109627547435 0.29419191919191917 0.5994378074490513 0.2935606060606061 0.5997891777933942 0.42045454545454547 0.5994378074490513 0.42108585858585856
0 0.5228390723822909 0.9311868686868687 0.26774420238931834 0.9311868686868687 0.2673928320449754 0.45454545454545453 0.43359100491918484 0.45391414141414144 0.43394237526352775 0.43308080808080807 0.4884047786366831 0.432449494949495 0.48910751932536894 0.4311868686868687 0.5221363316936051 0.4311868686868687 0.522487702037948 0.5896464646464646 0.5231904427266338 0.5909090909090909 0.5231904427266338 0.9305555555555556 0.5228390723822909 0.9311868686868687
0 0.7940969782150387 0.6912878787878788 0.5291637385804638 0.6912878787878788 0.5288123682361209 0.5909090909090909 0.5228390723822909 0.5902777777777778 0.522487702037948 0.4318181818181818 0.7983134223471539 0.4311868686868687 0.7986647926914968 0.5795454545454546 0.7947997189037245 0.5801767676767676 0.7944483485593816 0.6906565656565656 0.7940969782150387 0.6912878787878788
0 0.26141953619114544 0.7821969696969697 0.035839775122979624 0.7821969696969697 0.035488404778636684 0.4772727272727273 0.26141953619114544 0.47664141414141414 0.2617709065354884 0.7815656565656566 0.26141953619114544 0.7821969696969697
0 0.9648629655657063 0.9286616161616161 0.8004216444132115 0.9286616161616161 0.8000702740688685 0.5909090909090909 0.9648629655657063 0.5902777777777778 0.9652143359100492 0.928030303030303 0.9648629655657063 0.9286616161616161
0 0.5952213633169361 0.9223484848484849 0.5291637385804638 0.9223484848484849 0.5288123682361209 0.702020202020202 0.5994378074490513 0.7013888888888888 0.5997891777933942 0.8396464646464646 0.5959241040056219 0.8402777777777778 0.5955727336612789 0.9217171717171717 0.5952213633169361 0.9223484848484849
0 0.6936050597329585 0.8402777777777778 0.6057624736472241 0.8402777777777778 0.6054111033028813 0.702020202020202 0.6936050597329585 0.7013888888888888 0.6939564300773015 0.8396464646464646 0.6936050597329585 0.8402777777777778
0 0.7940969782150387 0.8402777777777778 0.7006324666198173 0.8402777777777778 0.7002810962754743 0.702020202020202 0.7940969782150387 0.7013888888888888 0.7944483485593816 0.8396464646464646 0.7940969782150387 0.8402777777777778