0 0.3879781420765027 0.3859516616314199 0.04371584699453552 0.3859516616314199 0.04234972677595628 0.21450151057401812 0.3879781420765027 0.21374622356495468 0.38934426229508196 0.3851963746223565 0.3879781420765027 0.3859516616314199
0 0.4207650273224044 0.6336858006042296 0.40437158469945356 0.6336858006042296 0.4030054644808743 0.21450151057401812 0.9781420765027322 0.21374622356495468 0.9795081967213115 0.6283987915407855 0.5081967213114754 0.629154078549849 0.505464480874317 0.6306646525679759 0.47540983606557374 0.6306646525679759 0.4726775956284153 0.6321752265861027 0.42349726775956287 0.6321752265861027 0.4207650273224044 0.6336858006042296
0 0.3879781420765027 0.5611782477341389 0.04371584699453552 0.5611782477341389 0.04234972677595628 0.39123867069486407 0.3879781420765027 0.3904833836858006 0.38934426229508196 0.5604229607250756 0.3879781420765027 0.5611782477341389
0 0.22950819672131148 0.6442598187311178 0.04371584699453552 0.6442598187311178 0.04234972677595628 0.56797583081571 0.22950819672131148 0.5672205438066465 0.23087431693989072 0.6435045317220544 0.22950819672131148 0.6442598187311178
0 0.3879781420765027 0.6442598187311178 0.24316939890710382 0.6442598187311178 0.24180327868852458 0.56797583081571 0.3879781420765027 0.5672205438066465 0.38934426229508196 0.6435045317220544 0.3879781420765027 0.6442598187311178
0 0.6010928961748634 0.8481873111782477 0.40437158469945356 0.8481873111782477 0.4030054644808743 0.6344410876132931 0.4207650273224044 0.6336858006042296 0.42349726775956287 0.6321752265861027 0.4726775956284153 0.6321752265861027 0.47540983606557374 0.6306646525679759 0.505464480874317 0.6306646525679759 0.5081967213114754 0.629154078549849 0.5409836065573771 0.629154078549849 0.5423497267759563 0.7462235649546828 0.6010928961748634 0.7469788519637462 0.6024590163934426 0.8474320241691843 0.6010928961748634 0.8481873111782477
0 0.7814207650273224 0.8481873111782477 0.6147540983606558 0.8481873111782477 0.6133879781420765 0.7416918429003021 0.5546448087431693 0.7409365558912386 0.5532786885245902 0.6359516616314199 0.7814207650273224 0.6351963746223565 0.7827868852459017 0.8474320241691843 0.7814207650273224 0.8481873111782477
0 0.9781420765027322 0.7590634441087614 0.7950819672131147 0.7590634441087614 0.7937158469945356 0.6359516616314199 0.9781420765027322 0.6351963746223565 0.9795081967213115 0.7583081570996979 0.9781420765027322 0.7590634441087614
0 0.3879781420765027 0.8481873111782477 0.04371584699453552 0.8481873111782477 0.04234972677595628 0.6510574018126888 0.3879781420765027 0.6503021148036254 0.38934426229508196 0.8474320241691843 0.3879781420765027 0.8481873111782477
0 0.9781420765027322 0.8481873111782477 0.7950819672131147 0.8481873111782477 0.7937158469945356 0.7658610271903323 0.9781420765027322 0.7651057401812689 0.9795081967213115 0.8474320241691843 0.9781420765027322 0.8481873111782477
0 0.3879781420765027 0.9493957703927492 0.14207650273224043 0.9493957703927492 0.1407103825136612 0.8670694864048338 0.3879781420765027 0.8663141993957704 0.38934426229508196 0.9486404833836858 0.3879781420765027 0.9493957703927492