0 0.266173752310536 0.45153473344103395 0.04805914972273567 0.45153473344103395 0.04713493530499076 0.12116316639741519 0.266173752310536 0.12035541195476575 0.26709796672828096 0.4507269789983845 0.266173752310536 0.45153473344103395
0 0.6284658040665434 0.45153473344103395 0.2754158964879852 0.45153473344103395 0.2744916820702403 0.12116316639741519 0.6284658040665434 0.12035541195476575 0.6293900184842883 0.4507269789983845 0.6284658040665434 0.45153473344103395
0 0.922365988909427 0.5161550888529887 0.6395563770794824 0.5161550888529887 0.6386321626617375 0.12116316639741519 0.922365988909427 0.12035541195476575 0.9232902033271719 0.5153473344103393 0.922365988909427 0.5161550888529887
0 0.5878003696857671 0.6760904684975767 0.2754158964879852 0.6760904684975767 0.2744916820702403 0.5735056542810986 0.4232902033271719 0.5726978998384491 0.4242144177449168 0.4588045234248788 0.4879852125693161 0.4579967689822294 0.488909426987061 0.45234248788368336 0.6284658040665434 0.45153473344103395 0.6293900184842883 0.5735056542810986 0.6275415896487985 0.5751211631663974 0.6275415896487985 0.5783521809369951 0.6256931608133087 0.5799676898222941 0.6256931608133087 0.5831987075928917 0.6238447319778189 0.5848142164781907 0.6238447319778189 0.5896607431340872 0.621996303142329 0.5912762520193862 0.6201478743068392 0.5945072697899838 0.6201478743068392 0.5993537964458805 0.6164510166358595 0.6025848142164781 0.6164510166358595 0.6058158319870759 0.6146025878003697 0.6074313408723748 0.6146025878003697 0.6106623586429726 0.6127541589648798 0.6122778675282714 0.6127541589648798 0.6155088852988692 0.61090573012939 0.617124394184168 0.61090573012939 0.6219709208400647 0.6090573012939002 0.6235864297253635 0.6072088724584104 0.6268174474959612 0.6072088724584104 0.630048465266559 0.6053604436229205 0.6316639741518578 0.6035120147874307 0.6348949919224556 0.6035120147874307 0.6381260096930533 0.6016635859519408 0.6397415185783522 0.6016635859519408 0.6429725363489499 0.5998151571164511 0.6445880452342488 0.5998151571164511 0.6478190630048465 0.5979667282809612 0.6494345718901454 0.5979667282809612 0.6526655896607432 0.5961182994454713 0.654281098546042 0.5961182994454713 0.6591276252019386 0.5942698706099815 0.6607431340872375 0.5924214417744916 0.6639741518578353 0.5905730129390019 0.6672051696284329 0.5905730129390019 0.6704361873990307 0.588724584103512 0.6720516962843296 0.588724584103512 0.6752827140549273 0.5878003696857671 0.6760904684975767
0 0.266173752310536 0.6760904684975767 0.04805914972273567 0.6760904684975767 0.04713493530499076 0.5121163166397416 0.07024029574861368 0.5113085621970921 0.0711645101663586 0.4588045234248788 0.266173752310536 0.4579967689822294 0.26709796672828096 0.6752827140549273 0.266173752310536 0.6760904684975767
0 0.41404805914972276 0.5646203554119548 0.2754158964879852 0.5646203554119548 0.2744916820702403 0.4588045234248788 0.41404805914972276 0.4579967689822294 0.41497227356746763 0.5638126009693053 0.41404805914972276 0.5646203554119548
0 0.922365988909427 0.8004846526655897 0.5878003696857671 0.8004846526655897 0.5868761552680222 0.6768982229402262 0.588724584103512 0.6752827140549273 0.588724584103512 0.6720516962843296 0.5905730129390019 0.6704361873990307 0.5905730129390019 0.6672051696284329 0.5924214417744916 0.6655896607431341 0.5942698706099815 0.6623586429725363 0.5961182994454713 0.6591276252019386 0.5961182994454713 0.654281098546042 0.5979667282809612 0.6526655896607432 0.5979667282809612 0.6494345718901454 0.5998151571164511 0.6478190630048465 0.5998151571164511 0.6445880452342488 0.6016635859519408 0.6429725363489499 0.6016635859519408 0.6397415185783522 0.6035120147874307 0.6381260096930533 0.6035120147874307 0.6348949919224556 0.6053604436229205 0.6332794830371568 0.6072088724584104 0.630048465266559 0.6072088724584104 0.6268174474959612 0.6090573012939002 0.6252019386106623 0.61090573012939 0.6219709208400647 0.61090573012939 0.617124394184168 0.6127541589648798 0.6155088852988692 0.6127541589648798 0.6122778675282714 0.6146025878003697 0.6106623586429726 0.6146025878003697 0.6074313408723748 0.6164510166358595 0.6058158319870759 0.6164510166358595 0.6025848142164781 0.6201478743068392 0.5993537964458805 0.6201478743068392 0.5945072697899838 0.621996303142329 0.592891760904685 0.6238447319778189 0.5896607431340872 0.6238447319778189 0.5848142164781907 0.6256931608133087 0.5831987075928917 0.6256931608133087 0.5799676898222941 0.6275415896487985 0.5783521809369951 0.6275415896487985 0.5751211631663974 0.6377079482439926 0.574313408723748 0.6386321626617375 0.5234248788368336 0.922365988909427 0.5226171243941842 0.9232902033271719 0.7996768982229402 0.922365988909427 0.8004846526655897
0 0.23105360443622922 0.8004846526655897 0.04805914972273567 0.8004846526655897 0.04713493530499076 0.6849757673667205 0.23105360443622922 0.684168012924071 0.23197781885397412 0.7996768982229402 0.23105360443622922 0.8004846526655897
0 0.37707948243992606 0.8004846526655897 0.24029574861367836 0.8004846526655897 0.23937153419593346 0.6849757673667205 0.37707948243992606 0.684168012924071 0.378003696857671 0.7996768982229402 0.37707948243992606 0.8004846526655897
0 0.5767097966728281 0.8004846526655897 0.39186691312384475 0.8004846526655897 0.3909426987060998 0.6849757673667205 0.5767097966728281 0.684168012924071 0.577634011090573 0.7996768982229402 0.5767097966728281 0.8004846526655897
0 0.6377079482439926 0.9862681744749596 0.512014787430684 0.9862681744749596 0.511090573012939 0.827140549273021 0.6377079482439926 0.8263327948303716 0.6386321626617375 0.9854604200323102 0.6377079482439926 0.9862681744749596