0 0.30067567567567566 0.30547945205479454 0.13513513513513514 0.30547945205479454 0.13429054054054054 0.2 0.30067567567567566 0.19954337899543378 0.3015202702702703 0.3050228310502283 0.30067567567567566 0.30547945205479454
0 0.5489864864864865 0.32465753424657534 0.3125 0.32465753424657534 0.31165540540540543 0.2 0.5489864864864865 0.19954337899543378 0.549831081081081 0.3242009132420091 0.5489864864864865 0.32465753424657534
0 0.6114864864864865 0.4671232876712329 0.5506756756756757 0.4671232876712329 0.549831081081081 0.2 0.8969594594594594 0.19954337899543378 0.8978040540540541 0.45662100456621 0.6131756756756757 0.45707762557077625 0.612331081081081 0.4666666666666667 0.6114864864864865 0.4671232876712329
0 0.30067567567567566 0.4041095890410959 0.13513513513513514 0.4041095890410959 0.13429054054054054 0.31141552511415527 0.30067567567567566 0.31095890410958904 0.3015202702702703 0.40365296803652967 0.30067567567567566 0.4041095890410959
0 0.40878378378378377 0.5 0.3125 0.5 0.31165540540540543 0.32511415525114157 0.5489864864864865 0.32465753424657534 0.549831081081081 0.4666666666666667 0.41047297297297297 0.4671232876712329 0.4096283783783784 0.4995433789954338 0.40878378378378377 0.5
0 0.2922297297297297 0.4963470319634703 0.14527027027027026 0.4963470319634703 0.14442567567567569 0.4155251141552511 0.2922297297297297 0.41506849315068495 0.29307432432432434 0.4958904109589041 0.2922297297297297 0.4963470319634703
0 0.7584459459459459 0.5319634703196348 0.625 0.5319634703196348 0.6241554054054054 0.4639269406392694 0.7584459459459459 0.4634703196347032 0.7592905405405406 0.5315068493150685 0.7584459459459459 0.5319634703196348
0 0.8969594594594594 0.5319634703196348 0.7719594594594594 0.5319634703196348 0.7711148648648649 0.4639269406392694 0.8969594594594594 0.4634703196347032 0.8978040540540541 0.5315068493150685 0.8969594594594594 0.5319634703196348
0 0.6114864864864865 0.636986301369863 0.47635135135135137 0.636986301369863 0.47550675675675674 0.536986301369863 0.4222972972972973 0.5365296803652968 0.4214527027027027 0.47214611872146117 0.47297297297297297 0.471689497716895 0.47381756756756754 0.46757990867579907 0.6114864864864865 0.4671232876712329 0.612331081081081 0.6365296803652968 0.6114864864864865 0.636986301369863
0 0.46621621621621623 0.7018264840182649 0.13513513513513514 0.7018264840182649 0.13429054054054054 0.5059360730593607 0.40878378378378377 0.5054794520547945 0.4096283783783784 0.5415525114155251 0.46621621621621623 0.5420091324200913 0.4670608108108108 0.7013698630136986 0.46621621621621623 0.7018264840182649
0 0.8969594594594594 0.7018264840182649 0.625 0.7018264840182649 0.6241554054054054 0.5378995433789955 0.8969594594594594 0.5374429223744293 0.8978040540540541 0.7013698630136986 0.8969594594594594 0.7018264840182649
0 0.6114864864864865 0.7018264840182649 0.47635135135135137 0.7018264840182649 0.47550675675675674 0.6429223744292237 0.6114864864864865 0.6424657534246575 0.612331081081081 0.7013698630136986 0.6114864864864865 0.7018264840182649
0 0.30743243243243246 0.9648401826484019 0.13513513513513514 0.9648401826484019 0.13429054054054054 0.8374429223744292 0.30743243243243246 0.836986301369863 0.30827702702702703 0.9643835616438357 0.30743243243243246 0.9648401826484019