0 0.45588235294117646 0.4080578512396694 0.09411764705882353 0.4080578512396694 0.09264705882352942 0.17148760330578514 0.45588235294117646 0.17045454545454544 0.4573529411764706 0.40702479338842973 0.45588235294117646 0.4080578512396694
0 0.9323529411764706 0.45764462809917356 0.47058823529411764 0.45764462809917356 0.46911764705882353 0.17148760330578514 0.9323529411764706 0.17045454545454544 0.9338235294117647 0.45661157024793386 0.9323529411764706 0.45764462809917356
0 0.2676470588235294 0.5320247933884298 0.10588235294117647 0.5320247933884298 0.10441176470588236 0.41735537190082644 0.2676470588235294 0.41632231404958675 0.2691176470588235 0.53099173553719 0.2676470588235294 0.5320247933884298
0 0.45588235294117646 0.5754132231404959 0.2823529411764706 0.5754132231404959 0.28088235294117647 0.41735537190082644 0.45588235294117646 0.41632231404958675 0.4573529411764706 0.5743801652892562 0.45588235294117646 0.5754132231404959
0 0.6323529411764706 0.7407024793388429 0.47058823529411764 0.7407024793388429 0.46911764705882353 0.45867768595041325 0.6323529411764706 0.45764462809917356 0.6338235294117647 0.7396694214876033 0.6323529411764706 0.7407024793388429
0 0.7852941176470588 0.5547520661157025 0.6441176470588236 0.5547520661157025 0.6426470588235295 0.4669421487603306 0.7852941176470588 0.4659090909090909 0.7867647058823529 0.5537190082644629 0.7852941176470588 0.5547520661157025
0 0.9323529411764706 0.5547520661157025 0.8 0.5547520661157025 0.7985294117647059 0.4669421487603306 0.9323529411764706 0.4659090909090909 0.9338235294117647 0.5537190082644629 0.9323529411764706 0.5547520661157025
0 0.45588235294117646 0.8212809917355371 0.09411764705882353 0.8212809917355371 0.09264705882352942 0.5413223140495868 0.2676470588235294 0.5402892561983471 0.2691176470588235 0.5785123966942148 0.45588235294117646 0.5795454545454546 0.4573529411764706 0.8202479338842975 0.45588235294117646 0.8212809917355371
0 0.9323529411764706 0.8212809917355371 0.6441176470588236 0.8212809917355371 0.6426470588235295 0.5619834710743802 0.9323529411764706 0.5609504132231405 0.9338235294117647 0.8202479338842975 0.9323529411764706 0.8212809917355371
0 0.6323529411764706 0.8212809917355371 0.47058823529411764 0.8212809917355371 0.46911764705882353 0.75 0.6323529411764706 0.7489669421487604 0.6338235294117647 0.8202479338842975 0.6323529411764706 0.8212809917355371
0 0.2323529411764706 0.9679752066115702 0.08823529411764706 0.9679752066115702 0.08676470588235294 0.8429752066115702 0.2323529411764706 0.8419421487603306 0.2338235294117647 0.9669421487603306 0.2323529411764706 0.9679752066115702