0 0.32142857142857145 0.454 0.08116883116883117 0.454 0.08035714285714286 0.09733333333333333 0.32142857142857145 0.09666666666666666 0.3222402597402597 0.4533333333333333 0.32142857142857145 0.454
0 0.5340909090909091 0.2633333333333333 0.33116883116883117 0.2633333333333333 0.33035714285714285 0.09733333333333333 0.5340909090909091 0.09666666666666666 0.5349025974025974 0.26266666666666666 0.5340909090909091 0.2633333333333333
0 0.922077922077922 0.454 0.5438311688311688 0.454 0.5430194805194806 0.09733333333333333 0.922077922077922 0.09666666666666666 0.9228896103896104 0.4533333333333333 0.922077922077922 0.454
0 0.5340909090909091 0.454 0.33116883116883117 0.454 0.33035714285714285 0.264 0.5340909090909091 0.2633333333333333 0.5349025974025974 0.4533333333333333 0.5340909090909091 0.454
0 0.237012987012987 0.546 0.08116883116883117 0.546 0.08035714285714286 0.45866666666666667 0.237012987012987 0.458 0.23782467532467533 0.5453333333333333 0.237012987012987 0.546
0 0.724025974025974 0.722 0.5909090909090909 0.722 0.5900974025974026 0.5466666666666666 0.5844155844155844 0.546 0.5836038961038961 0.5893333333333334 0.4837662337662338 0.59 0.48295454545454547 0.5466666666666666 0.24512987012987014 0.546 0.24431818181818182 0.45866666666666667 0.7727272727272727 0.458 0.773538961038961 0.5826666666666667 0.7256493506493507 0.5833333333333334 0.7248376623376623 0.7213333333333334 0.724025974025974 0.722
0 0.922077922077922 0.7046666666666667 0.7321428571428571 0.7046666666666667 0.7313311688311688 0.5893333333333334 0.7792207792207793 0.5886666666666667 0.7800324675324676 0.45866666666666667 0.922077922077922 0.458 0.9228896103896104 0.704 0.922077922077922 0.7046666666666667
0 0.3246753246753247 0.818 0.08116883116883117 0.818 0.08035714285714286 0.552 0.3246753246753247 0.5513333333333333 0.325487012987013 0.8173333333333334 0.3246753246753247 0.818
0 0.47564935064935066 0.634 0.3344155844155844 0.634 0.3336038961038961 0.552 0.47564935064935066 0.5513333333333333 0.476461038961039 0.6333333333333333 0.47564935064935066 0.634
0 0.5827922077922078 0.818 0.3344155844155844 0.818 0.3336038961038961 0.6413333333333333 0.48214285714285715 0.6406666666666667 0.48295454545454547 0.596 0.5827922077922078 0.5953333333333334 0.5836038961038961 0.8173333333333334 0.5827922077922078 0.818
0 0.913961038961039 0.814 0.7353896103896104 0.814 0.734577922077922 0.7133333333333334 0.913961038961039 0.7126666666666667 0.9147727272727273 0.8133333333333334 0.913961038961039 0.814
0 0.724025974025974 0.818 0.5909090909090909 0.818 0.5900974025974026 0.728 0.724025974025974 0.7273333333333334 0.7248376623376623 0.8173333333333334 0.724025974025974 0.818