0 0.5072046109510087 0.42132867132867136 0.30835734870317005 0.42132867132867136 0.3076368876080692 0.04895104895104895 0.6023054755043228 0.04836829836829837 0.6030259365994236 0.3111888111888112 0.5086455331412104 0.3117715617715618 0.5079250720461095 0.42074592074592077 0.5072046109510087 0.42132867132867136
0 0.8097982708933718 0.19405594405594406 0.6109510086455331 0.19405594405594406 0.6102305475504323 0.04895104895104895 0.8097982708933718 0.04836829836829837 0.8105187319884726 0.19347319347319347 0.8097982708933718 0.19405594405594406
0 0.8097982708933718 0.27214452214452217 0.6945244956772334 0.27214452214452217 0.6945244956772334 0.270979020979021 0.7002881844380403 0.270979020979021 0.7010086455331412 0.20279720279720279 0.7536023054755043 0.20221445221445222 0.7543227665706052 0.1993006993006993 0.8097982708933718 0.1987179487179487 0.8105187319884726 0.2715617715617716 0.8097982708933718 0.27214452214452217
0 0.69164265129683 0.270979020979021 0.6109510086455331 0.270979020979021 0.6102305475504323 0.20046620046620048 0.69164265129683 0.1998834498834499 0.6923631123919308 0.2703962703962704 0.69164265129683 0.270979020979021
0 0.8097982708933718 0.3560606060606061 0.6109510086455331 0.3560606060606061 0.6102305475504323 0.2773892773892774 0.8097982708933718 0.2768065268065268 0.8105187319884726 0.3554778554778555 0.8097982708933718 0.3560606060606061
0 0.6023054755043228 0.5402097902097902 0.5086455331412104 0.5402097902097902 0.5079250720461095 0.3123543123543124 0.6023054755043228 0.3117715617715618 0.6030259365994236 0.5396270396270396 0.6023054755043228 0.5402097902097902
0 0.7046109510086456 0.4131701631701632 0.6109510086455331 0.4131701631701632 0.6102305475504323 0.36247086247086246 0.7046109510086456 0.3618881118881119 0.7053314121037464 0.4125874125874126 0.7046109510086456 0.4131701631701632
0 0.8097982708933718 0.4131701631701632 0.7118155619596542 0.4131701631701632 0.7110951008645533 0.36247086247086246 0.8097982708933718 0.3618881118881119 0.8105187319884726 0.4125874125874126 0.8097982708933718 0.4131701631701632
0 0.8097982708933718 0.5402097902097902 0.6109510086455331 0.5402097902097902 0.6102305475504323 0.4184149184149184 0.8097982708933718 0.4178321678321678 0.8105187319884726 0.5396270396270396 0.8097982708933718 0.5402097902097902
0 0.5 0.5402097902097902 0.30835734870317005 0.5402097902097902 0.3076368876080692 0.42657342657342656 0.5 0.42599067599067597 0.5007204610951008 0.5396270396270396 0.5 0.5402097902097902
0 0.6628242074927954 0.8712121212121212 0.33429394812680113 0.8712121212121212 0.3335734870317003 0.6212121212121212 0.6628242074927954 0.6206293706293706 0.6635446685878963 0.8706293706293706 0.6628242074927954 0.8712121212121212
0 0.8141210374639769 0.8618881118881119 0.6743515850144092 0.8618881118881119 0.6736311239193083 0.6305361305361306 0.8141210374639769 0.62995337995338 0.8148414985590778 0.8613053613053613 0.8141210374639769 0.8618881118881119