0 0.9527272727272728 0.3874631268436578 0.6742424242424242 0.3874631268436578 0.6740909090909091 0.13451327433628318 0.9527272727272728 0.13436578171091446 0.9528787878787879 0.3873156342182891 0.9527272727272728 0.3874631268436578
0 0.45696969696969697 0.3859882005899705 0.04787878787878788 0.3859882005899705 0.04772727272727273 0.13952802359882005 0.45696969696969697 0.13938053097345132 0.4571212121212121 0.3858407079646018 0.45696969696969697 0.3859882005899705
0 0.6642424242424242 0.257669616519174 0.5527272727272727 0.257669616519174 0.5525757575757576 0.1410029498525074 0.6636363636363637 0.14085545722713863 0.6637878787878788 0.140117994100295 0.6642424242424242 0.13997050147492626 0.6643939393939394 0.2575221238938053 0.6642424242424242 0.257669616519174
0 0.6857575757575758 0.4812684365781711 0.546060606060606 0.4812684365781711 0.5459090909090909 0.2672566371681416 0.6693939393939394 0.26710914454277285 0.6695454545454546 0.391740412979351 0.6857575757575758 0.39188790560471976 0.6859090909090909 0.48112094395280236 0.6857575757575758 0.4812684365781711
0 0.2803030303030303 0.7635693215339233 0.04787878787878788 0.7635693215339233 0.04772727272727273 0.5292035398230088 0.07 0.5290560471976401 0.07015151515151515 0.4920353982300885 0.04787878787878788 0.4918879056047198 0.04772727272727273 0.3935103244837758 0.10575757575757576 0.3933628318584071 0.10590909090909091 0.38761061946902653 0.04787878787878788 0.3874631268436578 0.04772727272727273 0.38613569321533925 0.1690909090909091 0.3859882005899705 0.16924242424242425 0.3873156342182891 0.16575757575757577 0.3874631268436578 0.16560606060606062 0.39321533923303836 0.1690909090909091 0.3933628318584071 0.16924242424242425 0.5259587020648968 0.2803030303030303 0.5261061946902655 0.28045454545454546 0.7634218289085546 0.2803030303030303 0.7635693215339233
0 0.45696969696969697 0.6821533923303835 0.28424242424242424 0.6821533923303835 0.2840909090909091 0.5581120943952802 0.2921212121212121 0.5579646017699115 0.2922727272727273 0.5539823008849557 0.28424242424242424 0.553834808259587 0.2840909090909091 0.3935103244837758 0.2875757575757576 0.3933628318584071 0.2877272727272727 0.38761061946902653 0.1693939393939394 0.3874631268436578 0.16924242424242425 0.38613569321533925 0.45696969696969697 0.3859882005899705 0.4571212121212121 0.3873156342182891 0.37212121212121213 0.3874631268436578 0.37196969696969695 0.39321533923303836 0.45696969696969697 0.3933628318584071 0.4571212121212121 0.5536873156342182 0.37 0.553834808259587 0.36984848484848487 0.5578171091445427 0.45696969696969697 0.5579646017699115 0.4571212121212121 0.6820058997050148 0.45696969696969697 0.6821533923303835
0 0.9527272727272728 0.554424778761062 0.8533333333333334 0.554424778761062 0.8531818181818182 0.5247787610619469 0.69 0.5246312684365781 0.6898484848484848 0.3920353982300885 0.9527272727272728 0.39188790560471976 0.9528787878787879 0.5542772861356933 0.9527272727272728 0.554424778761062
0 0.2803030303030303 0.5202064896755162 0.18666666666666668 0.5202064896755162 0.18651515151515152 0.504424778761062 0.17393939393939395 0.5042772861356932 0.1737878787878788 0.3935103244837758 0.2803030303030303 0.3933628318584071 0.28045454545454546 0.5200589970501475 0.2803030303030303 0.5202064896755162
0 0.7775757575757576 0.762684365781711 0.546060606060606 0.762684365781711 0.5459090909090909 0.5292035398230088 0.5793939393939394 0.5290560471976401 0.5795454545454546 0.4849557522123894 0.6693939393939394 0.4848082595870207 0.6695454545454546 0.528023598820059 0.7775757575757576 0.5281710914454277 0.7777272727272727 0.7625368731563422 0.7775757575757576 0.762684365781711
0 0.2803030303030303 0.5261061946902655 0.1693939393939394 0.5261061946902655 0.16924242424242425 0.5256637168141592 0.2803030303030303 0.5255162241887905 0.28045454545454546 0.5259587020648968 0.2803030303030303 0.5261061946902655
0 0.9527272727272728 0.762684365781711 0.7815151515151515 0.762684365781711 0.7813636363636364 0.5283185840707965 0.8490909090909091 0.5281710914454277 0.8492424242424242 0.5578171091445427 0.9387878787878788 0.5579646017699115 0.938939393939394 0.6005899705014749 0.9527272727272728 0.6007374631268436 0.9528787878787879 0.7625368731563422 0.9527272727272728 0.762684365781711
0 0.36666666666666664 0.7635693215339233 0.28424242424242424 0.7635693215339233 0.2840909090909091 0.6867256637168142 0.36666666666666664 0.6865781710914455 0.3668181818181818 0.7634218289085546 0.36666666666666664 0.7635693215339233
0 0.45696969696969697 0.7635693215339233 0.3709090909090909 0.7635693215339233 0.37075757575757573 0.6867256637168142 0.45696969696969697 0.6865781710914455 0.4571212121212121 0.7634218289085546 0.45696969696969697 0.7635693215339233
0 0.49636363636363634 0.965929203539823 0.36848484848484847 0.965929203539823 0.36833333333333335 0.7752212389380531 0.49636363636363634 0.7750737463126843 0.4965151515151515 0.9657817109144543 0.49636363636363634 0.965929203539823