0 0.17053206002728513 0.18357221609702315 0.08185538881309687 0.18357221609702315 0.08117326057298772 0.06945975744211687 0.17053206002728513 0.0689084895259096 0.17121418826739426 0.18302094818081588 0.17053206002728513 0.18357221609702315
0 0.36425648021828105 0.2585446527012128 0.17735334242837653 0.2585446527012128 0.1766712141882674 0.06945975744211687 0.36425648021828105 0.0689084895259096 0.36493860845839016 0.2579933847850055 0.36425648021828105 0.2585446527012128
0 0.17053206002728513 0.2585446527012128 0.08185538881309687 0.2585446527012128 0.08117326057298772 0.18853362734288864 0.17053206002728513 0.18798235942668137 0.17121418826739426 0.2579933847850055 0.17053206002728513 0.2585446527012128
0 0.5716234652114598 0.5915104740904079 0.330150068212824 0.5915104740904079 0.3294679399727149 0.41345093715545755 0.08049113233287858 0.41289966923925026 0.0791268758526603 0.4117971334068357 0.03956343792633015 0.4117971334068357 0.038881309686221006 0.26350606394707826 0.5716234652114598 0.262954796030871 0.572305593451569 0.5909592061742006 0.5716234652114598 0.5915104740904079
0 0.32878581173260574 0.5915104740904079 0.08049113233287858 0.5915104740904079 0.07980900409276943 0.41345093715545755 0.32878581173260574 0.41289966923925026 0.3294679399727149 0.5909592061742006 0.32878581173260574 0.5915104740904079
0 0.6766712141882674 0.5915104740904079 0.5784447476125512 0.5915104740904079 0.577762619372442 0.5347298787210585 0.597544338335607 0.5341786108048512 0.5982264665757162 0.5292171995589857 0.5784447476125512 0.5286659316427784 0.577762619372442 0.4729878721058434 0.6766712141882674 0.4724366041896362 0.6773533424283765 0.5909592061742006 0.6766712141882674 0.5915104740904079
0 0.8062755798090041 0.5915104740904079 0.6834924965893588 0.5915104740904079 0.6828103683492497 0.4729878721058434 0.8062755798090041 0.4724366041896362 0.8069577080491133 0.5909592061742006 0.8062755798090041 0.5915104740904079
0 0.6139154160982264 0.7436604189636163 0.330150068212824 0.7436604189636163 0.3294679399727149 0.5920617420066152 0.5716234652114598 0.5915104740904079 0.572305593451569 0.5953693495038589 0.6139154160982264 0.5959206174200662 0.6145975443383356 0.743109151047409 0.6139154160982264 0.7436604189636163
0 0.18281036834924966 0.7723263506063948 0.08049113233287858 0.7723263506063948 0.07980900409276943 0.5964718853362734 0.32332878581173263 0.5959206174200662 0.32401091405184174 0.743109151047409 0.18417462482946795 0.7436604189636163 0.1834924965893588 0.7717750826901875 0.18281036834924966 0.7723263506063948
0 0.8581173260572987 0.7436604189636163 0.6207366984993179 0.7436604189636163 0.6200545702592087 0.5964718853362734 0.8581173260572987 0.5959206174200662 0.8587994542974079 0.743109151047409 0.8581173260572987 0.7436604189636163
0 0.3792633015006821 0.9156560088202866 0.08049113233287858 0.9156560088202866 0.07980900409276943 0.7772877618522602 0.18963165075034105 0.7767364939360529 0.1903137789904502 0.7486218302094818 0.3792633015006821 0.7480705622932745 0.37994542974079126 0.9151047409040793 0.3792633015006821 0.9156560088202866
0 0.47885402455661663 0.88257993384785 0.3874488403819918 0.88257993384785 0.3867667121418827 0.7486218302094818 0.47748976807639837 0.7480705622932745 0.4781718963165075 0.8434399117971334 0.4795361527967258 0.844542447629548 0.4795361527967258 0.8820286659316428 0.47885402455661663 0.88257993384785
0 0.5525238744884038 0.8197353914002206 0.4843110504774898 0.8197353914002206 0.48362892223738063 0.7486218302094818 0.5525238744884038 0.7480705622932745 0.553206002728513 0.8191841234840133 0.5525238744884038 0.8197353914002206
0 0.7667121418826739 0.9156560088202866 0.5593451568894953 0.9156560088202866 0.5586630286493861 0.7486218302094818 0.7667121418826739 0.7480705622932745 0.767394270122783 0.9151047409040793 0.7667121418826739 0.9156560088202866
0 0.8581173260572987 0.8439911797133407 0.7735334242837654 0.8439911797133407 0.7728512960436562 0.7486218302094818 0.8581173260572987 0.7480705622932745 0.8587994542974079 0.8434399117971334 0.8581173260572987 0.8439911797133407
0 0.5525238744884038 0.88257993384785 0.48021828103683495 0.88257993384785 0.4795361527967258 0.844542447629548 0.4829467939972715 0.8439911797133407 0.48362892223738063 0.8257993384785005 0.5525238744884038 0.8252480705622933 0.553206002728513 0.8820286659316428 0.5525238744884038 0.88257993384785
0 0.8581173260572987 0.9156560088202866 0.7735334242837654 0.9156560088202866 0.7728512960436562 0.8500551267916208 0.8581173260572987 0.8495038588754135 0.8587994542974079 0.9151047409040793 0.8581173260572987 0.9156560088202866