0 0.5714285714285714 0.3724188790560472 0.5129251700680272 0.3724188790560472 0.5125850340136054 0.15339233038348082 0.5714285714285714 0.15265486725663716 0.5717687074829932 0.37168141592920356 0.5714285714285714 0.3724188790560472
0 0.6163265306122448 0.26474926253687314 0.5748299319727891 0.26474926253687314 0.5744897959183674 0.15339233038348082 0.6163265306122448 0.15265486725663716 0.6166666666666667 0.2640117994100295 0.6163265306122448 0.26474926253687314
0 0.6693877551020408 0.3547197640117994 0.6197278911564625 0.3547197640117994 0.6193877551020408 0.1902654867256637 0.638095238095238 0.18952802359882007 0.6384353741496599 0.1607669616519174 0.6197278911564625 0.16002949852507375 0.6193877551020408 0.15339233038348082 0.6693877551020408 0.15265486725663716 0.6697278911564626 0.35398230088495575 0.6693877551020408 0.3547197640117994
0 0.8346938775510204 0.8502949852507374 0.6829931972789116 0.8502949852507374 0.6826530612244898 0.6460176991150443 0.680952380952381 0.6452802359882006 0.6806122448979591 0.4351032448377581 0.6918367346938775 0.43436578171091444 0.6921768707482994 0.3554572271386431 0.6727891156462585 0.3547197640117994 0.6724489795918367 0.15339233038348082 0.7537414965986394 0.15265486725663716 0.7540816326530613 0.4351032448377581 0.8795918367346939 0.4358407079646018 0.8799319727891156 0.5132743362831859 0.8979591836734694 0.5140117994100295 0.8982993197278911 0.644542772861357 0.8353741496598639 0.6452802359882006 0.8350340136054422 0.8495575221238938 0.8346938775510204 0.8502949852507374
0 0.8795918367346939 0.4358407079646018 0.754421768707483 0.4358407079646018 0.7540816326530613 0.15339233038348082 0.8408163265306122 0.15265486725663716 0.841156462585034 0.35988200589970504 0.8795918367346939 0.3606194690265487 0.8799319727891156 0.4351032448377581 0.8795918367346939 0.4358407079646018
0 0.9775510204081632 0.3547197640117994 0.8442176870748299 0.3547197640117994 0.8438775510204082 0.15339233038348082 0.9775510204081632 0.15265486725663716 0.9778911564625851 0.35398230088495575 0.9775510204081632 0.3547197640117994
0 0.10952380952380952 0.29867256637168144 0.02040816326530612 0.29867256637168144 0.020068027210884354 0.15486725663716813 0.10952380952380952 0.1541297935103245 0.10986394557823129 0.29793510324483774 0.10952380952380952 0.29867256637168144
0 0.21224489795918366 0.29867256637168144 0.11428571428571428 0.29867256637168144 0.11394557823129252 0.15486725663716813 0.21156462585034014 0.1541297935103245 0.2119047619047619 0.22566371681415928 0.21258503401360543 0.22713864306784662 0.21258503401360543 0.29793510324483774 0.21224489795918366 0.29867256637168144
0 0.3054421768707483 0.4299410029498525 0.21768707482993196 0.4299410029498525 0.2173469387755102 0.252212389380531 0.21666666666666667 0.25073746312684364 0.21666666666666667 0.16224188790560473 0.3054421768707483 0.16150442477876106 0.30578231292517005 0.42920353982300885 0.3054421768707483 0.4299410029498525
0 0.37142857142857144 0.4033923303834808 0.31020408163265306 0.4033923303834808 0.30986394557823127 0.16224188790560473 0.37142857142857144 0.16150442477876106 0.3717687074829932 0.4026548672566372 0.37142857142857144 0.4033923303834808
0 0.47687074829931975 0.4033923303834808 0.37551020408163266 0.4033923303834808 0.37517006802721087 0.16224188790560473 0.47687074829931975 0.16150442477876106 0.4772108843537415 0.4026548672566372 0.47687074829931975 0.4033923303834808
0 0.6775510204081633 0.6452802359882006 0.5741496598639456 0.6452802359882006 0.5738095238095238 0.584070796460177 0.5744897959183674 0.5825958702064897 0.5744897959183674 0.2728613569321534 0.6163265306122448 0.2721238938053097 0.6166666666666667 0.35988200589970504 0.6891156462585034 0.3606194690265487 0.6894557823129251 0.4277286135693215 0.6782312925170068 0.4284660766961652 0.677891156462585 0.644542772861357 0.6775510204081633 0.6452802359882006
0 0.18775510204081633 0.5007374631268436 0.1 0.5007374631268436 0.09965986394557823 0.30973451327433627 0.21224489795918366 0.3089970501474926 0.21258503401360543 0.42920353982300885 0.18843537414965986 0.4299410029498525 0.1880952380952381 0.5 0.18775510204081633 0.5007374631268436
0 0.08979591836734693 0.43289085545722716 0.02040816326530612 0.43289085545722716 0.020068027210884354 0.31710914454277284 0.08979591836734693 0.3163716814159292 0.09013605442176871 0.43215339233038347 0.08979591836734693 0.43289085545722716
0 0.9775510204081632 0.6452802359882006 0.9020408163265307 0.6452802359882006 0.9017006802721088 0.5058997050147492 0.8829931972789116 0.5051622418879056 0.8826530612244898 0.3613569321533923 0.9775510204081632 0.3606194690265487 0.9778911564625851 0.644542772861357 0.9775510204081632 0.6452802359882006
0 0.573469387755102 0.6452802359882006 0.5122448979591837 0.6452802359882006 0.5125850340136054 0.37905604719764013 0.5714285714285714 0.37831858407079644 0.5717687074829932 0.5825958702064897 0.573469387755102 0.5833333333333334 0.5738095238095238 0.644542772861357 0.573469387755102 0.6452802359882006
0 0.47687074829931975 0.637905604719764 0.3435374149659864 0.637905604719764 0.34319727891156465 0.5147492625368731 0.30612244897959184 0.5140117994100295 0.30578231292517005 0.43805309734513276 0.30952380952380953 0.43731563421828906 0.30986394557823127 0.41150442477876104 0.47687074829931975 0.4107669616519174 0.4772108843537415 0.6371681415929203 0.47687074829931975 0.637905604719764
0 0.27006802721088435 0.6688790560471977 0.19183673469387755 0.6688790560471977 0.19149659863945578 0.43805309734513276 0.3054421768707483 0.43731563421828906 0.30578231292517005 0.6371681415929203 0.2707482993197279 0.637905604719764 0.27040816326530615 0.668141592920354 0.27006802721088435 0.6688790560471977
0 0.0945578231292517 0.6349557522123894 0.02040816326530612 0.6349557522123894 0.020068027210884354 0.44837758112094395 0.0945578231292517 0.4476401179941003 0.09489795918367347 0.6342182890855457 0.0945578231292517 0.6349557522123894
0 0.18775510204081633 0.6349557522123894 0.1 0.6349557522123894 0.09965986394557823 0.5103244837758112 0.18775510204081633 0.5095870206489675 0.1880952380952381 0.6342182890855457 0.18775510204081633 0.6349557522123894
0 0.33945578231292517 0.637905604719764 0.31020408163265306 0.637905604719764 0.30986394557823127 0.523598820058997 0.33945578231292517 0.5228613569321534 0.33979591836734696 0.6371681415929203 0.33945578231292517 0.637905604719764
0 0.33537414965986395 0.8429203539823009 0.19183673469387755 0.8429203539823009 0.19149659863945578 0.6769911504424779 0.27414965986394557 0.6762536873156342 0.27448979591836736 0.6460176991150443 0.33537414965986395 0.6452802359882006 0.3357142857142857 0.8421828908554573 0.33537414965986395 0.8429203539823009