0 0.20613409415121256 0.37515451174289244 0.0449358059914408 0.37515451174289244 0.04457917261055635 0.17799752781211373 0.20613409415121256 0.1773794808405439 0.20649072753209702 0.37453646477132263 0.20613409415121256 0.37515451174289244
0 0.3680456490727532 0.48393077873918416 0.2161198288159772 0.48393077873918416 0.21576319543509273 0.17799752781211373 0.3680456490727532 0.1773794808405439 0.36840228245363765 0.48331273176761436 0.3680456490727532 0.48393077873918416
0 0.5192582025677603 0.3825710754017305 0.3730385164051355 0.3825710754017305 0.3726818830242511 0.17799752781211373 0.5192582025677603 0.1773794808405439 0.5196148359486448 0.3819530284301607 0.5192582025677603 0.3825710754017305
0 0.6141226818830242 0.3825710754017305 0.5242510699001427 0.3825710754017305 0.5238944365192582 0.17799752781211373 0.6141226818830242 0.1773794808405439 0.6144793152639088 0.3819530284301607 0.6141226818830242 0.3825710754017305
0 0.7995720399429387 0.5296662546353523 0.6191155492154066 0.5296662546353523 0.6187589158345221 0.4721878862793572 0.6148359486447932 0.4715698393077874 0.6144793152639088 0.39060568603213847 0.6184022824536377 0.3899876390605686 0.6187589158345221 0.17799752781211373 0.7995720399429387 0.1773794808405439 0.7999286733238231 0.5290482076637825 0.7995720399429387 0.5296662546353523
0 0.956490727532097 0.33930778739184175 0.8045649072753209 0.33930778739184175 0.8042082738944365 0.17799752781211373 0.956490727532097 0.1773794808405439 0.9568473609129815 0.33868974042027195 0.956490727532097 0.33930778739184175
0 0.8687589158345221 0.5296662546353523 0.8295292439372325 0.5296662546353523 0.829172610556348 0.5055624227441285 0.8045649072753209 0.5049443757725587 0.8042082738944365 0.3473423980222497 0.8687589158345221 0.34672435105067984 0.8691155492154066 0.5290482076637825 0.8687589158345221 0.5296662546353523
0 0.956490727532097 0.5296662546353523 0.8737517831669044 0.5296662546353523 0.87339514978602 0.3473423980222497 0.956490727532097 0.34672435105067984 0.9568473609129815 0.5290482076637825 0.956490727532097 0.5296662546353523
0 0.20613409415121256 0.8164400494437577 0.0449358059914408 0.8164400494437577 0.04457917261055635 0.3831891223733004 0.20613409415121256 0.3825710754017305 0.20649072753209702 0.8158220024721878 0.20613409415121256 0.8164400494437577
0 0.46790299572039945 0.6779975278121138 0.3730385164051355 0.6779975278121138 0.3726818830242511 0.5982694684796045 0.3459343794579173 0.5976514215080346 0.3455777460770328 0.4907292954264524 0.3723252496433666 0.4901112484548826 0.3726818830242511 0.39060568603213847 0.6141226818830242 0.3899876390605686 0.6144793152639088 0.5290482076637825 0.4686162624821683 0.5296662546353523 0.4682596291012839 0.6773794808405439 0.46790299572039945 0.6779975278121138
0 0.3680456490727532 0.8164400494437577 0.2161198288159772 0.8164400494437577 0.21576319543509273 0.4907292954264524 0.340941512125535 0.4901112484548826 0.3412981455064194 0.6044499381953028 0.3680456490727532 0.6050679851668727 0.36840228245363765 0.8158220024721878 0.3680456490727532 0.8164400494437577
0 0.7310984308131241 0.8646477132262052 0.6440798858773181 0.8646477132262052 0.6162624821683309 0.8164400494437577 0.47289586305278175 0.8164400494437577 0.47253922967189727 0.5377008652657602 0.7995720399429387 0.5370828182941904 0.7999286733238231 0.8158220024721878 0.7574893009985735 0.8164400494437577 0.7492867332382311 0.830655129789864 0.7410841654778887 0.84610630407911 0.7400142653352354 0.8467243510506799 0.735021398002853 0.8566131025957973 0.7346647646219686 0.8584672435105068 0.7335948644793152 0.8590852904820766 0.7332382310984308 0.8609394313967862 0.7321683309557775 0.861557478368356 0.7310984308131241 0.8646477132262052
0 0.956490727532097 0.8164400494437577 0.8045649072753209 0.8164400494437577 0.8042082738944365 0.5648949320148331 0.8559201141226819 0.5642768850432633 0.8562767475035663 0.5377008652657602 0.956490727532097 0.5370828182941904 0.9568473609129815 0.8158220024721878 0.956490727532097 0.8164400494437577
0 0.46790299572039945 0.8164400494437577 0.3730385164051355 0.8164400494437577 0.3726818830242511 0.6860321384425216 0.46790299572039945 0.6854140914709518 0.4682596291012839 0.8158220024721878 0.46790299572039945 0.8164400494437577