0 0.6601866251944012 0.4969650986342944 0.5598755832037325 0.4969650986342944 0.5594867807153966 0.26555386949924126 0.6601866251944012 0.26479514415781485 0.6605754276827371 0.496206373292868 0.6601866251944012 0.4969650986342944
0 0.7822706065318819 0.7336874051593323 0.755054432348367 0.7336874051593323 0.754665629860031 0.5326251896813353 0.7527216174183515 0.5318664643399089 0.7523328149300156 0.5644916540212443 0.6632970451010887 0.5652503793626708 0.6629082426127527 0.26555386949924126 0.9595645412130638 0.26479514415781485 0.9599533437013997 0.4552352048558422 0.8351477449455676 0.4559939301972686 0.8347589424572317 0.5295902883156297 0.7830482115085536 0.5303490136570561 0.7826594090202177 0.7329286798179059 0.7822706065318819 0.7336874051593323
0 0.28149300155520995 0.48937784522003036 0.05132192846034215 0.48937784522003036 0.05093312597200622 0.26707132018209406 0.28149300155520995 0.26631259484066766 0.2818818040435459 0.48861911987860396 0.28149300155520995 0.48937784522003036
0 0.32426127527216175 0.48937784522003036 0.2822706065318818 0.48937784522003036 0.2818818040435459 0.26707132018209406 0.44712286158631415 0.26631259484066766 0.4475116640746501 0.4552352048558422 0.3250388802488336 0.4559939301972686 0.32465007776049765 0.48861911987860396 0.32426127527216175 0.48937784522003036
0 0.9595645412130638 0.7336874051593323 0.8468118195956454 0.7336874051593323 0.8464230171073095 0.5311077389984825 0.8374805598755832 0.5303490136570561 0.8370917573872473 0.4613050075872534 0.9595645412130638 0.460546282245827 0.9599533437013997 0.7329286798179059 0.9595645412130638 0.7336874051593323
0 0.44712286158631415 0.6001517450682853 0.3273716951788491 0.6001517450682853 0.3269828926905132 0.4628224582701062 0.44712286158631415 0.4620637329286798 0.4475116640746501 0.5993930197268589 0.44712286158631415 0.6001517450682853
0 0.27216174183514774 0.7321699544764795 0.16174183514774496 0.7321699544764795 0.161353032659409 0.496206373292868 0.17884914463452567 0.4954476479514416 0.1792379471228616 0.49013657056145676 0.32426127527216175 0.48937784522003036 0.32465007776049765 0.5508345978755691 0.2729393468118196 0.5515933232169955 0.2725505443234837 0.7314112291350531 0.27216174183514774 0.7321699544764795
0 0.15863141524105753 0.7321699544764795 0.05132192846034215 0.7321699544764795 0.05093312597200622 0.496206373292868 0.15863141524105753 0.4954476479514416 0.15902021772939348 0.7314112291350531 0.15863141524105753 0.7321699544764795
0 0.6601866251944012 0.7336874051593323 0.5598755832037325 0.7336874051593323 0.5594867807153966 0.5022761760242792 0.6601866251944012 0.5015174506828528 0.6605754276827371 0.7329286798179059 0.6601866251944012 0.7336874051593323
0 0.843701399688958 0.6441578148710166 0.7853810264385692 0.6441578148710166 0.7849922239502333 0.5356600910470409 0.843701399688958 0.5349013657056145 0.8440902021772939 0.6433990895295902 0.843701399688958 0.6441578148710166
0 0.32426127527216175 0.6441578148710166 0.27527216174183516 0.6441578148710166 0.2748833592534992 0.5569044006069803 0.32426127527216175 0.5561456752655539 0.32465007776049765 0.6433990895295902 0.32426127527216175 0.6441578148710166
0 0.7519440124416796 0.7336874051593323 0.6632970451010887 0.7336874051593323 0.6629082426127527 0.5705614567526556 0.7519440124416796 0.5698027314112292 0.7523328149300156 0.7329286798179059 0.7519440124416796 0.7336874051593323
0 0.4440124416796267 0.7261001517450683 0.3880248833592535 0.7261001517450683 0.38763608087091755 0.6069802731411229 0.4440124416796267 0.6062215477996965 0.4444012441679627 0.7253414264036419 0.4440124416796267 0.7261001517450683
0 0.38258164852255055 0.7291350531107739 0.32892690513219286 0.7291350531107739 0.3285381026438569 0.6084977238239757 0.38258164852255055 0.6077389984825493 0.38297045101088645 0.7283763277693475 0.38258164852255055 0.7291350531107739
0 0.32426127527216175 0.7321699544764795 0.27527216174183516 0.7321699544764795 0.2748833592534992 0.6494688922610015 0.32426127527216175 0.6487101669195751 0.32465007776049765 0.7314112291350531 0.32426127527216175 0.7321699544764795
0 0.843701399688958 0.7336874051593323 0.7853810264385692 0.7336874051593323 0.7849922239502333 0.6661608497723824 0.843701399688958 0.665402124430956 0.8440902021772939 0.7329286798179059 0.843701399688958 0.7336874051593323