0 0.7465201465201465 0.120849609375 0.6347985347985348 0.120849609375 0.6346153846153846 0.0361328125 0.7465201465201465 0.035888671875 0.7467032967032967 0.12060546875 0.7465201465201465 0.120849609375
0 0.3761904761904762 0.540771484375 0.3355311355311355 0.540771484375 0.3353479853479853 0.45947265625 0.2542124542124542 0.459228515625 0.254029304029304 0.21435546875 0.3761904761904762 0.214111328125 0.37637362637362637 0.54052734375 0.3761904761904762 0.540771484375
0 0.6 0.635986328125 0.53003663003663 0.635986328125 0.5298534798534799 0.63525390625 0.5446886446886446 0.635009765625 0.5448717948717948 0.62890625 0.3402930402930403 0.628662109375 0.3401098901098901 0.54736328125 0.38095238095238093 0.547119140625 0.3811355311355311 0.21435546875 0.571062271062271 0.214111328125 0.5712454212454212 0.5400390625 0.6 0.540283203125 0.6001831501831502 0.6357421875 0.6 0.635986328125
0 0.7461538461538462 0.393798828125 0.5765567765567765 0.393798828125 0.5763736263736263 0.21435546875 0.7461538461538462 0.214111328125 0.7463369963369964 0.3935546875 0.7461538461538462 0.393798828125
0 0.6608058608058608 0.533935546875 0.5765567765567765 0.533935546875 0.5763736263736263 0.40087890625 0.6608058608058608 0.400634765625 0.660989010989011 0.53369140625 0.6608058608058608 0.533935546875
0 0.7461538461538462 0.533935546875 0.6659340659340659 0.533935546875 0.6657509157509157 0.40087890625 0.7102564102564103 0.400634765625 0.7104395604395605 0.41650390625 0.7461538461538462 0.416748046875 0.7463369963369964 0.53369140625 0.7461538461538462 0.533935546875
0 0.3355311355311355 0.628662109375 0.2542124542124542 0.628662109375 0.254029304029304 0.4658203125 0.33003663003663003 0.465576171875 0.3302197802197802 0.546875 0.3355311355311355 0.547119140625 0.3357142857142857 0.62841796875 0.3355311355311355 0.628662109375
0 0.7461538461538462 0.811767578125 0.6054945054945055 0.811767578125 0.6053113553113553 0.54052734375 0.7461538461538462 0.540283203125 0.7463369963369964 0.8115234375 0.7461538461538462 0.811767578125
0 0.3761904761904762 0.879150390625 0.2542124542124542 0.879150390625 0.254029304029304 0.63525390625 0.3761904761904762 0.635009765625 0.37637362637362637 0.70654296875 0.3992673992673993 0.706787109375 0.3994505494505495 0.8115234375 0.37655677655677655 0.811767578125 0.37637362637362637 0.87890625 0.3761904761904762 0.879150390625
0 0.5252747252747253 0.811767578125 0.40402930402930404 0.811767578125 0.40384615384615385 0.701171875 0.38095238095238093 0.700927734375 0.38076923076923075 0.63525390625 0.5252747252747253 0.635009765625 0.5254578754578755 0.8115234375 0.5252747252747253 0.811767578125
0 0.6 0.747314453125 0.53003663003663 0.747314453125 0.5298534798534799 0.63623046875 0.6 0.635986328125 0.6001831501831502 0.7470703125 0.6 0.747314453125
0 0.6 0.811767578125 0.53003663003663 0.811767578125 0.5298534798534799 0.75439453125 0.6 0.754150390625 0.6001831501831502 0.8115234375 0.6 0.811767578125