0 0.23178807947019867 0.5657894736842105 0.018543046357615896 0.5657894736842105 0.017880794701986755 0.3508771929824561 0.44370860927152317 0.35 0.44437086092715233 0.45789473684210524 0.30596026490066225 0.4587719298245614 0.30529801324503314 0.5631578947368421 0.23311258278145697 0.5640350877192982 0.23178807947019867 0.5657894736842105
0 0.8132450331125828 0.7289473684210527 0.5947019867549669 0.7289473684210527 0.5940397350993377 0.5789473684210527 0.6476821192052981 0.5780701754385965 0.6483443708609271 0.5719298245614035 0.5311258278145695 0.5710526315789474 0.5304635761589404 0.3526315789473684 0.8132450331125828 0.35175438596491226 0.813907284768212 0.4842105263157895 0.8430463576158941 0.5228070175438596 0.8291390728476821 0.5412280701754386 0.8271523178807947 0.5421052631578948 0.8264900662251655 0.5447368421052632 0.813907284768212 0.5596491228070175 0.813907284768212 0.7280701754385965 0.8132450331125828 0.7289473684210527
0 0.9589403973509933 0.5149122807017544 0.8450331125827815 0.5149122807017544 0.819205298013245 0.4807017543859649 0.819205298013245 0.3526315789473684 0.9589403973509933 0.35175438596491226 0.9596026490066225 0.5140350877192983 0.9589403973509933 0.5149122807017544
0 0.44370860927152317 0.6464912280701754 0.30596026490066225 0.6464912280701754 0.30529801324503314 0.45964912280701753 0.44370860927152317 0.4587719298245614 0.44437086092715233 0.6456140350877193 0.44370860927152317 0.6464912280701754
0 0.9589403973509933 0.7289473684210527 0.8198675496688742 0.7289473684210527 0.819205298013245 0.5631578947368421 0.8251655629139073 0.5552631578947368 0.8298013245033112 0.5508771929824562 0.8304635761589404 0.5482456140350878 0.8463576158940397 0.5289473684210526 0.8483443708609272 0.5280701754385965 0.8503311258278146 0.5236842105263158 0.9589403973509933 0.5236842105263158 0.9596026490066225 0.7280701754385965 0.9589403973509933 0.7289473684210527
0 0.304635761589404 0.7552631578947369 0.23443708609271524 0.7552631578947369 0.2337748344370861 0.5666666666666667 0.2324503311258278 0.5649122807017544 0.304635761589404 0.5640350877192982 0.30529801324503314 0.7543859649122807 0.304635761589404 0.7552631578947369
0 0.15496688741721854 0.6675438596491228 0.018543046357615896 0.6675438596491228 0.017880794701986755 0.5736842105263158 0.15496688741721854 0.5728070175438597 0.15562913907284767 0.6666666666666666 0.15496688741721854 0.6675438596491228
0 0.22781456953642384 0.6675438596491228 0.16026490066225166 0.6675438596491228 0.15960264900662252 0.5736842105263158 0.22781456953642384 0.5728070175438597 0.22847682119205298 0.6666666666666666 0.22781456953642384 0.6675438596491228
0 0.5880794701986755 0.6868421052631579 0.5311258278145695 0.6868421052631579 0.5304635761589404 0.5789473684210527 0.5880794701986755 0.5780701754385965 0.5887417218543046 0.6859649122807018 0.5880794701986755 0.6868421052631579
0 0.44370860927152317 0.8640350877192983 0.30993377483443707 0.8640350877192983 0.30927152317880796 0.6526315789473685 0.44370860927152317 0.6517543859649123 0.44437086092715233 0.8631578947368421 0.44370860927152317 0.8640350877192983
0 0.09403973509933775 0.7745614035087719 0.018543046357615896 0.7745614035087719 0.017880794701986755 0.6736842105263158 0.09403973509933775 0.6728070175438596 0.09470198675496688 0.7736842105263158 0.09403973509933775 0.7745614035087719
0 0.22781456953642384 0.8640350877192983 0.10066225165562914 0.8640350877192983 0.1 0.6736842105263158 0.22781456953642384 0.6728070175438596 0.22847682119205298 0.8631578947368421 0.22781456953642384 0.8640350877192983
0 0.5880794701986755 0.7289473684210527 0.5311258278145695 0.7289473684210527 0.5304635761589404 0.6912280701754386 0.5880794701986755 0.6903508771929825 0.5887417218543046 0.7280701754385965 0.5880794701986755 0.7289473684210527
0 0.304635761589404 0.8640350877192983 0.23443708609271524 0.8640350877192983 0.2337748344370861 0.7614035087719299 0.304635761589404 0.7605263157894737 0.30529801324503314 0.8631578947368421 0.304635761589404 0.8640350877192983
0 0.09403973509933775 0.8640350877192983 0.018543046357615896 0.8640350877192983 0.017880794701986755 0.7824561403508772 0.09403973509933775 0.781578947368421 0.09470198675496688 0.8631578947368421 0.09403973509933775 0.8640350877192983
0 0 0.8798245614035087 0.0423841059602649 0.8798245614035087 0.04304635761589404 0.9526315789473684 0 0.9535087719298245