0 0.2900626678603402 0.27314814814814814 0.18352730528200537 0.27314814814814814 0.18307967770814682 0.042328042328042326 0.2900626678603402 0.041666666666666664 0.29051029543419876 0.2724867724867725 0.2900626678603402 0.27314814814814814
0 0.37779767233661593 0.21626984126984128 0.2936436884512086 0.21626984126984128 0.29319606087735006 0.042328042328042326 0.37779767233661593 0.041666666666666664 0.3782452999104745 0.2156084656084656 0.37779767233661593 0.21626984126984128
0 0.4870188003581021 0.27314814814814814 0.38137869292748433 0.27314814814814814 0.3809310653536258 0.042328042328042326 0.4870188003581021 0.041666666666666664 0.4874664279319606 0.2724867724867725 0.4870188003581021 0.27314814814814814
0 0.6007162041181737 0.27314814814814814 0.4959713518352731 0.27314814814814814 0.4955237242614145 0.042328042328042326 0.6007162041181737 0.041666666666666664 0.6011638316920322 0.2724867724867725 0.6007162041181737 0.27314814814814814
0 0.6884512085944494 0.2175925925925926 0.6051924798567592 0.2175925925925926 0.6047448522829006 0.042328042328042326 0.6884512085944494 0.041666666666666664 0.6888988361683079 0.21693121693121692 0.6884512085944494 0.2175925925925926
0 0.7985675917636527 0.2718253968253968 0.6929274843330349 0.2718253968253968 0.6924798567591763 0.042328042328042326 0.7985675917636527 0.041666666666666664 0.7990152193375112 0.27116402116402116 0.7985675917636527 0.2718253968253968
0 0.37779767233661593 0.4636243386243386 0.2936436884512086 0.4636243386243386 0.29319606087735006 0.2222222222222222 0.37779767233661593 0.22156084656084657 0.3782452999104745 0.46296296296296297 0.37779767233661593 0.4636243386243386
0 0.6875559534467324 0.4636243386243386 0.6051924798567592 0.4636243386243386 0.6047448522829006 0.22354497354497355 0.6884512085944494 0.22288359788359788 0.6888988361683079 0.38756613756613756 0.6880035810205909 0.3888888888888889 0.6880035810205909 0.46296296296296297 0.6875559534467324 0.4636243386243386
0 0.2900626678603402 0.38293650793650796 0.18352730528200537 0.38293650793650796 0.18307967770814682 0.2777777777777778 0.2900626678603402 0.2771164021164021 0.29051029543419876 0.38227513227513227 0.2900626678603402 0.38293650793650796
0 0.41629364368845123 0.3644179894179894 0.38137869292748433 0.3644179894179894 0.3809310653536258 0.2777777777777778 0.41629364368845123 0.2771164021164021 0.41674127126230975 0.3637566137566138 0.41629364368845123 0.3644179894179894
0 0.7985675917636527 0.38293650793650796 0.6929274843330349 0.38293650793650796 0.6924798567591763 0.2777777777777778 0.7985675917636527 0.2771164021164021 0.7990152193375112 0.38227513227513227 0.7985675917636527 0.38293650793650796
0 0.6007162041181737 0.3644179894179894 0.5658012533572068 0.3644179894179894 0.5653536257833482 0.2791005291005291 0.6007162041181737 0.27843915343915343 0.6011638316920322 0.3637566137566138 0.6007162041181737 0.3644179894179894
0 0.4870188003581021 0.36044973544973546 0.423455684870188 0.36044973544973546 0.42300805729632945 0.2830687830687831 0.4870188003581021 0.2824074074074074 0.4874664279319606 0.35978835978835977 0.4870188003581021 0.36044973544973546
0 0.5595344673231871 0.36044973544973546 0.4959713518352731 0.36044973544973546 0.4955237242614145 0.2830687830687831 0.5595344673231871 0.2824074074074074 0.5599820948970456 0.35978835978835977 0.5595344673231871 0.36044973544973546
0 0.4870188003581021 0.4556878306878307 0.38137869292748433 0.4556878306878307 0.3809310653536258 0.36904761904761907 0.4870188003581021 0.3683862433862434 0.4874664279319606 0.455026455026455 0.4870188003581021 0.4556878306878307
0 0.6016114592658908 0.4556878306878307 0.4959713518352731 0.4556878306878307 0.4955237242614145 0.36904761904761907 0.6016114592658908 0.3683862433862434 0.6020590868397493 0.455026455026455 0.6016114592658908 0.4556878306878307
0 0.2748433303491495 0.48743386243386244 0.18352730528200537 0.48743386243386244 0.18307967770814682 0.3888888888888889 0.2927484333034915 0.38822751322751325 0.29319606087735006 0.4642857142857143 0.2909579230080573 0.4675925925925926 0.2855863921217547 0.4742063492063492 0.2811101163831692 0.4794973544973545 0.27976723366159356 0.4801587301587302 0.279319606087735 0.48214285714285715 0.2748433303491495 0.48743386243386244
0 0.7985675917636527 0.4887566137566138 0.7090420769919427 0.4887566137566138 0.7072515666965085 0.4861111111111111 0.7018800358102059 0.4794973544973545 0.6965085049239033 0.4728835978835979 0.6920322291853178 0.4675925925925926 0.6880035810205909 0.46296296296296297 0.6880035810205909 0.3888888888888889 0.7985675917636527 0.38822751322751325 0.7990152193375112 0.4880952380952381 0.7985675917636527 0.4887566137566138
0 0.4870188003581021 0.6197089947089947 0.38764547896150403 0.6197089947089947 0.38719785138764545 0.6005291005291006 0.2748433303491495 0.5998677248677249 0.27439570277529096 0.4880952380952381 0.2784243509400179 0.48214285714285715 0.27976723366159356 0.48148148148148145 0.2802148612354521 0.4794973544973545 0.2846911369740376 0.4742063492063492 0.2900626678603402 0.4675925925925926 0.2936436884512086 0.4636243386243386 0.4870188003581021 0.4636243386243386 0.4874664279319606 0.6190476190476191 0.4870188003581021 0.6197089947089947
0 0.594449418084154 0.6197089947089947 0.4959713518352731 0.6197089947089947 0.4955237242614145 0.4642857142857143 0.6884512085944494 0.4636243386243386 0.6911369740376008 0.4675925925925926 0.6956132497761862 0.4728835978835979 0.7009847806624888 0.4794973544973545 0.7063563115487914 0.4861111111111111 0.7085944494180841 0.4880952380952381 0.7076991942703671 0.4894179894179894 0.7076991942703671 0.5992063492063492 0.5953446732318711 0.5998677248677249 0.5948970456580125 0.6190476190476191 0.594449418084154 0.6197089947089947
0 0.270367054610564 0.5945767195767195 0.18352730528200537 0.5945767195767195 0.18307967770814682 0.4973544973544973 0.270367054610564 0.4966931216931217 0.27081468218442256 0.593915343915344 0.270367054610564 0.5945767195767195
0 0.7985675917636527 0.5945767195767195 0.711727842435094 0.5945767195767195 0.7112802148612355 0.4973544973544973 0.7985675917636527 0.4966931216931217 0.7990152193375112 0.593915343915344 0.7985675917636527 0.5945767195767195
0 0.4879140555058192 0.8167989417989417 0.18352730528200537 0.8167989417989417 0.18307967770814682 0.6005291005291006 0.38675022381378693 0.5998677248677249 0.38719785138764545 0.6190476190476191 0.4879140555058192 0.6197089947089947 0.4883616830796777 0.8161375661375662 0.4879140555058192 0.8167989417989417
0 0.7985675917636527 0.8167989417989417 0.4959713518352731 0.8167989417989417 0.4955237242614145 0.6203703703703703 0.594449418084154 0.6197089947089947 0.5948970456580125 0.6005291005291006 0.7985675917636527 0.5998677248677249 0.7990152193375112 0.8161375661375662 0.7985675917636527 0.8167989417989417