0 0.14953271028037382 0.4301181102362205 0.02336448598130841 0.4301181102362205 0.022585669781931463 0.12992125984251968 0.14953271028037382 0.12893700787401574 0.15031152647975077 0.42913385826771655 0.14953271028037382 0.4301181102362205
0 0.29595015576323985 0.3572834645669291 0.16666666666666666 0.3572834645669291 0.1658878504672897 0.14960629921259844 0.29595015576323985 0.1486220472440945 0.2967289719626168 0.3562992125984252 0.29595015576323985 0.3572834645669291
0 0.3629283489096573 0.47736220472440943 0.3037383177570093 0.47736220472440943 0.3029595015576324 0.14960629921259844 0.40031152647975077 0.1486220472440945 0.40109034267912774 0.22244094488188976 0.3644859813084112 0.2234251968503937 0.3637071651090343 0.4763779527559055 0.3629283489096573 0.47736220472440943
0 0.4953271028037383 0.21948818897637795 0.40654205607476634 0.21948818897637795 0.4057632398753894 0.14960629921259844 0.4953271028037383 0.1486220472440945 0.4961059190031153 0.21850393700787402 0.4953271028037383 0.21948818897637795
0 0.40031152647975077 0.22539370078740156 0.3644859813084112 0.22539370078740156 0.3644859813084112 0.2234251968503937 0.40031152647975077 0.2234251968503937 0.40031152647975077 0.22539370078740156
0 0.4953271028037383 0.3572834645669291 0.3707165109034268 0.3572834645669291 0.36993769470404986 0.23228346456692914 0.40498442367601245 0.2312992125984252 0.40654205607476634 0.22736220472440946 0.4953271028037383 0.22736220472440946 0.4961059190031153 0.3562992125984252 0.4953271028037383 0.3572834645669291
0 0.22274143302180685 0.4438976377952756 0.16666666666666666 0.4438976377952756 0.1658878504672897 0.3641732283464567 0.22274143302180685 0.3631889763779528 0.2235202492211838 0.44291338582677164 0.22274143302180685 0.4438976377952756
0 0.29595015576323985 0.4438976377952756 0.22897196261682243 0.4438976377952756 0.22819314641744548 0.3641732283464567 0.29595015576323985 0.3631889763779528 0.2967289719626168 0.44291338582677164 0.29595015576323985 0.4438976377952756
0 0.4953271028037383 0.47736220472440943 0.3644859813084112 0.47736220472440943 0.3637071651090343 0.3641732283464567 0.4953271028037383 0.3631889763779528 0.4961059190031153 0.4763779527559055 0.4953271028037383 0.47736220472440943
0 0.14953271028037382 0.5246062992125984 0.029595015576323987 0.5246062992125984 0.02881619937694704 0.44291338582677164 0.14953271028037382 0.4419291338582677 0.15031152647975077 0.5236220472440944 0.14953271028037382 0.5246062992125984
0 0.29595015576323985 0.5442913385826772 0.16666666666666666 0.5442913385826772 0.1658878504672897 0.4507874015748031 0.29595015576323985 0.4498031496062992 0.2967289719626168 0.5433070866141733 0.29595015576323985 0.5442913385826772
0 0.4953271028037383 0.7687007874015748 0.3037383177570093 0.7687007874015748 0.3029595015576324 0.47834645669291337 0.4953271028037383 0.47736220472440943 0.4961059190031153 0.7677165354330708 0.4953271028037383 0.7687007874015748
0 0.29595015576323985 0.7687007874015748 0.16666666666666666 0.7687007874015748 0.1658878504672897 0.5511811023622047 0.29595015576323985 0.5501968503937008 0.2967289719626168 0.7677165354330708 0.29595015576323985 0.7687007874015748