0 0.33871808233454925 0.19044665012406947 0.3157894736842105 0.19044665012406947 0.31552892131318394 0.09057071960297766 0.3272537780093799 0.08995037220843673 0.32751433038040645 0.08436724565756824 0.33871808233454925 0.0837468982630273 0.3389786347055758 0.18982630272952852 0.33871808233454925 0.19044665012406947
0 0.6842105263157895 0.3728287841191067 0.6169880145909328 0.3728287841191067 0.6167274622199062 0.3684863523573201 0.5867639395518499 0.36786600496277916 0.5865033871808234 0.37220843672456577 0.5278791036998437 0.3728287841191067 0.5276185513288171 0.3684863523573201 0.5002605523710266 0.36786600496277916 0.5 0.37220843672456577 0.4424179260031266 0.3728287841191067 0.44215737363210006 0.36724565756823824 0.4158415841584158 0.36662531017369726 0.41558103178738925 0.37220843672456577 0.33194372068785827 0.3728287841191067 0.3316831683168317 0.3598014888337469 0.32673267326732675 0.35918114143920593 0.3264721208963002 0.3560794044665012 0.31735278791036997 0.3554590570719603 0.3170922355393434 0.36228287841191065 0.2522146951537259 0.3629032258064516 0.25195414278269934 0.37220843672456577 0.23606044815007818 0.3728287841191067 0.23579989577905158 0.28287841191067 0.2683689421573736 0.28225806451612906 0.2686294945284002 0.27667493796526055 0.23606044815007818 0.2760545905707196 0.23579989577905158 0.09057071960297766 0.3131839499739448 0.08995037220843673 0.31344450234497134 0.27419354838709675 0.28608650338718083 0.27481389578163773 0.28582595101615427 0.27915632754342434 0.3152683689421574 0.27977667493796526 0.31552892131318394 0.19478908188585609 0.33871808233454925 0.19416873449131514 0.3389786347055758 0.27915632754342434 0.39603960396039606 0.27977667493796526 0.3963001563314226 0.27667493796526055 0.341323606044815 0.2760545905707196 0.3410630536737884 0.08436724565756824 0.6060448150078166 0.0837468982630273 0.6063053673788431 0.2878411910669975 0.6081292339760291 0.28846153846153844 0.6083897863470558 0.08436724565756824 0.648775403856175 0.0837468982630273 0.6490359562272017 0.2890818858560794 0.7060969254820219 0.28970223325062033 0.7063574778530485 0.3523573200992556 0.7024491922876498 0.3529776674937965 0.7021886399166233 0.3684863523573201 0.6847316310578426 0.36910669975186106 0.684471078686816 0.37220843672456577 0.6842105263157895 0.3728287841191067
0 0.7034914017717562 0.2834987593052109 0.651902032308494 0.2834987593052109 0.6516414799374675 0.08436724565756824 0.7034914017717562 0.0837468982630273 0.7037519541427827 0.28287841191067 0.7034914017717562 0.2834987593052109
0 0.1422615945805107 0.3728287841191067 0.031266284523189164 0.3728287841191067 0.031005732152162586 0.3684863523573201 0.03152683689421574 0.36724565756823824 0.03152683689421574 0.36228287841191065 0.03204794163626889 0.3610421836228288 0.03204794163626889 0.3560794044665012 0.032569046378322045 0.3548387096774194 0.032569046378322045 0.3511166253101737 0.033090151120375194 0.34987593052109184 0.033090151120375194 0.34615384615384615 0.03361125586242835 0.34491315136476425 0.03361125586242835 0.3411910669975186 0.0341323606044815 0.3399503722084367 0.0341323606044815 0.3349875930521092 0.034653465346534656 0.3337468982630273 0.034653465346534656 0.32878411910669975 0.035174570088587806 0.32754342431761785 0.035174570088587806 0.3250620347394541 0.035695674830640955 0.3238213399503722 0.035695674830640955 0.3200992555831266 0.03621677957269411 0.3188585607940447 0.03621677957269411 0.31389578163771714 0.03673788431474726 0.31265508684863524 0.03673788431474726 0.3076923076923077 0.03725898905680042 0.3064516129032258 0.03725898905680042 0.3027295285359802 0.03778009379885357 0.3014888337468983 0.03778009379885357 0.2990074441687345 0.038301198540906724 0.2977667493796526 0.038301198540906724 0.29280397022332505 0.03882230328295987 0.29156327543424315 0.03882230328295987 0.2866004962779156 0.03934340802501303 0.2853598014888337 0.03934340802501303 0.2803970223325062 0.03986451276706618 0.27915632754342434 0.040385617509119336 0.27667493796526055 0.040385617509119336 0.271712158808933 0.040906722251172485 0.2704714640198511 0.040906722251172485 0.2655086848635236 0.04142782699322564 0.2642679900744417 0.04142782699322564 0.26054590570719605 0.04194893173527879 0.25930521091811415 0.04194893173527879 0.2543424317617866 0.04247003647733194 0.2531017369727047 0.04247003647733194 0.2506203473945409 0.0429911412193851 0.24937965260545905 0.0429911412193851 0.24441687344913152 0.043512245961438246 0.24317617866004962 0.043512245961438246 0.23945409429280398 0.0440333507034914 0.23821339950372208 0.0440333507034914 0.23325062034739455 0.04455445544554455 0.23200992555831265 0.04455445544554455 0.22952853598014888 0.04507556018759771 0.228287841191067 0.04507556018759771 0.22332506203473945 0.04559666492965086 0.22208436724565755 0.04559666492965086 0.21712158808933002 0.046117769671704015 0.21588089330024815 0.046117769671704015 0.21215880893300249 0.046638874413757164 0.2109181141439206 0.046638874413757164 0.20595533498759305 0.04715997915581032 0.20471464019851116 0.04715997915581032 0.2022332506203474 0.04768108389786347 0.20099255583126552 0.04768108389786347 0.19602977667493796 0.04820218863991663 0.19478908188585609 0.04820218863991663 0.19106699751861042 0.048723293381969776 0.18982630272952852 0.048723293381969776 0.184863523573201 0.049244398124022926 0.18362282878411912 0.049244398124022926 0.17866004962779156 0.04976550286607608 0.1774193548387097 0.04976550286607608 0.17493796526054592 0.05028660760812923 0.17369727047146402 0.05028660760812923 0.16997518610421836 0.05080771235018239 0.1687344913151365 0.05080771235018239 0.16377171215880892 0.05132881709223554 0.16253101736972705 0.05132881709223554 0.1575682382133995 0.051849921834288694 0.15632754342431762 0.051849921834288694 0.15384615384615385 0.05237102657634184 0.15260545905707196 0.05237102657634184 0.1488833746898263 0.052892131318395 0.14764267990074442 0.052892131318395 0.14267990074441686 0.05341323606044815 0.141439205955335 0.05341323606044815 0.13647642679900746 0.053934340802501306 0.13523573200992556 0.053934340802501306 0.1315136476426799 0.054455445544554455 0.13027295285359802 0.054455445544554455 0.12655086848635236 0.054976550286607605 0.12531017369727046 0.054976550286607605 0.12158808933002481 0.05549765502866076 0.12034739454094293 0.05549765502866076 0.11538461538461539 0.05601875977071391 0.1141439205955335 0.05601875977071391 0.11042183622828784 0.05653986451276707 0.10918114143920596 0.05653986451276707 0.1054590570719603 0.05706096925482022 0.10421836228287841 0.05706096925482022 0.10049627791563276 0.05758207399687337 0.09925558312655088 0.05758207399687337 0.09429280397022333 0.05810317873892652 0.09305210918114144 0.05810317873892652 0.09057071960297766 0.14695153725898905 0.08995037220843673 0.14721208963001564 0.3349875930521092 0.14278269932256382 0.3356079404466501 0.14252214695153725 0.37220843672456577 0.1422615945805107 0.3728287841191067
0 0.23293381969775925 0.3728287841191067 0.15007816571130797 0.3728287841191067 0.1498176133402814 0.09057071960297766 0.23293381969775925 0.08995037220843673 0.23319437206878582 0.37220843672456577 0.23293381969775925 0.3728287841191067
0 0.9661281917665451 0.8182382133995038 0.8389786347055758 0.8182382133995038 0.8387180823345493 0.6215880893300249 0.8473163105784263 0.6209677419354839 0.8475768629494529 0.3511166253101737 0.835852006253257 0.35049627791563276 0.8355914538822303 0.3746898263027295 0.8249088066701407 0.3753101736972705 0.8246482542991141 0.40074441687344914 0.8447107868681605 0.40136476426799006 0.8449713392391871 0.5632754342431762 0.8337675872850443 0.5638957816377171 0.8335070349140177 0.6017369727047146 0.7498697238144867 0.6023573200992556 0.7496091714434602 0.4292803970223325 0.7472642001042209 0.4286600496277916 0.7470036477331944 0.46029776674937967 0.7102657634184472 0.4609181141439206 0.7100052110474205 0.39826302729528534 0.7352787910369984 0.3976426799007444 0.735539343408025 0.3598014888337469 0.764460656591975 0.35918114143920593 0.7647212089630016 0.3858560794044665 0.7670661803022407 0.38647642679900746 0.7673267326732673 0.3535980148883375 0.706618030224075 0.3529776674937965 0.7063574778530485 0.2903225806451613 0.7102657634184472 0.28970223325062033 0.7105263157894737 0.0967741935483871 0.9661281917665451 0.09615384615384616 0.9663887441375717 0.8176178660049628 0.9661281917665451 0.8182382133995038
0 0.8447107868681605 0.3951612903225806 0.8275143303804064 0.3951612903225806 0.8272537780093799 0.38213399503722084 0.8379364252214695 0.3815136476426799 0.8381969775924961 0.3573200992555831 0.8447107868681605 0.3566997518610422 0.8449713392391871 0.3945409429280397 0.8447107868681605 0.3951612903225806
0 0.7326732673267327 0.3715880893300248 0.7102657634184472 0.3715880893300248 0.7100052110474205 0.3598014888337469 0.7326732673267327 0.35918114143920593 0.7329338196977593 0.3709677419354839 0.7326732673267327 0.3715880893300248
0 0.7326732673267327 0.391439205955335 0.7102657634184472 0.391439205955335 0.7100052110474205 0.3771712158808933 0.7326732673267327 0.37655086848635233 0.7329338196977593 0.39081885856079407 0.7326732673267327 0.391439205955335
0 0.34809796769150597 0.4311414392059553 0.32673267326732675 0.4311414392059553 0.3264721208963002 0.38213399503722084 0.33142261594580513 0.3815136476426799 0.3316831683168317 0.3784119106699752 0.34809796769150597 0.37779156327543423 0.3483585200625326 0.4305210918114144 0.34809796769150597 0.4311414392059553
0 0.3809275664408546 0.6495037220843672 0.32673267326732675 0.6495037220843672 0.3264721208963002 0.4851116625310174 0.3501823866597186 0.4844913151364764 0.3504429390307452 0.3784119106699752 0.3809275664408546 0.37779156327543423 0.3811881188118812 0.6488833746898263 0.3809275664408546 0.6495037220843672
0 0.5117248566961959 0.6495037220843672 0.38353309015112036 0.6495037220843672 0.3832725377800938 0.3784119106699752 0.4153204794163627 0.37779156327543423 0.41558103178738925 0.38213399503722084 0.4418968212610735 0.38275434243176176 0.44215737363210006 0.3784119106699752 0.49973944762897343 0.37779156327543423 0.5 0.38461538461538464 0.5117248566961959 0.38523573200992556 0.5119854090672226 0.6488833746898263 0.5117248566961959 0.6495037220843672
0 0.6050026055237102 0.6495037220843672 0.5143303804064617 0.6495037220843672 0.5140698280354351 0.3858560794044665 0.5273579989577906 0.38523573200992556 0.5276185513288171 0.3784119106699752 0.5862428348097968 0.37779156327543423 0.5865033871808234 0.38337468982630274 0.6050026055237102 0.38399503722084366 0.6052631578947368 0.6488833746898263 0.6050026055237102 0.6495037220843672
0 0.7019280875455967 0.6495037220843672 0.607608129233976 0.6495037220843672 0.6073475768629495 0.38461538461538464 0.6164669098488796 0.38399503722084366 0.6167274622199062 0.3784119106699752 0.6842105263157895 0.37779156327543423 0.684471078686816 0.3858560794044665 0.7019280875455967 0.38647642679900746 0.7021886399166233 0.6488833746898263 0.7019280875455967 0.6495037220843672
0 0.24908806670140698 0.6780397022332506 0.15007816571130797 0.6780397022332506 0.1498176133402814 0.38337468982630274 0.24908806670140698 0.38275434243176176 0.24934861907243355 0.6774193548387096 0.24908806670140698 0.6780397022332506
0 0.31735278791036997 0.6780397022332506 0.25794684731631057 0.6780397022332506 0.257686294945284 0.38461538461538464 0.31735278791036997 0.38399503722084366 0.31761334028139654 0.6774193548387096 0.31735278791036997 0.6780397022332506
0 0.34809796769150597 0.4795285359801489 0.32673267326732675 0.4795285359801489 0.3264721208963002 0.43672456575682383 0.34809796769150597 0.43610421836228286 0.3483585200625326 0.47890818858560796 0.34809796769150597 0.4795285359801489
0 0.7269411151641479 0.5279156327543424 0.7102657634184472 0.5279156327543424 0.7100052110474205 0.46774193548387094 0.7269411151641479 0.46712158808933 0.7272016675351746 0.5272952853598015 0.7269411151641479 0.5279156327543424
0 0.7467430953621678 0.5279156327543424 0.7290255341323606 0.5279156327543424 0.728764981761334 0.46774193548387094 0.7467430953621678 0.46712158808933 0.7470036477331944 0.5272952853598015 0.7467430953621678 0.5279156327543424
0 0.7269411151641479 0.6023573200992556 0.7102657634184472 0.6023573200992556 0.7100052110474205 0.533498759305211 0.7269411151641479 0.53287841191067 0.7272016675351746 0.6017369727047146 0.7269411151641479 0.6023573200992556
0 0.7467430953621678 0.5887096774193549 0.7290255341323606 0.5887096774193549 0.728764981761334 0.533498759305211 0.7467430953621678 0.53287841191067 0.7470036477331944 0.5880893300248139 0.7467430953621678 0.5887096774193549
0 0.8306409588327254 0.7772952853598015 0.7102657634184472 0.7772952853598015 0.7100052110474205 0.6215880893300249 0.8306409588327254 0.6209677419354839 0.830901511203752 0.7766749379652605 0.8306409588327254 0.7772952853598015
0 0.5101615424700364 0.7537220843672456 0.46743095362167797 0.7537220843672456 0.4671704012506514 0.6699751861042184 0.5101615424700364 0.6693548387096774 0.510422094841063 0.7531017369727047 0.5101615424700364 0.7537220843672456