0 0.16584564860426929 0.5027472527472527 0.08045977011494253 0.5027472527472527 0.07963875205254516 0.3443223443223443 0.16584564860426929 0.3434065934065934 0.16666666666666666 0.5018315018315018 0.16584564860426929 0.5027472527472527
0 0.3415435139573071 0.5082417582417582 0.17569786535303777 0.5082417582417582 0.1748768472906404 0.3443223443223443 0.3415435139573071 0.3434065934065934 0.34236453201970446 0.5073260073260073 0.3415435139573071 0.5082417582417582
0 0.5829228243021346 0.6254578754578755 0.35139573070607555 0.6254578754578755 0.3505747126436782 0.3443223443223443 0.5829228243021346 0.3434065934065934 0.583743842364532 0.6245421245421245 0.5829228243021346 0.6254578754578755
0 0.7586206896551724 0.5595238095238095 0.5927750410509032 0.5595238095238095 0.5919540229885057 0.3443223443223443 0.7586206896551724 0.3434065934065934 0.7594417077175698 0.5586080586080586 0.7586206896551724 0.5595238095238095
0 0.3415435139573071 0.6181318681318682 0.17569786535303777 0.6181318681318682 0.1748768472906404 0.5164835164835165 0.3415435139573071 0.5155677655677655 0.34236453201970446 0.6172161172161172 0.3415435139573071 0.6181318681318682
0 0.6732348111658456 0.6401098901098901 0.5927750410509032 0.6401098901098901 0.5919540229885057 0.5695970695970696 0.6732348111658456 0.5686813186813187 0.674055829228243 0.6391941391941391 0.6732348111658456 0.6401098901098901
0 0.7586206896551724 0.6401098901098901 0.6814449917898193 0.6401098901098901 0.680623973727422 0.5695970695970696 0.7586206896551724 0.5686813186813187 0.7594417077175698 0.6391941391941391 0.7586206896551724 0.6401098901098901
0 0.4745484400656814 0.8324175824175825 0.2939244663382594 0.8324175824175825 0.29310344827586204 0.6282051282051282 0.3497536945812808 0.6272893772893773 0.35139573070607555 0.6254578754578755 0.47619047619047616 0.6254578754578755 0.47701149425287354 0.6831501831501832 0.4753694581280788 0.684981684981685 0.4753694581280788 0.8315018315018315 0.4745484400656814 0.8324175824175825
0 0.5829228243021346 0.8324175824175825 0.4827586206896552 0.8324175824175825 0.4819376026272578 0.684981684981685 0.47783251231527096 0.6840659340659341 0.47701149425287354 0.6263736263736264 0.5829228243021346 0.6254578754578755 0.583743842364532 0.8315018315018315 0.5829228243021346 0.8324175824175825
0 0.2857142857142857 0.7261904761904762 0.18226600985221675 0.7261904761904762 0.18144499178981938 0.6282051282051282 0.2857142857142857 0.6272893772893773 0.28653530377668307 0.7252747252747253 0.2857142857142857 0.7261904761904762
0 0.7586206896551724 0.8324175824175825 0.5927750410509032 0.8324175824175825 0.5919540229885057 0.6501831501831502 0.7586206896551724 0.6492673992673993 0.7594417077175698 0.8315018315018315 0.7586206896551724 0.8324175824175825
0 0.2824302134646962 0.8305860805860806 0.180623973727422 0.8305860805860806 0.17980295566502463 0.7362637362637363 0.2824302134646962 0.7353479853479854 0.2832512315270936 0.8296703296703297 0.2824302134646962 0.8305860805860806