0 0.8367346938775511 0.40337423312883436 0.6848072562358276 0.40337423312883436 0.6825396825396826 0.39723926380368096 0.47619047619047616 0.39723926380368096 0.47505668934240364 0.3834355828220859 0.43537414965986393 0.38190184049079756 0.4331065759637188 0.38496932515337423 0.3786848072562358 0.38496932515337423 0.3764172335600907 0.38190184049079756 0.3492063492063492 0.38190184049079756 0.34807256235827666 0.3128834355828221 0.3877551020408163 0.3113496932515337 0.3888888888888889 0.15950920245398773 0.4580498866213152 0.1579754601226994 0.4603174603174603 0.1549079754601227 0.46485260770975056 0.15184049079754602 0.46938775510204084 0.15184049079754602 0.47165532879818595 0.14877300613496933 0.47619047619047616 0.14570552147239263 0.48072562358276644 0.14570552147239263 0.48299319727891155 0.14263803680981596 0.4875283446712018 0.13957055214723926 0.49206349206349204 0.13650306748466257 0.4965986394557823 0.13650306748466257 0.4988662131519274 0.1334355828220859 0.5034013605442177 0.1303680981595092 0.5079365079365079 0.1303680981595092 0.5102040816326531 0.1273006134969325 0.5147392290249433 0.12423312883435583 0.5192743764172335 0.12423312883435583 0.5215419501133787 0.12116564417177914 0.5260770975056689 0.11809815950920245 0.5306122448979592 0.11809815950920245 0.5328798185941043 0.11503067484662577 0.5374149659863946 0.11196319018404909 0.5419501133786848 0.10889570552147239 0.546485260770975 0.10889570552147239 0.5487528344671202 0.1058282208588957 0.5532879818594104 0.10276073619631902 0.5578231292517006 0.10276073619631902 0.5600907029478458 0.09969325153374232 0.564625850340136 0.09662576687116564 0.5691609977324263 0.09662576687116564 0.5714285714285714 0.09355828220858896 0.5759637188208617 0.09049079754601227 0.5804988662131519 0.09049079754601227 0.5827664399092971 0.08742331288343558 0.5873015873015873 0.08742331288343558 0.5895691609977324 0.0843558282208589 0.5941043083900227 0.08128834355828221 0.5986394557823129 0.08128834355828221 0.5997732426303855 0.09202453987730061 0.6020408163265306 0.0950920245398773 0.6043083900226758 0.10122699386503067 0.6043083900226758 0.10736196319018405 0.6065759637188208 0.11042944785276074 0.6065759637188208 0.1165644171779141 0.608843537414966 0.1196319018404908 0.608843537414966 0.12576687116564417 0.6111111111111112 0.12883435582822086 0.6111111111111112 0.13496932515337423 0.6133786848072562 0.13803680981595093 0.6156462585034014 0.1441717791411043 0.6167800453514739 0.14877300613496933 0.8367346938775511 0.14877300613496933 0.8378684807256236 0.401840490797546 0.8367346938775511 0.40337423312883436
0 0.3424036281179138 0.38190184049079756 0.14965986394557823 0.38190184049079756 0.14852607709750568 0.15950920245398773 0.3832199546485261 0.1579754601226994 0.3843537414965986 0.30368098159509205 0.34467120181405897 0.3052147239263804 0.3435374149659864 0.3803680981595092 0.3424036281179138 0.38190184049079756
0 0.4671201814058957 0.5475460122699386 0.36507936507936506 0.5475460122699386 0.36394557823129253 0.3834355828220859 0.3764172335600907 0.38190184049079756 0.3786848072562358 0.38496932515337423 0.4331065759637188 0.38496932515337423 0.43537414965986393 0.3880368098159509 0.4671201814058957 0.3880368098159509 0.46825396825396826 0.5460122699386503 0.4671201814058957 0.5475460122699386
0 0.35147392290249435 0.7039877300613497 0.14965986394557823 0.7039877300613497 0.14852607709750568 0.3987730061349693 0.35147392290249435 0.39723926380368096 0.3526077097505669 0.7024539877300614 0.35147392290249435 0.7039877300613497
0 0.5759637188208617 0.5966257668711656 0.47619047619047616 0.5966257668711656 0.47505668934240364 0.4049079754601227 0.6439909297052154 0.40337423312883436 0.645124716553288 0.46932515337423314 0.5963718820861678 0.4708588957055215 0.5929705215419501 0.4754601226993865 0.5929705215419501 0.4815950920245399 0.590702947845805 0.48466257668711654 0.590702947845805 0.49079754601226994 0.5884353741496599 0.4938650306748466 0.5884353741496599 0.5 0.5861678004535147 0.5030674846625767 0.5861678004535147 0.50920245398773 0.5839002267573696 0.5122699386503068 0.5839002267573696 0.5184049079754601 0.5816326530612245 0.5214723926380368 0.5816326530612245 0.5276073619631901 0.5793650793650794 0.5306748466257669 0.5793650793650794 0.5368098159509203 0.5770975056689343 0.5398773006134969 0.5770975056689343 0.5950920245398773 0.5759637188208617 0.5966257668711656
0 0.8367346938775511 0.5904907975460123 0.6870748299319728 0.5904907975460123 0.6859410430839002 0.4723926380368098 0.6507936507936508 0.4708588957055215 0.6496598639455783 0.4049079754601227 0.8367346938775511 0.40337423312883436 0.8378684807256236 0.588957055214724 0.8367346938775511 0.5904907975460123
0 0.6802721088435374 0.5843558282208589 0.5827664399092971 0.5843558282208589 0.5816326530612245 0.5398773006134969 0.5839002267573696 0.5368098159509203 0.5839002267573696 0.5306748466257669 0.5861678004535147 0.5276073619631901 0.5861678004535147 0.5214723926380368 0.5884353741496599 0.5184049079754601 0.5884353741496599 0.5122699386503068 0.590702947845805 0.50920245398773 0.590702947845805 0.5030674846625767 0.5929705215419501 0.5 0.5929705215419501 0.4938650306748466 0.5952380952380952 0.49079754601226994 0.5952380952380952 0.48466257668711654 0.5975056689342404 0.4815950920245399 0.5986394557823129 0.47699386503067487 0.6802721088435374 0.47699386503067487 0.68140589569161 0.5828220858895705 0.6802721088435374 0.5843558282208589
0 0.4489795918367347 0.6763803680981595 0.36507936507936506 0.6763803680981595 0.36394557823129253 0.5552147239263804 0.4489795918367347 0.553680981595092 0.4501133786848073 0.6748466257668712 0.4489795918367347 0.6763803680981595
0 0.5374149659863946 0.8052147239263804 0.46258503401360546 0.8052147239263804 0.4614512471655329 0.6779141104294478 0.4557823129251701 0.6763803680981595 0.4546485260770975 0.6042944785276073 0.5487528344671202 0.602760736196319 0.5498866213151927 0.6349693251533742 0.5396825396825397 0.6365030674846626 0.5385487528344671 0.803680981595092 0.5374149659863946 0.8052147239263804
0 0.23356009070294784 0.8849693251533742 0.1655328798185941 0.8849693251533742 0.16439909297052155 0.8680981595092024 0.14965986394557823 0.8665644171779141 0.14852607709750568 0.7116564417177914 0.23356009070294784 0.7101226993865031 0.23469387755102042 0.8834355828220859 0.23356009070294784 0.8849693251533742
0 0.3333333333333333 0.8849693251533742 0.24036281179138322 0.8849693251533742 0.23922902494331066 0.7116564417177914 0.35147392290249435 0.7101226993865031 0.3526077097505669 0.8374233128834356 0.3356009070294785 0.838957055214724 0.3344671201814059 0.8834355828220859 0.3333333333333333 0.8849693251533742