0 0.5430711610486891 0.30403458213256485 0.43196004993757803 0.30403458213256485 0.4313358302122347 0.09221902017291066 0.5430711610486891 0.09077809798270893 0.5436953807740325 0.3025936599423631 0.5430711610486891 0.30403458213256485
0 0.968789013732834 0.28674351585014407 0.5905118601747815 0.28674351585014407 0.5898876404494382 0.09798270893371758 0.968789013732834 0.09654178674351585 0.9694132334581773 0.28530259365994237 0.968789013732834 0.28674351585014407
0 0.2184769038701623 0.3126801152737752 0.04119850187265917 0.3126801152737752 0.04057428214731586 0.10086455331412104 0.2184769038701623 0.0994236311239193 0.21910112359550563 0.3112391930835735 0.2184769038701623 0.3126801152737752
0 0.42446941323345816 0.4164265129682997 0.2247191011235955 0.4164265129682997 0.22409488139825218 0.3256484149855908 0.22284644194756553 0.3227665706051873 0.22284644194756553 0.10086455331412104 0.42446941323345816 0.0994236311239193 0.4250936329588015 0.414985590778098 0.42446941323345816 0.4164265129682997
0 0.6317103620474407 0.5201729106628242 0.5905118601747815 0.5201729106628242 0.5898876404494382 0.29971181556195964 0.6317103620474407 0.29827089337175794 0.632334581772784 0.5187319884726225 0.6317103620474407 0.5201729106628242
0 0.7677902621722846 0.5201729106628242 0.6379525593008739 0.5201729106628242 0.6373283395755306 0.29971181556195964 0.7677902621722846 0.29827089337175794 0.768414481897628 0.5187319884726225 0.7677902621722846 0.5201729106628242
0 0.8614232209737828 0.600864553314121 0.7740324594257179 0.600864553314121 0.7734082397003745 0.5331412103746398 0.8264669163545568 0.531700288184438 0.8270911360799001 0.41786743515850144 0.7740324594257179 0.4164265129682997 0.7734082397003745 0.29971181556195964 0.8614232209737828 0.29827089337175794 0.8620474406991261 0.5994236311239193 0.8614232209737828 0.600864553314121
0 0.968789013732834 0.600864553314121 0.867665418227216 0.600864553314121 0.8670411985018727 0.29971181556195964 0.968789013732834 0.29827089337175794 0.9694132334581773 0.5994236311239193 0.968789013732834 0.600864553314121
0 0.5430711610486891 0.7334293948126801 0.43196004993757803 0.7334293948126801 0.4313358302122347 0.31988472622478387 0.5430711610486891 0.3184438040345821 0.5436953807740325 0.7319884726224783 0.5430711610486891 0.7334293948126801
0 0.15480649188514356 0.5201729106628242 0.09488139825218476 0.5201729106628242 0.08801498127340825 0.5043227665706052 0.08052434456928839 0.484149855907781 0.07865168539325842 0.4769452449567723 0.04119850187265917 0.4769452449567723 0.04057428214731586 0.3256484149855908 0.1348314606741573 0.3242074927953891 0.13545568039950062 0.42939481268011526 0.15480649188514356 0.430835734870317 0.15543071161048688 0.5187319884726225 0.15480649188514356 0.5201729106628242
0 0.15480649188514356 0.41930835734870314 0.13982521847690388 0.41930835734870314 0.13920099875156056 0.3256484149855908 0.15480649188514356 0.3242074927953891 0.15543071161048688 0.41786743515850144 0.15480649188514356 0.41930835734870314
0 0.22347066167290885 0.600864553314121 0.16229712858926343 0.600864553314121 0.1616729088639201 0.3256484149855908 0.22347066167290885 0.3242074927953891 0.22409488139825218 0.414985590778098 0.2184769038701623 0.4164265129682997 0.21785268414481898 0.5244956772334294 0.22347066167290885 0.5259365994236311 0.22409488139825218 0.5994236311239193 0.22347066167290885 0.600864553314121
0 0.42446941323345816 0.7247838616714697 0.317103620474407 0.7247838616714697 0.31647940074906367 0.4265129682997118 0.42446941323345816 0.4250720461095101 0.4250936329588015 0.723342939481268 0.42446941323345816 0.7247838616714697
0 0.8214731585518102 0.5201729106628242 0.7740324594257179 0.5201729106628242 0.7734082397003745 0.42939481268011526 0.8214731585518102 0.42795389048991356 0.8220973782771536 0.5187319884726225 0.8214731585518102 0.5201729106628242
0 0.27091136079900124 0.5144092219020173 0.2247191011235955 0.5144092219020173 0.22409488139825218 0.4322766570605187 0.27091136079900124 0.430835734870317 0.27153558052434457 0.5129682997118156 0.27091136079900124 0.5144092219020173
0 0.31086142322097376 0.600864553314121 0.2247191011235955 0.600864553314121 0.22409488139825218 0.5273775216138329 0.27715355805243447 0.5259365994236311 0.2777777777777778 0.4322766570605187 0.31086142322097376 0.430835734870317 0.3114856429463171 0.5994236311239193 0.31086142322097376 0.600864553314121
0 0.0898876404494382 0.5778097982708934 0.04119850187265917 0.5778097982708934 0.04057428214731586 0.4899135446685879 0.07615480649188515 0.4884726224783862 0.07927590511860175 0.4956772334293948 0.07990012484394507 0.5 0.08177278401997504 0.5014409221902018 0.08801498127340825 0.5187319884726225 0.09051186017478152 0.5273775216138329 0.09051186017478152 0.5763688760806917 0.0898876404494382 0.5778097982708934
0 0.15480649188514356 0.7247838616714697 0.09612983770287141 0.7247838616714697 0.09550561797752809 0.590778097982709 0.10112359550561797 0.5893371757925072 0.1017478152309613 0.5302593659942363 0.15480649188514356 0.5288184438040345 0.15543071161048688 0.723342939481268 0.15480649188514356 0.7247838616714697
0 0.968789013732834 0.7305475504322767 0.5905118601747815 0.7305475504322767 0.5898876404494382 0.5331412103746398 0.6416978776529338 0.531700288184438 0.6423220973782772 0.5994236311239193 0.6529338327091136 0.600864553314121 0.653558052434457 0.5331412103746398 0.7677902621722846 0.531700288184438 0.768414481897628 0.6138328530259366 0.968789013732834 0.6152737752161384 0.9694132334581773 0.729106628242075 0.968789013732834 0.7305475504322767
0 0.0898876404494382 0.7247838616714697 0.04119850187265917 0.7247838616714697 0.04057428214731586 0.590778097982709 0.0898876404494382 0.5893371757925072 0.09051186017478152 0.723342939481268 0.0898876404494382 0.7247838616714697
0 0.21722846441947566 0.6930835734870316 0.16229712858926343 0.6930835734870316 0.1616729088639201 0.6109510086455331 0.21722846441947566 0.6095100864553314 0.21785268414481898 0.69164265129683 0.21722846441947566 0.6930835734870316
0 0.31086142322097376 0.7247838616714697 0.22347066167290885 0.7247838616714697 0.22284644194756553 0.6945244956772334 0.22409488139825218 0.69164265129683 0.22409488139825218 0.6109510086455331 0.31086142322097376 0.6095100864553314 0.3114856429463171 0.723342939481268 0.31086142322097376 0.7247838616714697