0 0.4824399260628466 0.5008361204013378 0.33826247689463956 0.5008361204013378 0.33733826247689463 0.25418060200668896 0.4824399260628466 0.25334448160535117 0.4833641404805915 0.5 0.4824399260628466 0.5008361204013378
0 0.5933456561922366 0.3620401337792642 0.4953789279112754 0.3620401337792642 0.4944547134935305 0.25418060200668896 0.5933456561922366 0.25334448160535117 0.5942698706099815 0.3612040133779264 0.5933456561922366 0.3620401337792642
0 0.8853974121996303 0.5008361204013378 0.6506469500924215 0.5008361204013378 0.6497227356746765 0.362876254180602 0.6025878003696857 0.3620401337792642 0.6016635859519408 0.25418060200668896 0.8853974121996303 0.25334448160535117 0.8863216266173752 0.5 0.8853974121996303 0.5008361204013378
0 0.5545286506469501 0.5978260869565217 0.39371534195933455 0.5978260869565217 0.39371534195933455 0.5961538461538461 0.4399260628465804 0.5961538461538461 0.4408502772643253 0.5903010033444817 0.07208872458410351 0.5894648829431438 0.0711645101663586 0.34615384615384615 0.32532347504621073 0.34531772575250835 0.32624768946395566 0.5083612040133779 0.7264325323475046 0.5091973244147158 0.7273567467652495 0.5886287625418061 0.55637707948244 0.5894648829431438 0.555452865064695 0.596989966555184 0.5545286506469501 0.5978260869565217
0 0.6395563770794824 0.5008361204013378 0.4953789279112754 0.5008361204013378 0.4944547134935305 0.3695652173913043 0.6395563770794824 0.36872909698996653 0.6404805914972274 0.5 0.6395563770794824 0.5008361204013378
0 0.8853974121996303 0.5894648829431438 0.7356746765249538 0.5894648829431438 0.7347504621072088 0.5100334448160535 0.8853974121996303 0.5091973244147158 0.8863216266173752 0.5886287625418061 0.8853974121996303 0.5894648829431438
0 0.3826247689463956 0.9188963210702341 0.07208872458410351 0.9188963210702341 0.0711645101663586 0.596989966555184 0.3826247689463956 0.5961538461538461 0.3835489833641405 0.9180602006688964 0.3826247689463956 0.9188963210702341
0 0.5508317929759704 0.7884615384615384 0.39371534195933455 0.7884615384615384 0.3927911275415896 0.5986622073578596 0.6062846580406654 0.5978260869565217 0.6072088724584104 0.7240802675585284 0.5526802218114603 0.7249163879598662 0.5517560073937153 0.7876254180602007 0.5508317929759704 0.7884615384615384
0 0.8853974121996303 0.8352842809364549 0.6617375231053605 0.8352842809364549 0.6608133086876156 0.725752508361204 0.6173752310536045 0.7249163879598662 0.6164510166358595 0.5986622073578596 0.8853974121996303 0.5978260869565217 0.8863216266173752 0.8344481605351171 0.8853974121996303 0.8352842809364549
0 0.6506469500924215 0.8352842809364549 0.5619223659889094 0.8352842809364549 0.5609981515711645 0.7341137123745819 0.6506469500924215 0.7332775919732442 0.6515711645101664 0.8344481605351171 0.6506469500924215 0.8352842809364549
0 0.5489833641404805 0.8352842809364549 0.39371534195933455 0.8352842809364549 0.3927911275415896 0.7959866220735786 0.5489833641404805 0.7951505016722408 0.5499075785582255 0.8344481605351171 0.5489833641404805 0.8352842809364549