0 0.9264264264264265 0.18127962085308058 0.7905405405405406 0.18127962085308058 0.7901651651651652 0.030805687203791468 0.9264264264264265 0.030410742496050552 0.9268018018018018 0.18088467614533965 0.9264264264264265 0.18127962085308058
0 0.6051051051051051 0.33688783570300157 0.45645645645645644 0.33688783570300157 0.4560810810810811 0.03238546603475513 0.6013513513513513 0.031990521327014215 0.6017267267267268 0.05687203791469194 0.6051051051051051 0.057266982622432856 0.6054804804804805 0.16587677725118483 0.5975975975975976 0.16627172195892576 0.5972222222222222 0.18167456556082148 0.6051051051051051 0.1820695102685624 0.6054804804804805 0.33649289099526064 0.6051051051051051 0.33688783570300157
0 0.6756756756756757 0.1141390205371248 0.6096096096096096 0.1141390205371248 0.6092342342342343 0.05766192733017378 0.6756756756756757 0.057266982622432856 0.676051051051051 0.11374407582938388 0.6756756756756757 0.1141390205371248
0 0.7867867867867868 0.13467614533965244 0.7244744744744744 0.13467614533965244 0.7240990990990991 0.11453396524486571 0.6801801801801802 0.1141390205371248 0.6798048048048048 0.05766192733017378 0.7867867867867868 0.057266982622432856 0.7871621621621622 0.13428120063191154 0.7867867867867868 0.13467614533965244
0 0.7867867867867868 0.3953396524486572 0.6096096096096096 0.3953396524486572 0.6092342342342343 0.11848341232227488 0.7207207207207207 0.11808846761453397 0.7210960960960962 0.13902053712480253 0.7867867867867868 0.13941548183254343 0.7871621621621622 0.3949447077409163 0.7867867867867868 0.3953396524486572
0 0.9264264264264265 0.33688783570300157 0.7905405405405406 0.33688783570300157 0.7901651651651652 0.1848341232227488 0.9264264264264265 0.1844391785150079 0.9268018018018018 0.33649289099526064 0.9264264264264265 0.33688783570300157
0 0.734984984984985 0.6030805687203792 0.5990990990990991 0.6030805687203792 0.5987237237237237 0.5126382306477093 0.734984984984985 0.5122432859399684 0.7353603603603603 0.6026856240126383 0.734984984984985 0.6030805687203792
0 0.9279279279279279 0.6915481832543444 0.8453453453453453 0.6915481832543444 0.84496996996997 0.6524486571879937 0.7882882882882883 0.6520537124802528 0.7879129129129129 0.6090047393364929 0.7394894894894894 0.608609794628752 0.7391141141141141 0.5126382306477093 0.9279279279279279 0.5122432859399684 0.9283033033033034 0.6911532385466035 0.9279279279279279 0.6915481832543444
0 0.6051051051051051 0.6520537124802528 0.5412912912912913 0.6520537124802528 0.5409159159159159 0.5789889415481833 0.5375375375375375 0.5785939968404423 0.5367867867867868 0.5778041074249605 0.5330330330330331 0.5778041074249605 0.5322822822822822 0.5770142180094787 0.5285285285285285 0.5770142180094787 0.5277777777777778 0.5762243285939969 0.524024024024024 0.5762243285939969 0.5232732732732732 0.575434439178515 0.5195195195195195 0.575434439178515 0.5187687687687688 0.5746445497630331 0.515015015015015 0.5746445497630331 0.5142642642642643 0.5738546603475514 0.5105105105105106 0.5738546603475514 0.5097597597597597 0.5730647709320695 0.5082582582582582 0.5730647709320695 0.5075075075075075 0.5722748815165877 0.4617117117117117 0.5722748815165877 0.46133633633633636 0.5150078988941548 0.5945945945945946 0.514612954186414 0.59496996996997 0.608214849921011 0.6051051051051051 0.608609794628752 0.6054804804804805 0.6516587677725119 0.6051051051051051 0.6520537124802528
0 0.32732732732732733 0.6536334913112164 0.17342342342342343 0.6536334913112164 0.17304804804804805 0.542654028436019 0.32732732732732733 0.542259083728278 0.3277027027027027 0.6532385466034755 0.32732732732732733 0.6536334913112164
0 0.5337837837837838 0.6488941548183255 0.4602102102102102 0.6488941548183255 0.45983483483483484 0.5789889415481833 0.5075075075075075 0.5785939968404423 0.5082582582582582 0.5793838862559242 0.5112612612612613 0.5793838862559242 0.512012012012012 0.580173775671406 0.5165165165165165 0.580173775671406 0.5172672672672672 0.5809636650868878 0.5202702702702703 0.5809636650868878 0.521021021021021 0.5817535545023697 0.5247747747747747 0.5817535545023697 0.5255255255255256 0.5825434439178515 0.5292792792792793 0.5825434439178515 0.53003003003003 0.5833333333333334 0.5315315315315315 0.5833333333333334 0.5322822822822822 0.5841232227488151 0.5337837837837838 0.5841232227488151 0.5341591591591591 0.6484992101105845 0.5337837837837838 0.6488941548183255
0 0.7882882882882883 0.8874407582938388 0.6103603603603603 0.8874407582938388 0.609984984984985 0.7156398104265402 0.6092342342342343 0.7148499210110585 0.6092342342342343 0.6737756714060031 0.609984984984985 0.6729857819905213 0.609984984984985 0.6090047393364929 0.7875375375375375 0.608609794628752 0.7879129129129129 0.7424960505529226 0.7886636636636637 0.7432859399684044 0.7886636636636637 0.8870458135860979 0.7882882882882883 0.8874407582938388
0 0.44894894894894893 0.6686413902053713 0.38963963963963966 0.6686413902053713 0.38926426426426425 0.6097946287519748 0.44894894894894893 0.6093996840442338 0.44932432432432434 0.6682464454976303 0.44894894894894893 0.6686413902053713
0 0.8408408408408409 0.7428909952606635 0.7882882882882883 0.7428909952606635 0.7879129129129129 0.6524486571879937 0.8408408408408409 0.6520537124802528 0.8412162162162162 0.7424960505529226 0.8408408408408409 0.7428909952606635
0 0.6043543543543544 0.8368878357030016 0.4572072072072072 0.8368878357030016 0.45683183183183185 0.655608214849921 0.5705705705705706 0.6552132701421801 0.5709459459459459 0.7140600315955766 0.575075075075075 0.7144549763033176 0.5754504504504504 0.6737756714060031 0.6088588588588588 0.6733807266982622 0.6092342342342343 0.7148499210110585 0.6051051051051051 0.7152448657187994 0.6047297297297297 0.8364928909952607 0.6043543543543544 0.8368878357030016
0 0.32732732732732733 0.8898104265402843 0.17342342342342343 0.8898104265402843 0.17304804804804805 0.6595576619273301 0.32732732732732733 0.6591627172195893 0.3277027027027027 0.8894154818325435 0.32732732732732733 0.8898104265402843
0 0.9279279279279279 0.7428909952606635 0.8453453453453453 0.7428909952606635 0.84496996996997 0.6943127962085308 0.9279279279279279 0.6939178515007899 0.9283033033033034 0.7424960505529226 0.9279279279279279 0.7428909952606635
0 0.9279279279279279 0.8376777251184834 0.7927927927927928 0.8376777251184834 0.7924174174174174 0.7464454976303317 0.9279279279279279 0.7460505529225908 0.9283033033033034 0.8372827804107424 0.9279279279279279 0.8376777251184834