0 0.3394216133942161 0.39183381088825214 0.0380517503805175 0.39183381088825214 0.03729071537290715 0.1833810888252149 0.2876712328767123 0.1826647564469914 0.2884322678843227 0.2922636103151863 0.3394216133942161 0.29297994269340977 0.3401826484018265 0.39111747851002865 0.3394216133942161 0.39183381088825214
0 0.5799086757990868 0.39183381088825214 0.3485540334855403 0.39183381088825214 0.34779299847793 0.28653295128939826 0.2983257229832572 0.28581661891117477 0.2975646879756469 0.1833810888252149 0.5799086757990868 0.1826647564469914 0.5806697108066972 0.39111747851002865 0.5799086757990868 0.39183381088825214
0 0.9497716894977168 0.6468481375358166 0.7290715372907154 0.6468481375358166 0.7267884322678844 0.6446991404011462 0.7267884322678844 0.5945558739255015 0.7252663622526636 0.5931232091690545 0.7245053272450532 0.5909742120343839 0.7207001522070016 0.5888252148997135 0.7199391171993912 0.586676217765043 0.7176560121765602 0.5859598853868195 0.7100456621004566 0.5773638968481375 0.7092846270928462 0.5752148997134671 0.7070015220700152 0.5744985673352435 0.7047184170471842 0.5709169054441261 0.7024353120243532 0.5702005730659025 0.693302891933029 0.5601719197707736 0.6796042617960426 0.5458452722063037 0.6788432267884322 0.5436962750716332 0.6765601217656012 0.5429799426934098 0.6681887366818874 0.5336676217765043 0.5905631659056316 0.5336676217765043 0.5898021308980214 0.1833810888252149 0.9497716894977168 0.1826647564469914 0.9505327245053272 0.6461318051575932 0.9497716894977168 0.6468481375358166
0 0.1993911719939117 0.5408309455587392 0.0380517503805175 0.5408309455587392 0.03729071537290715 0.4040114613180516 0.1993911719939117 0.4032951289398281 0.20015220700152206 0.5401146131805158 0.1993911719939117 0.5408309455587392
0 0.573820395738204 0.8259312320916905 0.4444444444444444 0.8259312320916905 0.4436834094368341 0.5200573065902578 0.439117199391172 0.5171919770773639 0.4383561643835616 0.5150429799426934 0.4322678843226788 0.5107449856733525 0.4277016742770167 0.5078796561604585 0.4254185692541857 0.5071633237822349 0.4231354642313546 0.5035816618911175 0.4170471841704718 0.4992836676217765 0.3074581430745814 0.4992836676217765 0.3066971080669711 0.5372492836676218 0.2100456621004566 0.5379656160458453 0.20928462709284626 0.4040114613180516 0.589041095890411 0.4032951289398281 0.5898021308980214 0.5329512893982808 0.5753424657534246 0.5336676217765043 0.5745814307458144 0.8252148997134671 0.573820395738204 0.8259312320916905
0 0.4322678843226788 0.6038681948424068 0.3165905631659056 0.6038681948424068 0.3158295281582953 0.5085959885386819 0.4124809741248097 0.5078796561604585 0.4162861491628615 0.5114613180515759 0.4170471841704718 0.5136103151862464 0.4246575342465753 0.5193409742120344 0.4330289193302892 0.5257879656160458 0.4330289193302892 0.6031518624641834 0.4322678843226788 0.6038681948424068
0 0.726027397260274 0.6568767908309455 0.5753424657534246 0.6568767908309455 0.5745814307458144 0.5343839541547278 0.6681887366818874 0.5336676217765043 0.6765601217656012 0.5415472779369628 0.6773211567732116 0.5436962750716332 0.6796042617960426 0.5444126074498568 0.693302891933029 0.5587392550143266 0.7024353120243532 0.5687679083094556 0.7031963470319634 0.5709169054441261 0.7070015220700152 0.5730659025787965 0.7077625570776256 0.5752148997134671 0.7100456621004566 0.5759312320916905 0.7176560121765602 0.5845272206303725 0.7184170471841704 0.586676217765043 0.7207001522070016 0.5873925501432665 0.7229832572298326 0.5909742120343839 0.7252663622526636 0.5916905444126075 0.7267884322678844 0.5945558739255015 0.7267884322678844 0.6561604584527221 0.726027397260274 0.6568767908309455
0 0.380517503805175 0.7213467048710601 0.0380517503805175 0.7213467048710601 0.03729071537290715 0.5501432664756447 0.3059360730593607 0.5494269340974212 0.3066971080669711 0.6131805157593123 0.380517503805175 0.6138968481375359 0.3812785388127854 0.7206303724928367 0.380517503805175 0.7213467048710601
0 0.9497716894977168 0.9505730659025788 0.5981735159817352 0.9505730659025788 0.5974124809741248 0.826647564469914 0.5753424657534246 0.8259312320916905 0.5745814307458144 0.6575931232091691 0.726027397260274 0.6568767908309455 0.7267884322678844 0.6461318051575932 0.8264840182648402 0.6468481375358166 0.8272450532724506 0.6547277936962751 0.9497716894977168 0.6554441260744985 0.9505327245053272 0.9498567335243553 0.9497716894977168 0.9505730659025788
0 0.4322678843226788 0.9505730659025788 0.0395738203957382 0.9505730659025788 0.03881278538812785 0.7320916905444126 0.03729071537290715 0.7306590257879656 0.4322678843226788 0.7299426934097422 0.4330289193302892 0.9498567335243553 0.4322678843226788 0.9505730659025788
0 0.5875190258751902 0.9505730659025788 0.4444444444444444 0.9505730659025788 0.4436834094368341 0.835243553008596 0.5875190258751902 0.8345272206303725 0.5882800608828006 0.9498567335243553 0.5875190258751902 0.9505730659025788