0 0.5654635527246992 0.3654060066740823 0.46709129511677283 0.3654060066740823 0.4667374380750177 0.21468298109010012 0.5654635527246992 0.21412680756395996 0.5658174097664543 0.36484983314794217 0.5654635527246992 0.3654060066740823
0 0.5697098372257607 0.3654060066740823 0.5661712668082095 0.3654060066740823 0.5658174097664543 0.21468298109010012 0.7176220806794055 0.21412680756395996 0.7179759377211606 0.36373748609566187 0.5704175513092711 0.364293659621802 0.5697098372257607 0.3654060066740823
0 0.7749469214437368 0.35873192436040047 0.7225760792639774 0.35873192436040047 0.7222222222222222 0.21468298109010012 0.7749469214437368 0.21412680756395996 0.7753007784854918 0.3581757508342603 0.7749469214437368 0.35873192436040047
0 0.8846426043878273 0.42547274749721914 0.7799009200283086 0.42547274749721914 0.7795470629865534 0.21468298109010012 0.8846426043878273 0.21412680756395996 0.8849964614295824 0.42491657397107896 0.8846426043878273 0.42547274749721914
0 0.07501769285208776 0.3242491657397108 0.019815994338287332 0.3242491657397108 0.019462137296532202 0.22469410456062291 0.07501769285208776 0.22413793103448276 0.07537154989384288 0.3236929922135706 0.07501769285208776 0.3242491657397108
0 0.13800424628450106 0.5645161290322581 0.016985138004246284 0.5645161290322581 0.016631280962491155 0.42269187986651835 0.07855626326963906 0.4221357063403782 0.0789101203113942 0.22469410456062291 0.4288747346072187 0.22413793103448276 0.4292285916489738 0.39265850945494996 0.18046709129511676 0.3932146829810901 0.18011323425336165 0.44493882091212456 0.1387119603680113 0.44549499443826474 0.1383581033262562 0.5639599555061179 0.13800424628450106 0.5645161290322581
0 0.07501769285208776 0.41657397107897665 0.016985138004246284 0.41657397107897665 0.016631280962491155 0.3303670745272525 0.07501769285208776 0.3298109010011123 0.07537154989384288 0.41601779755283647 0.07501769285208776 0.41657397107897665
0 0.6843595187544232 0.5467185761957731 0.5704175513092711 0.5467185761957731 0.5700636942675159 0.36484983314794217 0.7749469214437368 0.364293659621802 0.7753007784854918 0.42491657397107896 0.6560509554140127 0.42547274749721914 0.6556970983722576 0.4849833147942158 0.6564048124557679 0.4860956618464961 0.6571125265392781 0.4883203559510567 0.6578202406227884 0.4905450500556173 0.6581740976645435 0.4922135706340378 0.6599433828733192 0.4938820912124583 0.6602972399150743 0.4955506117908788 0.6624203821656051 0.4977753058954394 0.6638358103326256 0.4988876529477197 0.6843595187544232 0.4988876529477197 0.6847133757961783 0.5461624026696329 0.6843595187544232 0.5467185761957731
0 0.5654635527246992 0.5467185761957731 0.4989384288747346 0.5467185761957731 0.4985845718329795 0.5406006674082313 0.46709129511677283 0.5400444938820912 0.4667374380750177 0.3659621802002225 0.5654635527246992 0.3654060066740823 0.5658174097664543 0.5461624026696329 0.5654635527246992 0.5467185761957731
0 0.3319179051663128 0.582313681868743 0.23920736022646852 0.582313681868743 0.23885350318471338 0.5650723025583982 0.1854210898796886 0.5645161290322581 0.18506723283793347 0.5050055617352615 0.18683651804670912 0.5044493882091212 0.18719037508846426 0.5016685205784205 0.186482661004954 0.5005561735261401 0.18577494692144372 0.4983314794215795 0.18577494692144372 0.4961067853170189 0.18506723283793347 0.4949944382647386 0.18506723283793347 0.489432703003337 0.18435951875442322 0.4883203559510567 0.18435951875442322 0.40155728587319245 0.3319179051663128 0.40100111234705227 0.3322717622080679 0.5817575083426029 0.3319179051663128 0.582313681868743
0 0.4288747346072187 0.582313681868743 0.3340410474168436 0.582313681868743 0.3336871903750885 0.40155728587319245 0.4288747346072187 0.40100111234705227 0.4292285916489738 0.5817575083426029 0.4288747346072187 0.582313681868743
0 0.6942675159235668 0.4922135706340378 0.6652512384996462 0.4922135706340378 0.6631280962491154 0.4888765294771969 0.66206652512385 0.4883203559510567 0.6606510969568294 0.4849833147942158 0.6599433828733192 0.4827586206896552 0.6599433828733192 0.43270300333704115 0.6942675159235668 0.432146829810901 0.694621372965322 0.4916573971078977 0.6942675159235668 0.4922135706340378
0 0.7423920736022647 0.5800889877641824 0.689313517338995 0.5800889877641824 0.6889596602972399 0.4994438264738598 0.6985138004246284 0.4988876529477197 0.6988676574663836 0.43270300333704115 0.7423920736022647 0.432146829810901 0.7427459306440198 0.5795328142380423 0.7423920736022647 0.5800889877641824
0 0.8846426043878273 0.5800889877641824 0.7473460721868365 0.5800889877641824 0.7469922151450814 0.43270300333704115 0.8846426043878273 0.432146829810901 0.8849964614295824 0.5795328142380423 0.8846426043878273 0.5800889877641824
0 0.18471337579617833 0.5645161290322581 0.14295824486907288 0.5645161290322581 0.14260438782731777 0.45272525027808674 0.1797593772116065 0.4521690767519466 0.18011323425336165 0.4916573971078977 0.1808209483368719 0.492769744160178 0.1808209483368719 0.4994438264738598 0.18152866242038215 0.5005561735261401 0.18223637650389243 0.5027808676307007 0.18294409058740269 0.5050055617352615 0.18329794762915783 0.5066740823136818 0.18471337579617833 0.5055617352614016 0.18506723283793347 0.5639599555061179 0.18471337579617833 0.5645161290322581
0 0.6843595187544232 0.8626251390433816 0.46709129511677283 0.8626251390433816 0.4667374380750177 0.5472747497219133 0.6843595187544232 0.5467185761957731 0.6847133757961783 0.8620689655172413 0.6843595187544232 0.8626251390433816
0 0.15569709837225762 0.8559510567296996 0.016985138004246284 0.8559510567296996 0.016631280962491155 0.5717463848720801 0.15569709837225762 0.57119021134594 0.15605095541401273 0.8553948832035595 0.15569709837225762 0.8559510567296996
0 0.23142250530785563 0.6223581757508343 0.16206652512384997 0.6223581757508343 0.16171266808209483 0.5761957730812013 0.23142250530785563 0.5756395995550612 0.23177636234961077 0.6218020022246941 0.23142250530785563 0.6223581757508343
0 0.313517338995046 0.7269187986651835 0.23920736022646852 0.7269187986651835 0.23885350318471338 0.5906562847608454 0.3319179051663128 0.5901001112347052 0.3322717622080679 0.6807563959955506 0.31422505307855625 0.6813125695216907 0.31387119603680114 0.7263626251390434 0.313517338995046 0.7269187986651835
0 0.4288747346072187 0.8559510567296996 0.3170559094125973 0.8559510567296996 0.3167020523708422 0.6863181312569522 0.3333333333333333 0.685761957730812 0.3336871903750885 0.5906562847608454 0.4288747346072187 0.5901001112347052 0.4292285916489738 0.8553948832035595 0.4288747346072187 0.8559510567296996
0 0.23425336164189667 0.8559510567296996 0.1592356687898089 0.8559510567296996 0.1588818117480538 0.628476084538376 0.23425336164189667 0.6279199110122358 0.2346072186836518 0.8553948832035595 0.23425336164189667 0.8559510567296996
0 0.3057324840764331 0.7914349276974416 0.24628450106157113 0.7914349276974416 0.24593064401981599 0.7352614015572859 0.3057324840764331 0.7347052280311457 0.3060863411181883 0.7908787541713015 0.3057324840764331 0.7914349276974416