0 0.5861182519280206 0.4037304452466907 0.4524421593830334 0.4037304452466907 0.45212082262210795 0.26233453670276774 0.5861182519280206 0.26173285198555957 0.586439588688946 0.40312876052948254 0.5861182519280206 0.4037304452466907
0 0.44794344473007713 0.6107099879663056 0.29048843187660667 0.6107099879663056 0.29016709511568123 0.5354993983152828 0.2962724935732648 0.5348977135980746 0.29659383033419023 0.5234657039711191 0.3033419023136247 0.5228640192539109 0.3036632390745501 0.5114320096269555 0.2969151670951157 0.5108303249097473 0.29659383033419023 0.27075812274368233 0.44794344473007713 0.27015643802647415 0.4482647814910026 0.3983152827918171 0.4402313624678663 0.3989169675090253 0.4399100257069409 0.41034897713598073 0.44794344473007713 0.4109506618531889 0.4482647814910026 0.6101083032490975 0.44794344473007713 0.6107099879663056
0 0.7146529562982005 0.562575210589651 0.6446015424164524 0.562575210589651 0.644280205655527 0.4043321299638989 0.756426735218509 0.4037304452466907 0.7567480719794345 0.5415162454873647 0.7152956298200515 0.5421179302045728 0.714974293059126 0.5619735258724429 0.7146529562982005 0.562575210589651
0 0.9569408740359897 0.710589651022864 0.7641388174807198 0.710589651022864 0.7638174807197944 0.4043321299638989 0.9569408740359897 0.4037304452466907 0.9572622107969152 0.7099879663056559 0.9569408740359897 0.710589651022864
0 0.5841902313624678 0.6010830324909747 0.4537275064267352 0.6010830324909747 0.45340616966580977 0.41155234657039713 0.5841902313624678 0.4109506618531889 0.5845115681233933 0.6004813477737665 0.5841902313624678 0.6010830324909747
0 0.19215938303341903 0.6167268351383874 0.13624678663239073 0.6167268351383874 0.1359254498714653 0.5234657039711191 0.19215938303341903 0.5228640192539109 0.19248071979434447 0.6161251504211793 0.19215938303341903 0.6167268351383874
0 0.29048843187660667 0.8080625752105897 0.13624678663239073 0.8080625752105897 0.1359254498714653 0.717208182912154 0.2236503856041131 0.7166064981949458 0.22397172236503857 0.5860409145607701 0.19665809768637532 0.585439229843562 0.19633676092544988 0.5234657039711191 0.2898457583547558 0.5228640192539109 0.29016709511568123 0.6101083032490975 0.2908097686375321 0.6113116726835138 0.2908097686375321 0.8074608904933814 0.29048843187660667 0.8080625752105897
0 0.756426735218509 0.710589651022864 0.6446015424164524 0.710589651022864 0.644280205655527 0.5764139590854392 0.756426735218509 0.575812274368231 0.7567480719794345 0.7099879663056559 0.756426735218509 0.710589651022864
0 0.21979434447300772 0.7093862815884476 0.13624678663239073 0.7093862815884476 0.1359254498714653 0.6257521058965102 0.19601542416452442 0.6251504211793021 0.19633676092544988 0.5944645006016848 0.21979434447300772 0.5938628158844765 0.22011568123393316 0.7087845968712395 0.21979434447300772 0.7093862815884476
0 0.44794344473007713 0.8080625752105897 0.294987146529563 0.8080625752105897 0.29466580976863754 0.6113116726835138 0.44794344473007713 0.6107099879663056 0.4482647814910026 0.8074608904933814 0.44794344473007713 0.8080625752105897
0 0.5841902313624678 0.8080625752105897 0.4537275064267352 0.8080625752105897 0.45340616966580977 0.6125150421179302 0.5841902313624678 0.6119133574007221 0.5845115681233933 0.8074608904933814 0.5841902313624678 0.8080625752105897