0 0.2521489971346705 0.5741721854304636 0.08022922636103152 0.5741721854304636 0.07951289398280802 0.5668874172185431 0.01862464183381089 0.5662251655629139 0.01790830945558739 0.2913907284768212 0.4154727793696275 0.29072847682119207 0.416189111747851 0.46225165562913906 0.25358166189111747 0.4629139072847682 0.252865329512894 0.5735099337748344 0.2521489971346705 0.5741721854304636
0 0.6475644699140402 0.5688741721854305 0.45988538681948427 0.5688741721854305 0.45916905444126077 0.29271523178807946 0.6475644699140402 0.29205298013245035 0.6482808022922636 0.5682119205298013 0.6475644699140402 0.5688741721854305
0 0.8409742120343839 0.5688741721854305 0.6561604584527221 0.5688741721854305 0.6554441260744985 0.29271523178807946 0.8553008595988538 0.29205298013245035 0.8560171919770774 0.5311258278145695 0.8424068767908309 0.5317880794701987 0.8416905444126075 0.5682119205298013 0.8409742120343839 0.5688741721854305
0 0.4154727793696275 0.6854304635761589 0.25358166189111747 0.6854304635761589 0.252865329512894 0.46357615894039733 0.4154727793696275 0.4629139072847682 0.416189111747851 0.6847682119205298 0.4154727793696275 0.6854304635761589
0 0.25787965616045844 0.7582781456953642 0.1361031518624642 0.7582781456953642 0.1353868194842407 0.6900662251655629 0.01862464183381089 0.6894039735099338 0.01790830945558739 0.5735099337748344 0.07879656160458452 0.5728476821192053 0.08022922636103152 0.5741721854304636 0.2521489971346705 0.5741721854304636 0.252865329512894 0.6847682119205298 0.2191977077363897 0.6854304635761589 0.2184813753581662 0.6913907284768211 0.25787965616045844 0.6920529801324503 0.25859598853868193 0.7576158940397351 0.25787965616045844 0.7582781456953642
0 0.7020057306590258 0.6907284768211921 0.45988538681948427 0.6907284768211921 0.45916905444126077 0.5748344370860927 0.7464183381088825 0.5741721854304636 0.747134670487106 0.6105960264900663 0.744269340974212 0.6132450331125828 0.7342406876790831 0.623841059602649 0.7270773638968482 0.6317880794701987 0.7213467048710601 0.6384105960264901 0.7184813753581661 0.6423841059602649 0.7084527220630372 0.6529801324503312 0.7027220630372493 0.6596026490066225 0.7027220630372493 0.6900662251655629 0.7020057306590258 0.6907284768211921
0 0.8553008595988538 0.8099337748344371 0.7091690544412608 0.8099337748344371 0.7084527220630372 0.6662251655629139 0.7141833810888252 0.6609271523178808 0.7184813753581661 0.6556291390728477 0.7242120343839542 0.6490066225165563 0.7249283667621776 0.6470198675496689 0.7270773638968482 0.6463576158940397 0.7328080229226361 0.6397350993377483 0.7399713467048711 0.6317880794701987 0.745702005730659 0.6251655629139072 0.75 0.6198675496688741 0.754297994269341 0.614569536423841 0.754297994269341 0.5748344370860927 0.8553008595988538 0.5741721854304636 0.8560171919770774 0.8092715231788079 0.8553008595988538 0.8099337748344371
0 0.4154727793696275 0.8072847682119205 0.2664756446991404 0.8072847682119205 0.26575931232091693 0.6927152317880795 0.4154727793696275 0.6920529801324503 0.416189111747851 0.8066225165562914 0.4154727793696275 0.8072847682119205
0 0.10601719197707736 0.8072847682119205 0.01862464183381089 0.8072847682119205 0.01790830945558739 0.695364238410596 0.12607449856733524 0.6947019867549669 0.12679083094555874 0.7867549668874172 0.10744985673352435 0.7874172185430464 0.10673352435530085 0.8066225165562914 0.10601719197707736 0.8072847682119205
0 0.5859598853868195 0.8099337748344371 0.45988538681948427 0.8099337748344371 0.45916905444126077 0.6966887417218544 0.5859598853868195 0.6960264900662252 0.586676217765043 0.8092715231788079 0.5859598853868195 0.8099337748344371
0 0.7020057306590258 0.8099337748344371 0.5945558739255015 0.8099337748344371 0.5938395415472779 0.6966887417218544 0.7020057306590258 0.6960264900662252 0.7027220630372493 0.8092715231788079 0.7020057306590258 0.8099337748344371
0 0.25787965616045844 0.8072847682119205 0.1361031518624642 0.8072847682119205 0.1353868194842407 0.7655629139072848 0.25787965616045844 0.7649006622516556 0.25859598853868193 0.8066225165562914 0.25787965616045844 0.8072847682119205
0 0.12607449856733524 0.9728476821192052 0.012893982808022923 0.9728476821192052 0.012177650429799427 0.8211920529801324 0.12607449856733524 0.8205298013245033 0.12679083094555874 0.9721854304635762 0.12607449856733524 0.9728476821192052