0 0.6846153846153846 0.27237001209189843 0.5790598290598291 0.27237001209189843 0.5788461538461539 0.16142684401451027 0.6846153846153846 0.16112454655380895 0.6848290598290598 0.2720677146311971 0.6846153846153846 0.27237001209189843
0 0.7166666666666667 0.22037484885126965 0.6876068376068376 0.22037484885126965 0.6873931623931624 0.16142684401451027 0.7166666666666667 0.16112454655380895 0.7168803418803419 0.22007255139056833 0.7166666666666667 0.22037484885126965
0 0.7166666666666667 0.27237001209189843 0.6876068376068376 0.27237001209189843 0.6873931623931624 0.22370012091898428 0.7166666666666667 0.22339782345828296 0.7168803418803419 0.2720677146311971 0.7166666666666667 0.27237001209189843
0 0.6162393162393163 0.42956469165659006 0.5115384615384615 0.42956469165659006 0.5113247863247863 0.27690447400241835 0.6162393162393163 0.27660217654171704 0.6164529914529915 0.42926239419588874 0.6162393162393163 0.42956469165659006
0 0.7166666666666667 0.3545949214026602 0.6196581196581197 0.3545949214026602 0.6194444444444445 0.27690447400241835 0.7166666666666667 0.27660217654171704 0.7168803418803419 0.3542926239419589 0.7166666666666667 0.3545949214026602
0 0.3175213675213675 0.45918984280532044 0.25726495726495724 0.45918984280532044 0.257051282051282 0.32285368802902054 0.3175213675213675 0.3225513905683192 0.3177350427350427 0.4588875453446191 0.3175213675213675 0.45918984280532044
0 0.3841880341880342 0.45918984280532044 0.32051282051282054 0.45918984280532044 0.32029914529914527 0.32285368802902054 0.3841880341880342 0.3225513905683192 0.3844017094017094 0.4588875453446191 0.3841880341880342 0.45918984280532044
0 0.5367521367521367 0.47128174123337363 0.3893162393162393 0.47128174123337363 0.3891025641025641 0.3258766626360339 0.5111111111111111 0.3255743651753325 0.5113247863247863 0.42926239419588874 0.5108974358974359 0.42926239419588874 0.5108974358974359 0.36698911729141476 0.5081196581196581 0.36668681983071344 0.5079059829059829 0.4322853688029021 0.5367521367521367 0.4325876662636034 0.536965811965812 0.4709794437726723 0.5367521367521367 0.47128174123337363
0 0.6696581196581196 0.4283555018137848 0.6196581196581197 0.4283555018137848 0.6194444444444445 0.3591293833131802 0.6696581196581196 0.35882708585247886 0.6698717948717948 0.4280532043530834 0.6696581196581196 0.4283555018137848
0 0.714957264957265 0.4283555018137848 0.6726495726495727 0.4283555018137848 0.6724358974358975 0.3591293833131802 0.6914529914529914 0.35882708585247886 0.6916666666666667 0.36094316807738813 0.714957264957265 0.3612454655380895 0.7151709401709402 0.4280532043530834 0.714957264957265 0.4283555018137848
0 0.6162393162393163 0.4996977025392987 0.5371794871794872 0.4996977025392987 0.536965811965812 0.4328899637243047 0.6162393162393163 0.4325876662636034 0.6164529914529915 0.49939540507859737 0.6162393162393163 0.4996977025392987
0 0.7166666666666667 0.5408101571946796 0.6196581196581197 0.5408101571946796 0.6194444444444445 0.4328899637243047 0.7166666666666667 0.4325876662636034 0.7168803418803419 0.5405078597339782 0.7166666666666667 0.5408101571946796
0 0.38076923076923075 0.5928053204353083 0.2504273504273504 0.5928053204353083 0.2502136752136752 0.46916565900846435 0.38076923076923075 0.468863361547763 0.38098290598290596 0.592503022974607 0.38076923076923075 0.5928053204353083
0 0.4512820512820513 0.5813180169286578 0.3893162393162393 0.5813180169286578 0.3891025641025641 0.4746070133010883 0.46495726495726497 0.4743047158403869 0.4651709401709402 0.524788391777509 0.4517094017094017 0.5250906892382105 0.4514957264957265 0.5810157194679565 0.4512820512820513 0.5813180169286578
0 0.5346153846153846 0.5813180169286578 0.45384615384615384 0.5813180169286578 0.45363247863247863 0.528415961305925 0.4670940170940171 0.5281136638452237 0.4673076923076923 0.4746070133010883 0.5346153846153846 0.4743047158403869 0.5348290598290598 0.5810157194679565 0.5346153846153846 0.5813180169286578
0 0.5679487179487179 0.5813180169286578 0.5371794871794872 0.5813180169286578 0.536965811965812 0.5036275695284159 0.5679487179487179 0.5033252720677146 0.5681623931623931 0.5810157194679565 0.5679487179487179 0.5813180169286578
0 0.5871794871794872 0.5813180169286578 0.5705128205128205 0.5813180169286578 0.5702991452991453 0.5036275695284159 0.6162393162393163 0.5033252720677146 0.6164529914529915 0.5405078597339782 0.6089743589743589 0.5510882708585247 0.6083333333333333 0.5513905683192262 0.6076923076923076 0.5529020556227328 0.6066239316239316 0.5538089480048367 0.6055555555555555 0.555925030229746 0.6049145299145299 0.5562273276904474 0.6038461538461538 0.5583434099153567 0.6032051282051282 0.558645707376058 0.6021367521367521 0.5607617896009673 0.5935897435897436 0.5722490931076178 0.5925213675213675 0.5731559854897219 0.5918803418803419 0.5746674727932285 0.5908119658119658 0.5755743651753326 0.5901709401709402 0.5770858524788391 0.5891025641025641 0.5779927448609432 0.5884615384615385 0.5795042321644498 0.5873931623931624 0.5804111245465539 0.5871794871794872 0.5813180169286578