0 0.47725 0.18183333333333335 0.40775 0.18183333333333335 0.407625 0.031 0.47725 0.030833333333333334 0.477375 0.18166666666666667 0.47725 0.18183333333333335
0 0.26975 0.4205 0.19125 0.4205 0.191125 0.20366666666666666 0.26975 0.2035 0.269875 0.42033333333333334 0.26975 0.4205
0 0.274 0.20416666666666666 0.273625 0.204 0.27375 0.2035 0.274125 0.20366666666666666 0.274 0.20416666666666666
0 0.47725 0.4305 0.27425 0.4305 0.274 0.42983333333333335 0.273625 0.42966666666666664 0.273625 0.20433333333333334 0.274125 0.204 0.27425 0.2035 0.47725 0.2035 0.477375 0.43033333333333335 0.47725 0.4305
0 0.768 0.3611666666666667 0.572 0.3611666666666667 0.571875 0.20366666666666666 0.7415 0.2035 0.741625 0.2886666666666667 0.768 0.28883333333333333 0.768125 0.361 0.768 0.3611666666666667
0 0.935 0.3995 0.841 0.3995 0.840875 0.36133333333333334 0.77375 0.3611666666666667 0.773625 0.2783333333333333 0.747 0.2781666666666667 0.746875 0.20366666666666666 0.935 0.2035 0.935125 0.3993333333333333 0.935 0.3995
0 0.184 0.30783333333333335 0.11225 0.30783333333333335 0.112125 0.208 0.184 0.20783333333333334 0.184125 0.30766666666666664 0.184 0.30783333333333335
0 0.18725 0.4241666666666667 0.111 0.4241666666666667 0.110875 0.31866666666666665 0.18725 0.3185 0.187375 0.424 0.18725 0.4241666666666667
0 0.935 0.7768333333333334 0.73475 0.7768333333333334 0.734625 0.456 0.68575 0.4558333333333333 0.685625 0.36866666666666664 0.83525 0.3685 0.835375 0.4066666666666667 0.935 0.4068333333333333 0.935125 0.7766666666666666 0.935 0.7768333333333334
0 0.61825 0.4558333333333333 0.572 0.4558333333333333 0.571875 0.37233333333333335 0.61825 0.37216666666666665 0.618375 0.45566666666666666 0.61825 0.4558333333333333
0 0.68025 0.4558333333333333 0.6235 0.4558333333333333 0.623375 0.37233333333333335 0.68025 0.37216666666666665 0.680375 0.45566666666666666 0.68025 0.4558333333333333
0 0.18725 0.5368333333333334 0.111 0.5368333333333334 0.110875 0.43 0.18725 0.42983333333333335 0.187375 0.5366666666666666 0.18725 0.5368333333333334
0 0.267 0.6215 0.111 0.6215 0.110875 0.5426666666666666 0.191 0.5425 0.191125 0.43 0.274 0.42983333333333335 0.274125 0.549 0.26725 0.5491666666666667 0.267125 0.6213333333333333 0.267 0.6215
0 0.47725 0.7775 0.27425 0.7775 0.274 0.7768333333333334 0.273625 0.7766666666666666 0.273625 0.5493333333333333 0.274125 0.549 0.274125 0.43066666666666664 0.47725 0.4305 0.477375 0.7773333333333333 0.47725 0.7775
0 0.7295 0.6185 0.572 0.6185 0.571875 0.46266666666666667 0.7295 0.4625 0.729625 0.6183333333333333 0.7295 0.6185
0 0.274 0.7775 0.273625 0.7773333333333333 0.27375 0.7768333333333334 0.274125 0.777 0.274 0.7775