0 0.2176560121765601 0.38580750407830344 0.05859969558599695 0.38580750407830344 0.05821917808219178 0.12561174551386622 0.2161339421613394 0.12479608482871125 0.2165144596651446 0.21207177814029363 0.21727549467275495 0.2137030995106036 0.21727549467275495 0.2969004893964111 0.2180365296803653 0.29853181076672103 0.2180365296803653 0.38499184339314846 0.2176560121765601 0.38580750407830344
0 0.3447488584474886 0.3890701468189233 0.22450532724505326 0.3890701468189233 0.2241248097412481 0.12561174551386622 0.3447488584474886 0.12479608482871125 0.3451293759512938 0.38825448613376834 0.3447488584474886 0.3890701468189233
0 0.5205479452054794 0.49836867862969003 0.3523592085235921 0.49836867862969003 0.3519786910197869 0.1272430668841762 0.3512176560121766 0.12561174551386622 0.5205479452054794 0.12479608482871125 0.5209284627092846 0.49755301794453505 0.5205479452054794 0.49836867862969003
0 0.6149162861491628 0.3972267536704731 0.5768645357686454 0.3972267536704731 0.5764840182648402 0.3474714518760196 0.528158295281583 0.3466557911908646 0.5277777777777778 0.12561174551386622 0.6461187214611872 0.12479608482871125 0.6464992389649924 0.33278955954323003 0.6472602739726028 0.33442088091353994 0.6472602739726028 0.3442088091353997 0.6156773211567732 0.3450244698205546 0.615296803652968 0.3964110929853181 0.6149162861491628 0.3972267536704731
0 0.7351598173515982 0.5407830342577488 0.6552511415525114 0.5407830342577488 0.6548706240487062 0.33442088091353994 0.7351598173515982 0.333605220228385 0.7355403348554034 0.5399673735725938 0.7351598173515982 0.5407830342577488
0 0.8340943683409436 0.49836867862969003 0.7420091324200914 0.49836867862969003 0.7416286149162862 0.33442088091353994 0.8340943683409436 0.333605220228385 0.8344748858447488 0.49755301794453505 0.8340943683409436 0.49836867862969003
0 0.9490106544901066 0.8458401305057096 0.8424657534246576 0.8458401305057096 0.8420852359208524 0.33442088091353994 0.9490106544901066 0.333605220228385 0.9493911719939118 0.8450244698205547 0.9490106544901066 0.8458401305057096
0 0.5525114155251142 0.3972267536704731 0.528158295281583 0.3972267536704731 0.5277777777777778 0.3523654159869494 0.5525114155251142 0.35154975530179444 0.5528919330289194 0.3964110929853181 0.5525114155251142 0.3972267536704731
0 0.5730593607305936 0.3972267536704731 0.556316590563166 0.3972267536704731 0.5559360730593608 0.3523654159869494 0.5730593607305936 0.35154975530179444 0.5734398782343988 0.3964110929853181 0.5730593607305936 0.3972267536704731
0 0.6468797564687976 0.3972267536704731 0.6187214611872146 0.3972267536704731 0.6183409436834094 0.3523654159869494 0.6468797564687976 0.35154975530179444 0.6472602739726028 0.3964110929853181 0.6468797564687976 0.3972267536704731
0 0.1537290715372907 0.7071778140293637 0.05859969558599695 0.7071778140293637 0.05821917808219178 0.399673735725938 0.21537290715372906 0.398858075040783 0.21575342465753425 0.6525285481239804 0.15449010654490106 0.6533442088091354 0.1541095890410959 0.7063621533442088 0.1537290715372907 0.7071778140293637
0 0.3515981735159817 0.49836867862969003 0.2237442922374429 0.49836867862969003 0.22336377473363775 0.40456769983686786 0.3515981735159817 0.40375203915171287 0.3519786910197869 0.49755301794453505 0.3515981735159817 0.49836867862969003
0 0.6461187214611872 0.6468189233278956 0.5471841704718418 0.6468189233278956 0.5468036529680366 0.499184339314845 0.528158295281583 0.49836867862969003 0.5277777777777778 0.41272430668841764 0.6461187214611872 0.41190864600326266 0.6464992389649924 0.6460032626427407 0.6461187214611872 0.6468189233278956
0 0.3424657534246575 0.765905383360522 0.22450532724505326 0.765905383360522 0.2241248097412481 0.5138662316476346 0.3424657534246575 0.5130505709624796 0.3428462709284627 0.765089722675367 0.3424657534246575 0.765905383360522
0 0.5388127853881278 0.765905383360522 0.350076103500761 0.765905383360522 0.3496955859969559 0.5138662316476346 0.5136986301369864 0.5130505709624796 0.5140791476407914 0.5579119086460033 0.5388127853881278 0.5587275693311582 0.539193302891933 0.765089722675367 0.5388127853881278 0.765905383360522
0 0.5388127853881278 0.5587275693311582 0.5144596651445966 0.5587275693311582 0.5140791476407914 0.5138662316476346 0.5388127853881278 0.5130505709624796 0.539193302891933 0.5579119086460033 0.5388127853881278 0.5587275693311582
0 0.8340943683409436 0.8458401305057096 0.7747336377473364 0.8458401305057096 0.7743531202435312 0.5171288743882545 0.8340943683409436 0.5163132137030995 0.8344748858447488 0.8450244698205547 0.8340943683409436 0.8458401305057096
0 0.700152207001522 0.7773246329526917 0.6552511415525114 0.7773246329526917 0.6548706240487062 0.5595432300163132 0.700152207001522 0.5587275693311582 0.7005327245053272 0.7765089722675367 0.700152207001522 0.7773246329526917
0 0.7678843226788432 0.699021207177814 0.7070015220700152 0.699021207177814 0.70662100456621 0.5595432300163132 0.7678843226788432 0.5587275693311582 0.7682648401826484 0.6982055464926591 0.7678843226788432 0.699021207177814
0 0.5898021308980214 0.765905383360522 0.5471841704718418 0.765905383360522 0.5468036529680366 0.6606851549755302 0.5898021308980214 0.6598694942903752 0.5901826484018264 0.765089722675367 0.5898021308980214 0.765905383360522
0 0.6461187214611872 0.765905383360522 0.5951293759512938 0.765905383360522 0.5947488584474886 0.6606851549755302 0.6461187214611872 0.6598694942903752 0.6464992389649924 0.765089722675367 0.6461187214611872 0.765905383360522
0 0.21537290715372906 0.7626427406199021 0.15905631659056316 0.7626427406199021 0.158675799086758 0.6639477977161501 0.21537290715372906 0.6631321370309952 0.21575342465753425 0.7618270799347472 0.21537290715372906 0.7626427406199021
0 0.7678843226788432 0.8458401305057096 0.7070015220700152 0.8458401305057096 0.70662100456621 0.7128874388254486 0.7678843226788432 0.7120717781402937 0.7682648401826484 0.8450244698205547 0.7678843226788432 0.8458401305057096
0 0.6750380517503806 0.8458401305057096 0.6552511415525114 0.8458401305057096 0.6548706240487062 0.7879282218597063 0.6750380517503806 0.7871125611745514 0.6754185692541856 0.8450244698205547 0.6750380517503806 0.8458401305057096
0 0.700152207001522 0.8458401305057096 0.678082191780822 0.8458401305057096 0.6777016742770168 0.7879282218597063 0.700152207001522 0.7871125611745514 0.7005327245053272 0.8450244698205547 0.700152207001522 0.8458401305057096