0 0.7780784844384303 0.11430062630480167 0.5196211096075778 0.11430062630480167 0.5192828146143437 0.024008350730688934 0.7780784844384303 0.02348643006263048 0.7784167794316644 0.11377870563674322 0.7780784844384303 0.11430062630480167
0 0.9709066305818674 0.7416492693110647 0.7848443843031123 0.7416492693110647 0.7845060893098782 0.024008350730688934 0.9709066305818674 0.02348643006263048 0.9712449255751014 0.7411273486430062 0.9709066305818674 0.7416492693110647
0 0.2780784844384303 0.41701461377870563 0.02029769959404601 0.41701461377870563 0.019959404600811907 0.026096033402922755 0.2780784844384303 0.0255741127348643 0.27841677943166443 0.4164926931106472 0.2780784844384303 0.41701461377870563
0 0.4722598105548038 0.41701461377870563 0.28416779431664413 0.41701461377870563 0.28382949932341 0.026096033402922755 0.4722598105548038 0.0255741127348643 0.4725981055480379 0.4164926931106472 0.4722598105548038 0.41701461377870563
0 0.6224627875507442 0.3627348643006263 0.5196211096075778 0.3627348643006263 0.5192828146143437 0.12421711899791232 0.6224627875507442 0.12369519832985386 0.6228010825439784 0.36221294363256784 0.6224627875507442 0.3627348643006263
0 0.6637347767253045 0.7416492693110647 0.5196211096075778 0.7416492693110647 0.5192828146143437 0.534446764091858 0.6278755074424899 0.5339248434237995 0.628213802435724 0.12421711899791232 0.7780784844384303 0.12369519832985386 0.7784167794316644 0.6106471816283925 0.6644113667117727 0.6111691022964509 0.6640730717185386 0.7411273486430062 0.6637347767253045 0.7416492693110647
0 0.6224627875507442 0.5255741127348643 0.5196211096075778 0.5255741127348643 0.5192828146143437 0.37265135699373697 0.6224627875507442 0.3721294363256785 0.6228010825439784 0.5250521920668059 0.6224627875507442 0.5255741127348643
0 0.14614343707713126 0.6268267223382046 0.02029769959404601 0.6268267223382046 0.019959404600811907 0.42588726513569936 0.14614343707713126 0.4253653444676409 0.14648173207036536 0.6263048016701461 0.14614343707713126 0.6268267223382046
0 0.2178619756427605 0.7332985386221295 0.02029769959404601 0.7332985386221295 0.019959404600811907 0.6356993736951984 0.15155615696887687 0.6351774530271399 0.15189445196211096 0.42588726513569936 0.2178619756427605 0.4253653444676409 0.2182002706359946 0.732776617954071 0.2178619756427605 0.7332985386221295
0 0.4722598105548038 0.7332985386221295 0.2239512855209743 0.7332985386221295 0.2236129905277402 0.42588726513569936 0.4722598105548038 0.4253653444676409 0.4725981055480379 0.732776617954071 0.4722598105548038 0.7332985386221295
0 0.2699594046008119 0.9316283924843424 0.15358592692828146 0.9316283924843424 0.15324763193504737 0.744258872651357 0.2699594046008119 0.7437369519832986 0.270297699594046 0.9311064718162839 0.2699594046008119 0.9316283924843424