0 0.25055187637969095 0.6450617283950617 0.1997792494481236 0.6450617283950617 0.19922737306843266 0.6131687242798354 0.19536423841059603 0.6121399176954733 0.19481236203090507 0.6419753086419753 0.08057395143487858 0.6430041152263375 0.08002207505518764 0.6234567901234568 0.04966887417218543 0.6224279835390947 0.04911699779249448 0.18518518518518517 0.25055187637969095 0.18415637860082304 0.2511037527593819 0.4403292181069959 0.25 0.44238683127572015 0.25 0.6419753086419753 0.2511037527593819 0.6440329218106996 0.25055187637969095 0.6450617283950617
0 0.2836644591611479 0.6347736625514403 0.25496688741721857 0.6347736625514403 0.2544150110375276 0.44238683127572015 0.25165562913907286 0.44135802469135804 0.2511037527593819 0.18518518518518517 0.2869757174392936 0.18415637860082304 0.2875275938189846 0.4403292181069959 0.2847682119205298 0.44135802469135804 0.28421633554083886 0.6337448559670782 0.2836644591611479 0.6347736625514403
0 0.45916114790286977 0.43724279835390945 0.28807947019867547 0.43724279835390945 0.2875275938189846 0.18518518518518517 0.45364238410596025 0.18415637860082304 0.4586092715231788 0.19547325102880658 0.4597130242825607 0.19958847736625515 0.4597130242825607 0.43621399176954734 0.45916114790286977 0.43724279835390945
0 0.7660044150110376 0.43106995884773663 0.5463576158940397 0.43106995884773663 0.5458057395143487 0.19547325102880658 0.7649006622516556 0.19444444444444445 0.7654525386313465 0.3683127572016461 0.7665562913907285 0.37037037037037035 0.7665562913907285 0.43004115226337447 0.7660044150110376 0.43106995884773663
0 0.8576158940397351 0.7067901234567902 0.7737306843267108 0.7067901234567902 0.7731788079470199 0.3724279835390947 0.772075055187638 0.37037037037037035 0.772075055187638 0.30864197530864196 0.8543046357615894 0.30761316872427985 0.8548565121412803 0.4588477366255144 0.9039735099337748 0.45987654320987653 0.9045253863134658 0.5329218106995884 0.8587196467991169 0.5339506172839507 0.858167770419426 0.7057613168724279 0.8576158940397351 0.7067901234567902
0 0.9503311258278145 0.44753086419753085 0.8620309050772627 0.44753086419753085 0.8614790286975718 0.30864197530864196 0.9503311258278145 0.30761316872427985 0.9508830022075055 0.44650205761316875 0.9503311258278145 0.44753086419753085
0 0.45916114790286977 0.6450617283950617 0.38079470198675497 0.6450617283950617 0.380242825607064 0.6234567901234568 0.38631346578366443 0.6224279835390947 0.3868653421633554 0.6152263374485597 0.3631346578366446 0.6141975308641975 0.36258278145695366 0.5679012345679012 0.38631346578366443 0.5668724279835391 0.3868653421633554 0.5596707818930041 0.358719646799117 0.558641975308642 0.35816777041942605 0.6131687242798354 0.2891832229580574 0.6141975308641975 0.2886313465783664 0.44238683127572015 0.2875275938189846 0.4403292181069959 0.28807947019867547 0.43724279835390945 0.45916114790286977 0.43724279835390945 0.4597130242825607 0.6440329218106996 0.45916114790286977 0.6450617283950617
0 0.6611479028697572 0.6368312757201646 0.5463576158940397 0.6368312757201646 0.5458057395143487 0.4444444444444444 0.673289183222958 0.4434156378600823 0.6738410596026491 0.5740740740740741 0.6622516556291391 0.5751028806584362 0.6616997792494481 0.6358024691358025 0.6611479028697572 0.6368312757201646
0 0.7671081677704195 0.7685185185185185 0.6810154525386314 0.7685185185185185 0.6804635761589404 0.4444444444444444 0.7218543046357616 0.4434156378600823 0.7224061810154525 0.6440329218106996 0.7273730684326711 0.6450617283950617 0.727924944812362 0.4444444444444444 0.7660044150110376 0.4434156378600823 0.7665562913907285 0.6399176954732511 0.7676600441501104 0.6419753086419753 0.7676600441501104 0.7674897119341564 0.7671081677704195 0.7685185185185185
0 0.9503311258278145 0.5339506172839507 0.9105960264900662 0.5339506172839507 0.9100441501103753 0.4609053497942387 0.9503311258278145 0.45987654320987653 0.9508830022075055 0.5329218106995884 0.9503311258278145 0.5339506172839507
0 0.9503311258278145 0.7067901234567902 0.8642384105960265 0.7067901234567902 0.8636865342163356 0.5452674897119342 0.9503311258278145 0.5442386831275721 0.9508830022075055 0.7057613168724279 0.9503311258278145 0.7067901234567902
0 0.37637969094922735 0.7294238683127572 0.2891832229580574 0.7294238683127572 0.2886313465783664 0.6234567901234568 0.37637969094922735 0.6224279835390947 0.3769315673289183 0.7283950617283951 0.37637969094922735 0.7294238683127572
0 0.2836644591611479 0.7993827160493827 0.1997792494481236 0.7993827160493827 0.19922737306843266 0.6460905349794238 0.2836644591611479 0.6450617283950617 0.28421633554083886 0.7983539094650206 0.2836644591611479 0.7993827160493827
0 0.19426048565121412 0.8919753086419753 0.08057395143487858 0.8919753086419753 0.08002207505518764 0.6502057613168725 0.18211920529801323 0.6491769547325102 0.18267108167770418 0.6810699588477366 0.19426048565121412 0.6820987654320988 0.19481236203090507 0.8909465020576132 0.19426048565121412 0.8919753086419753
0 0.673289183222958 0.8816872427983539 0.5463576158940397 0.8816872427983539 0.5458057395143487 0.6502057613168725 0.6611479028697572 0.6491769547325102 0.6616997792494481 0.6831275720164609 0.673289183222958 0.684156378600823 0.6738410596026491 0.7674897119341564 0.6556291390728477 0.7685185185185185 0.6550772626931567 0.779835390946502 0.673289183222958 0.7808641975308642 0.6738410596026491 0.8806584362139918 0.673289183222958 0.8816872427983539
0 0.7671081677704195 0.8816872427983539 0.6810154525386314 0.8816872427983539 0.6804635761589404 0.7818930041152263 0.7671081677704195 0.7808641975308642 0.7676600441501104 0.8806584362139918 0.7671081677704195 0.8816872427983539
0 0.24282560706401765 0.8919753086419753 0.1997792494481236 0.8919753086419753 0.19922737306843266 0.808641975308642 0.24282560706401765 0.8076131687242798 0.2433774834437086 0.8909465020576132 0.24282560706401765 0.8919753086419753
0 0.2836644591611479 0.8919753086419753 0.24724061810154527 0.8919753086419753 0.24668874172185432 0.808641975308642 0.2836644591611479 0.8076131687242798 0.28421633554083886 0.8909465020576132 0.2836644591611479 0.8919753086419753