0 0.9743589743589743 0.3514344262295082 0.7080867850098619 0.3514344262295082 0.7071005917159763 0.19672131147540983 0.9743589743589743 0.19569672131147542 0.97534516765286 0.35040983606557374 0.9743589743589743 0.3514344262295082
0 0.3431952662721893 0.5276639344262295 0.045364891518737675 0.5276639344262295 0.04437869822485207 0.20081967213114754 0.3431952662721893 0.19979508196721313 0.34418145956607493 0.5266393442622951 0.3431952662721893 0.5276639344262295
0 0.5502958579881657 0.44979508196721313 0.34516765285996054 0.44979508196721313 0.34418145956607493 0.20081967213114754 0.5502958579881657 0.19979508196721313 0.5512820512820513 0.4487704918032787 0.5502958579881657 0.44979508196721313
0 0.6883629191321499 0.5502049180327869 0.5581854043392505 0.5502049180327869 0.5571992110453649 0.20081967213114754 0.6883629191321499 0.19979508196721313 0.6893491124260355 0.5491803278688525 0.6883629191321499 0.5502049180327869
0 0.9822485207100592 0.8329918032786885 0.7100591715976331 0.8329918032786885 0.7090729783037475 0.3729508196721312 0.9822485207100592 0.3719262295081967 0.9832347140039448 0.8319672131147541 0.9822485207100592 0.8329918032786885
0 0.4556213017751479 0.548155737704918 0.3510848126232742 0.548155737704918 0.35009861932938857 0.4569672131147541 0.4556213017751479 0.45594262295081966 0.45660749506903353 0.5471311475409836 0.4556213017751479 0.548155737704918
0 0.5502958579881657 0.548155737704918 0.4635108481262327 0.548155737704918 0.4625246548323471 0.4569672131147541 0.5502958579881657 0.45594262295081966 0.5512820512820513 0.5471311475409836 0.5502958579881657 0.548155737704918
0 0.3431952662721893 0.8084016393442623 0.22682445759368836 0.8084016393442623 0.22583826429980275 0.5286885245901639 0.3431952662721893 0.5276639344262295 0.34418145956607493 0.8073770491803278 0.3431952662721893 0.8084016393442623
0 0.21893491124260356 0.8084016393442623 0.045364891518737675 0.8084016393442623 0.04437869822485207 0.5348360655737705 0.21893491124260356 0.5338114754098361 0.21992110453648916 0.8073770491803278 0.21893491124260356 0.8084016393442623
0 0.5502958579881657 0.8084016393442623 0.3510848126232742 0.8084016393442623 0.35009861932938857 0.555327868852459 0.5502958579881657 0.5543032786885246 0.5512820512820513 0.8073770491803278 0.5502958579881657 0.8084016393442623
0 0.6824457593688363 0.6813524590163934 0.5581854043392505 0.6813524590163934 0.5571992110453649 0.5573770491803278 0.6824457593688363 0.5563524590163934 0.6834319526627219 0.680327868852459 0.6824457593688363 0.6813524590163934
0 0.6844181459566075 0.8043032786885246 0.5601577909270217 0.8043032786885246 0.5591715976331361 0.694672131147541 0.6844181459566075 0.6936475409836066 0.685404339250493 0.8032786885245902 0.6844181459566075 0.8043032786885246