0 0.26810477657935283 0.46090909090909093 0.08320493066255778 0.46090909090909093 0.08243451463790447 0.15454545454545454 0.26810477657935283 0.15363636363636363 0.26887519260400616 0.46 0.26810477657935283 0.46090909090909093
0 0.576271186440678 0.8172727272727273 0.41448382126348227 0.8172727272727273 0.413713405238829 0.7109090909090909 0.275808936825886 0.71 0.27503852080123264 0.15454545454545454 0.5701078582434514 0.15363636363636363 0.5708782742681048 0.39636363636363636 0.5778120184899846 0.3972727272727273 0.5785824345146379 0.3690909090909091 0.5855161787365177 0.36818181818181817 0.5862865947611711 0.3090909090909091 0.637904468412943 0.30818181818181817 0.6386748844375963 0.28909090909090907 0.785824345146379 0.2881818181818182 0.7865947611710323 0.5745454545454546 0.5778120184899846 0.5754545454545454 0.5770416024653313 0.8163636363636364 0.576271186440678 0.8172727272727273
0 0.6610169491525424 0.2790909090909091 0.5793528505392912 0.2790909090909091 0.5785824345146379 0.15454545454545454 0.6610169491525424 0.15363636363636363 0.6617873651771957 0.2781818181818182 0.6610169491525424 0.2790909090909091
0 0.785824345146379 0.2790909090909091 0.6671802773497689 0.2790909090909091 0.6664098613251156 0.15454545454545454 0.785824345146379 0.15363636363636363 0.7865947611710323 0.2781818181818182 0.785824345146379 0.2790909090909091
0 0.5778120184899846 0.3972727272727273 0.5716486902927581 0.3972727272727273 0.5708782742681048 0.28909090909090907 0.637904468412943 0.2881818181818182 0.6386748844375963 0.30727272727272725 0.5870570107858244 0.30818181818181817 0.5862865947611711 0.36727272727272725 0.5793528505392912 0.36818181818181817 0.5785824345146379 0.39636363636363636 0.5778120184899846 0.3972727272727273
0 0.9984591679506933 0.6372727272727273 0.9614791987673343 0.6372727272727273 0.960708782742681 0.6090909090909091 0.9060092449922958 0.6081818181818182 0.9052388289676425 0.44545454545454544 0.9984591679506933 0.4445454545454545
0 0.18798151001540833 0.5536363636363636 0.08320493066255778 0.5536363636363636 0.08243451463790447 0.4672727272727273 0.18798151001540833 0.46636363636363637 0.18875192604006163 0.5527272727272727 0.18798151001540833 0.5536363636363636
0 0.26810477657935283 0.5536363636363636 0.19568567026194145 0.5536363636363636 0.19491525423728814 0.4672727272727273 0.26810477657935283 0.46636363636363637 0.26887519260400616 0.5527272727272727 0.26810477657935283 0.5536363636363636
0 0.26810477657935283 0.8172727272727273 0.08320493066255778 0.8172727272727273 0.08243451463790447 0.5618181818181818 0.26810477657935283 0.5609090909090909 0.26887519260400616 0.8163636363636364 0.26810477657935283 0.8172727272727273
0 0.785824345146379 0.8172727272727273 0.5824345146379045 0.8172727272727273 0.5816640986132512 0.5818181818181818 0.785824345146379 0.5809090909090909 0.7865947611710323 0.8163636363636364 0.785824345146379 0.8172727272727273
0 0.9522342064714946 0.6827272727272727 0.9060092449922958 0.6827272727272727 0.9052388289676425 0.6145454545454545 0.9522342064714946 0.6136363636363636 0.9530046224961479 0.6818181818181818 0.9522342064714946 0.6827272727272727
0 0.9984591679506933 0.9954545454545455 0.9060092449922958 0.9954545454545455 0.9052388289676425 0.6836363636363636 0.9599383667180277 0.6827272727272727 0.960708782742681 0.6418181818181818 0.9984591679506933 0.6409090909090909
0 0.3436055469953775 0.8172727272727273 0.275808936825886 0.8172727272727273 0.27503852080123264 0.72 0.3436055469953775 0.7190909090909091 0.3443759630200308 0.8163636363636364 0.3436055469953775 0.8172727272727273
0 0.4052388289676425 0.8172727272727273 0.3543913713405239 0.8172727272727273 0.35362095531587057 0.72 0.4052388289676425 0.7190909090909091 0.40600924499229585 0.8163636363636364 0.4052388289676425 0.8172727272727273