0 0.3547140649149923 0.45045558086560367 0.14605873261205565 0.45045558086560367 0.14567233384853168 0.2266514806378132 0.3547140649149923 0.22608200455580865 0.3551004636785162 0.4498861047835991 0.3547140649149923 0.45045558086560367
0 0.509273570324575 0.841116173120729 0.35935085007727974 0.841116173120729 0.3589644513137558 0.2266514806378132 0.6638330757341576 0.22608200455580865 0.6642194744976816 0.5523917995444191 0.4536321483771252 0.5529612756264237 0.45324574961360126 0.6059225512528473 0.509273570324575 0.606492027334852 0.509659969088099 0.8405466970387244 0.509273570324575 0.841116173120729
0 0.7735703245749613 0.3331435079726651 0.6692426584234931 0.3331435079726651 0.6688562596599691 0.2266514806378132 0.7735703245749613 0.22608200455580865 0.7739567233384853 0.3325740318906606 0.7735703245749613 0.3331435079726651
0 0.9327666151468316 0.5427107061503417 0.7789799072642968 0.5427107061503417 0.7785935085007728 0.2266514806378132 0.9327666151468316 0.22608200455580865 0.9331530139103554 0.5421412300683371 0.9327666151468316 0.5427107061503417
0 0.7735703245749613 0.45956719817767655 0.6692426584234931 0.45956719817767655 0.6688562596599691 0.34054669703872437 0.7735703245749613 0.33997722095671984 0.7739567233384853 0.45899772209567197 0.7735703245749613 0.45956719817767655
0 0.3547140649149923 0.6543280182232346 0.24420401854714066 0.6543280182232346 0.24381761978361668 0.6047835990888383 0.14605873261205565 0.6042141230068337 0.14567233384853168 0.45785876993166286 0.3547140649149923 0.45728929384965833 0.3551004636785162 0.6537585421412301 0.3547140649149923 0.6543280182232346
0 0.7735703245749613 0.841116173120729 0.6692426584234931 0.841116173120729 0.6688562596599691 0.5876993166287016 0.6646058732612056 0.587129840546697 0.6642194744976816 0.46697038724373574 0.7735703245749613 0.4664009111617312 0.7739567233384853 0.8405466970387244 0.7735703245749613 0.841116173120729
0 0.9327666151468316 0.841116173120729 0.7789799072642968 0.841116173120729 0.7785935085007728 0.5501138952164009 0.9327666151468316 0.5495444191343963 0.9331530139103554 0.8405466970387244 0.9327666151468316 0.841116173120729
0 0.6638330757341576 0.841116173120729 0.5100463678516228 0.841116173120729 0.509659969088099 0.6070615034168565 0.4536321483771252 0.606492027334852 0.45324574961360126 0.5535307517084282 0.6638330757341576 0.5529612756264237 0.6642194744976816 0.8405466970387244 0.6638330757341576 0.841116173120729
0 0.23879443585780524 0.7033029612756264 0.14605873261205565 0.7033029612756264 0.14567233384853168 0.6116173120728929 0.23879443585780524 0.6110478359908884 0.23918083462132922 0.7027334851936219 0.23879443585780524 0.7033029612756264
0 0.34930448222565685 0.841116173120729 0.24420401854714066 0.841116173120729 0.24381761978361668 0.6605922551252847 0.34930448222565685 0.6600227790432802 0.34969088098918083 0.8405466970387244 0.34930448222565685 0.841116173120729
0 0.23879443585780524 0.841116173120729 0.14605873261205565 0.841116173120729 0.14567233384853168 0.7107061503416856 0.23879443585780524 0.7101366742596811 0.23918083462132922 0.8405466970387244 0.23879443585780524 0.841116173120729