0 0.3147401433691756 0.4508221680876979 0.13754480286738352 0.4508221680876979 0.13743279569892472 0.19123020706455543 0.3147401433691756 0.19107795371498174 0.31485215053763443 0.45066991473812423 0.3147401433691756 0.4508221680876979
0 0.649641577060932 0.4712241169305725 0.319668458781362 0.4712241169305725 0.31955645161290325 0.19123020706455543 0.649641577060932 0.19107795371498174 0.6497535842293907 0.4710718635809988 0.649641577060932 0.4712241169305725
0 0.8539426523297491 0.44229598051157126 0.6545698924731183 0.44229598051157126 0.6544578853046595 0.19123020706455543 0.8539426523297491 0.19107795371498174 0.8540546594982079 0.44214372716199757 0.8539426523297491 0.44229598051157126
0 0.7504480286738351 0.5245127892813642 0.6545698924731183 0.5245127892813642 0.6544578853046595 0.44884287454323996 0.7504480286738351 0.44869062119366626 0.7505600358422939 0.5243605359317906 0.7504480286738351 0.5245127892813642
0 0.8539426523297491 0.5245127892813642 0.7549283154121864 0.5245127892813642 0.7548163082437276 0.44884287454323996 0.8539426523297491 0.44869062119366626 0.8540546594982079 0.5243605359317906 0.8539426523297491 0.5245127892813642
0 0.23723118279569894 0.5159866017052375 0.13754480286738352 0.5159866017052375 0.13743279569892472 0.457673568818514 0.23723118279569894 0.4575213154689403 0.2373431899641577 0.5158343483556638 0.23723118279569894 0.5159866017052375
0 0.3147401433691756 0.580237515225335 0.2421594982078853 0.580237515225335 0.24204749103942652 0.457673568818514 0.3147401433691756 0.4575213154689403 0.31485215053763443 0.5800852618757613 0.3147401433691756 0.580237515225335
0 0.42562724014336917 0.7452801461632156 0.319668458781362 0.7452801461632156 0.31955645161290325 0.4713763702801462 0.4249551971326165 0.4712241169305725 0.42506720430107525 0.6224116930572473 0.42562724014336917 0.622563946406821 0.42573924731182794 0.7451278928136419 0.42562724014336917 0.7452801461632156
0 0.6236559139784946 0.8375456760048721 0.4305555555555556 0.8375456760048721 0.43044354838709675 0.6227161997563947 0.425179211469534 0.622563946406821 0.42506720430107525 0.4713763702801462 0.5916218637992832 0.4712241169305725 0.5917338709677419 0.4774665042630938 0.6236559139784946 0.4776187576126675 0.6237679211469535 0.8373934226552984 0.6236559139784946 0.8375456760048721
0 0.23723118279569894 0.580237515225335 0.13754480286738352 0.580237515225335 0.13743279569892472 0.5225334957369062 0.23723118279569894 0.5223812423873325 0.2373431899641577 0.5800852618757613 0.23723118279569894 0.580237515225335
0 0.7329749103942652 0.6658038976857491 0.6312724014336918 0.6658038976857491 0.631160394265233 0.5931790499390986 0.628584229390681 0.593026796589525 0.6284722222222222 0.5825213154689404 0.678763440860215 0.5823690621193667 0.6788754480286738 0.5758221680876979 0.628584229390681 0.5756699147381242 0.6284722222222222 0.5310596833130329 0.735663082437276 0.5309074299634592 0.7357750896057348 0.5959196102314251 0.7331989247311828 0.5960718635809987 0.733086917562724 0.6656516443361754 0.7329749103942652 0.6658038976857491
0 0.8492383512544803 0.6694579780755177 0.7405913978494624 0.6694579780755177 0.7404793906810035 0.5310596833130329 0.8492383512544803 0.5309074299634592 0.849350358422939 0.669305724725944 0.8492383512544803 0.6694579780755177
0 0.3147401433691756 0.8375456760048721 0.13754480286738352 0.8375456760048721 0.13743279569892472 0.5867844092570037 0.3147401433691756 0.58663215590743 0.31485215053763443 0.8373934226552984 0.3147401433691756 0.8375456760048721
0 0.8539426523297491 0.8375456760048721 0.628584229390681 0.8375456760048721 0.6284722222222222 0.6763093788063338 0.735663082437276 0.6761571254567601 0.7357750896057348 0.7219853836784409 0.7403673835125448 0.7221376370280146 0.7404793906810035 0.6763093788063338 0.8539426523297491 0.6761571254567601 0.8540546594982079 0.8373934226552984 0.8539426523297491 0.8375456760048721
0 0.42562724014336917 0.8375456760048721 0.319668458781362 0.8375456760048721 0.31955645161290325 0.7518270401948843 0.42562724014336917 0.7516747868453106 0.42573924731182794 0.8373934226552984 0.42562724014336917 0.8375456760048721