0 0.13972055888223553 0.15476190476190477 0.05588822355289421 0.15476190476190477 0.054890219560878244 0.047619047619047616 0.1377245508982036 0.0469187675070028 0.13872255489021956 0.15266106442577032 0.1407185628742515 0.15406162464985995 0.13972055888223553 0.15476190476190477
0 0.7005988023952096 0.4530812324929972 0.5768463073852296 0.4530812324929972 0.5758483033932136 0.17086834733893558 0.5778443113772455 0.16946778711484595 0.5778443113772455 0.16666666666666666 0.5798403193612774 0.16526610644257703 0.5818363273453094 0.16246498599439776 0.5838323353293413 0.15966386554621848 0.5858283433133733 0.1568627450980392 0.5858283433133733 0.15406162464985995 0.5878243512974052 0.15266106442577032 0.5898203592814372 0.14985994397759103 0.591816367265469 0.14705882352941177 0.591816367265469 0.14425770308123248 0.593812375249501 0.14285714285714285 0.5978043912175649 0.13865546218487396 0.5998003992015968 0.13585434173669467 0.5998003992015968 0.1330532212885154 0.6017964071856288 0.13165266106442577 0.6037924151696606 0.12885154061624648 0.6057884231536926 0.12605042016806722 0.6077844311377245 0.12324929971988796 0.6077844311377245 0.12044817927170869 0.6097804391217565 0.11904761904761904 0.6117764471057884 0.11624649859943978 0.6117764471057884 0.1134453781512605 0.6137724550898204 0.11204481792717087 0.6157684630738522 0.1092436974789916 0.6177644710578842 0.10644257703081232 0.6217564870259481 0.10224089635854341 0.6217564870259481 0.09943977591036414 0.6237524950099801 0.09803921568627451 0.625748502994012 0.09523809523809523 0.627744510978044 0.09243697478991597 0.627744510978044 0.0896358543417367 0.6297405189620758 0.08823529411764706 0.6317365269461078 0.08543417366946779 0.6337325349301397 0.08263305322128851 0.6337325349301397 0.07983193277310924 0.6357285429141717 0.0784313725490196 0.6377245508982036 0.07563025210084033 0.6397205588822356 0.07282913165266107 0.6417165668662674 0.0700280112044818 0.6437125748502994 0.06722689075630252 0.6457085828343313 0.06442577030812324 0.6477045908183633 0.06162464985994398 0.6497005988023952 0.058823529411764705 0.6506986027944112 0.05672268907563025 0.908183632734531 0.05672268907563025 0.909181636726547 0.06862745098039216 0.9580838323353293 0.06932773109243698 0.9590818363273453 0.44537815126050423 0.7025948103792415 0.44607843137254904 0.7015968063872255 0.4523809523809524 0.7005988023952096 0.4530812324929972
0 0.25748502994011974 0.2850140056022409 0.07984031936127745 0.2850140056022409 0.07884231536926148 0.1722689075630252 0.25748502994011974 0.1715686274509804 0.25848303393213573 0.28431372549019607 0.25748502994011974 0.2850140056022409
0 0.564870259481038 0.44607843137254904 0.38922155688622756 0.44607843137254904 0.2684630738522954 0.36134453781512604 0.2684630738522954 0.18207282913165265 0.32934131736526945 0.18137254901960784 0.33033932135728544 0.1722689075630252 0.564870259481038 0.1715686274509804 0.5658682634730539 0.44537815126050423 0.564870259481038 0.44607843137254904
0 0.24750499001996007 0.5203081232492998 0.06986027944111776 0.5203081232492998 0.0688622754491018 0.29551820728291317 0.25748502994011974 0.29481792717086835 0.25848303393213573 0.3641456582633053 0.312375249500998 0.4019607843137255 0.24850299401197604 0.44677871148459386 0.24850299401197604 0.5196078431372549 0.24750499001996007 0.5203081232492998
0 0.3812375249500998 0.5203081232492998 0.25748502994011974 0.5203081232492998 0.2564870259481038 0.45098039215686275 0.3193612774451098 0.4068627450980392 0.35528942115768464 0.4320728291316527 0.3582834331337325 0.4327731092436975 0.37924151696606784 0.4488795518207283 0.38223552894211577 0.4495798319327731 0.38223552894211577 0.5196078431372549 0.3812375249500998 0.5203081232492998
0 0.6147704590818364 0.6687675070028011 0.46706586826347307 0.6687675070028011 0.4530938123752495 0.657563025210084 0.4421157684630739 0.6512605042016807 0.4161676646706587 0.6316526610644257 0.405189620758483 0.6225490196078431 0.3962075848303393 0.6176470588235294 0.39221556886227543 0.6134453781512605 0.39221556886227543 0.453781512605042 0.7644710578842315 0.4530812324929972 0.7654690618762475 0.5602240896358543 0.6946107784431138 0.5609243697478992 0.6157684630738522 0.6162464985994398 0.6157684630738522 0.6680672268907563 0.6147704590818364 0.6687675070028011
0 0.9580838323353293 0.5609243697478992 0.7764471057884231 0.5609243697478992 0.7754491017964071 0.453781512605042 0.9580838323353293 0.4530812324929972 0.9590818363273453 0.5602240896358543 0.9580838323353293 0.5609243697478992
0 0.24750499001996007 0.6141456582633054 0.06986027944111776 0.6141456582633054 0.0688622754491018 0.5280112044817927 0.24750499001996007 0.5273109243697479 0.24850299401197604 0.6134453781512605 0.24750499001996007 0.6141456582633054
0 0.3812375249500998 0.6141456582633054 0.25748502994011974 0.6141456582633054 0.2564870259481038 0.592436974789916 0.25449101796407186 0.5910364145658263 0.25449101796407186 0.5280112044817927 0.3812375249500998 0.5273109243697479 0.38223552894211577 0.6134453781512605 0.3812375249500998 0.6141456582633054
0 0.9580838323353293 0.8816526610644257 0.7105788423153693 0.8816526610644257 0.7055888223552894 0.876750700280112 0.7035928143712575 0.8739495798319328 0.7015968063872255 0.8711484593837535 0.6976047904191617 0.8669467787114846 0.6976047904191617 0.8641456582633054 0.6936127744510978 0.8613445378151261 0.6916167664670658 0.8585434173669467 0.6856287425149701 0.8529411764705882 0.6836327345309381 0.8501400560224089 0.6816367265469062 0.8473389355742297 0.6796407185628742 0.8445378151260504 0.6756487025948104 0.8403361344537815 0.6736526946107785 0.8375350140056023 0.6716566866267465 0.834733893557423 0.6696606786427146 0.8319327731092437 0.6636726546906188 0.8263305322128851 0.6616766467065869 0.8235294117647058 0.6576846307385229 0.819327731092437 0.6576846307385229 0.8165266106442577 0.653692614770459 0.8137254901960784 0.6516966067864272 0.8109243697478992 0.6497005988023952 0.8081232492997199 0.6457085828343313 0.803921568627451 0.6417165668662674 0.7997198879551821 0.6397205588822356 0.7969187675070029 0.6377245508982036 0.7941176470588235 0.6337325349301397 0.7899159663865546 0.6317365269461078 0.7871148459383753 0.6297405189620758 0.7843137254901961 0.627744510978044 0.7815126050420168 0.625748502994012 0.7787114845938375 0.625748502994012 0.6204481792717087 0.6297405189620758 0.6176470588235294 0.6427145708582834 0.6071428571428571 0.653692614770459 0.6008403361344538 0.6666666666666666 0.5903361344537815 0.6776447105788423 0.5840336134453782 0.688622754491018 0.5749299719887955 0.7005988023952096 0.5679271708683473 0.9580838323353293 0.5679271708683473 0.9590818363273453 0.8809523809523809 0.9580838323353293 0.8816526610644257
0 0.2554890219560878 0.6141456582633054 0.25449101796407186 0.592436974789916 0.2564870259481038 0.592436974789916 0.2564870259481038 0.6134453781512605 0.2554890219560878 0.6141456582633054
0 0.37325349301397204 0.8788515406162465 0.06786427145708583 0.8788515406162465 0.0688622754491018 0.6218487394957983 0.38922155688622756 0.6211484593837535 0.39221556886227543 0.623249299719888 0.4031936127744511 0.6323529411764706 0.406187624750499 0.6330532212885154 0.43812375249500995 0.6568627450980392 0.4600798403193613 0.6736694677871149 0.4600798403193613 0.7787114845938375 0.45808383233532934 0.7801120448179272 0.4560878243512974 0.7829131652661064 0.4540918163672655 0.7857142857142857 0.4481037924151697 0.7913165266106442 0.4441117764471058 0.7955182072829131 0.4421157684630739 0.7983193277310925 0.44011976047904194 0.8011204481792717 0.43812375249500995 0.803921568627451 0.4341317365269461 0.8081232492997199 0.4301397205588822 0.8123249299719888 0.42614770459081835 0.8165266106442577 0.4241516966067864 0.819327731092437 0.42015968063872255 0.8235294117647058 0.4181636726546906 0.8263305322128851 0.41417165668662675 0.8305322128851541 0.4121756487025948 0.8333333333333334 0.4101796407185629 0.8361344537815126 0.406187624750499 0.8403361344537815 0.4001996007984032 0.84593837535014 0.39820359281437123 0.8487394957983193 0.3962075848303393 0.8515406162464986 0.39221556886227543 0.8557422969187675 0.3902195608782435 0.8585434173669467 0.38622754491017963 0.8627450980392157 0.3842315369261477 0.865546218487395 0.38223552894211577 0.8683473389355743 0.37624750499001997 0.8739495798319328 0.37425149700598803 0.876750700280112 0.37325349301397204 0.8788515406162465
0 0.6147704590818364 0.7794117647058824 0.47105788423153694 0.7794117647058824 0.47005988023952094 0.6750700280112045 0.6147704590818364 0.6743697478991597 0.6157684630738522 0.7787114845938375 0.6147704590818364 0.7794117647058824