0 0.823 0.5358333333333334 0.704 0.5358333333333334 0.7038333333333333 0.155 0.7366666666666667 0.15472222222222223 0.7368333333333333 0.14666666666666667 0.7683333333333333 0.1463888888888889 0.7685 0.15444444444444444 0.93 0.15472222222222223 0.9301666666666667 0.45555555555555555 0.8713333333333333 0.4558333333333333 0.871 0.4563888888888889 0.8701666666666666 0.4572222222222222 0.8696666666666667 0.45861111111111114 0.8688333333333333 0.45944444444444443 0.8683333333333333 0.4608333333333333 0.8675 0.46166666666666667 0.8673333333333333 0.4625 0.8665 0.4633333333333333 0.866 0.4647222222222222 0.8651666666666666 0.46555555555555556 0.8646666666666667 0.46694444444444444 0.8638333333333333 0.4677777777777778 0.8636666666666667 0.4686111111111111 0.8628333333333333 0.46944444444444444 0.8623333333333333 0.4708333333333333 0.8615 0.4716666666666667 0.861 0.47305555555555556 0.8601666666666666 0.4738888888888889 0.8596666666666667 0.4752777777777778 0.8588333333333333 0.4761111111111111 0.8586666666666667 0.47694444444444445 0.8578333333333333 0.4777777777777778 0.8573333333333333 0.4791666666666667 0.8565 0.48 0.856 0.48138888888888887 0.8551666666666666 0.4822222222222222 0.8546666666666667 0.4836111111111111 0.8538333333333333 0.48444444444444446 0.8536666666666667 0.48527777777777775 0.8528333333333333 0.4861111111111111 0.8523333333333334 0.4875 0.8515 0.48833333333333334 0.851 0.4897222222222222 0.8501666666666666 0.4905555555555556 0.85 0.4913888888888889 0.8491666666666666 0.4922222222222222 0.8486666666666667 0.4936111111111111 0.8478333333333333 0.49444444444444446 0.8473333333333334 0.49583333333333335 0.8465 0.49666666666666665 0.846 0.49805555555555553 0.8451666666666666 0.4988888888888889 0.845 0.49972222222222223 0.8441666666666666 0.5005555555555555 0.8436666666666667 0.5019444444444444 0.8428333333333333 0.5027777777777778 0.8423333333333334 0.5041666666666667 0.8415 0.505 0.841 0.5063888888888889 0.8401666666666666 0.5072222222222222 0.84 0.5080555555555556 0.8391666666666666 0.5088888888888888 0.8386666666666667 0.5102777777777778 0.8378333333333333 0.5111111111111111 0.8373333333333334 0.5125 0.8365 0.5133333333333333 0.8363333333333334 0.5141666666666667 0.8355 0.515 0.835 0.5163888888888889 0.8341666666666666 0.5172222222222222 0.8336666666666667 0.5186111111111111 0.8328333333333333 0.5194444444444445 0.8323333333333334 0.5208333333333334 0.8315 0.5216666666666666 0.8313333333333334 0.5225 0.8305 0.5233333333333333 0.83 0.5247222222222222 0.8291666666666667 0.5255555555555556 0.8286666666666667 0.5269444444444444 0.8278333333333333 0.5277777777777778 0.8273333333333334 0.5291666666666667 0.8265 0.53 0.8263333333333334 0.5308333333333334 0.8255 0.5316666666666666 0.825 0.5330555555555555 0.8241666666666667 0.5338888888888889 0.8236666666666667 0.5352777777777777 0.823 0.5358333333333334
0 0.6546666666666666 0.5330555555555555 0.43433333333333335 0.5330555555555555 0.43416666666666665 0.14777777777777779 0.6546666666666666 0.1475 0.6548333333333334 0.5327777777777778 0.6546666666666666 0.5330555555555555
0 0.24366666666666667 0.5413888888888889 0.135 0.5413888888888889 0.13483333333333333 0.4011111111111111 0.09133333333333334 0.4008333333333333 0.09116666666666666 0.21388888888888888 0.18766666666666668 0.21416666666666667 0.188 0.21472222222222223 0.31433333333333335 0.21472222222222223 0.3145 0.4122222222222222 0.244 0.4125 0.24383333333333335 0.5411111111111111 0.24366666666666667 0.5413888888888889
0 0.13066666666666665 0.5413888888888889 0.09133333333333334 0.5413888888888889 0.09116666666666666 0.4077777777777778 0.13066666666666665 0.4075 0.13083333333333333 0.5411111111111111 0.13066666666666665 0.5413888888888889
0 0.38666666666666666 0.5347222222222222 0.2643333333333333 0.5347222222222222 0.26416666666666666 0.44 0.38666666666666666 0.43972222222222224 0.3868333333333333 0.5344444444444445 0.38666666666666666 0.5347222222222222
0 0.9246666666666666 0.7069444444444445 0.827 0.7069444444444445 0.8268333333333333 0.5422222222222223 0.8276666666666667 0.5419444444444445 0.8283333333333334 0.5408333333333334 0.8288333333333333 0.5405555555555556 0.8296666666666667 0.5386111111111112 0.8301666666666667 0.5383333333333333 0.8308333333333333 0.5366666666666666 0.831 0.5358333333333334 0.832 0.5347222222222222 0.8325 0.5344444444444445 0.8333333333333334 0.5325 0.8338333333333333 0.5322222222222223 0.8345 0.5305555555555556 0.8346666666666667 0.5297222222222222 0.8358333333333333 0.5283333333333333 0.836 0.5275 0.837 0.5263888888888889 0.8375 0.5261111111111111 0.8383333333333334 0.5241666666666667 0.8388333333333333 0.5238888888888888 0.8395 0.5222222222222223 0.8396666666666667 0.5213888888888889 0.8406666666666667 0.5202777777777777 0.8411666666666666 0.52 0.842 0.5180555555555556 0.8425 0.5177777777777778 0.8433333333333334 0.5158333333333334 0.8438333333333333 0.5155555555555555 0.8445 0.5138888888888888 0.8446666666666667 0.5130555555555556 0.8456666666666667 0.5119444444444444 0.8461666666666666 0.5116666666666667 0.847 0.5097222222222222 0.8475 0.5094444444444445 0.8481666666666666 0.5077777777777778 0.8483333333333334 0.5069444444444444 0.8495 0.5055555555555555 0.8496666666666667 0.5047222222222222 0.8506666666666667 0.5036111111111111 0.8511666666666666 0.5033333333333333 0.852 0.5013888888888889 0.8525 0.5011111111111111 0.8531666666666666 0.49944444444444447 0.8533333333333334 0.4986111111111111 0.8543333333333333 0.4975 0.8548333333333333 0.49722222222222223 0.8556666666666667 0.49527777777777776 0.8561666666666666 0.495 0.857 0.4930555555555556 0.8575 0.49277777777777776 0.8581666666666666 0.4911111111111111 0.8583333333333333 0.49027777777777776 0.8593333333333333 0.4891666666666667 0.8598333333333333 0.4888888888888889 0.8606666666666667 0.48694444444444446 0.8611666666666666 0.4866666666666667 0.8618333333333333 0.485 0.862 0.4841666666666667 0.8631666666666666 0.48277777777777775 0.8633333333333333 0.48194444444444445 0.8643333333333333 0.48083333333333333 0.8648333333333333 0.48055555555555557 0.8656666666666667 0.4786111111111111 0.8661666666666666 0.47833333333333333 0.8668333333333333 0.4766666666666667 0.867 0.47583333333333333 0.868 0.4747222222222222 0.8685 0.47444444444444445 0.8693333333333333 0.4725 0.8698333333333333 0.4722222222222222 0.8706666666666667 0.4702777777777778 0.8711666666666666 0.47 0.8718333333333333 0.4683333333333333 0.872 0.4675 0.873 0.4663888888888889 0.8735 0.4661111111111111 0.874 0.4647222222222222 0.93 0.4647222222222222 0.9301666666666667 0.5161111111111111 0.9166666666666666 0.5163888888888889 0.9165 0.5372222222222223 0.894 0.5375 0.8938333333333334 0.575 0.9246666666666666 0.5752777777777778 0.9248333333333333 0.7066666666666667 0.9246666666666666 0.7069444444444445
0 0.7856666666666666 0.8575 0.752 0.8575 0.7518333333333334 0.85 0.704 0.8497222222222223 0.7038333333333333 0.5477777777777778 0.7906666666666666 0.5475 0.7908333333333334 0.5361111111111111 0.8226666666666667 0.5358333333333334 0.8228333333333333 0.5366666666666666 0.8218333333333333 0.5377777777777778 0.8215 0.5388888888888889 0.8215 0.8494444444444444 0.786 0.8497222222222223 0.7858333333333334 0.8572222222222222 0.7856666666666666 0.8575
0 0.5236666666666666 0.7075 0.43033333333333335 0.7075 0.43016666666666664 0.5477777777777778 0.5236666666666666 0.5475 0.5238333333333334 0.7072222222222222 0.5236666666666666 0.7075
0 0.6546666666666666 0.8558333333333333 0.6293333333333333 0.8558333333333333 0.6291666666666667 0.8505555555555555 0.5326666666666666 0.8502777777777778 0.5325 0.5477777777777778 0.6236666666666667 0.5475 0.6238333333333334 0.5722222222222222 0.6546666666666666 0.5725 0.6548333333333334 0.8555555555555555 0.6546666666666666 0.8558333333333333
0 0.167 0.8047222222222222 0.09133333333333334 0.8047222222222222 0.09116666666666666 0.5483333333333333 0.234 0.5480555555555555 0.23416666666666666 0.5666666666666667 0.24366666666666667 0.5669444444444445 0.24383333333333335 0.6794444444444444 0.16733333333333333 0.6797222222222222 0.16716666666666666 0.8044444444444444 0.167 0.8047222222222222
0 0.32 0.6613888888888889 0.2643333333333333 0.6613888888888889 0.26416666666666666 0.5688888888888889 0.38666666666666666 0.5686111111111111 0.3868333333333333 0.6605555555555556 0.32033333333333336 0.6608333333333334 0.32 0.6613888888888889
0 0.234 0.8708333333333333 0.19333333333333333 0.8708333333333333 0.19316666666666665 0.8383333333333334 0.176 0.8380555555555556 0.17583333333333334 0.6944444444444444 0.32 0.6941666666666667 0.32016666666666665 0.8377777777777777 0.23433333333333334 0.8380555555555556 0.23416666666666666 0.8705555555555555 0.234 0.8708333333333333
0 0.4776666666666667 0.8630555555555556 0.428 0.8630555555555556 0.42783333333333334 0.7138888888888889 0.4776666666666667 0.7136111111111111 0.47783333333333333 0.8627777777777778 0.4776666666666667 0.8630555555555556
0 0.5236666666666666 0.7913888888888889 0.4816666666666667 0.7913888888888889 0.4815 0.7138888888888889 0.5236666666666666 0.7136111111111111 0.5238333333333334 0.7911111111111111 0.5236666666666666 0.7913888888888889
0 0.9246666666666666 0.8497222222222223 0.827 0.8497222222222223 0.8268333333333333 0.715 0.9246666666666666 0.7147222222222223 0.9248333333333333 0.8494444444444444 0.9246666666666666 0.8497222222222223
0 0.5236666666666666 0.8502777777777778 0.4816666666666667 0.8502777777777778 0.4815 0.7961111111111111 0.5236666666666666 0.7958333333333333 0.5238333333333334 0.85 0.5236666666666666 0.8502777777777778
0 0.17166666666666666 0.8380555555555556 0.09133333333333334 0.8380555555555556 0.09116666666666666 0.8194444444444444 0.17166666666666666 0.8191666666666667 0.17183333333333334 0.8377777777777777 0.17166666666666666 0.8380555555555556