0 0.36860670194003525 0.4451371571072319 0.18518518518518517 0.4451371571072319 0.18430335097001763 0.18952618453865336 0.36860670194003525 0.1882793017456359 0.36948853615520283 0.44389027431421446 0.36860670194003525 0.4451371571072319
0 0.599647266313933 0.5399002493765586 0.37389770723104054 0.5399002493765586 0.373015873015873 0.18952618453865336 0.599647266313933 0.1882793017456359 0.6005291005291006 0.5386533665835411 0.599647266313933 0.5399002493765586
0 0.6984126984126984 0.47506234413965087 0.6067019400352733 0.47506234413965087 0.6058201058201058 0.18952618453865336 0.7654320987654321 0.1882793017456359 0.7663139329805997 0.4014962593516209 0.763668430335097 0.40523690773067333 0.7548500881834215 0.415211970074813 0.7477954144620811 0.4226932668329177 0.7389770723104057 0.43266832917705733 0.7336860670194003 0.4376558603491272 0.7248677248677249 0.4476309226932668 0.7178130511463845 0.4551122194513716 0.708994708994709 0.46508728179551123 0.7019400352733686 0.47256857855361595 0.6984126984126984 0.47506234413965087
0 0.9876543209876543 0.5224438902743143 0.8765432098765432 0.5224438902743143 0.8756613756613757 0.47880299251870323 0.8130511463844797 0.4775561097256858 0.8068783068783069 0.4688279301745636 0.8015873015873016 0.45885286783042395 0.7962962962962963 0.4488778054862843 0.7892416225749559 0.43640897755610975 0.7857142857142857 0.428927680798005 0.7804232804232805 0.41895261845386533 0.7733686067019401 0.40648379052369077 0.7698412698412699 0.39900249376558605 0.7698412698412699 0.18952618453865336 0.9876543209876543 0.1882793017456359 0.9885361552028219 0.5211970074812967 0.9876543209876543 0.5224438902743143
0 0.599647266313933 0.956359102244389 0.43915343915343913 0.956359102244389 0.4382716049382716 0.8703241895261845 0.30511463844797176 0.8690773067331671 0.30423280423280424 0.5486284289276808 0.43562610229276894 0.5473815461346634 0.4365079365079365 0.5411471321695761 0.599647266313933 0.5399002493765586 0.6005291005291006 0.5286783042394015 0.6049382716049383 0.527431421446384 0.6058201058201058 0.4837905236907731 0.7019400352733686 0.4825436408977556 0.7072310405643739 0.47506234413965087 0.7160493827160493 0.46508728179551123 0.7231040564373897 0.45760598503740646 0.7301587301587301 0.45012468827930174 0.7407407407407407 0.4376558603491272 0.746031746031746 0.43266832917705733 0.7566137566137566 0.42019950124688277 0.763668430335097 0.41271820448877805 0.7671957671957672 0.4102244389027431 0.7733686067019401 0.4164588528678304 0.7768959435626103 0.4239401496259352 0.7857142857142857 0.4389027431421446 0.7892416225749559 0.4463840399002494 0.7945326278659612 0.456359102244389 0.8015873015873016 0.4688279301745636 0.8051146384479718 0.4763092269326683 0.8033509700176367 0.47880299251870323 0.8033509700176367 0.655860349127182 0.6014109347442681 0.6571072319201995 0.6005291005291006 0.9551122194513716 0.599647266313933 0.956359102244389
0 0.2980599647266314 0.6845386533665836 0.07583774250440917 0.6845386533665836 0.07495590828924162 0.4538653366583541 0.24867724867724866 0.45261845386533667 0.2495590828924162 0.5062344139650873 0.25573192239858905 0.5124688279301746 0.26102292768959434 0.5174563591022444 0.26631393298059963 0.5224438902743143 0.2716049382716049 0.527431421446384 0.2786596119929453 0.5349127182044888 0.2821869488536155 0.5374064837905237 0.2874779541446208 0.5423940149625935 0.2927689594356261 0.5473815461346634 0.29894179894179895 0.5536159600997507 0.29894179894179895 0.683291770573566 0.2980599647266314 0.6845386533665836
0 0.2980599647266314 0.5423940149625935 0.2962962962962963 0.5399002493765586 0.291005291005291 0.5349127182044888 0.2857142857142857 0.529925187032419 0.2804232804232804 0.5249376558603491 0.2768959435626102 0.5224438902743143 0.2716049382716049 0.5174563591022444 0.26631393298059963 0.5124688279301746 0.26102292768959434 0.5074812967581047 0.25485008818342153 0.5012468827930174 0.25485008818342153 0.4538653366583541 0.36860670194003525 0.45261845386533667 0.36948853615520283 0.5386533665835411 0.2998236331569665 0.5399002493765586 0.2980599647266314 0.5423940149625935
0 0.8694885361552028 0.5673316708229427 0.8095238095238095 0.5673316708229427 0.808641975308642 0.4837905236907731 0.8694885361552028 0.4825436408977556 0.8703703703703703 0.5660847880299252 0.8694885361552028 0.5673316708229427
0 0.9876543209876543 0.8690773067331671 0.8095238095238095 0.8690773067331671 0.808641975308642 0.5760598503740648 0.8747795414462081 0.5748129675810474 0.8756613756613757 0.5311720698254364 0.9876543209876543 0.529925187032419 0.9885361552028219 0.8678304239401496 0.9876543209876543 0.8690773067331671
0 0.6754850088183422 0.7793017456359103 0.6067019400352733 0.7793017456359103 0.6058201058201058 0.6633416458852868 0.6754850088183422 0.6620947630922693 0.6763668430335097 0.7780548628428927 0.6754850088183422 0.7793017456359103
0 0.8024691358024691 0.8690773067331671 0.6825396825396826 0.8690773067331671 0.681657848324515 0.6633416458852868 0.8024691358024691 0.6620947630922693 0.8033509700176367 0.8678304239401496 0.8024691358024691 0.8690773067331671
0 0.11816578483245149 0.8690773067331671 0.07583774250440917 0.8690773067331671 0.07495590828924162 0.6932668329177057 0.11816578483245149 0.6920199501246883 0.11904761904761904 0.8678304239401496 0.11816578483245149 0.8690773067331671
0 0.20458553791887124 0.8690773067331671 0.12345679012345678 0.8690773067331671 0.12257495590828923 0.6932668329177057 0.20458553791887124 0.6920199501246883 0.2054673721340388 0.8678304239401496 0.20458553791887124 0.8690773067331671
0 0.2980599647266314 0.8690773067331671 0.21164021164021163 0.8690773067331671 0.21075837742504408 0.6932668329177057 0.2980599647266314 0.6920199501246883 0.29894179894179895 0.8678304239401496 0.2980599647266314 0.8690773067331671
0 0.6754850088183422 0.8690773067331671 0.6067019400352733 0.8690773067331671 0.6058201058201058 0.7880299251870324 0.6754850088183422 0.786783042394015 0.6763668430335097 0.8678304239401496 0.6754850088183422 0.8690773067331671