0 0.7414045354791514 0.2748062015503876 0.6949524506217996 0.2748062015503876 0.6947695683979517 0.05891472868217054 0.7414045354791514 0.05852713178294574 0.7415874177029993 0.2744186046511628 0.7414045354791514 0.2748062015503876
0 0.936356986100951 0.5127906976744186 0.738478419897586 0.5127906976744186 0.7382955376737381 0.47751937984496123 0.6426481346013168 0.47713178294573644 0.6424652523774689 0.28294573643410853 0.7414045354791514 0.28255813953488373 0.7415874177029993 0.3302325581395349 0.7461594732991953 0.3306201550387597 0.7463423555230432 0.05891472868217054 0.936356986100951 0.05852713178294574 0.9365398683247989 0.5124031007751938 0.936356986100951 0.5127906976744186
0 0.6378931967812729 0.37790697674418605 0.5058522311631309 0.37790697674418605 0.5056693489392831 0.16046511627906976 0.6378931967812729 0.16007751937984496 0.6380760790051208 0.37751937984496126 0.6378931967812729 0.37790697674418605
0 0.68983174835406 0.2748062015503876 0.6426481346013168 0.2748062015503876 0.6424652523774689 0.16046511627906976 0.68983174835406 0.16007751937984496 0.6900146305779078 0.2744186046511628 0.68983174835406 0.2748062015503876
0 0.4520848573518654 0.7368217054263566 0.21141185076810534 0.7368217054263566 0.2112289685442575 0.29069767441860467 0.4520848573518654 0.29031007751937987 0.45226773957571326 0.7364341085271318 0.4520848573518654 0.7368217054263566
0 0.15581565471836137 0.546124031007752 0.02121433796634967 0.546124031007752 0.02103145574250183 0.3488372093023256 0.15581565471836137 0.3484496124031008 0.15599853694220922 0.5457364341085271 0.15581565471836137 0.546124031007752
0 0.6324067300658376 0.743798449612403 0.5058522311631309 0.743798449612403 0.5056693489392831 0.3883720930232558 0.6378931967812729 0.387984496124031 0.6380760790051208 0.47674418604651164 0.6119239209948792 0.47713178294573644 0.6117410387710315 0.6062015503875969 0.6324067300658376 0.6065891472868217 0.6325896122896855 0.7434108527131783 0.6324067300658376 0.743798449612403
0 0.20153621068032188 0.546124031007752 0.16020482809070957 0.546124031007752 0.16002194586686175 0.4441860465116279 0.20153621068032188 0.4437984496124031 0.20171909290416973 0.5457364341085271 0.20153621068032188 0.546124031007752
0 0.7344550109729334 0.743798449612403 0.6364301389904902 0.743798449612403 0.6362472567666423 0.5782945736434109 0.6155815654718362 0.577906976744186 0.6153986832479883 0.48604651162790696 0.7344550109729334 0.48565891472868217 0.7346378931967813 0.7434108527131783 0.7344550109729334 0.743798449612403
0 0.8123628383321141 0.7445736434108527 0.8119970738844184 0.743798449612403 0.738478419897586 0.743798449612403 0.7382955376737381 0.5131782945736434 0.8123628383321141 0.5127906976744186 0.812545720555962 0.7441860465116279 0.8123628383321141 0.7445736434108527
0 0.936356986100951 0.7445736434108527 0.8163862472567667 0.7445736434108527 0.8162033650329188 0.5131782945736434 0.936356986100951 0.5127906976744186 0.9365398683247989 0.7441860465116279 0.936356986100951 0.7445736434108527
0 0.1071689831748354 0.7368217054263566 0.02121433796634967 0.7368217054263566 0.02103145574250183 0.5550387596899224 0.1071689831748354 0.5546511627906977 0.10735186539868324 0.7364341085271318 0.1071689831748354 0.7368217054263566
0 0.20153621068032188 0.7368217054263566 0.11155815654718361 0.7368217054263566 0.11137527432333577 0.5550387596899224 0.20153621068032188 0.5546511627906977 0.20171909290416973 0.7364341085271318 0.20153621068032188 0.7368217054263566