0 0.554945054945055 0.5116033755274262 0.47527472527472525 0.5116033755274262 0.4725274725274725 0.509493670886076 0.24175824175824176 0.509493670886076 0.2403846153846154 0.22151898734177214 0.554945054945055 0.22046413502109705 0.5563186813186813 0.510548523206751 0.554945054945055 0.5116033755274262
0 0.75 0.5073839662447257 0.5631868131868132 0.5073839662447257 0.5618131868131868 0.36075949367088606 0.5563186813186813 0.35864978902953587 0.5563186813186813 0.22151898734177214 0.75 0.22046413502109705 0.7513736263736264 0.5063291139240507 0.75 0.5073839662447257
0 0.9230769230769231 0.370253164556962 0.7582417582417582 0.370253164556962 0.7568681318681318 0.22151898734177214 0.9230769230769231 0.22046413502109705 0.9244505494505495 0.3691983122362869 0.9230769230769231 0.370253164556962
0 0.9230769230769231 0.47151898734177217 0.7582417582417582 0.47151898734177217 0.7568681318681318 0.3755274261603376 0.9230769230769231 0.3744725738396624 0.9244505494505495 0.4704641350210971 0.9230769230769231 0.47151898734177217
0 0.9230769230769231 0.5981012658227848 0.7582417582417582 0.5981012658227848 0.7568681318681318 0.4767932489451477 0.9230769230769231 0.4757383966244726 0.9244505494505495 0.5970464135021097 0.9230769230769231 0.5981012658227848
0 0.6236263736263736 0.7478902953586498 0.47527472527472525 0.7478902953586498 0.4739010989010989 0.5126582278481012 0.75 0.5116033755274262 0.7513736263736264 0.5970464135021097 0.6263736263736264 0.5981012658227848 0.625 0.7468354430379747 0.6236263736263736 0.7478902953586498
0 0.4642857142857143 0.5812236286919831 0.24175824175824176 0.5812236286919831 0.2403846153846154 0.5147679324894515 0.4642857142857143 0.5137130801687764 0.46565934065934067 0.580168776371308 0.4642857142857143 0.5812236286919831
0 0.4642857142857143 0.830168776371308 0.24175824175824176 0.830168776371308 0.2403846153846154 0.5886075949367089 0.4642857142857143 0.5875527426160337 0.46565934065934067 0.8291139240506329 0.4642857142857143 0.830168776371308
0 0.9230769230769231 0.830168776371308 0.6346153846153846 0.830168776371308 0.6332417582417582 0.6033755274261603 0.9230769230769231 0.6023206751054853 0.9244505494505495 0.8291139240506329 0.9230769230769231 0.830168776371308
0 0.6236263736263736 0.830168776371308 0.47527472527472525 0.830168776371308 0.4739010989010989 0.7531645569620253 0.6236263736263736 0.7521097046413502 0.625 0.8291139240506329 0.6236263736263736 0.830168776371308
0 0.3131868131868132 0.95042194092827 0.14285714285714285 0.95042194092827 0.14148351648351648 0.8417721518987342 0.3131868131868132 0.8407172995780591 0.31456043956043955 0.9493670886075949 0.3131868131868132 0.95042194092827