0 0.15627552409474543 0.2036649214659686 0.08439967329158726 0.2036649214659686 0.08426354478627825 0.14171029668411866 0.15627552409474543 0.14153577661431063 0.15641165260005446 0.20349040139616056 0.15627552409474543 0.2036649214659686
0 0.24829839368363735 0.25986038394415356 0.16144840729648788 0.25986038394415356 0.16131227879117888 0.14171029668411866 0.24829839368363735 0.14153577661431063 0.24843452218894638 0.25968586387434556 0.24829839368363735 0.25986038394415356
0 0.2883201742444868 0.25986038394415356 0.25156547781105365 0.25986038394415356 0.2514293493057446 0.14171029668411866 0.32017424448679555 0.14153577661431063 0.3203103729921045 0.2593368237347295 0.2885924312551048 0.2595113438045375 0.2883201742444868 0.25986038394415356
0 0.40865777293765315 0.44380453752181503 0.2885924312551048 0.44380453752181503 0.28845630274979583 0.25968586387434556 0.32017424448679555 0.2595113438045375 0.3203103729921045 0.14171029668411866 0.40865777293765315 0.14153577661431063 0.4087939014429622 0.2593368237347295 0.4090661584535802 0.25968586387434556 0.4087939014429622 0.2600349040139616 0.4087939014429622 0.443630017452007 0.40865777293765315 0.44380453752181503
0 0.639259460931119 0.2486910994764398 0.5377075959705963 0.2486910994764398 0.5375714674652873 0.14415357766143105 0.639259460931119 0.14397905759162305 0.6393955894364279 0.24851657940663177 0.639259460931119 0.2486910994764398
0 0.7353661856792812 0.44520069808027923 0.6820038115981486 0.44520069808027923 0.6818676830928396 0.32774869109947646 0.6427988020691533 0.3275741710296684 0.6426626735638443 0.14415357766143105 0.732643615573101 0.14397905759162305 0.7327797440784101 0.2719022687609075 0.7394500408385516 0.2720767888307155 0.7395861693438606 0.3382198952879581 0.7356384426898993 0.33839441535776615 0.7355023141845902 0.44502617801047123 0.7353661856792812 0.44520069808027923
0 0.86087666757419 0.26788830715532286 0.7361829567111353 0.26788830715532286 0.7360468282058263 0.14415357766143105 0.86087666757419 0.14397905759162305 0.8610127960794991 0.26771378708551485 0.86087666757419 0.26788830715532286
0 0.15627552409474543 0.25986038394415356 0.08439967329158726 0.25986038394415356 0.08426354478627825 0.20767888307155322 0.15627552409474543 0.2075043630017452 0.15641165260005446 0.25968586387434556 0.15627552409474543 0.25986038394415356
0 0.5891641709774027 0.32652705061082027 0.5496869044377892 0.32652705061082027 0.5495507759324803 0.31029668411867367 0.5377075959705963 0.3101221640488656 0.5375714674652873 0.2520069808027923 0.5891641709774027 0.2518324607329843 0.5893002994827117 0.3263525305410122 0.5891641709774027 0.32652705061082027
0 0.639259460931119 0.32652705061082027 0.5918867410835829 0.32652705061082027 0.5917506125782739 0.2520069808027923 0.639259460931119 0.2518324607329843 0.6393955894364279 0.3263525305410122 0.639259460931119 0.32652705061082027
0 0.14620201470187857 0.44380453752181503 0.08439967329158726 0.44380453752181503 0.08426354478627825 0.26596858638743454 0.16825483256193846 0.26579406631762653 0.1683909610672475 0.3148342059336824 0.1301388510754152 0.3150087260034904 0.13000272257010617 0.39057591623036647 0.14620201470187857 0.39075043630017453 0.14633814320718758 0.443630017452007 0.14620201470187857 0.44380453752181503
0 0.22570106180234142 0.44380453752181503 0.16879934658317453 0.44380453752181503 0.1686632180778655 0.2663176265270506 0.17124965967873673 0.2661431064572426 0.17152191668935476 0.26579406631762653 0.2659950993738089 0.26579406631762653 0.26613122787911786 0.3225130890052356 0.25510481894908793 0.3226876090750436 0.2549686904437789 0.3633507853403141 0.2289681459297577 0.3635253054101222 0.22883201742444867 0.3567190226876091 0.22597331881295943 0.3565445026178011 0.22583719030765043 0.443630017452007 0.22570106180234142 0.44380453752181503
0 0.86087666757419 0.44520069808027923 0.7410835829022597 0.44520069808027923 0.7409474543969508 0.27225130890052357 0.86087666757419 0.2720767888307155 0.8610127960794991 0.44502617801047123 0.86087666757419 0.44520069808027923
0 0.16825483256193846 0.3869109947643979 0.13313367819221344 0.3869109947643979 0.13299754968690444 0.31902268760907504 0.16825483256193846 0.31884816753926704 0.1683909610672475 0.3867364746945899 0.16825483256193846 0.3869109947643979
0 0.2839640620745984 0.3931937172774869 0.25728287503403213 0.3931937172774869 0.2571467465287231 0.3256544502617801 0.2839640620745984 0.3254799301919721 0.28410019057990743 0.39301919720767886 0.2839640620745984 0.3931937172774869
0 0.6792812414919684 0.44520069808027923 0.5377075959705963 0.44520069808027923 0.5375714674652873 0.3308900523560209 0.6792812414919684 0.3307155322862129 0.6794173699972774 0.44502617801047123 0.6792812414919684 0.44520069808027923
0 0.1660767764769943 0.44380453752181503 0.14946909882929485 0.44380453752181503 0.14933297032398585 0.39092495636998253 0.1660767764769943 0.39075043630017453 0.1662129049823033 0.443630017452007 0.1660767764769943 0.44380453752181503
0 0.6185679281241492 0.8699825479930192 0.5499591614484073 0.8699825479930192 0.5498230329430983 0.5853403141361256 0.6185679281241492 0.5851657940663176 0.6187040566294582 0.8698080279232112 0.6185679281241492 0.8699825479930192
0 0.7873672747073237 0.8699825479930192 0.6231962973046556 0.8699825479930192 0.6230601687993466 0.5853403141361256 0.7873672747073237 0.5851657940663176 0.7875034032126327 0.8698080279232112 0.7873672747073237 0.8699825479930192