0 0.25505716798592787 0.2921653971708379 0.1627088830255057 0.2921653971708379 0.16226912928759896 0.07181719260065289 0.25505716798592787 0.07127312295973885 0.25549692172383465 0.2916213275299238 0.25505716798592787 0.2921653971708379
0 0.4415127528583993 0.2921653971708379 0.2620932277924362 0.2921653971708379 0.2616534740545295 0.07181719260065289 0.4415127528583993 0.07127312295973885 0.4419525065963061 0.2916213275299238 0.4415127528583993 0.2921653971708379
0 0.5989445910290238 0.2921653971708379 0.4494283201407212 0.2921653971708379 0.4489885664028144 0.07181719260065289 0.5989445910290238 0.07127312295973885 0.5993843447669305 0.2916213275299238 0.5989445910290238 0.2921653971708379
0 0.7291116974494283 0.29651795429815014 0.6059806508355321 0.29651795429815014 0.6055408970976254 0.07181719260065289 0.7291116974494283 0.07127312295973885 0.7295514511873351 0.2959738846572361 0.7291116974494283 0.29651795429815014
0 0.37994722955145116 0.5380848748639826 0.1627088830255057 0.5380848748639826 0.16226912928759896 0.30467899891186073 0.3781882145998241 0.3041349292709467 0.3786279683377309 0.3405875952121872 0.38786279683377306 0.3411316648531012 0.38830255057167984 0.4776931447225245 0.3808267370272647 0.4782372143634385 0.38038698328935794 0.5375408052230686 0.37994722955145116 0.5380848748639826
0 0.5171503957783641 0.6044613710554951 0.3896218117854002 0.6044613710554951 0.3891820580474934 0.47878128400435255 0.38830255057167984 0.4776931447225245 0.38830255057167984 0.30467899891186073 0.8284960422163589 0.3041349292709467 0.8289357959542656 0.5527747551686616 0.6033421284080914 0.5533188248095756 0.6029023746701847 0.5233949945593036 0.5963060686015831 0.5228509249183896 0.5958663148636764 0.5429815016322089 0.5180299032541776 0.543525571273123 0.5175901495162709 0.6039173014145811 0.5171503957783641 0.6044613710554951
0 0.37906772207563766 0.7752992383025027 0.1627088830255057 0.7752992383025027 0.16226912928759896 0.5505984766050055 0.37906772207563766 0.5500544069640914 0.37950747581354444 0.7747551686615887 0.37906772207563766 0.7752992383025027
0 0.5954265611257695 0.6741022850924918 0.525065963060686 0.6741022850924918 0.5246262093227793 0.5527747551686616 0.5954265611257695 0.5522306855277476 0.5958663148636764 0.6735582154515778 0.5954265611257695 0.6741022850924918
0 0.6710642040457344 0.7132752992383025 0.6033421284080914 0.7132752992383025 0.6029023746701847 0.5658324265505985 0.7088830255057168 0.5652883569096845 0.7093227792436235 0.7105549510337323 0.671943711521548 0.7110990206746464 0.6710642040457344 0.7132752992383025
0 0.8311345646437994 0.7110990206746464 0.7326297273526825 0.7110990206746464 0.7321899736147758 0.661588683351469 0.7185576077396658 0.6610446137105549 0.718117854001759 0.5658324265505985 0.8311345646437994 0.5652883569096845 0.8315743183817063 0.7105549510337323 0.8311345646437994 0.7110990206746464
0 0.5171503957783641 0.7752992383025027 0.3896218117854002 0.7752992383025027 0.3891820580474934 0.6137105549510338 0.5171503957783641 0.6131664853101197 0.5175901495162709 0.7747551686615887 0.5171503957783641 0.7752992383025027
0 0.6490765171503958 0.7916213275299239 0.6033421284080914 0.7916213275299239 0.6029023746701847 0.7758433079434167 0.525065963060686 0.7752992383025027 0.5246262093227793 0.6833514689880305 0.5954265611257695 0.6828073993471164 0.5958663148636764 0.720348204570185 0.6490765171503958 0.720892274211099 0.6495162708883025 0.7910772578890098 0.6490765171503958 0.7916213275299239
0 0.7071240105540897 0.7916213275299239 0.6561125769569042 0.7916213275299239 0.6556728232189973 0.721436343852013 0.7071240105540897 0.720892274211099 0.7075637642919965 0.7910772578890098 0.7071240105540897 0.7916213275299239
0 0.8311345646437994 0.8852013057671382 0.6033421284080914 0.8852013057671382 0.6029023746701847 0.8019586507072906 0.714160070360598 0.8014145810663765 0.7145998240985049 0.721436343852013 0.8311345646437994 0.720892274211099 0.8315743183817063 0.8846572361262242 0.8311345646437994 0.8852013057671382