0 0.36666666666666664 0.4329608938547486 0.20952380952380953 0.4329608938547486 0.20873015873015874 0.24022346368715083 0.36666666666666664 0.239292364990689 0.3674603174603175 0.43202979515828677 0.36666666666666664 0.4329608938547486
0 0.5714285714285714 0.4813780260707635 0.3746031746031746 0.4813780260707635 0.3738095238095238 0.24022346368715083 0.6349206349206349 0.239292364990689 0.6357142857142857 0.4376163873370577 0.6301587301587301 0.44227188081936686 0.626984126984127 0.4441340782122905 0.6222222222222222 0.4478584729981378 0.6190476190476191 0.44972067039106145 0.6158730158730159 0.4515828677839851 0.6126984126984127 0.45344506517690875 0.6079365079365079 0.45716945996275604 0.6047619047619047 0.4590316573556797 0.6 0.462756052141527 0.5968253968253968 0.46461824953445063 0.5920634920634921 0.46834264432029793 0.5888888888888889 0.46834264432029793 0.5857142857142857 0.4720670391061452 0.5825396825396826 0.47392923649906893 0.5777777777777777 0.4776536312849162 0.5746031746031746 0.4795158286778399 0.5714285714285714 0.4813780260707635
0 0.7142857142857143 0.4795158286778399 0.7031746031746032 0.46834264432029793 0.6992063492063492 0.4655493482309125 0.6968253968253968 0.46089385474860334 0.6793650793650794 0.44227188081936686 0.6714285714285714 0.43482309124767227 0.6428571428571429 0.43482309124767227 0.6420634920634921 0.24022346368715083 0.8666666666666667 0.239292364990689 0.8674603174603175 0.441340782122905 0.746031746031746 0.44227188081936686 0.7436507936507937 0.4450651769087523 0.7396825396825397 0.4515828677839851 0.7373015873015873 0.45251396648044695 0.7365079365079366 0.4553072625698324 0.7142857142857143 0.4795158286778399
0 0.7111111111111111 0.729050279329609 0.6492063492063492 0.729050279329609 0.6484126984126984 0.62756052141527 0.5746031746031746 0.6266294227188082 0.5738095238095238 0.4823091247672253 0.5722222222222222 0.48044692737430167 0.5761904761904761 0.4776536312849162 0.580952380952381 0.47392923649906893 0.5841269841269842 0.4720670391061452 0.5888888888888889 0.46834264432029793 0.5920634920634921 0.46834264432029793 0.5952380952380952 0.46461824953445063 0.5984126984126984 0.462756052141527 0.6031746031746031 0.4590316573556797 0.6063492063492063 0.45716945996275604 0.6111111111111112 0.45344506517690875 0.6142857142857143 0.4515828677839851 0.6174603174603175 0.44972067039106145 0.6206349206349207 0.4478584729981378 0.6253968253968254 0.4441340782122905 0.6285714285714286 0.44227188081936686 0.6333333333333333 0.43854748603351956 0.6357142857142857 0.43947858472998136 0.6365079365079365 0.44227188081936686 0.6682539682539682 0.44227188081936686 0.6825396825396826 0.4590316573556797 0.7031746031746032 0.4813780260707635 0.7071428571428572 0.48417132216014896 0.707936507936508 0.48696461824953446 0.7119047619047619 0.4897579143389199 0.7119047619047619 0.7281191806331471 0.7111111111111111 0.729050279329609
0 0.28095238095238095 0.5893854748603352 0.20952380952380953 0.5893854748603352 0.20873015873015874 0.441340782122905 0.36666666666666664 0.4404096834264432 0.3674603174603175 0.553072625698324 0.28253968253968254 0.5540037243947858 0.28174603174603174 0.5884543761638734 0.28095238095238095 0.5893854748603352
0 0.8666666666666667 0.5167597765363129 0.7174603174603175 0.5167597765363129 0.7166666666666667 0.4860335195530726 0.7333333333333333 0.4664804469273743 0.7373015873015873 0.46368715083798884 0.7380952380952381 0.46089385474860334 0.7492063492063492 0.44972067039106145 0.8666666666666667 0.44972067039106145 0.8674603174603175 0.515828677839851 0.8666666666666667 0.5167597765363129
0 0.5682539682539682 0.729050279329609 0.3746031746031746 0.729050279329609 0.3738095238095238 0.4823091247672253 0.573015873015873 0.4813780260707635 0.5738095238095238 0.527001862197393 0.5380952380952381 0.5279329608938548 0.5373015873015873 0.5325884543761639 0.5682539682539682 0.5335195530726257 0.569047619047619 0.7281191806331471 0.5682539682539682 0.729050279329609
0 0.8666666666666667 0.729050279329609 0.7174603174603175 0.729050279329609 0.7166666666666667 0.5251396648044693 0.8666666666666667 0.5242085661080075 0.8674603174603175 0.7281191806331471 0.8666666666666667 0.729050279329609
0 0.36666666666666664 0.729050279329609 0.2873015873015873 0.729050279329609 0.2865079365079365 0.5605214152700186 0.36666666666666664 0.5595903165735568 0.3674603174603175 0.7281191806331471 0.36666666666666664 0.729050279329609
0 0.28095238095238095 0.729050279329609 0.20952380952380953 0.729050279329609 0.20873015873015874 0.595903165735568 0.28095238095238095 0.5949720670391061 0.28174603174603174 0.7281191806331471 0.28095238095238095 0.729050279329609
0 0.638095238095238 0.729050279329609 0.5746031746031746 0.729050279329609 0.5738095238095238 0.638733705772812 0.638095238095238 0.6378026070763501 0.6388888888888888 0.7281191806331471 0.638095238095238 0.729050279329609