0 0.2773972602739726 0.38245823389021477 0.13527397260273974 0.38245823389021477 0.1344178082191781 0.08353221957040573 0.511986301369863 0.08293556085918855 0.5128424657534246 0.38066825775656327 0.2791095890410959 0.38126491646778043 0.2773972602739726 0.38245823389021477
0 0.809931506849315 0.2464200477326969 0.5136986301369864 0.2464200477326969 0.5128424657534246 0.1276849642004773 0.5941780821917808 0.12708830548926014 0.5950342465753424 0.08353221957040573 0.809931506849315 0.08293556085918855 0.8107876712328768 0.2458233890214797 0.809931506849315 0.2464200477326969
0 0.7123287671232876 0.27386634844868735 0.5976027397260274 0.27386634844868735 0.5967465753424658 0.2541766109785203 0.7123287671232876 0.2535799522673031 0.7131849315068494 0.2732696897374702 0.7123287671232876 0.27386634844868735
0 0.714041095890411 0.7177804295942721 0.5547945205479452 0.7177804295942721 0.5539383561643836 0.7100238663484487 0.5342465753424658 0.7094272076372315 0.5333904109589042 0.6336515513126492 0.5565068493150684 0.633054892601432 0.5573630136986302 0.3818615751789976 0.5136986301369864 0.38126491646778043 0.5128424657534246 0.3042959427207637 0.523972602739726 0.30369928400954654 0.5248287671232876 0.27804295942720764 0.7123287671232876 0.27744630071599047 0.7131849315068494 0.5167064439140812 0.7148972602739726 0.5178997613365155 0.7148972602739726 0.7171837708830548 0.714041095890411 0.7177804295942721
0 0.809931506849315 0.366945107398568 0.726027397260274 0.366945107398568 0.7251712328767124 0.315035799522673 0.7345890410958904 0.31443914081145585 0.735445205479452 0.301909307875895 0.7602739726027398 0.3013126491646778 0.7611301369863014 0.27804295942720764 0.809931506849315 0.27744630071599047 0.8107876712328768 0.36634844868735084 0.809931506849315 0.366945107398568
0 0.916095890410959 0.5184964200477327 0.7243150684931506 0.5184964200477327 0.723458904109589 0.45584725536992843 0.7217465753424658 0.45465393794749404 0.761986301369863 0.45405727923627687 0.7628424657534246 0.373508353221957 0.827054794520548 0.37291169451073986 0.8279109589041096 0.3902147971360382 0.916095890410959 0.39081145584725535 0.9169520547945206 0.5178997613365155 0.916095890410959 0.5184964200477327
0 0.5565068493150684 0.633054892601432 0.13527397260273974 0.633054892601432 0.1344178082191781 0.3902147971360382 0.2773972602739726 0.389618138424821 0.2782534246575342 0.3818615751789976 0.5565068493150684 0.38126491646778043 0.5573630136986302 0.6324582338902148 0.5565068493150684 0.633054892601432
0 0.5308219178082192 0.9170644391408115 0.2517123287671233 0.9170644391408115 0.24914383561643835 0.9140811455847255 0.2482876712328767 0.912291169451074 0.2457191780821918 0.9116945107398569 0.24486301369863014 0.9099045346062052 0.23373287671232876 0.9033412887828163 0.2328767123287671 0.9015513126491647 0.2303082191780822 0.9009546539379475 0.22945205479452055 0.899164677804296 0.22345890410958905 0.89618138424821 0.19263698630136986 0.8735083532219571 0.1832191780821918 0.8657517899761337 0.18065068493150685 0.8651551312649165 0.1797945205479452 0.8633651551312649 0.17722602739726026 0.8627684964200477 0.17123287671232876 0.8573985680190931 0.16866438356164384 0.8568019093078759 0.1678082191780822 0.8550119331742243 0.16523972602739725 0.8544152744630071 0.1601027397260274 0.8496420047732697 0.15924657534246575 0.8478520286396182 0.1446917808219178 0.8389021479713604 0.14383561643835616 0.8371121718377088 0.1344178082191781 0.8317422434367542 0.1344178082191781 0.6336515513126492 0.5325342465753424 0.633054892601432 0.5333904109589042 0.7088305489260143 0.5136986301369864 0.7094272076372315 0.5128424657534246 0.766109785202864 0.5325342465753424 0.7667064439140812 0.5333904109589042 0.7768496420047732 0.5316780821917808 0.7780429594272077 0.5316780821917808 0.9164677804295943 0.5308219178082192 0.9170644391408115
0 0.5325342465753424 0.9170644391408115 0.5316780821917808 0.7780429594272077 0.5333904109589042 0.7780429594272077 0.5333904109589042 0.9164677804295943 0.5325342465753424 0.9170644391408115
0 0.5821917808219178 0.8550119331742243 0.5445205479452054 0.8550119331742243 0.5436643835616438 0.7780429594272077 0.5821917808219178 0.7774463007159904 0.5830479452054794 0.8544152744630071 0.5821917808219178 0.8550119331742243
0 0.3441780821917808 0.9325775656324582 0.273972602739726 0.9325775656324582 0.2688356164383562 0.9278042959427207 0.2662671232876712 0.9272076372315036 0.2594178082191781 0.9212410501193318 0.3441780821917808 0.9206443914081146 0.3450342465753425 0.931980906921241 0.3441780821917808 0.9325775656324582