0 0.1967005076142132 0.3408203125 0.14720812182741116 0.3408203125 0.14657360406091371 0.244140625 0.0583756345177665 0.2431640625 0.057741116751269035 0.04296875 0.1967005076142132 0.0419921875 0.19733502538071065 0.33984375 0.1967005076142132 0.3408203125
0 0.24746192893401014 0.2568359375 0.20431472081218274 0.2568359375 0.2036802030456853 0.04296875 0.3083756345177665 0.0419921875 0.309010152284264 0.25 0.25761421319796957 0.2509765625 0.2569796954314721 0.119140625 0.24873096446700507 0.1181640625 0.24809644670050762 0.255859375 0.24746192893401014 0.2568359375
0 0.46954314720812185 0.1767578125 0.315989847715736 0.1767578125 0.3153553299492386 0.04296875 0.46954314720812185 0.0419921875 0.47017766497461927 0.17578125 0.46954314720812185 0.1767578125
0 0.666243654822335 0.2431640625 0.5279187817258884 0.2431640625 0.5272842639593909 0.04296875 0.666243654822335 0.0419921875 0.6668781725888325 0.2421875 0.666243654822335 0.2431640625
0 0.8248730964467005 0.3134765625 0.6015228426395939 0.3134765625 0.6008883248730964 0.25 0.6700507614213198 0.2490234375 0.6706852791878173 0.04296875 0.7703045685279187 0.0419921875 0.7709390862944162 0.248046875 0.8248730964467005 0.2490234375 0.825507614213198 0.3125 0.8248730964467005 0.3134765625
0 0.8515228426395939 0.1552734375 0.7753807106598984 0.1552734375 0.774746192893401 0.04296875 0.8515228426395939 0.0419921875 0.8521573604060914 0.154296875 0.8515228426395939 0.1552734375
0 0.9352791878172588 0.3134765625 0.8299492385786802 0.3134765625 0.8293147208121827 0.15625 0.8515228426395939 0.1552734375 0.8521573604060914 0.04296875 0.9352791878172588 0.0419921875 0.9359137055837563 0.3125 0.9352791878172588 0.3134765625
0 0.3083756345177665 0.3408203125 0.20431472081218274 0.3408203125 0.2036802030456853 0.2578125 0.24746192893401014 0.2568359375 0.24809644670050762 0.119140625 0.2563451776649746 0.1181640625 0.2569796954314721 0.25 0.3083756345177665 0.2509765625 0.309010152284264 0.33984375 0.3083756345177665 0.3408203125
0 0.8248730964467005 0.2431640625 0.7753807106598984 0.2431640625 0.774746192893401 0.162109375 0.8248730964467005 0.1611328125 0.8248730964467005 0.1630859375 0.8083756345177665 0.1630859375 0.807741116751269 0.17578125 0.8248730964467005 0.1767578125 0.825507614213198 0.2421875 0.8248730964467005 0.2431640625
0 0.38451776649746194 0.3193359375 0.315989847715736 0.3193359375 0.3153553299492386 0.185546875 0.38451776649746194 0.1845703125 0.38515228426395937 0.318359375 0.38451776649746194 0.3193359375
0 0.46954314720812185 0.3349609375 0.39086294416243655 0.3349609375 0.3902284263959391 0.185546875 0.46954314720812185 0.1845703125 0.47017766497461927 0.333984375 0.46954314720812185 0.3349609375
0 0.5964467005076142 0.3134765625 0.5279187817258884 0.3134765625 0.5272842639593909 0.25 0.5850253807106599 0.2490234375 0.5856598984771574 0.26171875 0.5964467005076142 0.2626953125 0.5970812182741116 0.3125 0.5964467005076142 0.3134765625
0 0.14086294416243655 0.3408203125 0.0583756345177665 0.3408203125 0.057741116751269035 0.251953125 0.14086294416243655 0.2509765625 0.141497461928934 0.33984375 0.14086294416243655 0.3408203125
0 0.666243654822335 0.4677734375 0.5279187817258884 0.4677734375 0.5272842639593909 0.322265625 0.666243654822335 0.3212890625 0.6668781725888325 0.466796875 0.666243654822335 0.4677734375
0 0.7271573604060914 0.5751953125 0.6725888324873096 0.5751953125 0.6719543147208121 0.322265625 0.7309644670050761 0.3212890625 0.7315989847715736 0.396484375 0.7284263959390863 0.3974609375 0.7277918781725888 0.57421875 0.7271573604060914 0.5751953125
0 0.9352791878172588 0.6435546875 0.733502538071066 0.6435546875 0.7328680203045685 0.3984375 0.7315989847715736 0.396484375 0.7315989847715736 0.322265625 0.800761421319797 0.3212890625 0.8013959390862944 0.33984375 0.8515228426395939 0.3408203125 0.8521573604060914 0.322265625 0.9352791878172588 0.3212890625 0.9359137055837563 0.642578125 0.9352791878172588 0.6435546875
0 0.46954314720812185 0.6416015625 0.315989847715736 0.6416015625 0.3153553299492386 0.328125 0.3489847715736041 0.3271484375 0.3496192893401015 0.341796875 0.46954314720812185 0.3427734375 0.47017766497461927 0.640625 0.46954314720812185 0.6416015625
0 0.1967005076142132 0.6416015625 0.0583756345177665 0.6416015625 0.057741116751269035 0.349609375 0.1967005076142132 0.3486328125 0.19733502538071065 0.640625 0.1967005076142132 0.6416015625
0 0.28426395939086296 0.6435546875 0.2068527918781726 0.6435546875 0.20558375634517767 0.6416015625 0.2036802030456853 0.640625 0.2036802030456853 0.349609375 0.3083756345177665 0.3486328125 0.309010152284264 0.640625 0.28553299492385786 0.6416015625 0.28426395939086296 0.6435546875
0 0.666243654822335 0.6435546875 0.5279187817258884 0.6435546875 0.5272842639593909 0.4765625 0.666243654822335 0.4755859375 0.6668781725888325 0.642578125 0.666243654822335 0.6435546875
0 0.7271573604060914 0.6435546875 0.6725888324873096 0.6435546875 0.6719543147208121 0.583984375 0.7271573604060914 0.5830078125 0.7277918781725888 0.642578125 0.7271573604060914 0.6435546875
0 0.6586294416243654 0.9423828125 0.5329949238578681 0.9423828125 0.5323604060913706 0.658203125 0.6586294416243654 0.6572265625 0.6592639593908629 0.94140625 0.6586294416243654 0.9423828125
0 0.28426395939086296 0.7490234375 0.2068527918781726 0.7490234375 0.20621827411167512 0.66015625 0.28426395939086296 0.6591796875 0.2848984771573604 0.748046875 0.28426395939086296 0.7490234375