0 0.47016129032258064 0.3962075848303393 0.15483870967741936 0.3962075848303393 0.15463709677419354 0.25805531793555747 0.15524193548387097 0.25791274593669805 0.15564516129032258 0.25848303393213573 0.47016129032258064 0.25848303393213573 0.47036290322580643 0.3960650128314799 0.47016129032258064 0.3962075848303393
0 0.665725806451613 0.4013401767892786 0.5237903225806452 0.4013401767892786 0.5235887096774193 0.25805531793555747 0.665725806451613 0.25791274593669805 0.6659274193548387 0.40119760479041916 0.665725806451613 0.4013401767892786
0 0.839516129032258 0.4013401767892786 0.6661290322580645 0.4013401767892786 0.6659274193548387 0.25805531793555747 0.6673387096774194 0.25791274593669805 0.6675403225806451 0.3567151411462789 0.6737903225806452 0.3568577131451383 0.6739919354838709 0.25805531793555747 0.839516129032258 0.25791274593669805 0.8397177419354839 0.40119760479041916 0.839516129032258 0.4013401767892786
0 0.25201612903225806 0.5538922155688623 0.15483870967741936 0.5538922155688623 0.15463709677419354 0.4009124607927003 0.25201612903225806 0.4007698887938409 0.25221774193548385 0.5537496435700029 0.25201612903225806 0.5538922155688623
0 0.3564516129032258 0.6049329911605361 0.2592741935483871 0.6049329911605361 0.2590725806451613 0.4009124607927003 0.3564516129032258 0.4007698887938409 0.3566532258064516 0.6047904191616766 0.3564516129032258 0.6049329911605361
0 0.47016129032258064 0.49201596806387227 0.35685483870967744 0.49201596806387227 0.3566532258064516 0.4009124607927003 0.47016129032258064 0.4007698887938409 0.47036290322580643 0.49187339606501285 0.47016129032258064 0.49201596806387227
0 0.839516129032258 0.6551183347590533 0.5237903225806452 0.6551183347590533 0.5235887096774193 0.401482748788138 0.839516129032258 0.4013401767892786 0.8397177419354839 0.4924436840604505 0.7217741935483871 0.49258625605930995 0.7215725806451613 0.49500998003992014 0.839516129032258 0.49515255203877956 0.8397177419354839 0.6549757627601939 0.839516129032258 0.6551183347590533
0 0.47016129032258064 0.5538922155688623 0.3633064516129032 0.5538922155688623 0.3631048387096774 0.49672084402623323 0.47016129032258064 0.4965782720273738 0.47036290322580643 0.5537496435700029 0.47016129032258064 0.5538922155688623
0 0.25201612903225806 0.6551183347590533 0.15483870967741936 0.6551183347590533 0.15463709677419354 0.5585970915312233 0.25201612903225806 0.5584545195323638 0.25221774193548385 0.6549757627601939 0.25201612903225806 0.6551183347590533
0 0.47016129032258064 0.6551183347590533 0.3633064516129032 0.6551183347590533 0.3631048387096774 0.5585970915312233 0.47016129032258064 0.5584545195323638 0.47036290322580643 0.6549757627601939 0.47016129032258064 0.6551183347590533
0 0.3564516129032258 0.6551183347590533 0.2592741935483871 0.6551183347590533 0.2590725806451613 0.609637867122897 0.3564516129032258 0.6094952951240377 0.3566532258064516 0.6549757627601939 0.3564516129032258 0.6551183347590533
0 0.4790322580645161 0.7255489021956087 0.36129032258064514 0.7255489021956087 0.36108870967741935 0.6658112346735101 0.4790322580645161 0.6656686626746507 0.47923387096774195 0.7254063301967494 0.4790322580645161 0.7255489021956087