0 0.5311355311355311 0.171630859375 0.4597069597069597 0.171630859375 0.4593406593406593 0.171142578125 0.4249084249084249 0.171142578125 0.42454212454212453 0.171630859375 0.4194139194139194 0.171630859375 0.41923076923076924 0.046875 0.5311355311355311 0.046630859375 0.5313186813186813 0.17138671875 0.5311355311355311 0.171630859375
0 0.24505494505494504 0.315673828125 0.14395604395604394 0.315673828125 0.14377289377289376 0.3076171875 0.10402930402930403 0.307373046875 0.10384615384615385 0.125 0.20695970695970695 0.124755859375 0.20714285714285716 0.2490234375 0.24505494505494504 0.249267578125 0.24523809523809523 0.3154296875 0.24505494505494504 0.315673828125
0 0.319047619047619 0.241455078125 0.21318681318681318 0.241455078125 0.213003663003663 0.125 0.319047619047619 0.124755859375 0.3192307692307692 0.2412109375 0.319047619047619 0.241455078125
0 0.4128205128205128 0.307373046875 0.3131868131868132 0.307373046875 0.313003663003663 0.24951171875 0.3249084249084249 0.249267578125 0.3250915750915751 0.125 0.4128205128205128 0.124755859375 0.413003663003663 0.30712890625 0.4128205128205128 0.307373046875
0 0.5311355311355311 0.307373046875 0.4194139194139194 0.307373046875 0.41923076923076924 0.1796875 0.42454212454212453 0.179443359375 0.4247252747252747 0.17138671875 0.4593406593406593 0.171142578125 0.4595238095238095 0.17919921875 0.5311355311355311 0.179443359375 0.5313186813186813 0.30712890625 0.5311355311355311 0.307373046875
0 0.8967032967032967 0.869873046875 0.6835164835164835 0.869873046875 0.6833333333333333 0.525390625 0.7432234432234432 0.525146484375 0.7434065934065934 0.30810546875 0.6197802197802198 0.307861328125 0.6195970695970696 0.17919921875 0.8336996336996337 0.178955078125 0.8338827838827839 0.5244140625 0.8967032967032967 0.524658203125 0.8968864468864469 0.86962890625 0.8967032967032967 0.869873046875
0 0.37655677655677655 0.700927734375 0.376007326007326 0.70068359375 0.376007326007326 0.51708984375 0.37032967032967035 0.516845703125 0.37014652014652016 0.63134765625 0.2205128205128205 0.631591796875 0.22032967032967032 0.51708984375 0.14395604395604394 0.516845703125 0.14377289377289376 0.31591796875 0.24505494505494504 0.315673828125 0.2454212454212454 0.315185546875 0.2633699633699634 0.315185546875 0.26355311355311356 0.24951171875 0.306959706959707 0.249267578125 0.30714285714285716 0.31494140625 0.45897435897435895 0.315185546875 0.45915750915750914 0.373046875 0.4249084249084249 0.373291015625 0.4247252747252747 0.51611328125 0.4194139194139194 0.516357421875 0.41923076923076924 0.5244140625 0.3769230769230769 0.524658203125 0.37673992673992673 0.70068359375 0.37655677655677655 0.700927734375
0 0.5311355311355311 0.373291015625 0.4652014652014652 0.373291015625 0.46501831501831503 0.3154296875 0.5311355311355311 0.315185546875 0.5313186813186813 0.373046875 0.5311355311355311 0.373291015625
0 0.5311355311355311 0.516357421875 0.4307692307692308 0.516357421875 0.4305860805860806 0.38134765625 0.5311355311355311 0.381103515625 0.5313186813186813 0.51611328125 0.5311355311355311 0.516357421875
0 0.4461538461538462 0.700927734375 0.3769230769230769 0.700927734375 0.37673992673992673 0.52490234375 0.41904761904761906 0.524658203125 0.4194139194139194 0.524169921875 0.4461538461538462 0.524169921875 0.44633699633699636 0.70068359375 0.4461538461538462 0.700927734375
0 0.5948717948717949 0.700927734375 0.4523809523809524 0.700927734375 0.4521978021978022 0.5244140625 0.5948717948717949 0.524169921875 0.595054945054945 0.70068359375 0.5948717948717949 0.700927734375
0 0.36996336996337 0.715087890625 0.31978021978021975 0.715087890625 0.31959706959706957 0.6396484375 0.36996336996337 0.639404296875 0.37014652014652016 0.71484375 0.36996336996337 0.715087890625
0 0.5948717948717949 0.869873046875 0.3761904761904762 0.869873046875 0.376007326007326 0.708984375 0.5948717948717949 0.708740234375 0.595054945054945 0.86962890625 0.5948717948717949 0.869873046875