0 0.22039859320046892 0.5128032345013477 0.07033997655334115 0.5128032345013477 0.0697538100820633 0.24528301886792453 0.22039859320046892 0.24460916442048516 0.22098475967174677 0.5121293800539084 0.22039859320046892 0.5128032345013477
0 0.37631887456037516 0.5128032345013477 0.22743259085580306 0.5128032345013477 0.2268464243845252 0.24528301886792453 0.37631887456037516 0.24460916442048516 0.376905041031653 0.5121293800539084 0.37631887456037516 0.5128032345013477
0 0.694021101992966 0.8470350404312669 0.5287221570926143 0.8470350404312669 0.5281359906213364 0.5714285714285714 0.3821805392731536 0.5707547169811321 0.38159437280187575 0.24528301886792453 0.694021101992966 0.24460916442048516 0.6946072684642438 0.8463611859838275 0.694021101992966 0.8470350404312669
0 0.9003516998827668 0.4225067385444744 0.7010550996483002 0.4225067385444744 0.7004689331770223 0.24528301886792453 0.9003516998827668 0.24460916442048516 0.9009378663540446 0.42183288409703507 0.9003516998827668 0.4225067385444744
0 0.9003516998827668 0.5518867924528302 0.7010550996483002 0.5518867924528302 0.7004689331770223 0.4299191374663073 0.9003516998827668 0.42924528301886794 0.9009378663540446 0.5512129380053908 0.9003516998827668 0.5518867924528302
0 0.15826494724501758 0.6111859838274932 0.07033997655334115 0.6111859838274932 0.0697538100820633 0.5202156334231806 0.15826494724501758 0.5195417789757413 0.15885111371629543 0.610512129380054 0.15826494724501758 0.6111859838274932
0 0.37749120750293086 0.8470350404312669 0.2696365767878077 0.8470350404312669 0.2690504103165299 0.660377358490566 0.2508792497069168 0.639487870619946 0.24677608440797186 0.6361185983827493 0.24501758499413834 0.6327493261455526 0.23446658851113716 0.621967654986523 0.23153575615474795 0.6199460916442049 0.22977725674091443 0.616576819407008 0.2268464243845252 0.6145552560646901 0.2250879249706917 0.6111859838274932 0.1652989449003517 0.6111859838274932 0.16471277842907386 0.5202156334231806 0.3810082063305979 0.5195417789757413 0.38159437280187575 0.6212938005390836 0.3786635404454865 0.621967654986523 0.37807737397420865 0.8463611859838275 0.37749120750293086 0.8470350404312669
0 0.9003516998827668 0.6772237196765498 0.7010550996483002 0.6772237196765498 0.7004689331770223 0.5592991913746631 0.9003516998827668 0.5586253369272237 0.9009378663540446 0.6765498652291105 0.9003516998827668 0.6772237196765498
0 0.5275498241500586 0.8470350404312669 0.38452520515826494 0.8470350404312669 0.3839390386869871 0.6226415094339622 0.38159437280187575 0.6212938005390836 0.38159437280187575 0.5714285714285714 0.5275498241500586 0.5707547169811321 0.5281359906213364 0.8463611859838275 0.5275498241500586 0.8470350404312669
0 0.26260257913247365 0.8470350404312669 0.07033997655334115 0.8470350404312669 0.0697538100820633 0.6185983827493261 0.22157092614302462 0.6179245283018868 0.23446658851113716 0.6327493261455526 0.23622508792497068 0.633423180592992 0.2403282532239156 0.639487870619946 0.26143024618991795 0.6623989218328841 0.26318874560375144 0.6630727762803235 0.26318874560375144 0.8463611859838275 0.26260257913247365 0.8470350404312669
0 0.8042203985932005 0.8470350404312669 0.7010550996483002 0.8470350404312669 0.7004689331770223 0.7452830188679245 0.7409144196951934 0.7446091644204852 0.7415005861664713 0.738544474393531 0.7010550996483002 0.7378706199460916 0.7004689331770223 0.6846361185983828 0.8042203985932005 0.6839622641509434 0.8048065650644783 0.8463611859838275 0.8042203985932005 0.8470350404312669
0 0.9003516998827668 0.8470350404312669 0.8112543962485346 0.8470350404312669 0.8106682297772567 0.6846361185983828 0.9003516998827668 0.6839622641509434 0.9009378663540446 0.8463611859838275 0.9003516998827668 0.8470350404312669