0 0.3910171730515192 0.49670510708401977 0.202113606340819 0.49670510708401977 0.20145310435931307 0.27347611202635913 0.3910171730515192 0.2726523887973641 0.3916776750330251 0.4958813838550247 0.3910171730515192 0.49670510708401977
0 0.43593130779392336 0.5675453047775947 0.39762219286657857 0.5675453047775947 0.39696169088507266 0.27347611202635913 0.6803170409511229 0.2726523887973641 0.6809775429326288 0.47775947281713343 0.6301188903566711 0.4785831960461285 0.6294583883751651 0.5601317957166392 0.6248348745046235 0.5609555189456342 0.6235138705416117 0.5642504118616145 0.4372523117569353 0.5642504118616145 0.43593130779392336 0.5675453047775947
0 0.9180977542932629 0.471993410214168 0.6869220607661823 0.471993410214168 0.6862615587846763 0.27347611202635913 0.9180977542932629 0.2726523887973641 0.9187582562747688 0.471169686985173 0.9180977542932629 0.471993410214168
0 0.7701453104359313 0.7026359143327842 0.6301188903566711 0.7026359143327842 0.6294583883751651 0.4794069192751236 0.7701453104359313 0.4785831960461285 0.7708058124174373 0.7018121911037891 0.7701453104359313 0.7026359143327842
0 0.8414795244385733 0.5774299835255354 0.7767503302509907 0.5774299835255354 0.7760898282694848 0.4794069192751236 0.8414795244385733 0.4785831960461285 0.8421400264200792 0.5766062602965404 0.8414795244385733 0.5774299835255354
0 0.9180977542932629 0.5774299835255354 0.8494055482166446 0.5774299835255354 0.8487450462351387 0.4794069192751236 0.9180977542932629 0.4785831960461285 0.9187582562747688 0.5766062602965404 0.9180977542932629 0.5774299835255354
0 0.2892998678996037 0.6598023064250412 0.2073976221928666 0.6598023064250412 0.20673712021136065 0.5041186161449753 0.2892998678996037 0.5032948929159803 0.2899603698811096 0.6589785831960461 0.2892998678996037 0.6598023064250412
0 0.3910171730515192 0.6219110378912686 0.2985468956406869 0.6219110378912686 0.29788639365918096 0.5074135090609555 0.3910171730515192 0.5065897858319605 0.3916776750330251 0.6210873146622735 0.3910171730515192 0.6219110378912686
0 0.6235138705416117 0.78665568369028 0.39762219286657857 0.78665568369028 0.39696169088507266 0.5683690280065898 0.43593130779392336 0.5675453047775947 0.4372523117569353 0.5642504118616145 0.6235138705416117 0.5642504118616145 0.6241743725231176 0.785831960461285 0.6235138705416117 0.78665568369028
0 0.9180977542932629 0.78665568369028 0.7767503302509907 0.78665568369028 0.7760898282694848 0.5848434925864909 0.9180977542932629 0.5840197693574959 0.9187582562747688 0.785831960461285 0.9180977542932629 0.78665568369028
0 0.3910171730515192 0.78665568369028 0.202113606340819 0.78665568369028 0.20145310435931307 0.6672158154859967 0.29458388375165123 0.6663920922570017 0.2952443857331572 0.6293245469522241 0.3910171730515192 0.628500823723229 0.3916776750330251 0.785831960461285 0.3910171730515192 0.78665568369028
0 0.7701453104359313 0.78665568369028 0.6301188903566711 0.78665568369028 0.6294583883751651 0.7100494233937397 0.7701453104359313 0.7092257001647446 0.7708058124174373 0.785831960461285 0.7701453104359313 0.78665568369028