0 0.35135135135135137 0.33213256484149856 0.03153153153153153 0.33213256484149856 0.03078078078078078 0.03170028818443804 0.35135135135135137 0.030979827089337175 0.3521021021021021 0.3314121037463977 0.35135135135135137 0.33213256484149856
0 0.7357357357357357 0.34365994236311237 0.39039039039039036 0.34365994236311237 0.38963963963963966 0.33285302593659943 0.3633633633633634 0.33213256484149856 0.36261261261261263 0.03170028818443804 0.7357357357357357 0.030979827089337175 0.7364864864864865 0.34293948126801155 0.7357357357357357 0.34365994236311237
0 0.9834834834834835 0.33213256484149856 0.7462462462462462 0.33213256484149856 0.7454954954954955 0.03170028818443804 0.9834834834834835 0.030979827089337175 0.9842342342342343 0.3314121037463977 0.9834834834834835 0.33213256484149856
0 0.1921921921921922 0.3479827089337176 0.19144144144144143 0.34438040345821325 0.19369369369369369 0.34365994236311237 0.19444444444444445 0.345821325648415 0.1921921921921922 0.3479827089337176
0 0.44594594594594594 0.5871757925072046 0.2042042042042042 0.5871757925072046 0.20345345345345345 0.34438040345821325 0.8333333333333334 0.34365994236311237 0.8340840840840841 0.43515850144092216 0.44744744744744747 0.43587896253602304 0.4466966966966967 0.5864553314121037 0.44594594594594594 0.5871757925072046
0 0.9834834834834835 0.43587896253602304 0.8438438438438438 0.43587896253602304 0.8430930930930931 0.34438040345821325 0.9834834834834835 0.34365994236311237 0.9842342342342343 0.43515850144092216 0.9834834834834835 0.43587896253602304
0 0.18768768768768768 0.49495677233429397 0.036036036036036036 0.49495677233429397 0.03528528528528529 0.34870317002881845 0.18768768768768768 0.3479827089337176 0.18843843843843844 0.4942363112391931 0.18768768768768768 0.49495677233429397
0 0.6636636636636637 0.6952449567723343 0.45345345345345345 0.6952449567723343 0.4527027027027027 0.4438040345821326 0.7222222222222222 0.4430835734870317 0.722972972972973 0.5417867435158501 0.6651651651651652 0.542507204610951 0.6644144144144144 0.6945244956772334 0.6636636636636637 0.6952449567723343
0 0.9834834834834835 0.6952449567723343 0.6726726726726727 0.6952449567723343 0.6719219219219219 0.5461095100864554 0.7267267267267268 0.5453890489913544 0.7274774774774775 0.4438040345821326 0.9834834834834835 0.4430835734870317 0.9842342342342343 0.6945244956772334 0.9834834834834835 0.6952449567723343
0 0.1921921921921922 0.6952449567723343 0.03153153153153153 0.6952449567723343 0.03078078078078078 0.5072046109510087 0.1921921921921922 0.5064841498559077 0.19294294294294295 0.6945244956772334 0.1921921921921922 0.6952449567723343
0 0.30180180180180183 0.6952449567723343 0.2042042042042042 0.6952449567723343 0.20345345345345345 0.5951008645533141 0.30180180180180183 0.5943804034582133 0.30255255255255253 0.6945244956772334 0.30180180180180183 0.6952449567723343
0 0.44594594594594594 0.6952449567723343 0.3108108108108108 0.6952449567723343 0.31006006006006004 0.5951008645533141 0.44594594594594594 0.5943804034582133 0.4466966966966967 0.6945244956772334 0.44594594594594594 0.6952449567723343