0 0.48653198653198654 0.47464788732394364 0.3383838383838384 0.47464788732394364 0.33754208754208753 0.13802816901408452 0.48653198653198654 0.13661971830985917 0.48737373737373735 0.4732394366197183 0.48653198653198654 0.47464788732394364
0 0.6077441077441077 0.35070422535211265 0.4882154882154882 0.35070422535211265 0.48737373737373735 0.13802816901408452 0.6077441077441077 0.13661971830985917 0.6085858585858586 0.3492957746478873 0.6077441077441077 0.35070422535211265
0 0.7407407407407407 0.45774647887323944 0.6683501683501684 0.45774647887323944 0.6675084175084175 0.14084507042253522 0.8047138047138047 0.13943661971830987 0.8055555555555556 0.3154929577464789 0.7727272727272727 0.31690140845070425 0.7702020202020202 0.323943661971831 0.7685185185185185 0.3295774647887324 0.7685185185185185 0.3380281690140845 0.7668350168350169 0.3408450704225352 0.7651515151515151 0.3464788732394366 0.7651515151515151 0.352112676056338 0.7634680134680135 0.35492957746478876 0.7617845117845118 0.36056338028169016 0.7617845117845118 0.36619718309859156 0.76010101010101 0.36901408450704226 0.76010101010101 0.37464788732394366 0.7584175084175084 0.37746478873239436 0.7584175084175084 0.38309859154929576 0.7567340067340067 0.38591549295774646 0.7550505050505051 0.39154929577464787 0.7550505050505051 0.3971830985915493 0.7533670033670034 0.4 0.7516835016835017 0.4056338028169014 0.7516835016835017 0.4140845070422535 0.75 0.4169014084507042 0.7483164983164983 0.4225352112676056 0.7483164983164983 0.428169014084507 0.7466329966329966 0.4309859154929577 0.7449494949494949 0.43661971830985913 0.7449494949494949 0.4422535211267606 0.7432659932659933 0.4450704225352113 0.7432659932659933 0.4507042253521127 0.7415824915824916 0.4535211267605634 0.7407407407407407 0.45774647887323944
0 0.9461279461279462 0.3788732394366197 0.8097643097643098 0.3788732394366197 0.8089225589225589 0.14084507042253522 0.9461279461279462 0.13943661971830987 0.946969696969697 0.37746478873239436 0.9461279461279462 0.3788732394366197
0 0.8047138047138047 0.5845070422535211 0.6683501683501684 0.5845070422535211 0.6675084175084175 0.4591549295774648 0.7407407407407407 0.45774647887323944 0.7432659932659933 0.4507042253521127 0.7432659932659933 0.4450704225352113 0.7449494949494949 0.4422535211267606 0.7449494949494949 0.43661971830985913 0.7466329966329966 0.43380281690140843 0.7483164983164983 0.428169014084507 0.7483164983164983 0.4225352112676056 0.75 0.4197183098591549 0.7516835016835017 0.4140845070422535 0.7516835016835017 0.4056338028169014 0.7533670033670034 0.4028169014084507 0.7550505050505051 0.3971830985915493 0.7550505050505051 0.39154929577464787 0.7567340067340067 0.38873239436619716 0.7584175084175084 0.38309859154929576 0.7584175084175084 0.37746478873239436 0.76010101010101 0.37464788732394366 0.76010101010101 0.36901408450704226 0.7617845117845118 0.36619718309859156 0.7617845117845118 0.36056338028169016 0.7634680134680135 0.35774647887323946 0.7651515151515151 0.352112676056338 0.7651515151515151 0.3464788732394366 0.7668350168350169 0.3436619718309859 0.7685185185185185 0.3380281690140845 0.7685185185185185 0.3295774647887324 0.7702020202020202 0.3267605633802817 0.7718855218855218 0.3211267605633803 0.7727272727272727 0.31690140845070425 0.8047138047138047 0.31690140845070425 0.8055555555555556 0.5830985915492958 0.8047138047138047 0.5845070422535211
0 0.6077441077441077 0.6154929577464788 0.5606060606060606 0.6154929577464788 0.5597643097643098 0.5746478873239437 0.5286195286195287 0.5732394366197183 0.5269360269360269 0.5788732394366197 0.3383838383838384 0.5788732394366197 0.33754208754208753 0.476056338028169 0.5151515151515151 0.47464788732394364 0.515993265993266 0.4704225352112676 0.49326599326599324 0.46901408450704224 0.49242424242424243 0.35774647887323946 0.5555555555555556 0.3563380281690141 0.5563973063973064 0.4732394366197183 0.6077441077441077 0.47464788732394364 0.6085858585858586 0.6140845070422535 0.6077441077441077 0.6154929577464788
0 0.5976430976430976 0.46901408450704224 0.5606060606060606 0.46901408450704224 0.5597643097643098 0.35774647887323946 0.6077441077441077 0.3563380281690141 0.6085858585858586 0.428169014084507 0.5993265993265994 0.4295774647887324 0.5984848484848485 0.4676056338028169 0.5976430976430976 0.46901408450704224
0 0.867003367003367 0.5140845070422535 0.8097643097643098 0.5140845070422535 0.8089225589225589 0.38591549295774646 0.867003367003367 0.3845070422535211 0.8678451178451179 0.5126760563380282 0.867003367003367 0.5140845070422535
0 0.9461279461279462 0.5140845070422535 0.8720538720538721 0.5140845070422535 0.8712121212121212 0.38591549295774646 0.9461279461279462 0.3845070422535211 0.946969696969697 0.5126760563380282 0.9461279461279462 0.5140845070422535
0 0.9461279461279462 0.7929577464788733 0.8097643097643098 0.7929577464788733 0.8089225589225589 0.523943661971831 0.9461279461279462 0.5225352112676056 0.946969696969697 0.7915492957746478 0.9461279461279462 0.7929577464788733
0 0.3333333333333333 0.6690140845070423 0.2053872053872054 0.6690140845070423 0.20454545454545456 0.5577464788732395 0.3333333333333333 0.5563380281690141 0.3341750841750842 0.6676056338028169 0.3333333333333333 0.6690140845070423
0 0.44612794612794615 0.7901408450704225 0.3383838383838384 0.7901408450704225 0.33754208754208753 0.5802816901408451 0.44612794612794615 0.5788732394366197 0.44696969696969696 0.7887323943661971 0.44612794612794615 0.7901408450704225
0 0.5505050505050505 0.7901408450704225 0.4478114478114478 0.7901408450704225 0.44696969696969696 0.5802816901408451 0.5505050505050505 0.5788732394366197 0.5513468013468014 0.7887323943661971 0.5505050505050505 0.7901408450704225
0 0.8047138047138047 0.7929577464788733 0.6683501683501684 0.7929577464788733 0.6675084175084175 0.5915492957746479 0.8047138047138047 0.5901408450704225 0.8055555555555556 0.7915492957746478 0.8047138047138047 0.7929577464788733
0 0.11784511784511785 0.7929577464788733 0.025252525252525252 0.7929577464788733 0.02441077441077441 0.6366197183098592 0.11784511784511785 0.6352112676056338 0.11868686868686869 0.7915492957746478 0.11784511784511785 0.7929577464788733
0 0.265993265993266 0.7901408450704225 0.2053872053872054 0.7901408450704225 0.20454545454545456 0.6788732394366197 0.265993265993266 0.6774647887323944 0.2668350168350168 0.7887323943661971 0.265993265993266 0.7901408450704225
0 0.33164983164983164 0.7901408450704225 0.2727272727272727 0.7901408450704225 0.2718855218855219 0.6788732394366197 0.33164983164983164 0.6774647887323944 0.3324915824915825 0.7887323943661971 0.33164983164983164 0.7901408450704225