0 0.8561452513966481 0.3412280701754386 0.5782122905027933 0.3412280701754386 0.577513966480447 0.3298245614035088 0.5307262569832403 0.32894736842105265 0.5300279329608939 0.09298245614035087 0.8561452513966481 0.09210526315789473 0.8568435754189944 0.34035087719298246 0.8561452513966481 0.3412280701754386
0 0.3324022346368715 0.3412280701754386 0.07960893854748603 0.3412280701754386 0.07891061452513966 0.10350877192982456 0.3547486033519553 0.10263157894736842 0.35544692737430167 0.3263157894736842 0.33379888268156427 0.32719298245614037 0.3331005586592179 0.34035087719298246 0.3324022346368715 0.3412280701754386
0 0.40502793296089384 0.22543859649122808 0.3645251396648045 0.22543859649122808 0.3638268156424581 0.10350877192982456 0.40502793296089384 0.10263157894736842 0.4057262569832402 0.22456140350877193 0.40502793296089384 0.22543859649122808
0 0.520949720670391 0.29035087719298247 0.41480446927374304 0.29035087719298247 0.41410614525139666 0.10350877192982456 0.520949720670391 0.10263157894736842 0.5216480446927374 0.2894736842105263 0.520949720670391 0.29035087719298247
0 0.40502793296089384 0.29035087719298247 0.3645251396648045 0.29035087719298247 0.3638268156424581 0.23684210526315788 0.40502793296089384 0.23596491228070177 0.4057262569832402 0.2894736842105263 0.40502793296089384 0.29035087719298247
0 0.3547486033519553 0.6675438596491228 0.07960893854748603 0.6675438596491228 0.07891061452513966 0.3526315789473684 0.3547486033519553 0.35175438596491226 0.35544692737430167 0.6666666666666666 0.3547486033519553 0.6675438596491228
0 0.8561452513966481 0.6710526315789473 0.4594972067039106 0.6710526315789473 0.4581005586592179 0.6692982456140351 0.3645251396648045 0.6692982456140351 0.3638268156424581 0.3526315789473684 0.8561452513966481 0.35175438596491226 0.8568435754189944 0.543859649122807 0.8687150837988827 0.5447368421052632 0.869413407821229 0.6157894736842106 0.8575418994413407 0.6166666666666667 0.8568435754189944 0.6701754385964912 0.8561452513966481 0.6710526315789473
0 0.43156424581005587 0.9412280701754386 0.3645251396648045 0.9412280701754386 0.3638268156424581 0.6701754385964912 0.4581005586592179 0.6692982456140351 0.45879888268156427 0.9228070175438596 0.4329608938547486 0.9236842105263158 0.43226256983240224 0.9403508771929825 0.43156424581005587 0.9412280701754386
0 0.11452513966480447 0.7201754385964912 0.06983240223463687 0.7201754385964912 0.0691340782122905 0.6789473684210526 0.11452513966480447 0.6780701754385965 0.11522346368715083 0.7192982456140351 0.11452513966480447 0.7201754385964912
0 0.25837988826815644 0.9236842105263158 0.07960893854748603 0.9236842105263158 0.07891061452513966 0.7280701754385965 0.11871508379888268 0.7271929824561404 0.11941340782122906 0.6789473684210526 0.329608938547486 0.6780701754385965 0.3303072625698324 0.6894736842105263 0.3547486033519553 0.6903508771929825 0.35544692737430167 0.8666666666666667 0.25977653631284914 0.8675438596491228 0.2590782122905028 0.9228070175438596 0.25837988826815644 0.9236842105263158
0 0.5740223463687151 0.8324561403508772 0.46787709497206703 0.8324561403508772 0.46717877094972066 0.6929824561403509 0.5740223463687151 0.6921052631578948 0.5747206703910615 0.8315789473684211 0.5740223463687151 0.8324561403508772
0 0.30726256983240224 0.9236842105263158 0.26675977653631283 0.9236842105263158 0.26606145251396646 0.8736842105263158 0.30726256983240224 0.8728070175438597 0.3079608938547486 0.9228070175438596 0.30726256983240224 0.9236842105263158
0 0.3547486033519553 0.9236842105263158 0.3128491620111732 0.9236842105263158 0.3121508379888268 0.8736842105263158 0.3547486033519553 0.8728070175438597 0.35544692737430167 0.9228070175438596 0.3547486033519553 0.9236842105263158