0 0.5203816131830009 0.6343804537521816 0.4666088464874241 0.6343804537521816 0.46617519514310496 0.19720767888307156 0.06418039895923677 0.19633507853403143 0.06374674761491761 0.04013961605584642 0.18647007805724197 0.03926701570680628 0.18690372940156114 0.08202443280977312 0.5377276669557676 0.08289703315881326 0.5381613183000867 0.2949389179755672 0.5212489158716392 0.29581151832460734 0.5208152645273201 0.6335078534031413 0.5203816131830009 0.6343804537521816
0 0.6799653078924545 0.5 0.5819601040763226 0.5 0.5815264527320034 0.2198952879581152 0.6799653078924545 0.21902268760907503 0.6803989592367736 0.49912739965095987 0.6799653078924545 0.5
0 0.8334778837814397 0.7879581151832461 0.6869037294015612 0.7879581151832461 0.686470078057242 0.2198952879581152 0.8334778837814397 0.21902268760907503 0.8339115351257589 0.787085514834206 0.8334778837814397 0.7879581151832461
0 0.9592367736339983 0.393542757417103 0.8412836079791848 0.393542757417103 0.8408499566348656 0.3717277486910995 0.834345186470078 0.37085514834205935 0.8339115351257589 0.31413612565445026 0.8404163052905465 0.31326352530541013 0.8408499566348656 0.2198952879581152 0.9592367736339983 0.21902268760907503 0.9596704249783174 0.39267015706806285 0.9592367736339983 0.393542757417103
0 0.32784041630529054 0.7897033158813264 0.18126626192541198 0.7897033158813264 0.1808326105810928 0.7050610820244329 0.17432784041630528 0.7041884816753927 0.17389418907198612 0.506108202443281 0.0745880312228968 0.5052356020942408 0.07415437987857762 0.41361256544502617 0.07588898525585429 0.4118673647469459 0.07588898525585429 0.22164048865619546 0.17346053772766695 0.22076788830715532 0.17389418907198612 0.4956369982547993 0.32784041630529054 0.4965095986038394 0.3282740676496097 0.7888307155322862 0.32784041630529054 0.7897033158813264
0 0.2580225498699046 0.5951134380453752 0.2580225498699046 0.5078534031413613 0.18126626192541198 0.5069808027923212 0.1808326105810928 0.5951134380453752 0.2575888985255854 0.5959860383944153 0.2580225498699046 0.5951134380453752
0 0.32784041630529054 0.4965095986038394 0.17432784041630528 0.4965095986038394 0.17389418907198612 0.3944153577661431 0.18039895923677363 0.393542757417103 0.1808326105810928 0.22164048865619546 0.32784041630529054 0.22076788830715532 0.3282740676496097 0.4956369982547993 0.32784041630529054 0.4965095986038394
0 0.4527320034692108 0.4650959860383944 0.3347788378143972 0.4650959860383944 0.33434518647007805 0.22164048865619546 0.4527320034692108 0.22076788830715532 0.45316565481352994 0.4642233856893543 0.4527320034692108 0.4650959860383944
0 0.9592367736339983 0.5017452006980803 0.849956634865568 0.5017452006980803 0.8495229835212489 0.4712041884816754 0.8412836079791848 0.47033158813263526 0.8408499566348656 0.39965095986038396 0.9592367736339983 0.3987783595113438 0.9596704249783174 0.5008726003490401 0.9592367736339983 0.5017452006980803
0 0.07285342584562012 0.5977312390924956 0.01821335646140503 0.5977312390924956 0.01777970511708586 0.41361256544502617 0.07372072853425846 0.41273996509598604 0.07415437987857762 0.5951134380453752 0.07285342584562012 0.5977312390924956
0 0.4527320034692108 0.6273996509598604 0.4319167389418907 0.6273996509598604 0.43148308759757154 0.5898778359511344 0.4284475281873374 0.5890052356020943 0.4280138768430182 0.6265270506108203 0.3347788378143972 0.6273996509598604 0.33434518647007805 0.47294938917975565 0.4527320034692108 0.4720767888307155 0.45316565481352994 0.6265270506108203 0.4527320034692108 0.6273996509598604
0 0.17346053772766695 0.7897033158813264 0.07372072853425846 0.7897033158813264 0.07328707718993929 0.5968586387434555 0.07415437987857762 0.5951134380453752 0.07415437987857762 0.506108202443281 0.17346053772766695 0.5052356020942408 0.17389418907198612 0.7888307155322862 0.17346053772766695 0.7897033158813264
0 0.2575888985255854 0.5959860383944153 0.18126626192541198 0.5959860383944153 0.1808326105810928 0.5078534031413613 0.2575888985255854 0.5069808027923212 0.2580225498699046 0.5951134380453752 0.2575888985255854 0.5959860383944153
0 0.6799653078924545 0.7879581151832461 0.5810928013876843 0.7879581151832461 0.5806591500433651 0.6474694589877836 0.5815264527320034 0.6457242582897034 0.5815264527320034 0.5078534031413613 0.6591500433651344 0.5069808027923212 0.6595836947094535 0.5235602094240838 0.6799653078924545 0.5244328097731239 0.6803989592367736 0.787085514834206 0.6799653078924545 0.7879581151832461
0 0.9592367736339983 0.7879581151832461 0.8412836079791848 0.7879581151832461 0.8408499566348656 0.5095986038394416 0.9592367736339983 0.5087260034904014 0.9596704249783174 0.787085514834206 0.9592367736339983 0.7879581151832461
0 0.3920208152645273 0.7897033158813264 0.3347788378143972 0.7897033158813264 0.33434518647007805 0.6369982547993019 0.3920208152645273 0.6361256544502618 0.3924544666088465 0.7888307155322862 0.3920208152645273 0.7897033158813264
0 0.4527320034692108 0.7897033158813264 0.396357328707719 0.7897033158813264 0.39592367736339984 0.6369982547993019 0.4527320034692108 0.6361256544502618 0.45316565481352994 0.7888307155322862 0.4527320034692108 0.7897033158813264
0 0.5082393755420642 0.7635253054101222 0.4666088464874241 0.7635253054101222 0.46617519514310496 0.6596858638743456 0.47528187337380745 0.6588132635253054 0.4757155247181266 0.6527050610820244 0.5082393755420642 0.6518324607329843 0.5086730268863834 0.7626527050610821 0.5082393755420642 0.7635253054101222