0 0.6889226100151745 0.17863247863247864 0.6024279210925645 0.17863247863247864 0.6016691957511381 0.035897435897435895 0.6889226100151745 0.03504273504273504 0.6896813353566009 0.17777777777777778 0.6889226100151745 0.17863247863247864
0 0.7905918057663126 0.17863247863247864 0.6965098634294385 0.17863247863247864 0.6957511380880121 0.035897435897435895 0.7905918057663126 0.03504273504273504 0.791350531107739 0.17777777777777778 0.7905918057663126 0.17863247863247864
0 0.7905918057663126 0.34786324786324785 0.6024279210925645 0.34786324786324785 0.6016691957511381 0.18803418803418803 0.7905918057663126 0.18717948717948718 0.791350531107739 0.347008547008547 0.7905918057663126 0.34786324786324785
0 0.2488619119878604 0.5888888888888889 0.054628224582701064 0.5888888888888889 0.05386949924127466 0.3572649572649573 0.2488619119878604 0.3564102564102564 0.2496206373292868 0.588034188034188 0.2488619119878604 0.5888888888888889
0 0.3338391502276176 0.8384615384615385 0.2078907435508346 0.8384615384615385 0.2071320182094082 0.5982905982905983 0.26100151745068284 0.5974358974358974 0.26176024279210924 0.5897435897435898 0.25796661608497723 0.5888888888888889 0.2572078907435508 0.3572649572649573 0.6646433990895296 0.3564102564102564 0.665402124430956 0.588034188034188 0.6342943854324734 0.5888888888888889 0.6327769347496206 0.5923076923076923 0.5584218512898331 0.5923076923076923 0.5576631259484067 0.588034188034188 0.33990895295902884 0.5871794871794872 0.33915022761760244 0.5914529914529915 0.3353566009104704 0.5923076923076923 0.334597875569044 0.8376068376068376 0.3338391502276176 0.8384615384615385
0 0.7511380880121397 0.4658119658119658 0.6737481031866465 0.4658119658119658 0.6729893778452201 0.3572649572649573 0.7511380880121397 0.3564102564102564 0.7518968133535661 0.46495726495726497 0.7511380880121397 0.4658119658119658
0 0.8710166919575114 0.4658119658119658 0.7602427921092565 0.4658119658119658 0.7594840667678301 0.3572649572649573 0.8710166919575114 0.3564102564102564 0.8717754172989378 0.46495726495726497 0.8710166919575114 0.4658119658119658
0 0.8710166919575114 0.6452991452991453 0.6737481031866465 0.6452991452991453 0.6729893778452201 0.4752136752136752 0.8710166919575114 0.47435897435897434 0.8717754172989378 0.6444444444444445 0.8710166919575114 0.6452991452991453
0 0.48254931714719274 0.6418803418803419 0.47496206373292865 0.6418803418803419 0.47420333839150225 0.5982905982905983 0.33990895295902884 0.5974358974358974 0.33915022761760244 0.588034188034188 0.5569044006069803 0.5871794871794872 0.5576631259484067 0.5965811965811966 0.48406676783004554 0.5974358974358974 0.48330804248861914 0.6410256410256411 0.48254931714719274 0.6418803418803419
0 0.47344461305007585 0.8384615384615385 0.3353566009104704 0.8384615384615385 0.334597875569044 0.5931623931623932 0.33839150227617604 0.5923076923076923 0.33915022761760244 0.5965811965811966 0.47344461305007585 0.5974358974358974 0.47420333839150225 0.6410256410256411 0.4779969650986343 0.6418803418803419 0.4787556904400607 0.6905982905982906 0.47496206373292865 0.6914529914529914 0.47420333839150225 0.8376068376068376 0.47344461305007585 0.8384615384615385
0 0.6646433990895296 0.8384615384615385 0.5553869499241275 0.8384615384615385 0.5546282245827011 0.7282051282051282 0.48254931714719274 0.7273504273504273 0.48179059180576633 0.6923076923076923 0.4787556904400607 0.6905982905982906 0.4787556904400607 0.6427350427350428 0.48254931714719274 0.6418803418803419 0.48330804248861914 0.5982905982905983 0.5569044006069803 0.5974358974358974 0.5576631259484067 0.5931623931623932 0.6327769347496206 0.5923076923076923 0.633535660091047 0.5965811965811966 0.6646433990895296 0.5974358974358974 0.665402124430956 0.7264957264957265 0.6176024279210925 0.7273504273504273 0.6168437025796661 0.7350427350427351 0.6646433990895296 0.735897435897436 0.665402124430956 0.8376068376068376 0.6646433990895296 0.8384615384615385
0 0.19878603945371776 0.8384615384615385 0.054628224582701064 0.8384615384615385 0.05386949924127466 0.5982905982905983 0.19878603945371776 0.5974358974358974 0.19954476479514416 0.8376068376068376 0.19878603945371776 0.8384615384615385
0 0.8710166919575114 0.8384615384615385 0.6737481031866465 0.8384615384615385 0.6729893778452201 0.6547008547008547 0.8710166919575114 0.6538461538461539 0.8717754172989378 0.8376068376068376 0.8710166919575114 0.8384615384615385
0 0.5462822458270106 0.8384615384615385 0.48254931714719274 0.8384615384615385 0.48179059180576633 0.7367521367521368 0.5462822458270106 0.735897435897436 0.547040971168437 0.8376068376068376 0.5462822458270106 0.8384615384615385