0 0.23150565709312446 0.4364069952305246 0.1227154046997389 0.4364069952305246 0.12228024369016537 0.08267090620031796 0.23150565709312446 0.08187599364069953 0.231940818102698 0.4356120826709062 0.23150565709312446 0.4364069952305246
0 0.4795474325500435 0.3537360890302067 0.23933855526544823 0.3537360890302067 0.23890339425587467 0.08267090620031796 0.4795474325500435 0.08187599364069953 0.47998259355961703 0.35294117647058826 0.4795474325500435 0.3537360890302067
0 0.11488250652741515 0.25834658187599363 0.08006962576153177 0.25834658187599363 0.07919930374238468 0.25516693163751986 0.04003481288076589 0.25516693163751986 0.03959965187119234 0.0890302066772655 0.11488250652741515 0.08823529411764706 0.11531766753698869 0.2575516693163752 0.11488250652741515 0.25834658187599363
0 0.7241079199303743 0.4872813990461049 0.5291557876414273 0.4872813990461049 0.5287206266318538 0.21303656597774245 0.7241079199303743 0.212241653418124 0.7245430809399478 0.3497615262321145 0.7075718015665796 0.3505564387917329 0.7071366405570061 0.4419713831478537 0.7241079199303743 0.44276629570747217 0.7245430809399478 0.4864864864864865 0.7241079199303743 0.4872813990461049
0 0.9669277632724108 0.5842607313195548 0.731940818102698 0.5842607313195548 0.7315056570931244 0.35135135135135137 0.7249782419495213 0.3505564387917329 0.7245430809399478 0.21303656597774245 0.9669277632724108 0.212241653418124 0.9673629242819843 0.5834658187599364 0.9669277632724108 0.5842607313195548
0 0.11662315056570931 0.4364069952305246 0.038294168842471714 0.4364069952305246 0.037859007832898174 0.2686804451510334 0.07919930374238468 0.26788553259141495 0.08006962576153177 0.26629570747217807 0.11662315056570931 0.26629570747217807 0.11705831157528286 0.4356120826709062 0.11662315056570931 0.4364069952305246
0 0.4795474325500435 0.7225755166931638 0.23933855526544823 0.7225755166931638 0.23890339425587467 0.4467408585055644 0.25326370757180156 0.44594594594594594 0.25369886858137514 0.3656597774244833 0.4795474325500435 0.36486486486486486 0.47998259355961703 0.7217806041335453 0.4795474325500435 0.7225755166931638
0 0.1174934725848564 0.5858505564387917 0.038294168842471714 0.5858505564387917 0.037859007832898174 0.4467408585055644 0.1174934725848564 0.44594594594594594 0.11792863359442994 0.5850556438791733 0.1174934725848564 0.5858505564387917
0 0.23150565709312446 0.624006359300477 0.12445604873803308 0.624006359300477 0.12402088772845953 0.4467408585055644 0.23150565709312446 0.44594594594594594 0.231940818102698 0.6232114467408585 0.23150565709312446 0.624006359300477
0 0.7241079199303743 0.7209856915739269 0.5291557876414273 0.7209856915739269 0.5287206266318538 0.5023847376788553 0.7241079199303743 0.5015898251192369 0.7245430809399478 0.7201907790143084 0.7241079199303743 0.7209856915739269
0 0.23150565709312446 0.7225755166931638 0.038294168842471714 0.7225755166931638 0.037859007832898174 0.6089030206677265 0.08616187989556136 0.6081081081081081 0.0865970409051349 0.6327503974562798 0.23150565709312446 0.6335453100158982 0.231940818102698 0.7217806041335453 0.23150565709312446 0.7225755166931638