0 0.14513556618819776 0.32473684210526316 0.11881977671451356 0.29 0.11762360446570973 0.2894736842105263 0.11642743221690591 0.2868421052631579 0.11523125996810207 0.2863157894736842 0.11403508771929824 0.2836842105263158 0.11283891547049442 0.2831578947368421 0.11164274322169059 0.2805263157894737 0.10964912280701754 0.2789473684210526 0.10925039872408293 0.2773684210526316 0.08094098883572567 0.24105263157894738 0.08253588516746412 0.24 0.08373205741626795 0.2373684210526316 0.08492822966507177 0.23684210526315788 0.0861244019138756 0.23421052631578948 0.08732057416267942 0.2336842105263158 0.08851674641148326 0.23105263157894737 0.08971291866028708 0.2305263157894737 0.10964912280701754 0.2031578947368421 0.11004784688995216 0.20157894736842105 0.11523125996810207 0.1957894736842105 0.11562998405103668 0.19421052631578947 0.11762360446570973 0.19263157894736843 0.11802232854864433 0.19105263157894736 0.11921850079744817 0.19052631578947368 0.1283891547049442 0.1773684210526316 0.16028708133971292 0.21842105263157896 0.16228070175438597 0.22 0.16267942583732056 0.22157894736842104 0.1646730462519936 0.2231578947368421 0.16507177033492823 0.22473684210526315 0.19258373205741627 0.26 0.17822966507177032 0.2789473684210526 0.1646730462519936 0.29789473684210527 0.1634768740031898 0.3005263157894737 0.16228070175438597 0.30105263157894735 0.16108452950558214 0.3036842105263158 0.1598883572567783 0.3042105263157895 0.15031897926634769 0.3178947368421053 0.14912280701754385 0.32052631578947366 0.1471291866028708 0.32210526315789473 0.1467304625199362 0.3236842105263158 0.14513556618819776 0.32473684210526316
0 0.48325358851674644 0.48157894736842105 0.41068580542264754 0.48157894736842105 0.4102870813397129 0.38105263157894737 0.3149920255183413 0.38052631578947366 0.3145933014354067 0.36736842105263157 0.31539074960127594 0.3663157894736842 0.31539074960127594 0.34421052631578947 0.3145933014354067 0.3431578947368421 0.3145933014354067 0.3410526315789474 0.31379585326953746 0.34 0.31379585326953746 0.33789473684210525 0.3129984051036683 0.3368421052631579 0.31220095693779903 0.33473684210526317 0.31220095693779903 0.33157894736842103 0.31140350877192985 0.33052631578947367 0.30980861244019137 0.3273684210526316 0.3090111642743222 0.32526315789473687 0.30821371610845294 0.3231578947368421 0.30741626794258375 0.32105263157894737 0.30582137161084527 0.3178947368421053 0.32496012759170656 0.29157894736842105 0.3253588516746411 0.29 0.326555023923445 0.2894736842105263 0.3576555023923445 0.24736842105263157 0.3588516746411483 0.24473684210526317 0.36004784688995217 0.24421052631578946 0.3879585326953748 0.2063157894736842 0.3883572567783094 0.20473684210526316 0.39035087719298245 0.2031578947368421 0.39074960127591707 0.20157894736842105 0.3927432216905901 0.2 0.39314194577352474 0.19842105263157894 0.3951355661881978 0.1968421052631579 0.3963317384370016 0.19421052631578947 0.3975279106858054 0.1936842105263158 0.39792663476874 0.19210526315789472 0.4226475279106858 0.22473684210526315 0.4246411483253589 0.22631578947368422 0.42503987240829344 0.22789473684210526 0.4585326953748006 0.2710526315789474 0.4597288676236045 0.27157894736842103 0.4609250398724083 0.27421052631578946 0.4621212121212121 0.27473684210526317 0.46331738437001596 0.2773684210526316 0.465311004784689 0.2789473684210526 0.46570972886762363 0.2805263157894737 0.4677033492822967 0.28210526315789475 0.46810207336523124 0.2836842105263158 0.4700956937799043 0.28526315789473683 0.4704944178628389 0.2868421052631579 0.483652312599681 0.3031578947368421 0.483652312599681 0.48105263157894734 0.48325358851674644 0.48157894736842105
0 0.09728867623604466 0.39210526315789473 0.09529505582137161 0.39052631578947367 0.094896331738437 0.38894736842105265 0.0773524720893142 0.3668421052631579 0.07535885167464115 0.36526315789473685 0.07416267942583732 0.3626315789473684 0.07216905901116427 0.36105263157894735 0.07177033492822966 0.35947368421052633 0.05582137161084529 0.3394736842105263 0.054625199362041466 0.3389473684210526 0.05342902711323764 0.33631578947368423 0.05223285486443381 0.3357894736842105 0.051036682615629984 0.3331578947368421 0.03149920255183413 0.30842105263157893 0.054625199362041466 0.27789473684210525 0.05661881977671451 0.27421052631578946 0.05781499202551834 0.2736842105263158 0.05901116427432217 0.2710526315789474 0.060207336523125994 0.27052631578947367 0.07894736842105263 0.24473684210526317 0.08014354066985646 0.2463157894736842 0.08054226475279107 0.24789473684210525 0.08253588516746412 0.24947368421052632 0.08293460925039872 0.25105263157894736 0.08492822966507177 0.25263157894736843 0.08532695374800638 0.2542105263157895 0.08732057416267942 0.2557894736842105 0.08771929824561403 0.2573684210526316 0.08971291866028708 0.25894736842105265 0.09011164274322168 0.26052631578947366 0.11642743221690591 0.2942105263157895 0.11762360446570973 0.29473684210526313 0.11881977671451356 0.29736842105263156 0.12001594896331738 0.29789473684210527 0.12121212121212122 0.3005263157894737 0.12240829346092504 0.30105263157894735 0.12360446570972887 0.3036842105263158 0.12480063795853269 0.3042105263157895 0.12599681020733652 0.3068421052631579 0.12719298245614036 0.30736842105263157 0.12759170653907495 0.30894736842105264 0.1431419457735247 0.32842105263157895 0.13277511961722488 0.34210526315789475 0.11762360446570973 0.3631578947368421 0.10247208931419458 0.38421052631578945 0.10207336523125997 0.3857894736842105 0.10007974481658692 0.3873684210526316 0.09968102073365231 0.38894736842105265 0.09768740031897927 0.39052631578947367 0.09728867623604466 0.39210526315789473
0 0.20334928229665072 0.3331578947368421 0.2021531100478469 0.33157894736842103 0.20175438596491227 0.33 0.19976076555023922 0.32842105263157895 0.19936204146730463 0.3268421052631579 0.19736842105263158 0.32526315789473687 0.19696969696969696 0.3236842105263158 0.17862838915470494 0.3005263157894737 0.1774322169059011 0.3 0.1762360446570973 0.29736842105263156 0.17503987240829347 0.2968421052631579 0.17384370015948963 0.2942105263157895 0.1726475279106858 0.29368421052631577 0.1901913875598086 0.2694736842105263 0.19138755980861244 0.2668421052631579 0.19258373205741627 0.26631578947368423 0.1937799043062201 0.2636842105263158 0.19537480063795853 0.26263157894736844 0.21371610845295055 0.2868421052631579 0.2149122807017544 0.2873684210526316 0.21610845295055822 0.29 0.21730462519936203 0.2905263157894737 0.22169059011164274 0.29736842105263156 0.22288676236044658 0.29789473684210527 0.22328548644338117 0.29947368421052634 0.23564593301435408 0.31473684210526315 0.23484848484848486 0.3157894736842105 0.23405103668261562 0.3178947368421053 0.2324561403508772 0.32105263157894737 0.23086124401913877 0.32421052631578945 0.23006379585326953 0.3263157894736842 0.22966507177033493 0.32789473684210524 0.20733652312599682 0.32789473684210524 0.20334928229665072 0.3331578947368421
0 0.7057416267942583 0.3721052631578947 0.6858054226475279 0.3721052631578947 0.6622807017543859 0.3410526315789474 0.6618819776714514 0.3394736842105263 0.6598883572567783 0.33789473684210525 0.6594896331738437 0.33631578947368423 0.6574960127591707 0.33473684210526317 0.6570972886762361 0.3331578947368421 0.655103668261563 0.33157894736842103 0.6547049441786283 0.33 0.6527113237639554 0.32842105263157895 0.6523125996810207 0.3268421052631579 0.6503189792663477 0.32526315789473687 0.6499202551834131 0.3236842105263158 0.6447368421052632 0.3178947368421053 0.6443381180223285 0.3163157894736842 0.6423444976076556 0.31473684210526315 0.6622807017543859 0.28842105263157897 0.6626794258373205 0.2868421052631579 0.6646730462519936 0.28526315789473683 0.6650717703349283 0.2836842105263158 0.6774322169059012 0.26842105263157895 0.6778309409888357 0.2668421052631579 0.6798245614035088 0.26526315789473687 0.6802232854864434 0.2636842105263158 0.720494417862839 0.3157894736842105 0.7192982456140351 0.3163157894736842 0.7185007974481659 0.31526315789473686 0.7169059011164274 0.3142105263157895 0.7157097288676236 0.31684210526315787 0.7149122807017544 0.31894736842105265 0.7133173843700159 0.32210526315789473 0.7125199362041468 0.32421052631578945 0.7117224880382775 0.3263157894736842 0.7109250398724083 0.32842105263157895 0.710127591706539 0.33052631578947367 0.710127591706539 0.3336842105263158 0.7093301435406698 0.33473684210526317 0.7093301435406698 0.3368421052631579 0.7085326953748007 0.33789473684210525 0.7077352472089314 0.34 0.7077352472089314 0.34421052631578947 0.7069377990430622 0.3452631578947368 0.7069377990430622 0.3494736842105263 0.706140350877193 0.3505263157894737 0.706140350877193 0.37157894736842106 0.7057416267942583 0.3721052631578947
0 0.3189792663476874 0.45210526315789473 0.2807017543859649 0.45210526315789473 0.2803030303030303 0.4336842105263158 0.23923444976076555 0.43315789473684213 0.23883572567783093 0.4168421052631579 0.23684210526315788 0.4163157894736842 0.2364433811802233 0.4326315789473684 0.21052631578947367 0.43315789473684213 0.1722488038277512 0.38263157894736843 0.17025518341307816 0.38105263157894737 0.16985645933014354 0.3794736842105263 0.1678628389154705 0.3778947368421053 0.1674641148325359 0.3763157894736842 0.1594896331738437 0.3668421052631579 0.1419457735247209 0.39 0.14114832535885166 0.38894736842105265 0.13995215311004786 0.38842105263157894 0.13875598086124402 0.3857894736842105 0.1375598086124402 0.38526315789473686 0.13636363636363635 0.38263157894736843 0.13516746411483255 0.3821052631578947 0.1339712918660287 0.3794736842105263 0.13277511961722488 0.37894736842105264 0.12240829346092504 0.3642105263157895 0.12639553429027114 0.35789473684210527 0.1291866028708134 0.3531578947368421 0.1303827751196172 0.3526315789473684 0.13995215311004786 0.3389473684210526 0.14114832535885166 0.33631578947368423 0.1423444976076555 0.3357894736842105 0.155103668261563 0.3178947368421053 0.15550239234449761 0.3163157894736842 0.15669856459330145 0.3157894736842105 0.17025518341307816 0.2968421052631579 0.17065390749601275 0.29526315789473684 0.20135566188197768 0.3357894736842105 0.19976076555023922 0.3368421052631579 0.19856459330143542 0.3394736842105263 0.1941786283891547 0.34421052631578947 0.1937799043062201 0.34578947368421054 0.18700159489633175 0.35368421052631577 0.18660287081339713 0.35526315789473684 0.17942583732057416 0.34578947368421054 0.1766347687400319 0.34842105263157896 0.19258373205741627 0.36947368421052634 0.19936204146730463 0.3794736842105263 0.20414673046251994 0.3794736842105263 0.20494417862838915 0.37842105263157894 0.21929824561403508 0.37842105263157894 0.22009569377990432 0.3773684210526316 0.23444976076555024 0.3773684210526316 0.23484848484848486 0.37473684210526315 0.23405103668261562 0.3736842105263158 0.23524720893141945 0.3721052631578947 0.23684210526315788 0.3721052631578947 0.23763955342902712 0.37105263157894736 0.23923444976076555 0.37 0.24082934609250398 0.37 0.24162679425837322 0.36894736842105263 0.24322169059011164 0.36894736842105263 0.24401913875598086 0.3678947368421053 0.24561403508771928 0.3668421052631579 0.24800637958532695 0.3668421052631579 0.24880382775119617 0.36578947368421055 0.2503987240829346 0.36473684210526314 0.25199362041467305 0.36473684210526314 0.25239234449760767 0.35368421052631577 0.2515948963317384 0.3526315789473684 0.2515948963317384 0.3494736842105263 0.25239234449760767 0.34842105263157896 0.25239234449760767 0.34421052631578947 0.25318979266347685 0.3431578947368421 0.25318979266347685 0.3410526315789474 0.25717703349282295 0.3357894736842105 0.2583732057416268 0.3331578947368421 0.2607655502392344 0.3310526315789474 0.2623604465709729 0.33 0.26395534290271133 0.33 0.2647527910685805 0.32894736842105265 0.266347687400319 0.32894736842105265 0.2671451355661882 0.32789473684210524 0.2727272727272727 0.32789473684210524 0.27352472089314195 0.3268421052631579 0.2759170653907496 0.3268421052631579 0.2767145135566188 0.32789473684210524 0.2783094098883573 0.32789473684210524 0.27910685805422647 0.32894736842105265 0.2807017543859649 0.32894736842105265 0.28149920255183414 0.33 0.284688995215311 0.3331578947368421 0.2890749601275917 0.33789473684210525 0.29066985645933013 0.3410526315789474 0.29106858054226475 0.3426315789473684 0.2934609250398724 0.3405263157894737 0.29465709728867623 0.34 0.29226475279106856 0.3368421052631579 0.28987240829346095 0.33263157894736844 0.2886762360446571 0.33 0.28708133971291866 0.32894736842105265 0.284688995215311 0.3268421052631579 0.2822966507177033 0.32473684210526316 0.2807017543859649 0.32473684210526316 0.2799043062200957 0.3236842105263158 0.2783094098883573 0.3236842105263158 0.27751196172248804 0.32263157894736844 0.2703349282296651 0.32263157894736844 0.26953748006379585 0.3236842105263158 0.26555023923444976 0.3236842105263158 0.2647527910685805 0.32473684210526316 0.2631578947368421 0.32473684210526316 0.2623604465709729 0.3257894736842105 0.2607655502392344 0.3257894736842105 0.25996810207336524 0.3268421052631579 0.2583732057416268 0.3268421052631579 0.25478468899521534 0.33157894736842103 0.2543859649122807 0.3331578947368421 0.25239234449760767 0.33473684210526317 0.25199362041467305 0.33631578947368423 0.25079744816586924 0.3368421052631579 0.25 0.3389473684210526 0.25 0.34210526315789475 0.2492025518341308 0.3431578947368421 0.2492025518341308 0.3463157894736842 0.24840510366826157 0.3473684210526316 0.24840510366826157 0.35789473684210527 0.2492025518341308 0.3589473684210526 0.24800637958532695 0.36157894736842106 0.24641148325358853 0.3626315789473684 0.24401913875598086 0.3626315789473684 0.24322169059011164 0.3636842105263158 0.24162679425837322 0.36473684210526314 0.24003189792663476 0.36473684210526314 0.23923444976076555 0.36578947368421055 0.23763955342902712 0.3668421052631579 0.23524720893141945 0.3668421052631579 0.23444976076555024 0.3678947368421053 0.23285486443381181 0.3678947368421053 0.2324561403508772 0.3642105263157895 0.23165869218500798 0.3631578947368421 0.23165869218500798 0.36105263157894735 0.23086124401913877 0.36 0.23006379585326953 0.35789473684210527 0.23086124401913877 0.3568421052631579 0.23086124401913877 0.3431578947368421 0.23165869218500798 0.34210526315789475 0.23165869218500798 0.3389473684210526 0.2324561403508772 0.33789473684210525 0.2324561403508772 0.3336842105263158 0.23405103668261562 0.33157894736842103 0.23484848484848486 0.3294736842105263 0.2364433811802233 0.3263157894736842 0.2372408293460925 0.32421052631578945 0.23803827751196172 0.32210526315789473 0.24003189792663476 0.31842105263157894 0.24481658692185007 0.3131578947368421 0.24800637958532695 0.31 0.2511961722488038 0.3068421052631579 0.2535885167464115 0.30473684210526314 0.2551834130781499 0.3036842105263158 0.2567783094098884 0.3036842105263158 0.25757575757575757 0.3026315789473684 0.259170653907496 0.30157894736842106 0.2607655502392344 0.3005263157894737 0.2623604465709729 0.3005263157894737 0.26395534290271133 0.2984210526315789 0.2687400318979266 0.2984210526315789 0.26953748006379585 0.29736842105263156 0.2822966507177033 0.29736842105263156 0.28309409888357256 0.2984210526315789 0.284688995215311 0.29947368421052634 0.2862838915470494 0.29947368421052634 0.28708133971291866 0.3005263157894737 0.2886762360446571 0.30157894736842106 0.2902711323763955 0.30157894736842106 0.29106858054226475 0.3026315789473684 0.2926634768740032 0.3036842105263158 0.2942583732057416 0.3036842105263158 0.29505582137161085 0.3057894736842105 0.29904306220095694 0.31 0.3038277511961722 0.31526315789473686 0.30582137161084527 0.31684210526315787 0.30741626794258375 0.32 0.30821371610845294 0.32210526315789473 0.3090111642743222 0.32421052631578945 0.30980861244019137 0.3263157894736842 0.31140350877192985 0.3294736842105263 0.31220095693779903 0.33157894736842103 0.31220095693779903 0.33473684210526317 0.3129984051036683 0.3357894736842105 0.31379585326953746 0.33789473684210525 0.31379585326953746 0.34 0.3145933014354067 0.3410526315789474 0.3145933014354067 0.3431578947368421 0.31539074960127594 0.34421052631578947 0.31539074960127594 0.3663157894736842 0.3145933014354067 0.36736842105263157 0.3145933014354067 0.4073684210526316 0.32137161084529503 0.40789473684210525 0.32177033492822965 0.4305263157894737 0.3197767145135566 0.43105263157894735 0.319377990430622 0.4515789473684211 0.3189792663476874 0.45210526315789473
0 0.8054226475279107 0.5447368421052632 0.7982456140350878 0.5447368421052632 0.7974481658692185 0.5436842105263158 0.7950558213716108 0.5436842105263158 0.7942583732057417 0.5426315789473685 0.7918660287081339 0.5426315789473685 0.7910685805422647 0.541578947368421 0.7878787878787878 0.541578947368421 0.7870813397129187 0.5405263157894736 0.784688995215311 0.5405263157894736 0.7838915470494418 0.5394736842105263 0.7791068580542265 0.5342105263157895 0.7711323763955343 0.5247368421052632 0.7699362041467305 0.5242105263157895 0.7687400318979266 0.521578947368421 0.7675438596491229 0.5210526315789473 0.7675438596491229 0.5189473684210526 0.7667464114832536 0.5178947368421053 0.7667464114832536 0.5157894736842106 0.7659489633173844 0.5147368421052632 0.7659489633173844 0.5126315789473684 0.7651515151515151 0.511578947368421 0.7651515151515151 0.5094736842105263 0.7643540669856459 0.508421052631579 0.7635566188197768 0.5063157894736842 0.7635566188197768 0.5042105263157894 0.7627591706539075 0.5031578947368421 0.7627591706539075 0.5010526315789474 0.7619617224880383 0.5 0.761164274322169 0.4978947368421053 0.761164274322169 0.4357894736842105 0.7599681020733652 0.4342105263157895 0.7559808612440191 0.43 0.751993620414673 0.42578947368421055 0.7464114832535885 0.41947368421052633 0.7432216905901117 0.4163157894736842 0.7384370015948963 0.4110526315789474 0.7344497607655502 0.4068421052631579 0.7089314194577353 0.4068421052631579 0.7085326953748007 0.37684210526315787 0.7129186602870813 0.3763157894736842 0.7133173843700159 0.35157894736842105 0.7141148325358851 0.3505263157894737 0.7141148325358851 0.3463157894736842 0.7149122807017544 0.3452631578947368 0.7149122807017544 0.34 0.7157097288676236 0.3389473684210526 0.7165071770334929 0.3368421052631579 0.7165071770334929 0.33473684210526317 0.717304625199362 0.3336842105263158 0.717304625199362 0.33052631578947367 0.7188995215311005 0.32842105263157895 0.7196969696969697 0.3263157894736842 0.720494417862839 0.32421052631578945 0.7212918660287081 0.32210526315789473 0.7228867623604466 0.31894736842105265 0.7240829346092504 0.3163157894736842 0.7272727272727273 0.3131578947368421 0.7304625199362041 0.31 0.733652312599681 0.3068421052631579 0.7368421052631579 0.3036842105263158 0.7392344497607656 0.3036842105263158 0.7400318979266348 0.3026315789473684 0.7416267942583732 0.30157894736842106 0.7432216905901117 0.30157894736842106 0.7440191387559809 0.3005263157894737 0.7464114832535885 0.3005263157894737 0.7472089314194578 0.29947368421052634 0.7488038277511961 0.2984210526315789 0.7671451355661882 0.2984210526315789 0.7679425837320574 0.29947368421052634 0.7695374800637959 0.3005263157894737 0.7711323763955343 0.30157894736842106 0.773524720893142 0.3036842105263158 0.7751196172248804 0.3036842105263158 0.7767145135566188 0.3057894736842105 0.7783094098883573 0.3068421052631579 0.7799043062200957 0.3078947368421053 0.7814992025518341 0.30894736842105264 0.7874800637958532 0.3157894736842105 0.7906698564593302 0.32105263157894737 0.7922647527910686 0.32421052631578945 0.7930622009569378 0.3263157894736842 0.793859649122807 0.32842105263157895 0.793859649122807 0.33052631578947367 0.7946570972886763 0.33157894736842103 0.7946570972886763 0.3336842105263158 0.7954545454545454 0.33473684210526317 0.7954545454545454 0.3368421052631579 0.7962519936204147 0.33789473684210525 0.7970494417862839 0.34 0.7970494417862839 0.34210526315789475 0.7978468899521531 0.3431578947368421 0.7978468899521531 0.4073684210526316 0.8038277511961722 0.40789473684210525 0.8042264752791068 0.391578947368421 0.8460925039872408 0.3910526315789474 0.8464912280701754 0.49473684210526314 0.8456937799043063 0.4957894736842105 0.8456937799043063 0.4978947368421053 0.844896331738437 0.49894736842105264 0.844896331738437 0.5010526315789474 0.8440988835725678 0.5021052631578947 0.8433014354066986 0.5042105263157894 0.8425039872408293 0.5063157894736842 0.8425039872408293 0.508421052631579 0.8417065390749602 0.5094736842105263 0.8417065390749602 0.511578947368421 0.8409090909090909 0.5126315789473684 0.8401116427432217 0.5147368421052632 0.8401116427432217 0.5168421052631579 0.8249601275917066 0.5368421052631579 0.8245614035087719 0.5384210526315789 0.8229665071770335 0.5384210526315789 0.8221690590111643 0.5394736842105263 0.8197767145135566 0.5394736842105263 0.8189792663476874 0.5405263157894736 0.8165869218500797 0.5405263157894736 0.8157894736842105 0.541578947368421 0.8125996810207337 0.541578947368421 0.8118022328548644 0.5426315789473685 0.8094098883572568 0.5426315789473685 0.8086124401913876 0.5436842105263158 0.80622009569378 0.5436842105263158 0.8054226475279107 0.5447368421052632
0 0.6307814992025519 0.4573684210526316 0.5976874003189793 0.41368421052631577 0.5972886762360446 0.41210526315789475 0.5952950558213717 0.4105263157894737 0.594896331738437 0.4089473684210526 0.5825358851674641 0.3936842105263158 0.5849282296650717 0.391578947368421 0.5861244019138756 0.38894736842105265 0.5873205741626795 0.38842105263157894 0.5885167464114832 0.3857894736842105 0.5897129186602871 0.38526315789473686 0.5909090909090909 0.38263157894736843 0.5921052631578947 0.3821052631578947 0.5933014354066986 0.3794736842105263 0.5952950558213717 0.3778947368421053 0.5956937799043063 0.3763157894736842 0.5976874003189793 0.37473684210526315 0.5980861244019139 0.37315789473684213 0.6000797448165869 0.37157894736842106 0.6004784688995215 0.37 0.6024720893141946 0.3684210526315789 0.6028708133971292 0.3668421052631579 0.6048644338118022 0.36526315789473685 0.6060606060606061 0.3626315789473684 0.6072567783094099 0.36210526315789476 0.6084529505582137 0.35947368421052633 0.6096491228070176 0.3589473684210526 0.6395534290271132 0.31842105263157894 0.6491228070175439 0.33 0.6503189792663477 0.33052631578947367 0.6750398724082934 0.3642105263157895 0.6762360446570973 0.3668421052631579 0.6774322169059012 0.36736842105263157 0.6786283891547049 0.37 0.6798245614035088 0.3705263157894737 0.6810207336523126 0.37315789473684213 0.6822169059011164 0.3736842105263158 0.6834130781499203 0.3763157894736842 0.7049441786283892 0.3763157894736842 0.7053429027113237 0.41368421052631577 0.6634768740031898 0.4142105263157895 0.6307814992025519 0.4573684210526316
0 0.2065390749601276 0.3742105263157895 0.20175438596491227 0.3742105263157895 0.20095693779904306 0.37315789473684213 0.19976076555023922 0.3726315789473684 0.19856459330143542 0.37 0.19736842105263158 0.36947368421052634 0.19617224880382775 0.3668421052631579 0.19497607655502391 0.3663157894736842 0.18859649122807018 0.3568421052631579 0.1901913875598086 0.35578947368421054 0.19138755980861244 0.3531578947368421 0.19258373205741627 0.3526315789473684 0.1937799043062201 0.35 0.19497607655502391 0.3494736842105263 0.19617224880382775 0.3468421052631579 0.19736842105263158 0.3463157894736842 0.19856459330143542 0.3436842105263158 0.19976076555023922 0.3431578947368421 0.20414673046251994 0.33631578947368423 0.20534290271132377 0.3357894736842105 0.2065390749601276 0.3331578947368421 0.2077352472089314 0.33263157894736844 0.20813397129186603 0.3310526315789474 0.22807017543859648 0.3310526315789474 0.2284688995215311 0.33473684210526317 0.22767145135566189 0.3357894736842105 0.22767145135566189 0.34 0.22687400318979267 0.3410526315789474 0.22687400318979267 0.36210526315789476 0.22767145135566189 0.3631578947368421 0.22767145135566189 0.3663157894736842 0.2284688995215311 0.36736842105263157 0.2284688995215311 0.36947368421052634 0.2292663476874003 0.3705263157894737 0.2292663476874003 0.3726315789473684 0.20733652312599682 0.37315789473684213 0.2065390749601276 0.3742105263157895
0 0.11961722488038277 0.4205263157894737 0.09928229665071771 0.39473684210526316 0.10486443381180223 0.3873684210526316 0.10526315789473684 0.3857894736842105 0.10725677830940988 0.38421052631578945 0.11961722488038277 0.3668421052631579 0.14154704944178628 0.39473684210526316 0.1375598086124402 0.4010526315789474 0.1371610845295056 0.4026315789473684 0.13596491228070176 0.4031578947368421 0.13078149920255183 0.4110526315789474 0.1283891547049442 0.4089473684210526 0.12240829346092504 0.41578947368421054 0.11961722488038277 0.4205263157894737
0 0.22647527910685805 0.47526315789473683 0.16188197767145135 0.47526315789473683 0.1419457735247209 0.44894736842105265 0.13995215311004786 0.4473684210526316 0.13955342902711323 0.4457894736842105 0.1375598086124402 0.4442105263157895 0.1371610845295056 0.44263157894736843 0.12240829346092504 0.4242105263157895 0.12719298245614036 0.4168421052631579 0.13596491228070176 0.40421052631578946 0.13636363636363635 0.4026315789473684 0.1375598086124402 0.40210526315789474 0.1594896331738437 0.3721052631578947 0.18022328548644337 0.3994736842105263 0.18221690590111642 0.4010526315789474 0.18261562998405104 0.4026315789473684 0.18460925039872408 0.40421052631578946 0.1850079744816587 0.40578947368421053 0.20893141945773525 0.4363157894736842 0.22647527910685805 0.4363157894736842 0.22687400318979267 0.4747368421052632 0.22647527910685805 0.47526315789473683
0 0.32216905901116427 0.5436842105263158 0.3181818181818182 0.5436842105263158 0.31738437001594894 0.5426315789473685 0.3157894736842105 0.5426315789473685 0.3149920255183413 0.541578947368421 0.3118022328548644 0.541578947368421 0.31100478468899523 0.5405263157894736 0.3094098883572568 0.5405263157894736 0.30861244019138756 0.5394736842105263 0.3062200956937799 0.5394736842105263 0.3054226475279107 0.5384210526315789 0.30303030303030304 0.5384210526315789 0.3022328548644338 0.5373684210526316 0.30063795853269537 0.5373684210526316 0.29984051036682613 0.5363157894736842 0.28708133971291866 0.5205263157894737 0.28588516746411485 0.52 0.28588516746411485 0.5178947368421053 0.2850877192982456 0.5168421052631579 0.2850877192982456 0.5147368421052632 0.28429027113237637 0.5136842105263157 0.28429027113237637 0.511578947368421 0.2834928229665072 0.5105263157894737 0.28269537480063794 0.508421052631579 0.28269537480063794 0.5063157894736842 0.28189792663476876 0.5052631578947369 0.28189792663476876 0.5031578947368421 0.2811004784688995 0.5021052631578947 0.2803030303030303 0.5 0.2803030303030303 0.4568421052631579 0.32137161084529503 0.45631578947368423 0.32177033492822965 0.40842105263157896 0.3149920255183413 0.40789473684210525 0.3145933014354067 0.38105263157894737 0.4098883572567783 0.38052631578947366 0.4102870813397129 0.42526315789473684 0.4086921850079745 0.4263157894736842 0.4086921850079745 0.48105263157894734 0.36363636363636365 0.48157894736842105 0.363237639553429 0.4842105263157895 0.3624401913875598 0.48526315789473684 0.3624401913875598 0.48947368421052634 0.3616427432216906 0.4905263157894737 0.3616427432216906 0.4936842105263158 0.36084529505582136 0.49473684210526314 0.36084529505582136 0.4978947368421053 0.36004784688995217 0.49894736842105264 0.36004784688995217 0.5031578947368421 0.35925039872408293 0.5042105263157894 0.35925039872408293 0.5073684210526316 0.3584529505582137 0.508421052631579 0.3584529505582137 0.5105263157894737 0.3576555023923445 0.511578947368421 0.3576555023923445 0.5168421052631579 0.35685805422647526 0.5178947368421053 0.3524720893141946 0.5247368421052632 0.3492822966507177 0.5278947368421053 0.3444976076555024 0.533157894736842 0.3405103668261563 0.5373684210526316 0.33891547049441784 0.5384210526315789 0.335725677830941 0.5384210526315789 0.3349282296650718 0.5394736842105263 0.33253588516746413 0.5394736842105263 0.3317384370015949 0.5405263157894736 0.33014354066985646 0.5405263157894736 0.3293460925039872 0.541578947368421 0.32615629984051037 0.541578947368421 0.3253588516746411 0.5426315789473685 0.3229665071770335 0.5426315789473685 0.32216905901116427 0.5436842105263158
0 0.9346092503987241 0.48473684210526313 0.8500797448165869 0.48473684210526313 0.8496810207336523 0.391578947368421 0.9346092503987241 0.3910526315789474 0.9350079744816587 0.4842105263157895 0.9346092503987241 0.48473684210526313
0 0.7567783094098883 0.47421052631578947 0.7097288676236044 0.47421052631578947 0.7093301435406698 0.4147368421052632 0.7085326953748007 0.41368421052631577 0.7089314194577353 0.41210526315789475 0.733652312599681 0.41210526315789475 0.7368421052631579 0.4163157894736842 0.7416267942583732 0.42157894736842105 0.7456140350877193 0.42578947368421055 0.7511961722488039 0.4321052631578947 0.7559808612440191 0.4373684210526316 0.757177033492823 0.4378947368421053 0.757177033492823 0.47368421052631576 0.7567783094098883 0.47421052631578947
0 0.7049441786283892 0.47421052631578947 0.6427432216905901 0.47421052631578947 0.6419457735247209 0.47210526315789475 0.6399521531100478 0.4705263157894737 0.6395534290271132 0.4689473684210526 0.6375598086124402 0.4673684210526316 0.6371610845295056 0.46578947368421053 0.6351674641148325 0.46421052631578946 0.6339712918660287 0.46157894736842103 0.6327751196172249 0.4610526315789474 0.6658692185007975 0.41842105263157897 0.7049441786283892 0.41842105263157897 0.7053429027113237 0.47368421052631576 0.7049441786283892 0.47421052631578947
0 0.2767145135566188 0.47526315789473683 0.23125996810207336 0.47526315789473683 0.23086124401913877 0.4368421052631579 0.2767145135566188 0.4363157894736842 0.2771132376395534 0.4747368421052632 0.2767145135566188 0.47526315789473683
0 0.40749601275917063 0.758421052631579 0.3791866028708134 0.7221052631578947 0.3708133971291866 0.71 0.3696172248803828 0.7094736842105264 0.35287081339712917 0.6863157894736842 0.35167464114832536 0.6836842105263158 0.3496810207336523 0.6821052631578948 0.3484848484848485 0.6794736842105263 0.34728867623604465 0.6789473684210526 0.34649122807017546 0.6768421052631579 0.39314194577352474 0.6142105263157894 0.42384370015948963 0.6547368421052632 0.45494417862838915 0.6968421052631579 0.4354066985645933 0.7226315789473684 0.42783094098883573 0.7315789473684211 0.4274322169059011 0.7331578947368421 0.40749601275917063 0.758421052631579
0 0.7456140350877193 0.9247368421052632 0.6291866028708134 0.9247368421052632 0.6287878787878788 0.8221052631578948 0.6116427432216905 0.8215789473684211 0.611244019138756 0.7926315789473685 0.5845295055821371 0.7921052631578948 0.5841307814992025 0.7821052631578947 0.5833333333333334 0.7810526315789473 0.5833333333333334 0.7747368421052632 0.5825358851674641 0.7736842105263158 0.5825358851674641 0.771578947368421 0.5817384370015949 0.7705263157894737 0.5801435406698564 0.7673684210526316 0.5801435406698564 0.7652631578947369 0.5793460925039873 0.7642105263157895 0.5777511961722488 0.7610526315789473 0.5777511961722488 0.7589473684210526 0.5769537480063796 0.7578947368421053 0.5729665071770335 0.751578947368421 0.5781499202551834 0.7447368421052631 0.5956937799043063 0.7226315789473684 0.5976874003189793 0.7210526315789474 0.5980861244019139 0.7194736842105263 0.6000797448165869 0.7178947368421053 0.6004784688995215 0.7163157894736842 0.6140350877192983 0.6994736842105264 0.6152312599681021 0.6989473684210527 0.6164274322169059 0.6963157894736842 0.6176236044657097 0.6957894736842105 0.6188197767145136 0.6931578947368421 0.6355661881977671 0.6721052631578948 0.65311004784689 0.65 0.655103668261563 0.6484210526315789 0.6555023923444976 0.6468421052631579 0.6574960127591707 0.6452631578947369 0.6578947368421053 0.6436842105263157 0.664274322169059 0.6363157894736842 0.7053429027113237 0.6905263157894737 0.7065390749601276 0.6931578947368421 0.7077352472089314 0.6936842105263158 0.7089314194577353 0.6963157894736842 0.710127591706539 0.6968421052631579 0.7113237639553429 0.6994736842105264 0.7125199362041468 0.7 0.7137161084529505 0.7026315789473684 0.7149122807017544 0.7031578947368421 0.7161084529505582 0.7057894736842105 0.717304625199362 0.7063157894736842 0.7460127591706539 0.7452631578947368 0.7460127591706539 0.9242105263157895 0.7456140350877193 0.9247368421052632
0 0.3572567783094099 0.8236842105263158 0.29545454545454547 0.7431578947368421 0.34290271132376393 0.6805263157894736 0.36403508771929827 0.7073684210526315 0.3951355661881978 0.7494736842105263 0.3963317384370016 0.7521052631578947 0.3975279106858054 0.7526315789473684 0.39872408293460926 0.7552631578947369 0.39992025518341306 0.7557894736842106 0.40390749601275916 0.7621052631578947 0.40231259968102073 0.7642105263157895 0.4019138755980861 0.7657894736842106 0.39992025518341306 0.7673684210526316 0.39952153110047844 0.7689473684210526 0.3975279106858054 0.7705263157894737 0.39712918660287083 0.7721052631578947 0.3951355661881978 0.7736842105263158 0.39473684210526316 0.7752631578947369 0.3927432216905901 0.7768421052631579 0.3923444976076555 0.7784210526315789 0.39035087719298245 0.78 0.38915470494417864 0.7826315789473685 0.3871610845295056 0.7842105263157895 0.386762360446571 0.7857894736842105 0.3847687400318979 0.7873684210526316 0.3843700159489633 0.7889473684210526 0.38237639553429026 0.7905263157894736 0.38197767145135564 0.7921052631578948 0.3799840510366826 0.7936842105263158 0.379585326953748 0.7952631578947369 0.3572567783094099 0.8236842105263158
0 0.48963317384370014 0.7773684210526316 0.48564593301435405 0.7773684210526316 0.48484848484848486 0.7763157894736842 0.48086124401913877 0.7763157894736842 0.44138755980861244 0.7242105263157895 0.4585326953748006 0.7015789473684211 0.4988038277511962 0.7547368421052632 0.4972089314194577 0.7568421052631579 0.4972089314194577 0.7589473684210526 0.4956140350877193 0.7610526315789473 0.4948165869218501 0.7631578947368421 0.49401913875598086 0.7652631578947369 0.4932216905901116 0.7673684210526316 0.49242424242424243 0.7694736842105263 0.4916267942583732 0.771578947368421 0.4916267942583732 0.7736842105263158 0.490829346092504 0.7747368421052632 0.48963317384370014 0.7773684210526316
0 0.4880382775119617 0.8089473684210526 0.47208931419457734 0.8089473684210526 0.45933014354066987 0.7921052631578948 0.4573365231259968 0.7905263157894736 0.4569377990430622 0.7889473684210526 0.4433811802232855 0.7721052631578947 0.4421850079744817 0.771578947368421 0.4409888357256778 0.7689473684210526 0.4274322169059011 0.7521052631578947 0.4230462519936204 0.7473684210526316 0.4266347687400319 0.7426315789473684 0.42783094098883573 0.7421052631578947 0.42902711323763953 0.7394736842105263 0.4302232854864434 0.7389473684210527 0.4314194577352472 0.7363157894736843 0.43261562998405106 0.7357894736842105 0.43381180223285487 0.7331578947368421 0.4350079744816587 0.7326315789473684 0.43859649122807015 0.7268421052631578 0.48086124401913877 0.781578947368421 0.48883572567783096 0.781578947368421 0.48843700159489634 0.8084210526315789 0.4880382775119617 0.8089473684210526
0 0.5821371610845295 0.9857894736842105 0.5757575757575758 0.9857894736842105 0.5749601275917066 0.9847368421052631 0.5725677830940988 0.9847368421052631 0.5717703349282297 0.9836842105263158 0.5701754385964912 0.9836842105263158 0.569377990430622 0.9826315789473684 0.5677830940988836 0.9815789473684211 0.5661881977671451 0.9805263157894737 0.5645933014354066 0.9794736842105263 0.5629984051036683 0.978421052631579 0.5614035087719298 0.9773684210526316 0.5598086124401914 0.9773684210526316 0.5578149920255183 0.9747368421052631 0.5574162679425837 0.9731578947368421 0.5490430622009569 0.9631578947368421 0.5482456140350878 0.9610526315789474 0.5474481658692185 0.9589473684210527 0.5466507177033493 0.9568421052631579 0.54585326953748 0.9547368421052631 0.5450558213716108 0.9526315789473684 0.5450558213716108 0.9505263157894737 0.5434609250398724 0.9484210526315789 0.5426634768740032 0.9463157894736842 0.5426634768740032 0.9442105263157895 0.5418660287081339 0.9431578947368421 0.5418660287081339 0.8178947368421052 0.5406698564593302 0.8173684210526316 0.539872408293461 0.8184210526315789 0.5358851674641149 0.8184210526315789 0.5350877192982456 0.8194736842105264 0.5303030303030303 0.8194736842105264 0.529505582137161 0.8184210526315789 0.5263157894736842 0.8184210526315789 0.5255183413078149 0.8173684210526316 0.5219298245614035 0.8136842105263158 0.5203349282296651 0.8105263157894737 0.5199362041467305 0.8089473684210526 0.49362041467304624 0.8089473684210526 0.4932216905901116 0.7842105263157895 0.49401913875598086 0.783157894736842 0.49401913875598086 0.7810526315789473 0.4948165869218501 0.78 0.4948165869218501 0.7778947368421053 0.4956140350877193 0.7768421052631579 0.4956140350877193 0.7747368421052632 0.4964114832535885 0.7736842105263158 0.4972089314194577 0.771578947368421 0.4972089314194577 0.7684210526315789 0.49800637958532695 0.7673684210526316 0.4988038277511962 0.7652631578947369 0.4996012759170654 0.7631578947368421 0.5003987240829346 0.7610526315789473 0.501993620414673 0.7578947368421053 0.5039872408293461 0.7542105263157894 0.5055821371610846 0.7531578947368421 0.507177033492823 0.7521052631578947 0.5087719298245614 0.7510526315789474 0.511164274322169 0.7489473684210526 0.5127591706539075 0.7478947368421053 0.5143540669856459 0.7468421052631579 0.5159489633173844 0.7457894736842106 0.5175438596491229 0.7457894736842106 0.518341307814992 0.7447368421052631 0.5199362041467305 0.7436842105263158 0.5215311004784688 0.7426315789473684 0.5239234449760766 0.7426315789473684 0.5247208931419458 0.741578947368421 0.5263157894736842 0.7405263157894737 0.5279106858054227 0.7394736842105263 0.529505582137161 0.7394736842105263 0.5303030303030303 0.738421052631579 0.5406698564593302 0.738421052631579 0.5414673046251993 0.7394736842105263 0.543859649122807 0.7394736842105263 0.5446570972886763 0.7405263157894737 0.5462519936204147 0.7405263157894737 0.5470494417862839 0.741578947368421 0.5486443381180224 0.741578947368421 0.5494417862838915 0.7426315789473684 0.5518341307814992 0.7426315789473684 0.5526315789473685 0.7436842105263158 0.5542264752791068 0.7436842105263158 0.5550239234449761 0.7447368421052631 0.5566188197767146 0.7457894736842106 0.5598086124401914 0.7489473684210526 0.567384370015949 0.7578947368421053 0.5677830940988836 0.7594736842105263 0.5697767145135566 0.7610526315789473 0.5701754385964912 0.7626315789473684 0.5713716108452951 0.7631578947368421 0.5713716108452951 0.7652631578947369 0.5721690590111643 0.7663157894736842 0.5729665071770335 0.7684210526315789 0.5737639553429027 0.7705263157894737 0.5753588516746412 0.7736842105263158 0.5753588516746412 0.7757894736842105 0.5761562998405104 0.7768421052631579 0.5761562998405104 0.7821052631578947 0.5769537480063796 0.783157894736842 0.5769537480063796 0.7905263157894736 0.5777511961722488 0.791578947368421 0.5777511961722488 0.8263157894736842 0.6251993620414673 0.8268421052631579 0.6255980861244019 0.9357894736842105 0.6248006379585327 0.9368421052631579 0.6248006379585327 0.9389473684210526 0.6240031897926634 0.94 0.6232057416267942 0.9421052631578948 0.6224082934609251 0.9442105263157895 0.6224082934609251 0.9463157894736842 0.6216108452950558 0.9473684210526315 0.6208133971291866 0.9494736842105264 0.6200159489633174 0.9515789473684211 0.6200159489633174 0.9536842105263158 0.6192185007974481 0.9547368421052631 0.6192185007974481 0.9568421052631579 0.618421052631579 0.9578947368421052 0.6028708133971292 0.9794736842105263 0.6004784688995215 0.9794736842105263 0.5996810207336523 0.9805263157894737 0.5964912280701754 0.9805263157894737 0.5956937799043063 0.9815789473684211 0.5933014354066986 0.9815789473684211 0.5925039872408293 0.9826315789473684 0.5901116427432217 0.9826315789473684 0.5893141945773525 0.9836842105263158 0.5861244019138756 0.9836842105263158 0.5853269537480064 0.9847368421052631 0.5829346092503987 0.9847368421052631 0.5821371610845295 0.9857894736842105
0 0.4194577352472089 0.7994736842105263 0.41746411483253587 0.7968421052631579 0.41706539074960125 0.7952631578947369 0.4150717703349282 0.7936842105263158 0.41467304625199364 0.7921052631578948 0.4126794258373206 0.7905263157894736 0.41228070175438597 0.7889473684210526 0.4102870813397129 0.7873684210526316 0.4098883572567783 0.7857894736842105 0.40789473684210525 0.7842105263157895 0.40749601275917063 0.7826315789473685 0.4047049441786284 0.78 0.4043062200956938 0.7784210526315789 0.40231259968102073 0.7768421052631579 0.40231259968102073 0.7736842105263158 0.40350877192982454 0.7721052631578947 0.4047049441786284 0.771578947368421 0.4059011164274322 0.7689473684210526 0.42105263157894735 0.75 0.42822966507177035 0.7594736842105263 0.4302232854864434 0.7610526315789473 0.430622009569378 0.7626315789473684 0.4381977671451356 0.771578947368421 0.4350079744816587 0.7768421052631579 0.43460925039872406 0.7784210526315789 0.43261562998405106 0.78 0.41985645933014354 0.7978947368421052 0.4194577352472089 0.7994736842105263
0 0.4880382775119617 0.9131578947368421 0.42424242424242425 0.9131578947368421 0.4015151515151515 0.8831578947368421 0.4047049441786284 0.8789473684210526 0.405103668261563 0.8773684210526316 0.4246411483253589 0.8526315789473684 0.42543859649122806 0.8505263157894737 0.42543859649122806 0.8294736842105264 0.4262360446570973 0.828421052631579 0.4262360446570973 0.8084210526315789 0.42145135566188197 0.8021052631578948 0.43261562998405106 0.7873684210526316 0.43301435406698563 0.7857894736842105 0.4350079744816587 0.7842105263157895 0.4409888357256778 0.7752631578947369 0.4421850079744817 0.7757894736842105 0.4433811802232855 0.7784210526315789 0.45773524720893144 0.7963157894736842 0.47129186602870815 0.8131578947368421 0.4880382775119617 0.8131578947368421 0.48843700159489634 0.9126315789473685 0.4880382775119617 0.9131578947368421
0 0.39952153110047844 0.878421052631579 0.36403508771929827 0.8315789473684211 0.36483253588516745 0.8294736842105264 0.3652312599681021 0.8278947368421052 0.3672248803827751 0.8263157894736842 0.36762360446570974 0.8247368421052632 0.3696172248803828 0.8231578947368421 0.3700159489633174 0.8215789473684211 0.4011164274322169 0.781578947368421 0.4222488038277512 0.8094736842105263 0.4222488038277512 0.848421052631579 0.39952153110047844 0.878421052631579
0 0.6076555023923444 0.8215789473684211 0.5853269537480064 0.8215789473684211 0.5849282296650717 0.7968421052631579 0.6076555023923444 0.7963157894736842 0.6080542264752791 0.8210526315789474 0.6076555023923444 0.8215789473684211
0 0.5382775119617225 0.9131578947368421 0.49362041467304624 0.9131578947368421 0.4932216905901116 0.8136842105263158 0.5175438596491229 0.8131578947368421 0.5231259968102073 0.8215789473684211 0.5247208931419458 0.8215789473684211 0.5255183413078149 0.8226315789473684 0.5271132376395534 0.8226315789473684 0.5279106858054227 0.8236842105263158 0.5382775119617225 0.8236842105263158 0.5386762360446571 0.9126315789473685 0.5382775119617225 0.9131578947368421