0 0.3916849015317287 0.3484848484848485 0.0525164113785558 0.3484848484848485 0.05142231947483589 0.09409888357256778 0.3916849015317287 0.09330143540669857 0.3927789934354486 0.34768740031897927 0.3916849015317287 0.3484848484848485
0 0.9059080962800875 0.47129186602870815 0.4048140043763676 0.47129186602870815 0.4037199124726477 0.09409888357256778 0.9059080962800875 0.09330143540669857 0.9070021881838074 0.4704944178628389 0.9059080962800875 0.47129186602870815
0 0.3916849015317287 0.5462519936204147 0.06345733041575492 0.5462519936204147 0.06236323851203501 0.4529505582137161 0.0525164113785558 0.45215311004784686 0.05142231947483589 0.3572567783094099 0.3916849015317287 0.35645933014354064 0.3927789934354486 0.5454545454545454 0.3916849015317287 0.5462519936204147
0 0.5579868708971554 0.777511961722488 0.4048140043763676 0.777511961722488 0.4037199124726477 0.47208931419457734 0.5579868708971554 0.47129186602870815 0.5590809628008753 0.5470494417862839 0.6192560175054704 0.5478468899521531 0.6203501094091903 0.6283891547049442 0.5601750547045952 0.6291866028708134 0.5590809628008753 0.7767145135566188 0.5579868708971554 0.777511961722488
0 0.7833698030634574 0.5829346092503987 0.6301969365426696 0.5829346092503987 0.6291028446389497 0.5390749601275917 0.5667396061269147 0.5382775119617225 0.5656455142231948 0.4784688995215311 0.7833698030634574 0.47767145135566186 0.7844638949671773 0.5821371610845295 0.7833698030634574 0.5829346092503987
0 0.9059080962800875 0.6307814992025519 0.7943107221006565 0.6307814992025519 0.7932166301969366 0.4784688995215311 0.9059080962800875 0.47767145135566186 0.9070021881838074 0.6299840510366826 0.9059080962800875 0.6307814992025519
0 0.3916849015317287 0.6802232854864434 0.21663019693654267 0.6802232854864434 0.21553610503282275 0.5534290271132376 0.38949671772428884 0.5526315789473685 0.39059080962800874 0.5470494417862839 0.3927789934354486 0.5470494417862839 0.3927789934354486 0.6794258373205742 0.3916849015317287 0.6802232854864434
0 0.2013129102844639 0.6786283891547049 0.0525164113785558 0.6786283891547049 0.05142231947483589 0.5534290271132376 0.2013129102844639 0.5526315789473685 0.2024070021881838 0.6778309409888357 0.2013129102844639 0.6786283891547049
0 0.9059080962800875 0.8971291866028708 0.5689277899343544 0.8971291866028708 0.5678336980306345 0.6379585326953748 0.6280087527352297 0.6371610845295056 0.6291028446389497 0.5917065390749602 0.7833698030634574 0.5909090909090909 0.7844638949671773 0.6363636363636364 0.9059080962800875 0.6371610845295056 0.9070021881838074 0.8963317384370016 0.9059080962800875 0.8971291866028708
0 0.3916849015317287 0.8971291866028708 0.0525164113785558 0.8971291866028708 0.05142231947483589 0.6889952153110048 0.3916849015317287 0.6881977671451356 0.3927789934354486 0.8963317384370016 0.3916849015317287 0.8971291866028708
0 0.5579868708971554 0.8971291866028708 0.4048140043763676 0.8971291866028708 0.4037199124726477 0.7862838915470495 0.5579868708971554 0.7854864433811802 0.5590809628008753 0.8963317384370016 0.5579868708971554 0.8971291866028708