0 0.2473604826546003 0.41324736225087927 0.042232277526395176 0.41324736225087927 0.04147812971342383 0.246189917936694 0.37104072398190047 0.2456037514654162 0.3717948717948718 0.3669402110199297 0.2564102564102564 0.3675263774912075 0.2549019607843137 0.3686987104337632 0.25414781297134237 0.3645955451348183 0.248868778280543 0.36400937866354044 0.24811463046757165 0.4126611957796014 0.2473604826546003 0.41324736225087927
0 0.5942684766214178 0.4191090269636577 0.4358974358974359 0.4191090269636577 0.43514328808446456 0.2473622508792497 0.5942684766214178 0.24677608440797186 0.5950226244343891 0.41852286049237986 0.5942684766214178 0.4191090269636577
0 0.6485671191553545 0.4191090269636577 0.6018099547511312 0.4191090269636577 0.6010558069381599 0.2473622508792497 0.7692307692307693 0.24677608440797186 0.7699849170437406 0.39273153575615477 0.6500754147812972 0.39331770222743256 0.6493212669683258 0.41852286049237986 0.6485671191553545 0.4191090269636577
0 0.3378582202111614 0.49531066822977726 0.2549019607843137 0.49531066822977726 0.25414781297134237 0.4138335287221571 0.25565610859728505 0.4126611957796014 0.25414781297134237 0.4114888628370457 0.25414781297134237 0.369284876905041 0.2564102564102564 0.3675263774912075 0.37104072398190047 0.3675263774912075 0.3717948717948718 0.488862837045721 0.3393665158371041 0.4894490035169988 0.33861236802413275 0.4947245017584994 0.3378582202111614 0.49531066822977726
0 0.7043740573152338 0.4671746776084408 0.6561085972850679 0.4671746776084408 0.6553544494720965 0.39859320046893315 0.7043740573152338 0.39800703399765536 0.7051282051282052 0.46658851113716293 0.7043740573152338 0.4671746776084408
0 0.7692307692307693 0.4671746776084408 0.7104072398190046 0.4671746776084408 0.7096530920060332 0.39859320046893315 0.7692307692307693 0.39800703399765536 0.7699849170437406 0.46658851113716293 0.7692307692307693 0.4671746776084408
0 0.2473604826546003 0.5492379835873388 0.1282051282051282 0.5492379835873388 0.12745098039215685 0.49941383352872215 0.042232277526395176 0.4988276670574443 0.04147812971342383 0.4138335287221571 0.2473604826546003 0.41324736225087927 0.24811463046757165 0.5486518171160609 0.2473604826546003 0.5492379835873388
0 0.6485671191553545 0.5046893317702228 0.4358974358974359 0.5046893317702228 0.43514328808446456 0.4243845252051583 0.6485671191553545 0.42379835873388044 0.6493212669683258 0.5041031652989449 0.6485671191553545 0.5046893317702228
0 0.7692307692307693 0.5363423212192263 0.6561085972850679 0.5363423212192263 0.6553544494720965 0.47245017584994137 0.7692307692307693 0.4718640093786635 0.7699849170437406 0.5357561547479485 0.7692307692307693 0.5363423212192263
0 0.37104072398190047 0.6031652989449003 0.2549019607843137 0.6031652989449003 0.25414781297134237 0.5017584994138335 0.37104072398190047 0.5011723329425557 0.3717948717948718 0.6025791324736225 0.37104072398190047 0.6031652989449003
0 0.12066365007541478 0.5492379835873388 0.042232277526395176 0.5492379835873388 0.04147812971342383 0.5041031652989449 0.12066365007541478 0.5035169988276671 0.12141779788838612 0.5486518171160609 0.12066365007541478 0.5492379835873388
0 0.6485671191553545 0.6101992966002344 0.4358974358974359 0.6101992966002344 0.43514328808446456 0.5087924970691676 0.6485671191553545 0.5082063305978898 0.6493212669683258 0.6096131301289566 0.6485671191553545 0.6101992966002344
0 0.7616892911010558 0.604337631887456 0.6591251885369532 0.604337631887456 0.6583710407239819 0.5439624853458382 0.7616892911010558 0.5433763188745604 0.7624434389140271 0.6037514654161782 0.7616892911010558 0.604337631887456
0 0.12066365007541478 0.6031652989449003 0.042232277526395176 0.6031652989449003 0.04147812971342383 0.5545134818288394 0.12066365007541478 0.5539273153575616 0.12141779788838612 0.6025791324736225 0.12066365007541478 0.6031652989449003
0 0.2473604826546003 0.6031652989449003 0.1282051282051282 0.6031652989449003 0.12745098039215685 0.5545134818288394 0.2473604826546003 0.5539273153575616 0.24811463046757165 0.6025791324736225 0.2473604826546003 0.6031652989449003
0 0.17043740573152338 0.7590855803048066 0.03770739064856712 0.7590855803048066 0.03695324283559578 0.675263774912075 0.17043740573152338 0.6746776084407972 0.17119155354449472 0.7584994138335287 0.17043740573152338 0.7590855803048066
0 0.17647058823529413 0.9794841735052755 0.03770739064856712 0.9794841735052755 0.03695324283559578 0.7643610785463072 0.17647058823529413 0.7637749120750293 0.17722473604826547 0.9788980070339977 0.17647058823529413 0.9794841735052755