0 0.33099579242636745 0.3633776091081594 0.061711079943899017 0.3633776091081594 0.061009817671809255 0.127134724857685 0.33099579242636745 0.12618595825426945 0.3316970546984572 0.36242884250474383 0.33099579242636745 0.3633776091081594
0 0.544179523141655 0.5721062618595826 0.2594670406732118 0.5721062618595826 0.258765778401122 0.3719165085388994 0.33660589060308554 0.3709677419354839 0.3373071528751753 0.127134724857685 0.5932678821879382 0.12618595825426945 0.593969144460028 0.5692599620493358 0.5455820476858345 0.5702087286527514 0.544179523141655 0.5721062618595826
0 0.7419354838709677 0.25332068311195444 0.6044880785413744 0.25332068311195444 0.6037868162692848 0.127134724857685 0.7419354838709677 0.12618595825426945 0.7426367461430575 0.2523719165085389 0.7419354838709677 0.25332068311195444
0 0.967741935483871 0.3633776091081594 0.7559607293127629 0.3633776091081594 0.7552594670406733 0.127134724857685 0.967741935483871 0.12618595825426945 0.9684431977559608 0.36242884250474383 0.967741935483871 0.3633776091081594
0 0.7377279102384292 0.4487666034155598 0.6002805049088359 0.4487666034155598 0.5995792426367461 0.2675521821631879 0.7377279102384292 0.2666034155597723 0.738429172510519 0.4478178368121442 0.7377279102384292 0.4487666034155598
0 0.967741935483871 0.8681214421252372 0.7559607293127629 0.8681214421252372 0.7552594670406733 0.3700189753320683 0.967741935483871 0.36907020872865276 0.9684431977559608 0.8671726755218216 0.967741935483871 0.8681214421252372
0 0.25245441795231416 0.6195445920303605 0.061711079943899017 0.6195445920303605 0.061009817671809255 0.3719165085388994 0.25806451612903225 0.3709677419354839 0.258765778401122 0.5692599620493358 0.2538569424964937 0.5702087286527514 0.25315568022440393 0.618595825426945 0.25245441795231416 0.6195445920303605
0 0.7433380084151473 0.6195445920303605 0.6002805049088359 0.6195445920303605 0.5995792426367461 0.45920303605313095 0.7433380084151473 0.45825426944971537 0.7440392706872371 0.618595825426945 0.7433380084151473 0.6195445920303605
0 0.544179523141655 0.7485768500948766 0.2594670406732118 0.7485768500948766 0.258765778401122 0.573055028462998 0.544179523141655 0.5721062618595826 0.5448807854137447 0.7476280834914611 0.544179523141655 0.7485768500948766
0 0.7433380084151473 0.8681214421252372 0.5511921458625526 0.8681214421252372 0.5504908835904628 0.5787476280834914 0.5932678821879382 0.5777988614800759 0.593969144460028 0.6242884250474383 0.7433380084151473 0.6252371916508539 0.7440392706872371 0.8671726755218216 0.7433380084151473 0.8681214421252372
0 0.25105189340813466 0.8681214421252372 0.061711079943899017 0.8681214421252372 0.061009817671809255 0.6280834914611005 0.25105189340813466 0.627134724857685 0.2517531556802244 0.8671726755218216 0.25105189340813466 0.8681214421252372
0 0.37727910238429174 0.8681214421252372 0.2594670406732118 0.8681214421252372 0.258765778401122 0.7571157495256167 0.37727910238429174 0.7561669829222012 0.37798036465638146 0.8671726755218216 0.37727910238429174 0.8681214421252372
0 0.4670406732117812 0.8681214421252372 0.3856942496493689 0.8681214421252372 0.3849929873772791 0.7571157495256167 0.4670406732117812 0.7561669829222012 0.46774193548387094 0.8671726755218216 0.4670406732117812 0.8681214421252372
0 0.544179523141655 0.8681214421252372 0.4740532959326788 0.8681214421252372 0.47335203366058903 0.7571157495256167 0.544179523141655 0.7561669829222012 0.5448807854137447 0.8671726755218216 0.544179523141655 0.8681214421252372