0 0.18389423076923078 0.5783034257748777 0.039663461538461536 0.5783034257748777 0.0390625 0.13050570962479607 0.18389423076923078 0.12969004893964112 0.18449519230769232 0.5774877650897227 0.18389423076923078 0.5783034257748777
0 0.46153846153846156 0.5815660685154975 0.2608173076923077 0.5815660685154975 0.25961538461538464 0.5799347471451876 0.1935096153846154 0.5799347471451876 0.19290865384615385 0.13050570962479607 0.46153846153846156 0.12969004893964112 0.4621394230769231 0.5807504078303426 0.46153846153846156 0.5815660685154975
0 0.6442307692307693 0.7071778140293637 0.6069711538461539 0.7071778140293637 0.6063701923076923 0.6867862969004894 0.47115384615384615 0.6859706362153344 0.47055288461538464 0.45840130505709625 0.6442307692307693 0.45758564437194127 0.6448317307692307 0.7063621533442088 0.6442307692307693 0.7071778140293637
0 0.7295673076923077 0.5864600326264274 0.6538461538461539 0.5864600326264274 0.6532451923076923 0.45840130505709625 0.7295673076923077 0.45758564437194127 0.7301682692307693 0.5856443719412724 0.7295673076923077 0.5864600326264274
0 0.9146634615384616 0.8556280587275693 0.7391826923076923 0.8556280587275693 0.7385817307692307 0.47145187601957583 0.9146634615384616 0.4706362153344209 0.9152644230769231 0.8548123980424144 0.9146634615384616 0.8556280587275693
0 0.25961538461538464 0.7528548123980424 0.1935096153846154 0.7528548123980424 0.19290865384615385 0.5807504078303426 0.25961538461538464 0.5799347471451876 0.26021634615384615 0.7520391517128875 0.25961538461538464 0.7528548123980424
0 0.18389423076923078 0.7936378466557912 0.039663461538461536 0.7936378466557912 0.0390625 0.5872756933115824 0.18389423076923078 0.5864600326264274 0.18449519230769232 0.7928221859706363 0.18389423076923078 0.7936378466557912
0 0.328125 0.6941272430668842 0.2692307692307692 0.6941272430668842 0.2686298076923077 0.5921696574225123 0.328125 0.5913539967373572 0.32872596153846156 0.6933115823817292 0.328125 0.6941272430668842
0 0.46153846153846156 0.8556280587275693 0.33774038461538464 0.8556280587275693 0.3371394230769231 0.5921696574225123 0.46153846153846156 0.5913539967373572 0.4621394230769231 0.8548123980424144 0.46153846153846156 0.8556280587275693
0 0.7295673076923077 0.7071778140293637 0.6538461538461539 0.7071778140293637 0.6532451923076923 0.5921696574225123 0.7295673076923077 0.5913539967373572 0.7301682692307693 0.7063621533442088 0.7295673076923077 0.7071778140293637
0 0.5588942307692307 0.8556280587275693 0.47115384615384615 0.8556280587275693 0.47055288461538464 0.6982055464926591 0.5588942307692307 0.697389885807504 0.5594951923076923 0.8548123980424144 0.5588942307692307 0.8556280587275693
0 0.6442307692307693 0.8556280587275693 0.5685096153846154 0.8556280587275693 0.5679086538461539 0.6982055464926591 0.5985576923076923 0.697389885807504 0.5991586538461539 0.7177814029363785 0.6442307692307693 0.7185970636215334 0.6448317307692307 0.8548123980424144 0.6442307692307693 0.8556280587275693
0 0.328125 0.7691680261011419 0.2692307692307692 0.7691680261011419 0.2686298076923077 0.6998368678629691 0.328125 0.699021207177814 0.32872596153846156 0.768352365415987 0.328125 0.7691680261011419
0 0.7295673076923077 0.8556280587275693 0.6538461538461539 0.8556280587275693 0.6532451923076923 0.7194127243066885 0.7295673076923077 0.7185970636215334 0.7301682692307693 0.8548123980424144 0.7295673076923077 0.8556280587275693
0 0.25961538461538464 0.8017944535073409 0.1935096153846154 0.8017944535073409 0.19290865384615385 0.7618270799347472 0.25961538461538464 0.7610114192495921 0.26021634615384615 0.800978792822186 0.25961538461538464 0.8017944535073409
0 0.328125 0.8556280587275693 0.2692307692307692 0.8556280587275693 0.2686298076923077 0.7814029363784666 0.328125 0.7805872756933115 0.32872596153846156 0.8548123980424144 0.328125 0.8556280587275693