0 0.5669856459330144 0.2847222222222222 0.45454545454545453 0.2847222222222222 0.45215311004784686 0.283179012345679 0.33014354066985646 0.283179012345679 0.3277511961722488 0.2847222222222222 0.1937799043062201 0.2847222222222222 0.19258373205741627 0.07098765432098765 0.5669856459330144 0.07021604938271606 0.5681818181818182 0.2839506172839506 0.5669856459330144 0.2847222222222222
0 0.8325358851674641 0.44212962962962965 0.7129186602870813 0.44212962962962965 0.7117224880382775 0.4104938271604938 0.5789473684210527 0.4097222222222222 0.5777511961722488 0.1712962962962963 0.8325358851674641 0.1705246913580247 0.833732057416268 0.44135802469135804 0.8325358851674641 0.44212962962962965
0 0.45215311004784686 0.2908950617283951 0.33014354066985646 0.2908950617283951 0.32894736842105265 0.2839506172839506 0.45215311004784686 0.283179012345679 0.4533492822966507 0.29012345679012347 0.45215311004784686 0.2908950617283951
0 0.38516746411483255 0.4699074074074074 0.1937799043062201 0.4699074074074074 0.19258373205741627 0.29012345679012347 0.24880382775119617 0.28935185185185186 0.25 0.2854938271604938 0.3277511961722488 0.2847222222222222 0.32894736842105265 0.29012345679012347 0.45215311004784686 0.2908950617283951 0.4533492822966507 0.2854938271604938 0.5669856459330144 0.2847222222222222 0.5681818181818182 0.4367283950617284 0.45454545454545453 0.4375 0.45215311004784686 0.4359567901234568 0.3875598086124402 0.4359567901234568 0.38636363636363635 0.4691358024691358 0.38516746411483255 0.4699074074074074
0 0.7033492822966507 0.47608024691358025 0.5789473684210527 0.47608024691358025 0.5777511961722488 0.41512345679012347 0.7033492822966507 0.41435185185185186 0.7045454545454546 0.47530864197530864 0.7033492822966507 0.47608024691358025
0 0.5669856459330144 0.5933641975308642 0.4258373205741627 0.5933641975308642 0.4246411483253589 0.5154320987654321 0.45215311004784686 0.5146604938271605 0.4533492822966507 0.5108024691358025 0.39712918660287083 0.5100308641975309 0.39593301435406697 0.44135802469135804 0.45215311004784686 0.44058641975308643 0.45454545454545453 0.4375 0.5669856459330144 0.4375 0.5681818181818182 0.5925925925925926 0.5669856459330144 0.5933641975308642
0 0.8325358851674641 0.6859567901234568 0.5789473684210527 0.6859567901234568 0.5777511961722488 0.48148148148148145 0.7105263157894737 0.4807098765432099 0.7117224880382775 0.44907407407407407 0.8325358851674641 0.44830246913580246 0.833732057416268 0.6851851851851852 0.8325358851674641 0.6859567901234568
0 0.41626794258373206 0.5933641975308642 0.1937799043062201 0.5933641975308642 0.19258373205741627 0.47685185185185186 0.38516746411483255 0.47608024691358025 0.38636363636363635 0.5138888888888888 0.41626794258373206 0.5146604938271605 0.41746411483253587 0.5925925925925926 0.41626794258373206 0.5933641975308642
0 0.3588516746411483 0.6859567901234568 0.1937799043062201 0.6859567901234568 0.19258373205741627 0.6003086419753086 0.3588516746411483 0.5995370370370371 0.36004784688995217 0.6851851851851852 0.3588516746411483 0.6859567901234568
0 0.5669856459330144 0.6859567901234568 0.3708133971291866 0.6859567901234568 0.3696172248803828 0.6003086419753086 0.5669856459330144 0.5995370370370371 0.5681818181818182 0.6851851851851852 0.5669856459330144 0.6859567901234568
0 0.291866028708134 0.9807098765432098 0.08851674641148326 0.9807098765432098 0.08732057416267942 0.8873456790123457 0.291866028708134 0.8865740740740741 0.2930622009569378 0.9799382716049383 0.291866028708134 0.9807098765432098