0 0.9228187919463087 0.6226890756302521 0.7460850111856824 0.6226890756302521 0.7455257270693513 0.24873949579831933 0.9228187919463087 0.24789915966386555 0.9233780760626398 0.6218487394957983 0.9228187919463087 0.6226890756302521
0 0.5738255033557047 0.3638655462184874 0.5302013422818792 0.3638655462184874 0.5296420581655481 0.2504201680672269 0.5738255033557047 0.2495798319327731 0.5743847874720358 0.3630252100840336 0.5738255033557047 0.3638655462184874
0 0.6431767337807607 0.3638655462184874 0.5805369127516778 0.3638655462184874 0.5799776286353467 0.2504201680672269 0.6431767337807607 0.2495798319327731 0.6437360178970917 0.3630252100840336 0.6431767337807607 0.3638655462184874
0 0.703579418344519 0.3638655462184874 0.6510067114093959 0.3638655462184874 0.6504474272930649 0.2504201680672269 0.703579418344519 0.2495798319327731 0.7041387024608501 0.3630252100840336 0.703579418344519 0.3638655462184874
0 0.49217002237136465 0.6630252100840336 0.40492170022371365 0.6630252100840336 0.40436241610738255 0.5882352941176471 0.5838926174496645 0.5873949579831933 0.5844519015659956 0.42857142857142855 0.5302013422818792 0.42773109243697477 0.5296420581655481 0.373109243697479 0.6196868008948546 0.3722689075630252 0.6202460850111857 0.6369747899159663 0.49328859060402686 0.6378151260504201 0.49272930648769575 0.6621848739495798 0.49217002237136465 0.6630252100840336
0 0.6588366890380313 0.40588235294117647 0.6263982102908278 0.40588235294117647 0.6258389261744967 0.373109243697479 0.703579418344519 0.3722689075630252 0.7041387024608501 0.3865546218487395 0.6599552572706935 0.3873949579831933 0.6593959731543624 0.4050420168067227 0.6588366890380313 0.40588235294117647
0 0.703579418344519 0.5 0.6263982102908278 0.5 0.6258389261744967 0.4151260504201681 0.6644295302013423 0.4142857142857143 0.6649888143176734 0.39663865546218485 0.703579418344519 0.3957983193277311 0.7041387024608501 0.4991596638655462 0.703579418344519 0.5
0 0.174496644295302 0.9033613445378151 0.06040268456375839 0.9033613445378151 0.059843400447427295 0.43529411764705883 0.2941834451901566 0.43445378151260505 0.2947427293064877 0.5865546218487395 0.3277404921700224 0.5873949579831933 0.3282997762863535 0.6571428571428571 0.1756152125279642 0.6579831932773109 0.17505592841163312 0.9025210084033614 0.174496644295302 0.9033613445378151
0 0.42058165548098436 0.5806722689075631 0.30089485458612975 0.5806722689075631 0.30033557046979864 0.43529411764705883 0.42058165548098436 0.43445378151260505 0.4211409395973154 0.5798319327731093 0.42058165548098436 0.5806722689075631
0 0.5223713646532439 0.5806722689075631 0.4272930648769575 0.5806722689075631 0.4267337807606264 0.43529411764705883 0.5223713646532439 0.43445378151260505 0.522930648769575 0.5798319327731093 0.5223713646532439 0.5806722689075631
0 0.5782997762863534 0.5806722689075631 0.5302013422818792 0.5806722689075631 0.5296420581655481 0.43529411764705883 0.5782997762863534 0.43445378151260505 0.5788590604026845 0.5798319327731093 0.5782997762863534 0.5806722689075631
0 0.703579418344519 0.6378151260504201 0.6263982102908278 0.6378151260504201 0.6258389261744967 0.5546218487394958 0.6845637583892618 0.553781512605042 0.6851230425055929 0.5462184873949579 0.6263982102908278 0.5453781512605042 0.6258389261744967 0.5092436974789916 0.703579418344519 0.5084033613445378 0.7041387024608501 0.6369747899159663 0.703579418344519 0.6378151260504201
0 0.3970917225950783 0.807563025210084 0.3288590604026846 0.807563025210084 0.3282997762863535 0.5882352941176471 0.40380313199105144 0.5873949579831933 0.40436241610738255 0.6436974789915967 0.3982102908277405 0.6445378151260505 0.3976510067114094 0.8067226890756303 0.3970917225950783 0.807563025210084
0 0.5268456375838926 0.711764705882353 0.5 0.711764705882353 0.4994407158836689 0.6453781512605042 0.5268456375838926 0.6445378151260505 0.5274049217002237 0.7109243697478992 0.5268456375838926 0.711764705882353
0 0.5704697986577181 0.7890756302521008 0.5346756152125279 0.7890756302521008 0.5341163310961968 0.6453781512605042 0.587248322147651 0.6445378151260505 0.5878076062639821 0.761344537815126 0.5777404921700223 0.7764705882352941 0.5771812080536913 0.7789915966386555 0.5743847874720358 0.7815126050420168 0.5704697986577181 0.7890756302521008
0 0.703579418344519 0.8966386554621849 0.5346756152125279 0.8966386554621849 0.5341163310961968 0.7983193277310925 0.5738255033557047 0.7974789915966387 0.5777404921700223 0.7915966386554621 0.5900447427293065 0.7714285714285715 0.593400447427293 0.7647058823529411 0.593400447427293 0.6453781512605042 0.6196868008948546 0.6445378151260505 0.6202460850111857 0.7428571428571429 0.703579418344519 0.7436974789915967 0.7041387024608501 0.8957983193277311 0.703579418344519 0.8966386554621849
0 0.703579418344519 0.7336134453781512 0.6263982102908278 0.7336134453781512 0.6258389261744967 0.6453781512605042 0.703579418344519 0.6445378151260505 0.7041387024608501 0.7327731092436974 0.703579418344519 0.7336134453781512
0 0.18456375838926176 0.9033613445378151 0.1756152125279642 0.9033613445378151 0.17505592841163312 0.6588235294117647 0.3277404921700224 0.6579831932773109 0.3282997762863535 0.746218487394958 0.3232662192393736 0.7470588235294118 0.3227069351230425 0.8487394957983193 0.18568232662192394 0.8495798319327731 0.18512304250559283 0.9025210084033614 0.18456375838926176 0.9033613445378151
0 0.5268456375838926 0.8495798319327731 0.40492170022371365 0.8495798319327731 0.40436241610738255 0.6722689075630253 0.49217002237136465 0.6714285714285714 0.49272930648769575 0.719327731092437 0.5268456375838926 0.7201680672268908 0.5274049217002237 0.8487394957983193 0.5268456375838926 0.8495798319327731
0 0.3970917225950783 0.8495798319327731 0.3288590604026846 0.8495798319327731 0.3282997762863535 0.8168067226890756 0.3970917225950783 0.8159663865546218 0.3976510067114094 0.8487394957983193 0.3970917225950783 0.8495798319327731