0 0.5094007050528789 0.3841623036649215 0.4500587544065805 0.3841623036649215 0.449764982373678 0.07984293193717278 0.5499412455934195 0.07918848167539266 0.550235017626322 0.3403141361256545 0.5099882491186839 0.34096858638743455 0.5096944770857814 0.38350785340314136 0.5094007050528789 0.3841623036649215
0 0.6868390129259695 0.34096858638743455 0.5534665099882491 0.34096858638743455 0.5531727379553466 0.07984293193717278 0.6868390129259695 0.07918848167539266 0.6871327849588719 0.3403141361256545 0.6868390129259695 0.34096858638743455
0 0.9106933019976499 0.7964659685863874 0.8096357226792009 0.7964659685863874 0.8093419506462984 0.524869109947644 0.6833137485311398 0.5242146596858639 0.6830199764982373 0.3481675392670157 0.6903642773207991 0.3475130890052356 0.6906580493537016 0.07984293193717278 0.7209165687426558 0.07918848167539266 0.7212103407755581 0.3468586387434555 0.7244418331374853 0.3475130890052356 0.7247356051703878 0.21596858638743455 0.9106933019976499 0.21531413612565445 0.9109870740305523 0.7958115183246073 0.9106933019976499 0.7964659685863874
0 0.24148061104582844 0.6380890052356021 0.08108108108108109 0.6380890052356021 0.08078730904817862 0.46335078534031415 0.08137485311398356 0.4620418848167539 0.08137485311398356 0.0824607329842932 0.3019976498237368 0.08180628272251309 0.30229142185663926 0.43455497382198954 0.24206815511163338 0.4352094240837696 0.2417743830787309 0.637434554973822 0.24148061104582844 0.6380890052356021
0 0.07403055229142186 0.4640052356020942 0.011750881316098707 0.4640052356020942 0.011457109283196239 0.32591623036649214 0.07403055229142186 0.325261780104712 0.07432432432432433 0.46335078534031415 0.07403055229142186 0.4640052356020942
0 0.6827262044653349 0.6485602094240838 0.6092831962397179 0.6485602094240838 0.6089894242068156 0.5 0.5135135135135135 0.4993455497382199 0.513219741480611 0.3481675392670157 0.6827262044653349 0.3475130890052356 0.6830199764982373 0.6479057591623036 0.6827262044653349 0.6485602094240838
0 0.5094007050528789 0.4993455497382199 0.4500587544065805 0.4993455497382199 0.449764982373678 0.39267015706806285 0.5094007050528789 0.3920157068062827 0.5096944770857814 0.4986910994764398 0.5094007050528789 0.4993455497382199
0 0.3619271445358402 0.6380890052356021 0.24794359576968272 0.6380890052356021 0.24764982373678027 0.443717277486911 0.3619271445358402 0.4430628272251309 0.36222091656874267 0.637434554973822 0.3619271445358402 0.6380890052356021
0 0.5493537015276145 0.7964659685863874 0.4500587544065805 0.7964659685863874 0.449764982373678 0.506544502617801 0.5493537015276145 0.5058900523560209 0.549647473560517 0.7958115183246073 0.5493537015276145 0.7964659685863874
0 0.6057579318448884 0.6485602094240838 0.5534665099882491 0.6485602094240838 0.5531727379553466 0.506544502617801 0.6057579318448884 0.5058900523560209 0.6060517038777908 0.6479057591623036 0.6057579318448884 0.6485602094240838
0 0.809048178613396 0.7964659685863874 0.6868390129259695 0.7964659685863874 0.686545240893067 0.5353403141361257 0.7068155111633373 0.5346858638743456 0.7071092831962397 0.5287958115183246 0.6833137485311398 0.5281413612565445 0.6830199764982373 0.524869109947644 0.809048178613396 0.5242146596858639 0.8093419506462984 0.7958115183246073 0.809048178613396 0.7964659685863874
0 0.1398354876615746 0.793848167539267 0.08108108108108109 0.793848167539267 0.08078730904817862 0.6465968586387435 0.1398354876615746 0.6459424083769634 0.1401292596944771 0.7931937172774869 0.1398354876615746 0.793848167539267
0 0.2097532314923619 0.793848167539267 0.14394829612220916 0.793848167539267 0.1436545240893067 0.6465968586387435 0.2097532314923619 0.6459424083769634 0.2100470035252644 0.7931937172774869 0.2097532314923619 0.793848167539267
0 0.2626321974148061 0.793848167539267 0.21386603995299647 0.793848167539267 0.213572267920094 0.6465968586387435 0.2626321974148061 0.6459424083769634 0.2629259694477086 0.7931937172774869 0.2626321974148061 0.793848167539267
0 0.3619271445358402 0.793848167539267 0.2690951821386604 0.793848167539267 0.2688014101057579 0.6465968586387435 0.3619271445358402 0.6459424083769634 0.36222091656874267 0.7931937172774869 0.3619271445358402 0.793848167539267
0 0.6263219741480611 0.7964659685863874 0.5534665099882491 0.7964659685863874 0.5531727379553466 0.6570680628272252 0.6263219741480611 0.6564136125654451 0.6266157461809636 0.7958115183246073 0.6263219741480611 0.7964659685863874
0 0.6827262044653349 0.7964659685863874 0.6304347826086957 0.7964659685863874 0.6301410105757932 0.6570680628272252 0.6827262044653349 0.6564136125654451 0.6830199764982373 0.7958115183246073 0.6827262044653349 0.7964659685863874