0 0.7664804469273743 0.5752990851513019 0.6491620111731844 0.5752990851513019 0.6487895716945996 0.5738916256157636 0.6482309124767225 0.573539760731879 0.6480446927374302 0.5724841660802252 0.647486033519553 0.5721323011963406 0.6472998137802607 0.5710767065446868 0.6467411545623836 0.5707248416608023 0.6465549348230912 0.5696692470091484 0.6459962756052141 0.569317382125264 0.6458100558659218 0.5682617874736101 0.6441340782122905 0.565798733286418 0.639292364990689 0.5559465165376496 0.639292364990689 0.44757213230119636 0.6424581005586593 0.44722026741731175 0.6426443202979516 0.36312456016889516 0.7649906890130354 0.36277269528501055 0.7651769087523278 0.14848698099929628 0.8994413407821229 0.1481351161154117 0.8996275605214152 0.3166783954961295 0.8443202979515829 0.3170302603800141 0.8441340782122905 0.36312456016889516 0.8707635009310987 0.3634764250527797 0.8709497206703911 0.4792399718508093 0.8737430167597765 0.47959183673469385 0.873929236499069 0.3230119634060521 0.8994413407821229 0.3226600985221675 0.8996275605214152 0.5341308937368051 0.7884543761638734 0.5344827586206896 0.7839851024208566 0.5429275158339197 0.7834264432029795 0.5432793807178043 0.7832402234636872 0.5443349753694581 0.78268156424581 0.5446868402533427 0.7824953445065177 0.5457424349049965 0.7819366852886406 0.546094299788881 0.7776536312849162 0.5548909218859958 0.7664804469273743 0.5752990851513019
0 0.488268156424581 0.46551724137931033 0.4633147113594041 0.46551724137931033 0.4631284916201117 0.31456720619282197 0.43054003724394785 0.31421534130893736 0.4303538175046555 0.35397607318789587 0.35716945996275606 0.3543279380717804 0.35698324022346367 0.14919071076706544 0.488268156424581 0.14883884588318086 0.4884543761638734 0.4651653764954258 0.488268156424581 0.46551724137931033
0 0.31098696461824954 0.5858550316678396 0.13631284916201117 0.5858550316678396 0.1361266294227188 0.35960591133004927 0.3512104283054004 0.35925404644616465 0.3513966480446927 0.4257565095003519 0.31135940409683427 0.42610837438423643 0.3111731843575419 0.585503166783955 0.31098696461824954 0.5858550316678396
0 0.488268156424581 0.5858550316678396 0.3549348230912477 0.5858550316678396 0.3547486033519553 0.3610133708655876 0.4037243947858473 0.36066150598170305 0.40391061452513966 0.4370161857846587 0.4063314711359404 0.44159042927515835 0.40893854748603353 0.4458128078817734 0.4109869646182495 0.4489795918367347 0.4111731843575419 0.4500351864883885 0.413780260707635 0.45425756509500353 0.4163873370577281 0.4584799437016186 0.4173184357541899 0.4595355383532723 0.4175046554934823 0.4605911330049261 0.4180633147113594 0.4609429978888107 0.41824953445065177 0.46199859254046444 0.41880819366852884 0.46235045742434905 0.41899441340782123 0.46340605207600283 0.42160148975791434 0.4676284306826179 0.4238361266294227 0.4711470795214638 0.4595903165735568 0.4711470795214638 0.45977653631284915 0.525686136523575 0.488268156424581 0.5260380014074595 0.4884543761638734 0.585503166783955 0.488268156424581 0.5858550316678396
0 0.4595903165735568 0.46551724137931033 0.4260707635009311 0.46551724137931033 0.42569832402234636 0.46481351161154116 0.4251396648044693 0.4644616467276566 0.4249534450651769 0.46340605207600283 0.42439478584729984 0.4630541871921182 0.423463687150838 0.4605911330049261 0.4208566108007449 0.45636875439831104 0.41787709497206704 0.4514426460239268 0.4173184357541899 0.4510907811400422 0.41564245810055866 0.44722026741731175 0.41303538175046556 0.4429978888106967 0.4106145251396648 0.43912737508796623 0.41042830540037245 0.43807178043631245 0.40763500931098695 0.43349753694581283 0.40763500931098695 0.3610133708655876 0.4595903165735568 0.36066150598170305 0.45977653631284915 0.4651653764954258 0.4595903165735568 0.46551724137931033
0 0.6391061452513966 0.555594651653765 0.638733705772812 0.5541871921182266 0.6381750465549348 0.553835327234342 0.6379888268156425 0.5527797325826882 0.6374301675977654 0.5524278676988037 0.637243947858473 0.5513722730471499 0.6366852886405959 0.5510204081632653 0.6364990689013036 0.5499648135116115 0.6359404096834265 0.5496129486277269 0.6324022346368715 0.5422237860661506 0.6318435754189944 0.541871921182266 0.631657355679702 0.5408163265306123 0.6310986964618249 0.5404644616467277 0.6309124767225326 0.5394088669950738 0.6303538175046555 0.5390570021111893 0.6301675977653631 0.5380014074595355 0.629608938547486 0.5376495425756509 0.6279329608938548 0.5337790288529205 0.5445065176908752 0.5337790288529205 0.5443202979515829 0.36312456016889516 0.6391061452513966 0.36277269528501055 0.639292364990689 0.5552427867698804 0.6391061452513966 0.555594651653765
0 0.3512104283054004 0.5858550316678396 0.31135940409683427 0.5858550316678396 0.3111731843575419 0.42646023926812104 0.3512104283054004 0.42610837438423643 0.3513966480446927 0.585503166783955 0.3512104283054004 0.5858550316678396
0 0.488268156424581 0.5190007037297678 0.4633147113594041 0.5190007037297678 0.4631284916201117 0.47149894440534834 0.488268156424581 0.4711470795214638 0.4884543761638734 0.5186488388458832 0.488268156424581 0.5190007037297678
0 0.6476722532588455 0.7139338494018297 0.5445065176908752 0.7139338494018297 0.5443202979515829 0.5404644616467277 0.626070763500931 0.5401125967628431 0.6333333333333333 0.553835327234342 0.6342644320297952 0.5562983814215341 0.6348230912476722 0.5566502463054187 0.6350093109869647 0.5577058409570724 0.6355679702048417 0.558057705840957 0.6422718808193668 0.5714285714285714 0.6424581005586593 0.5724841660802252 0.6430167597765363 0.5728360309641097 0.6432029795158287 0.5738916256157636 0.6437616387337057 0.5742434904996482 0.6439478584729982 0.5752990851513019 0.6445065176908752 0.5756509500351865 0.6446927374301676 0.5767065446868402 0.6452513966480447 0.5770584095707249 0.6454376163873371 0.5781140042223786 0.6459962756052141 0.5784658691062632 0.6461824953445066 0.5795214637579169 0.6478584729981378 0.5819845179451091 0.6478584729981378 0.7135819845179451 0.6476722532588455 0.7139338494018297
0 0.8309124767225325 0.7139338494018297 0.7672253258845437 0.7139338494018297 0.7670391061452514 0.5840957072484166 0.7675977653631285 0.5830401125967628 0.7681564245810056 0.5826882477128783 0.7694599627560521 0.5795214637579169 0.7700186219739292 0.5791695988740324 0.7702048417132216 0.5781140042223786 0.7707635009310987 0.577762139338494 0.770949720670391 0.5767065446868402 0.7715083798882681 0.5763546798029556 0.7716945996275605 0.5752990851513019 0.7722532588454376 0.5749472202674173 0.7724394785847299 0.5738916256157636 0.7729981378026071 0.573539760731879 0.7731843575418994 0.5724841660802252 0.7737430167597765 0.5721323011963406 0.7739292364990689 0.5710767065446868 0.774487895716946 0.5707248416608023 0.7757914338919926 0.567558057705841 0.7763500931098697 0.5672061928219564 0.776536312849162 0.5661505981703026 0.7770949720670391 0.565798733286418 0.7772811918063315 0.5647431386347642 0.7778398510242086 0.5643912737508796 0.7780260707635009 0.5633356790992259 0.7785847299813781 0.5629838142153413 0.7787709497206704 0.5619282195636875 0.7793296089385475 0.5615763546798029 0.7795158286778399 0.5605207600281492 0.780074487895717 0.5601688951442646 0.7802607076350093 0.5591133004926109 0.7808193668528864 0.5587614356087263 0.7810055865921788 0.5577058409570724 0.7815642458100559 0.5573539760731879 0.7821229050279329 0.555594651653765 0.78268156424581 0.5552427867698804 0.7828677839851024 0.5541871921182266 0.7834264432029795 0.553835327234342 0.7836126629422718 0.5527797325826882 0.784171322160149 0.5524278676988037 0.7843575418994413 0.5513722730471499 0.7849162011173184 0.5510204081632653 0.7851024208566107 0.5499648135116115 0.7856610800744879 0.5496129486277269 0.7858472998137802 0.5485573539760732 0.7864059590316573 0.5482054890921886 0.7865921787709497 0.5471498944405349 0.7871508379888268 0.5467980295566502 0.7873370577281191 0.5457424349049965 0.7878957169459962 0.5453905700211119 0.7891992551210428 0.5422237860661506 0.78975791433892 0.541871921182266 0.7899441340782123 0.5408163265306123 0.8309124767225325 0.5408163265306123 0.831098696461825 0.7135819845179451 0.8309124767225325 0.7139338494018297
0 0.8994413407821229 0.7139338494018297 0.8346368715083798 0.7139338494018297 0.8344506517690875 0.5411681914144968 0.8994413407821229 0.5408163265306123 0.8996275605214152 0.7135819845179451 0.8994413407821229 0.7139338494018297
0 0.6931098696461825 0.7139338494018297 0.6513966480446928 0.7139338494018297 0.6512104283054003 0.5819845179451091 0.6931098696461825 0.5816326530612245 0.6932960893854748 0.7135819845179451 0.6931098696461825 0.7139338494018297
0 0.7635009310986964 0.6724137931034483 0.6968342644320298 0.6724137931034483 0.6966480446927374 0.5819845179451091 0.7635009310986964 0.5816326530612245 0.7636871508379889 0.6720619282195637 0.7635009310986964 0.6724137931034483