0 0.3353115727002967 0.38843648208469056 0.0771513353115727 0.38843648208469056 0.07665677546983185 0.16775244299674266 0.3353115727002967 0.16693811074918566 0.33580613254203756 0.38762214983713356 0.3353115727002967 0.38843648208469056
0 0.5361028684470821 0.4519543973941368 0.34619188921859545 0.4519543973941368 0.3456973293768546 0.16775244299674266 0.3466864490603363 0.16775244299674266 0.3466864490603363 0.17100977198697068 0.5361028684470821 0.17182410423452768 0.536597428288823 0.4511400651465798 0.5361028684470821 0.4519543973941368
0 0.7378832838773491 0.4552117263843648 0.56973293768546 0.4552117263843648 0.5687438180019783 0.4519543973941368 0.5410484668644906 0.4519543973941368 0.5405539070227497 0.17263843648208468 0.7378832838773491 0.17182410423452768 0.73837784371909 0.4543973941368078 0.7378832838773491 0.4552117263843648
0 0.8615232443125618 0.44869706840390877 0.7428288822947576 0.44869706840390877 0.7423343224530168 0.17263843648208468 0.8605341246290801 0.17182410423452768 0.8610286844708209 0.26221498371335505 0.8620178041543026 0.26384364820846906 0.8620178041543026 0.44788273615635177 0.8615232443125618 0.44869706840390877
0 0.9090009891196835 0.31026058631921827 0.8714144411473789 0.31026058631921827 0.870919881305638 0.2182410423452769 0.8699307616221563 0.21661237785016288 0.8699307616221563 0.17263843648208468 0.950544015825915 0.17182410423452768 0.9510385756676558 0.30293159609120524 0.9099901088031652 0.30374592833876224 0.9094955489614244 0.30944625407166126 0.9090009891196835 0.31026058631921827
0 0.950544015825915 0.5529315960912052 0.8674579624134521 0.5529315960912052 0.8669634025717112 0.31758957654723124 0.950544015825915 0.31677524429967424 0.9510385756676558 0.5521172638436482 0.950544015825915 0.5529315960912052
0 0.3293768545994065 0.8346905537459284 0.06528189910979229 0.8346905537459284 0.06478733926805143 0.40716612377850164 0.3293768545994065 0.40635179153094464 0.32987141444114737 0.8338762214983714 0.3293768545994065 0.8346905537459284
0 0.582591493570722 0.7125407166123778 0.49159248269040556 0.7125407166123778 0.4910979228486647 0.4609120521172638 0.5687438180019783 0.4600977198697068 0.5692383778437191 0.4560260586319218 0.5855588526211671 0.4552117263843648 0.586053412462908 0.5602605863192183 0.5835806132542037 0.5610749185667753 0.5830860534124629 0.7117263843648208 0.582591493570722 0.7125407166123778
0 0.7359050445103857 0.8688925081433225 0.5885262116716122 0.8688925081433225 0.5880316518298714 0.5618892508143323 0.586053412462908 0.5602605863192183 0.586053412462908 0.4560260586319218 0.7378832838773491 0.4552117263843648 0.7388724035608308 0.4568403908794788 0.781404549950544 0.4568403908794788 0.7818991097922848 0.8208469055374593 0.7695351137487636 0.8216612377850163 0.76162215628091 0.8346905537459284 0.7566765578635015 0.8412052117263844 0.7527200791295747 0.8460912052117264 0.744807121661721 0.8574918566775245 0.7398615232443125 0.8640065146579805 0.7359050445103857 0.8688925081433225
0 0.8625123639960435 0.5529315960912052 0.7883283877349159 0.5529315960912052 0.787833827893175 0.4576547231270358 0.8625123639960435 0.4568403908794788 0.8630069238377843 0.5521172638436482 0.8625123639960435 0.5529315960912052
0 0.42136498516320475 0.5301302931596091 0.34619188921859545 0.5301302931596091 0.3456973293768546 0.4609120521172638 0.42136498516320475 0.4600977198697068 0.4218595450049456 0.5293159609120521 0.42136498516320475 0.5301302931596091
0 0.486646884272997 0.5757328990228013 0.42729970326409494 0.5757328990228013 0.4268051434223541 0.4609120521172638 0.486646884272997 0.4600977198697068 0.48714144411473786 0.5749185667752443 0.486646884272997 0.5757328990228013
0 0.486646884272997 0.8249185667752443 0.34619188921859545 0.8249185667752443 0.3456973293768546 0.5390879478827362 0.42136498516320475 0.5382736156351792 0.4218595450049456 0.5830618892508144 0.486646884272997 0.5838762214983714 0.48714144411473786 0.8241042345276873 0.486646884272997 0.8249185667752443
0 0.950544015825915 0.8216612377850163 0.7883283877349159 0.8216612377850163 0.787833827893175 0.5602605863192183 0.950544015825915 0.5594462540716613 0.9510385756676558 0.8208469055374593 0.950544015825915 0.8216612377850163
0 0.582591493570722 0.8249185667752443 0.49159248269040556 0.8249185667752443 0.4910979228486647 0.7214983713355049 0.582591493570722 0.7206840390879479 0.5830860534124629 0.8241042345276873 0.582591493570722 0.8249185667752443