0 0.2910112359550562 0.4650974025974026 0.1 0.4650974025974026 0.09943820224719101 0.17045454545454544 0.2910112359550562 0.16964285714285715 0.2915730337078652 0.4642857142857143 0.2910112359550562 0.4650974025974026
0 0.601123595505618 0.4926948051948052 0.40337078651685393 0.4926948051948052 0.4028089887640449 0.474025974025974 0.3325842696629214 0.4732142857142857 0.33202247191011236 0.4659090909090909 0.29775280898876405 0.4650974025974026 0.29719101123595504 0.17045454545454544 0.6247191011235955 0.16964285714285715 0.6252808988764045 0.4074675324675325 0.6022471910112359 0.4082792207792208 0.601685393258427 0.49188311688311687 0.601123595505618 0.4926948051948052
0 0.8247191011235955 0.4082792207792208 0.6314606741573033 0.4082792207792208 0.6308988764044944 0.17045454545454544 0.8247191011235955 0.16964285714285715 0.8252808988764045 0.4074675324675325 0.8247191011235955 0.4082792207792208
0 0.7258426966292135 0.5608766233766234 0.6348314606741573 0.5608766233766234 0.6342696629213483 0.48538961038961037 0.6314606741573033 0.48457792207792205 0.6308988764044944 0.41883116883116883 0.7303370786516854 0.4180194805194805 0.7308988764044944 0.474025974025974 0.7269662921348314 0.47483766233766234 0.7264044943820225 0.560064935064935 0.7258426966292135 0.5608766233766234
0 0.8247191011235955 0.614448051948052 0.7382022471910112 0.614448051948052 0.7376404494382023 0.41883116883116883 0.8247191011235955 0.4180194805194805 0.8252808988764045 0.6136363636363636 0.8247191011235955 0.614448051948052
0 0.23258426966292134 0.7573051948051948 0.1 0.7573051948051948 0.09943820224719101 0.474025974025974 0.23258426966292134 0.4732142857142857 0.23314606741573032 0.7564935064935064 0.23258426966292134 0.7573051948051948
0 0.40224719101123596 0.6680194805194806 0.2393258426966292 0.6680194805194806 0.23876404494382023 0.474025974025974 0.40224719101123596 0.4732142857142857 0.4028089887640449 0.6672077922077922 0.40224719101123596 0.6680194805194806
0 0.6247191011235955 0.7573051948051948 0.4101123595505618 0.7573051948051948 0.4095505617977528 0.5227272727272727 0.40337078651685393 0.5219155844155844 0.4028089887640449 0.4935064935064935 0.6247191011235955 0.4926948051948052 0.6252808988764045 0.7564935064935064 0.6247191011235955 0.7573051948051948
0 0.8247191011235955 0.7573051948051948 0.6314606741573033 0.7573051948051948 0.6308988764044944 0.5746753246753247 0.7303370786516854 0.5738636363636364 0.7308988764044944 0.6217532467532467 0.8247191011235955 0.622564935064935 0.8252808988764045 0.7564935064935064 0.8247191011235955 0.7573051948051948
0 0.33370786516853934 0.7573051948051948 0.24044943820224718 0.7573051948051948 0.2398876404494382 0.676948051948052 0.33370786516853934 0.6761363636363636 0.3342696629213483 0.7564935064935064 0.33370786516853934 0.7573051948051948
0 0.40224719101123596 0.7573051948051948 0.3415730337078652 0.7573051948051948 0.34101123595505617 0.676948051948052 0.40224719101123596 0.6761363636363636 0.4028089887640449 0.7564935064935064 0.40224719101123596 0.7573051948051948