0 0.7628992628992629 0.2727882037533512 0.726044226044226 0.2727882037533512 0.7254299754299754 0.13941018766756033 0.7628992628992629 0.13873994638069706 0.7635135135135135 0.27211796246648795 0.7628992628992629 0.2727882037533512
0 0.8845208845208845 0.282171581769437 0.8108108108108109 0.282171581769437 0.8101965601965602 0.2734584450402145 0.7665847665847666 0.2727882037533512 0.765970515970516 0.13941018766756033 0.8845208845208845 0.13873994638069706 0.8851351351351351 0.28150134048257375 0.8845208845208845 0.282171581769437
0 0.9152334152334153 0.282171581769437 0.8882063882063882 0.282171581769437 0.8875921375921376 0.13941018766756033 0.9152334152334153 0.13873994638069706 0.9158476658476659 0.28150134048257375 0.9152334152334153 0.282171581769437
0 0.4963144963144963 0.2928954423592493 0.32555282555282555 0.2928954423592493 0.3249385749385749 0.14745308310991956 0.5135135135135135 0.1467828418230563 0.5141277641277642 0.28820375335120646 0.4975429975429975 0.28887399463806973 0.49692874692874694 0.29222520107238603 0.4963144963144963 0.2928954423592493
0 0.7199017199017199 0.41890080428954424 0.6154791154791155 0.41890080428954424 0.6148648648648649 0.2667560321715818 0.7199017199017199 0.2660857908847185 0.7205159705159705 0.41823056300268097 0.7199017199017199 0.41890080428954424
0 0.773955773955774 0.3398123324396783 0.726044226044226 0.3398123324396783 0.7254299754299754 0.2761394101876676 0.773955773955774 0.2754691689008043 0.7745700245700246 0.339142091152815 0.773955773955774 0.3398123324396783
0 0.8243243243243243 0.5449061662198391 0.726044226044226 0.5449061662198391 0.7254299754299754 0.3445040214477212 0.7764127764127764 0.3438337801608579 0.777027027027027 0.2761394101876676 0.8058968058968059 0.2754691689008043 0.8065110565110565 0.34316353887399464 0.8243243243243243 0.3438337801608579 0.8249385749385749 0.5442359249329759 0.8243243243243243 0.5449061662198391
0 0.31695331695331697 0.3773458445040214 0.21375921375921375 0.3773458445040214 0.21314496314496315 0.2868632707774799 0.31695331695331697 0.28619302949061665 0.31756756756756754 0.37667560321715815 0.31695331695331697 0.3773458445040214
0 0.9004914004914005 0.36662198391420914 0.8292383292383292 0.36662198391420914 0.8286240786240786 0.34048257372654156 0.812039312039312 0.3398123324396783 0.8114250614250614 0.2868632707774799 0.9004914004914005 0.28619302949061665 0.9011056511056511 0.36595174262734587 0.9004914004914005 0.36662198391420914
0 0.5135135135135135 0.3894101876675603 0.4152334152334152 0.3894101876675603 0.4146191646191646 0.3485254691689008 0.41584766584766586 0.34718498659517427 0.41584766584766586 0.2975871313672922 0.4348894348894349 0.29691689008042893 0.4355036855036855 0.2935656836461126 0.5135135135135135 0.2928954423592493 0.5141277641277642 0.38873994638069703 0.5135135135135135 0.3894101876675603
0 0.4275184275184275 0.4832439678284182 0.32555282555282555 0.4832439678284182 0.3249385749385749 0.2975871313672922 0.4152334152334152 0.29691689008042893 0.41584766584766586 0.34718498659517427 0.3746928746928747 0.34785522788203754 0.3740786240786241 0.40884718498659517 0.4238329238329238 0.40951742627345844 0.42444717444717445 0.43029490616621985 0.4275184275184275 0.4309651474530831 0.42813267813267813 0.48257372654155495 0.4275184275184275 0.4832439678284182
0 0.4238329238329238 0.4054959785522788 0.3783783783783784 0.4054959785522788 0.37776412776412777 0.3512064343163539 0.4103194103194103 0.35053619302949063 0.41093366093366096 0.39276139410187666 0.4238329238329238 0.39343163538873993 0.42444717444717445 0.40482573726541554 0.4238329238329238 0.4054959785522788
0 0.9152334152334153 0.5449061662198391 0.8292383292383292 0.5449061662198391 0.8286240786240786 0.37131367292225204 0.9152334152334153 0.37064343163538876 0.9158476658476659 0.5442359249329759 0.9152334152334153 0.5449061662198391
0 0.5135135135135135 0.4832439678284182 0.42874692874692877 0.4832439678284182 0.42813267813267813 0.4316353887399464 0.4269041769041769 0.43029490616621985 0.4269041769041769 0.3941018766756032 0.5135135135135135 0.39343163538873993 0.5141277641277642 0.48257372654155495 0.5135135135135135 0.4832439678284182
0 0.4238329238329238 0.5529490616621984 0.32555282555282555 0.5529490616621984 0.3249385749385749 0.48927613941018766 0.4238329238329238 0.4886058981233244 0.42444717444717445 0.5522788203753352 0.4238329238329238 0.5529490616621984
0 0.4705159705159705 0.5529490616621984 0.42874692874692877 0.5529490616621984 0.42813267813267813 0.48927613941018766 0.4705159705159705 0.4886058981233244 0.4711302211302211 0.5522788203753352 0.4705159705159705 0.5529490616621984
0 0.5135135135135135 0.5529490616621984 0.47542997542997545 0.5529490616621984 0.4748157248157248 0.48927613941018766 0.5135135135135135 0.4886058981233244 0.5141277641277642 0.5522788203753352 0.5135135135135135 0.5529490616621984