0 0.1243455497382199 0.25428265524625265 0.08900523560209424 0.25428265524625265 0.08867801047120419 0.1809421841541756 0.1243455497382199 0.180406852248394 0.12467277486910995 0.25374732334047106 0.1243455497382199 0.25428265524625265
0 0.23232984293193717 0.2510706638115632 0.19175392670157068 0.2510706638115632 0.19142670157068062 0.1809421841541756 0.23232984293193717 0.180406852248394 0.23265706806282724 0.2505353319057816 0.23232984293193717 0.2510706638115632
0 0.3285340314136126 0.3367237687366167 0.23887434554973822 0.3367237687366167 0.23854712041884818 0.2623126338329764 0.23789267015706805 0.26124197002141325 0.23854712041884818 0.26017130620985013 0.23854712041884818 0.1809421841541756 0.3285340314136126 0.180406852248394 0.3288612565445026 0.3361884368308351 0.3285340314136126 0.3367237687366167
0 0.4286649214659686 0.3442184154175589 0.3331151832460733 0.3442184154175589 0.33278795811518325 0.1809421841541756 0.4280104712041885 0.180406852248394 0.4283376963350785 0.3426124197002141 0.42899214659685864 0.3436830835117773 0.4286649214659686 0.3442184154175589
0 0.18586387434554974 0.25428265524625265 0.15772251308900523 0.25428265524625265 0.1573952879581152 0.23126338329764454 0.15641361256544503 0.23072805139186295 0.15608638743455497 0.25374732334047106 0.13154450261780104 0.25428265524625265 0.13056282722513088 0.25267665952890794 0.12990837696335078 0.2505353319057816 0.12925392670157068 0.24839400428265523 0.12794502617801048 0.24518201284796573 0.12794502617801048 0.1937901498929336 0.13350785340314136 0.1846895074946467 0.18586387434554974 0.1846895074946467 0.1861910994764398 0.25374732334047106 0.18586387434554974 0.25428265524625265
0 0.699607329842932 0.3356531049250535 0.5647905759162304 0.3356531049250535 0.5644633507853403 0.22055674518201285 0.699607329842932 0.22002141327623126 0.699934554973822 0.3351177730192719 0.699607329842932 0.3356531049250535
0 0.7787958115183246 0.2885438972162741 0.7028795811518325 0.2885438972162741 0.7025523560209425 0.22055674518201285 0.7787958115183246 0.22002141327623126 0.7791230366492147 0.2880085653104925 0.7787958115183246 0.2885438972162741
0 0.9051047120418848 0.2831905781584582 0.7820680628272252 0.2831905781584582 0.7817408376963351 0.22055674518201285 0.9051047120418848 0.22002141327623126 0.9054319371727748 0.2826552462526767 0.9051047120418848 0.2831905781584582
0 0.2054973821989529 0.3367237687366167 0.08900523560209424 0.3367237687366167 0.08867801047120419 0.26124197002141325 0.2054973821989529 0.2607066381156317 0.20582460732984292 0.3361884368308351 0.2054973821989529 0.3367237687366167
0 0.2342931937172775 0.3367237687366167 0.2094240837696335 0.3367237687366167 0.20909685863874344 0.26124197002141325 0.23363874345549737 0.2607066381156317 0.23396596858638743 0.2987152034261242 0.23462041884816753 0.29978586723768735 0.23462041884816753 0.3361884368308351 0.2342931937172775 0.3367237687366167
0 0.42997382198952877 0.49839400428265523 0.3056282722513089 0.49839400428265523 0.30530104712041883 0.4197002141327623 0.3030104712041885 0.41916488222698073 0.30268324607329844 0.3436830835117773 0.3324607329842932 0.3431477516059957 0.3331151832460733 0.3442184154175589 0.4286649214659686 0.3442184154175589 0.4283376963350785 0.2815845824411135 0.47774869109947643 0.2810492505353319 0.47840314136125656 0.27997858672376874 0.4787303664921466 0.3993576017130621 0.4306282722513089 0.3998929336188437 0.43030104712041883 0.49785867237687365 0.42997382198952877 0.49839400428265523
0 0.9051047120418848 0.45770877944325483 0.7820680628272252 0.45770877944325483 0.7817408376963351 0.2890792291220557 0.9051047120418848 0.2885438972162741 0.9054319371727748 0.45717344753747324 0.9051047120418848 0.45770877944325483
0 0.7787958115183246 0.49625267665952894 0.7277486910994765 0.49625267665952894 0.7274214659685864 0.4089935760171306 0.75 0.408458244111349 0.75032722513089 0.4603854389721627 0.7558900523560209 0.4609207708779443 0.756217277486911 0.4207708779443255 0.7552356020942408 0.4202355460385439 0.7549083769633508 0.45717344753747324 0.7519633507853403 0.45770877944325483 0.7516361256544503 0.40471092077087795 0.7028795811518325 0.40417558886509636 0.7025523560209425 0.29336188436830835 0.7787958115183246 0.29282655246252676 0.7791230366492147 0.49571734475374735 0.7787958115183246 0.49625267665952894
0 0.699607329842932 0.45663811563169165 0.5647905759162304 0.45663811563169165 0.5644633507853403 0.341541755888651 0.699607329842932 0.3410064239828694 0.699934554973822 0.45610278372591007 0.699607329842932 0.45663811563169165
0 0.17539267015706805 0.49732334047109206 0.08900523560209424 0.49732334047109206 0.08867801047120419 0.3436830835117773 0.17539267015706805 0.3431477516059957 0.17571989528795812 0.49678800856531047 0.17539267015706805 0.49732334047109206
0 0.3023560209424084 0.49839400428265523 0.2198952879581152 0.49839400428265523 0.21956806282722513 0.4475374732334047 0.2162958115183246 0.44325481798715205 0.20713350785340315 0.4271948608137045 0.20680628272251309 0.42558886509635974 0.20582460732984292 0.42505353319057815 0.2054973821989529 0.4234475374732334 0.20451570680628273 0.4229122055674518 0.19960732984293195 0.4138115631691649 0.1793193717277487 0.4138115631691649 0.17899214659685864 0.3436830835117773 0.3023560209424084 0.3431477516059957 0.30268324607329844 0.49785867237687365 0.3023560209424084 0.49839400428265523
0 0.7238219895287958 0.45663811563169165 0.7028795811518325 0.45663811563169165 0.7025523560209425 0.4089935760171306 0.7238219895287958 0.408458244111349 0.7241492146596858 0.45610278372591007 0.7238219895287958 0.45663811563169165
0 0.21662303664921467 0.49732334047109206 0.1793193717277487 0.49732334047109206 0.17899214659685864 0.41862955032119914 0.19829842931937172 0.41809421841541755 0.20582460732984292 0.43147751605995716 0.206151832460733 0.4330835117773019 0.20778795811518325 0.4346895074946467 0.2081151832460733 0.43629550321199145 0.20909685863874344 0.43683083511777304 0.2169502617801047 0.45074946466809424 0.2169502617801047 0.49678800856531047 0.21662303664921467 0.49732334047109206
0 0.28403141361256545 0.5776231263383298 0.2545811518324607 0.5776231263383298 0.25425392670157065 0.5053533190578159 0.28403141361256545 0.5048179871520343 0.2843586387434555 0.5770877944325482 0.28403141361256545 0.5776231263383298