0 0.7058823529411765 0.483633387888707 0.6216577540106952 0.483633387888707 0.6209893048128342 0.4206219312602291 0.5374331550802139 0.4198036006546645 0.5367647058823529 0.16693944353518822 0.6711229946524064 0.16612111292962356 0.6717914438502673 0.3076923076923077 0.7065508021390374 0.3502454991816694 0.7065508021390374 0.4828150572831424 0.7058823529411765 0.483633387888707
0 0.8302139037433155 0.3445171849427169 0.7085561497326203 0.3445171849427169 0.6771390374331551 0.3060556464811784 0.6771390374331551 0.16693944353518822 0.8302139037433155 0.16612111292962356 0.8308823529411765 0.3436988543371522 0.8302139037433155 0.3445171849427169
0 0.4799465240641711 0.367430441898527 0.34759358288770054 0.367430441898527 0.34692513368983957 0.32569558101472995 0.18181818181818182 0.3248772504091653 0.18114973262032086 0.1685761047463175 0.4799465240641711 0.16775777414075285 0.48061497326203206 0.36661211129296234 0.4799465240641711 0.367430441898527
0 0.3462566844919786 0.6734860883797054 0.2887700534759358 0.6734860883797054 0.28810160427807485 0.6202945990180033 0.2620320855614973 0.6194762684124386 0.26136363636363635 0.5188216039279869 0.2874331550802139 0.5180032733224222 0.28810160427807485 0.4238952536824877 0.18181818181818182 0.4230769230769231 0.18114973262032086 0.32569558101472995 0.3462566844919786 0.3248772504091653 0.34692513368983957 0.6726677577741408 0.3462566844919786 0.6734860883797054
0 0.8302139037433155 0.483633387888707 0.7125668449197861 0.483633387888707 0.7118983957219251 0.3518821603927987 0.8302139037433155 0.35106382978723405 0.8308823529411765 0.4828150572831424 0.8302139037433155 0.483633387888707
0 0.4799465240641711 0.5114566284779051 0.34759358288770054 0.5114566284779051 0.34692513368983957 0.36824877250409166 0.4799465240641711 0.367430441898527 0.48061497326203206 0.5106382978723404 0.4799465240641711 0.5114566284779051
0 0.6149732620320856 0.4918166939443535 0.5374331550802139 0.4918166939443535 0.5367647058823529 0.425531914893617 0.6149732620320856 0.4247135842880524 0.6156417112299465 0.4909983633387889 0.6149732620320856 0.4918166939443535
0 0.2820855614973262 0.5114566284779051 0.18181818181818182 0.5114566284779051 0.18114973262032086 0.4320785597381342 0.2820855614973262 0.43126022913256956 0.2827540106951872 0.5106382978723404 0.2820855614973262 0.5114566284779051
0 0.6631016042780749 0.6702127659574468 0.5374331550802139 0.6702127659574468 0.5367647058823529 0.49754500818330605 0.6203208556149733 0.4967266775777414 0.6209893048128342 0.48936170212765956 0.6631016042780749 0.4885433715220949 0.6637700534759359 0.6693944353518821 0.6631016042780749 0.6702127659574468
0 0.7179144385026738 0.6702127659574468 0.6697860962566845 0.6702127659574468 0.6691176470588235 0.5908346972176759 0.6885026737967914 0.5900163666121113 0.6891711229946524 0.5842880523731587 0.6697860962566845 0.5834697217675942 0.6691176470588235 0.48936170212765956 0.8302139037433155 0.4885433715220949 0.8308823529411765 0.5826513911620295 0.7192513368983957 0.5834697217675942 0.7185828877005348 0.6693944353518821 0.7179144385026738 0.6702127659574468
0 0.2820855614973262 0.6734860883797054 0.18181818181818182 0.6734860883797054 0.18114973262032086 0.5188216039279869 0.2553475935828877 0.5180032733224222 0.2560160427807487 0.6235679214402619 0.2820855614973262 0.6243862520458265 0.2827540106951872 0.6726677577741408 0.2820855614973262 0.6734860883797054
0 0.4799465240641711 0.6734860883797054 0.3516042780748663 0.6734860883797054 0.35093582887700536 0.5188216039279869 0.4799465240641711 0.5180032733224222 0.48061497326203206 0.6726677577741408 0.4799465240641711 0.6734860883797054
0 0.8302139037433155 0.6702127659574468 0.7245989304812834 0.6702127659574468 0.7239304812834224 0.5908346972176759 0.8302139037433155 0.5900163666121113 0.8308823529411765 0.6693944353518821 0.8302139037433155 0.6702127659574468
0 0.22727272727272727 0.7716857610474632 0.12433155080213903 0.7716857610474632 0.12366310160427807 0.6857610474631751 0.22727272727272727 0.6849427168576104 0.22794117647058823 0.7708674304418985 0.22727272727272727 0.7716857610474632
0 0.393048128342246 0.9828150572831423 0.23663101604278075 0.9828150572831423 0.23596256684491979 0.7495908346972177 0.393048128342246 0.7487725040916531 0.39371657754010697 0.9819967266775778 0.393048128342246 0.9828150572831423
0 0.22727272727272727 0.8747954173486089 0.12433155080213903 0.8747954173486089 0.12366310160427807 0.7774140752864157 0.22727272727272727 0.776595744680851 0.22794117647058823 0.8739770867430442 0.22727272727272727 0.8747954173486089