0 0.2138047138047138 0.4780380673499268 0.09595959595959595 0.4780380673499268 0.09511784511784512 0.3616398243045388 0.2138047138047138 0.3609077598828697 0.21464646464646464 0.4773060029282577 0.2138047138047138 0.4780380673499268
0 0.41245791245791247 0.5922401171303074 0.2222222222222222 0.5922401171303074 0.22138047138047137 0.3616398243045388 0.41245791245791247 0.3609077598828697 0.4132996632996633 0.5915080527086384 0.41245791245791247 0.5922401171303074
0 0.67003367003367 0.5922401171303074 0.4225589225589226 0.5922401171303074 0.4217171717171717 0.3616398243045388 0.6784511784511784 0.3609077598828697 0.6792929292929293 0.486090775988287 0.6717171717171717 0.4868228404099561 0.6708754208754208 0.5915080527086384 0.67003367003367 0.5922401171303074
0 0.6851851851851852 0.6566617862371888 0.6801346801346801 0.6566617862371888 0.6792929292929293 0.3616398243045388 0.9579124579124579 0.3609077598828697 0.9587542087542088 0.6530014641288433 0.7003367003367004 0.6537335285505125 0.6986531986531986 0.6551976573938506 0.6868686868686869 0.6551976573938506 0.6851851851851852 0.6566617862371888
0 0.2138047138047138 0.5922401171303074 0.09595959595959595 0.5922401171303074 0.09511784511784512 0.48462664714494874 0.2138047138047138 0.4838945827232797 0.21464646464646464 0.5915080527086384 0.2138047138047138 0.5922401171303074
0 0.3400673400673401 0.6991215226939971 0.09595959595959595 0.6991215226939971 0.09511784511784512 0.6002928257686676 0.3400673400673401 0.5995607613469985 0.3409090909090909 0.698389458272328 0.3400673400673401 0.6991215226939971
0 0.5370370370370371 0.8060029282576867 0.3484848484848485 0.8060029282576867 0.34764309764309764 0.6002928257686676 0.6784511784511784 0.5995607613469985 0.6792929292929293 0.6559297218155198 0.6750841750841751 0.6566617862371888 0.6734006734006734 0.6581259150805271 0.6565656565656566 0.6581259150805271 0.6548821548821548 0.6595900439238653 0.6430976430976431 0.6595900439238653 0.6414141414141414 0.6610541727672035 0.6313131313131313 0.6610541727672035 0.6296296296296297 0.6625183016105417 0.6195286195286195 0.6625183016105417 0.6178451178451179 0.66398243045388 0.601010101010101 0.66398243045388 0.5993265993265994 0.6654465592972182 0.5892255892255892 0.6654465592972182 0.5875420875420876 0.6669106881405563 0.5757575757575758 0.6669106881405563 0.5740740740740741 0.6683748169838946 0.5572390572390572 0.6683748169838946 0.5555555555555556 0.6698389458272328 0.5454545454545454 0.6698389458272328 0.5437710437710438 0.671303074670571 0.5387205387205387 0.671303074670571 0.5378787878787878 0.8052708638360175 0.5370370370370371 0.8060029282576867
0 0.7558922558922558 0.8953147877013177 0.5471380471380471 0.8953147877013177 0.5462962962962963 0.6793557833089312 0.5521885521885522 0.678623718887262 0.5538720538720538 0.6771595900439239 0.563973063973064 0.6771595900439239 0.5656565656565656 0.6756954612005857 0.5774410774410774 0.6756954612005857 0.5791245791245792 0.6742313323572474 0.5892255892255892 0.6742313323572474 0.5909090909090909 0.6727672035139092 0.6077441077441077 0.6727672035139092 0.6094276094276094 0.671303074670571 0.6195286195286195 0.671303074670571 0.6212121212121212 0.6698389458272328 0.6313131313131313 0.6698389458272328 0.632996632996633 0.6683748169838946 0.6498316498316499 0.6683748169838946 0.6515151515151515 0.6669106881405563 0.6632996632996633 0.6669106881405563 0.664983164983165 0.6654465592972182 0.6750841750841751 0.6654465592972182 0.6767676767676768 0.66398243045388 0.6936026936026936 0.66398243045388 0.6952861952861953 0.6625183016105417 0.7053872053872053 0.6625183016105417 0.7070707070707071 0.6610541727672035 0.7121212121212122 0.6610541727672035 0.7129629629629629 0.7994143484626647 0.7558922558922558 0.8001464128843339 0.7567340067340067 0.8945827232796486 0.7558922558922558 0.8953147877013177
0 0.9579124579124579 0.8953147877013177 0.7609427609427609 0.8953147877013177 0.76010101010101 0.7964860907759883 0.7171717171717171 0.7957540263543191 0.7163299663299664 0.6617862371888726 0.9579124579124579 0.6610541727672035 0.9587542087542088 0.8945827232796486 0.9579124579124579 0.8953147877013177
0 0.3400673400673401 0.8953147877013177 0.09595959595959595 0.8953147877013177 0.09511784511784512 0.7071742313323572 0.3400673400673401 0.7064421669106882 0.3409090909090909 0.8945827232796486 0.3400673400673401 0.8953147877013177
0 0.43097643097643096 0.8953147877013177 0.3484848484848485 0.8953147877013177 0.34764309764309764 0.8140556368960469 0.43097643097643096 0.8133235724743777 0.4318181818181818 0.8945827232796486 0.43097643097643096 0.8953147877013177
0 0.5370370370370371 0.8953147877013177 0.4393939393939394 0.8953147877013177 0.4385521885521885 0.8140556368960469 0.5370370370370371 0.8133235724743777 0.5378787878787878 0.8945827232796486 0.5370370370370371 0.8953147877013177