0 0.16451612903225807 0.3058169375534645 0.05846774193548387 0.3058169375534645 0.058366935483870966 0.14399771884801824 0.16451612903225807 0.14385514684915882 0.16461693548387096 0.3056743655546051 0.16451612903225807 0.3058169375534645
0 0.22923387096774195 0.3058169375534645 0.16955645161290323 0.3058169375534645 0.16945564516129033 0.14399771884801824 0.22923387096774195 0.14385514684915882 0.22933467741935484 0.3056743655546051 0.22923387096774195 0.3058169375534645
0 0.6629032258064517 0.4347020245223838 0.6181451612903226 0.4347020245223838 0.6180443548387097 0.4299971485600228 0.6185483870967742 0.4298545765611634 0.6186491935483871 0.4291417165668663 0.43850806451612906 0.42899914456800686 0.43840725806451614 0.21927573424579413 0.4796370967741935 0.21913316224693472 0.47973790322580645 0.2184203022526376 0.48024193548387095 0.21827773025377817 0.4804435483870968 0.21770744225834046 0.4807459677419355 0.21756487025948104 0.4807459677419355 0.21699458226404333 0.4811491935483871 0.2167094382663245 0.48125 0.21628172226974623 0.4816532258064516 0.21628172226974623 0.4817540322580645 0.2155688622754491 0.48215725806451615 0.21528371827773024 0.482258064516129 0.21485600228115198 0.48266129032258065 0.21485600228115198 0.48286290322580644 0.21428571428571427 0.48316532258064515 0.21414314228685485 0.48316532258064515 0.21357285429141717 0.48366935483870965 0.21343028229255775 0.4838709677419355 0.21285999429712005 0.4841733870967742 0.21271742229826063 0.4841733870967742 0.21214713430282292 0.4845766129032258 0.21186199030510408 0.4846774193548387 0.2114342743085258 0.48508064516129035 0.2114342743085258 0.48528225806451614 0.21086398631308811 0.48558467741935485 0.2107214143142287 0.48558467741935485 0.210151126318791 0.48608870967741935 0.21000855431993157 0.48629032258064514 0.20943826632449386 0.48659274193548385 0.20929569432563444 0.48659274193548385 0.20872540633019676 0.4869959677419355 0.2084402623324779 0.4870967741935484 0.20801254633589963 0.4875 0.20801254633589963 0.48770161290322583 0.20744225834046193 0.4880040322580645 0.2072996863416025 0.4880040322580645 0.2067293983461648 0.48850806451612905 0.20658682634730538 0.48870967741935484 0.2060165383518677 0.48901209677419355 0.20587396635300828 0.48901209677419355 0.20530367835757057 0.48951612903225805 0.20516110635871115 0.4897177419354839 0.20459081836327345 0.49002016129032255 0.20444824636441403 0.49002016129032255 0.20387795836897632 0.4904233870967742 0.20359281437125748 0.4905241935483871 0.20316509837467922 0.4909274193548387 0.20316509837467922 0.49112903225806454 0.2025948103792415 0.49143145161290325 0.2024522383803821 0.49143145161290325 0.2018819503849444 0.49193548387096775 0.20173937838608497 0.49213709677419354 0.2011690903906473 0.49243951612903225 0.20102651839178784 0.49243951612903225 0.20045623039635016 0.4928427419354839 0.20017108639863132 0.49294354838709675 0.19974337040205303 0.4933467741935484 0.19974337040205303 0.4935483870967742 0.19917308240661535 0.4938508064516129 0.1990305104077559 0.4938508064516129 0.19846022241231823 0.49435483870967745 0.1983176504134588 0.49455645161290324 0.1977473624180211 0.49485887096774195 0.19760479041916168 0.49485887096774195 0.19703450242372397 0.49536290322580645 0.19689193042486455 0.49556451612903224 0.19632164242942687 0.49586693548387095 0.19617907043056743 0.49586693548387095 0.19560878243512975 0.4962701612903226 0.19532363843741088 0.4963709677419355 0.19489592244083262 0.4967741935483871 0.19489592244083262 0.4969758064516129 0.1943256344453949 0.4972782258064516 0.1941830624465355 0.4972782258064516 0.1936127744510978 0.49778225806451615 0.1934702024522384 0.49798387096774194 0.1928999144568007 0.49828629032258065 0.19275734245794127 0.49828629032258065 0.19218705446250356 0.4986895161290323 0.19190191046478472 0.49879032258064515 0.19147419446820643 0.4991935483870968 0.19147419446820643 0.4993951612903226 0.19090390647276875 0.4996975806451613 0.19076133447390933 0.4996975806451613 0.19019104647847163 0.5002016129032258 0.1900484744796122 0.5004032258064516 0.1894781864841745 0.5007056451612903 0.18933561448531508 0.5007056451612903 0.1887653264898774 0.5012096774193548 0.18862275449101795 0.5014112903225807 0.18805246649558027 0.5017137096774194 0.18790989449672085 0.5017137096774194 0.18733960650128315 0.5021169354838709 0.1870544625035643 0.5022177419354839 0.18662674650698602 0.5026209677419354 0.18662674650698602 0.5028225806451613 0.18605645851154834 0.503125 0.18591388651268892 0.503125 0.1853435985172512 0.5036290322580645 0.1852010265183918 0.5038306451612903 0.18463073852295409 0.504133064516129 0.18448816652409467 0.504133064516129 0.18391787852865696 0.5045362903225806 0.18363273453093812 0.5046370967741935 0.18320501853435986 0.5050403225806451 0.18320501853435986 0.505241935483871 0.18263473053892215 0.5055443548387096 0.18249215854006273 0.5055443548387096 0.18192187054462503 0.5060483870967742 0.1817792985457656 0.50625 0.18120901055032793 0.5065524193548387 0.18106643855146848 0.5065524193548387 0.1804961505560308 0.5070564516129032 0.18035357855717138 0.507258064516129 0.17978329056173367 0.5075604838709677 0.17964071856287425 0.5075604838709677 0.17907043056743654 0.5079637096774193 0.1787852865697177 0.5080645161290323 0.17835757057313945 0.5084677419354838 0.17835757057313945 0.5086693548387097 0.17778728257770174 0.5820564516129032 0.17778728257770174 0.582258064516129 0.17835757057313945 0.5825604838709677 0.17850014257199887 0.5826612903225806 0.17892785856857713 0.5829637096774194 0.17907043056743654 0.5829637096774194 0.17964071856287425 0.5834677419354839 0.17978329056173367 0.5836693548387096 0.18035357855717138 0.5839717741935484 0.1804961505560308 0.5839717741935484 0.18106643855146848 0.5844758064516129 0.18120901055032793 0.5846774193548387 0.1817792985457656 0.5849798387096774 0.18192187054462503 0.5849798387096774 0.18249215854006273 0.5854838709677419 0.18263473053892215 0.5856854838709677 0.18320501853435986 0.5859879032258064 0.18334759053321928 0.5860887096774193 0.18377530652979754 0.5863911290322581 0.18391787852865696 0.5863911290322581 0.18448816652409467 0.5868951612903226 0.18463073852295409 0.5870967741935483 0.1852010265183918 0.5873991935483871 0.1853435985172512 0.5873991935483871 0.18591388651268892 0.5879032258064516 0.18605645851154834 0.5881048387096774 0.18662674650698602 0.5884072580645161 0.18676931850584544 0.588508064516129 0.18719703450242373 0.5888104838709678 0.18733960650128315 0.5888104838709678 0.18790989449672085 0.5893145161290323 0.18805246649558027 0.589516129032258 0.18862275449101795 0.5898185483870968 0.1887653264898774 0.5898185483870968 0.18933561448531508 0.5903225806451613 0.1894781864841745 0.5905241935483871 0.1900484744796122 0.5908266129032258 0.19019104647847163 0.5908266129032258 0.19076133447390933 0.5912298387096774 0.19104647847162817 0.5913306451612903 0.19147419446820643 0.5917338709677419 0.19147419446820643 0.5919354838709677 0.19204448246364414 0.5922379032258065 0.19218705446250356 0.5922379032258065 0.19275734245794127 0.592741935483871 0.1928999144568007 0.5929435483870967 0.1934702024522384 0.5932459677419355 0.1936127744510978 0.5932459677419355 0.1941830624465355 0.59375 0.1943256344453949 0.5939516129032258 0.19489592244083262 0.5942540322580645 0.19503849443969204 0.5943548387096774 0.19546621043627033 0.5946572580645161 0.19560878243512975 0.5946572580645161 0.19617907043056743 0.5951612903225807 0.19632164242942687 0.5953629032258064 0.19689193042486455 0.5956653225806452 0.19703450242372397 0.5956653225806452 0.19760479041916168 0.5961693548387097 0.1977473624180211 0.5963709677419354 0.1983176504134588 0.5966733870967742 0.19846022241231823 0.5966733870967742 0.1990305104077559 0.5970766129032258 0.19931565440547477 0.5971774193548387 0.19974337040205303 0.5975806451612903 0.19974337040205303 0.5977822580645161 0.20031365839749074 0.5980846774193549 0.20045623039635016 0.5980846774193549 0.20102651839178784 0.5985887096774194 0.2011690903906473 0.5987903225806451 0.20173937838608497 0.5990927419354839 0.2018819503849444 0.5990927419354839 0.2024522383803821 0.5995967741935484 0.2025948103792415 0.5997983870967742 0.20316509837467922 0.6001008064516129 0.20330767037353864 0.6002016129032258 0.2037353863701169 0.6005040322580645 0.20387795836897632 0.6005040322580645 0.20444824636441403 0.601008064516129 0.20459081836327345 0.6012096774193548 0.20516110635871115 0.6015120967741936 0.20530367835757057 0.6015120967741936 0.20587396635300828 0.6020161290322581 0.2060165383518677 0.6022177419354838 0.20658682634730538 0.6025201612903226 0.2067293983461648 0.6025201612903226 0.2072996863416025 0.6029233870967742 0.20758483033932135 0.6030241935483871 0.20801254633589963 0.6034274193548387 0.20801254633589963 0.6036290322580645 0.2085828343313373 0.6039314516129032 0.20872540633019676 0.6039314516129032 0.20929569432563444 0.6044354838709678 0.20943826632449386 0.6046370967741935 0.21000855431993157 0.6049395161290323 0.210151126318791 0.6049395161290323 0.2107214143142287 0.6054435483870968 0.21086398631308811 0.6056451612903225 0.2114342743085258 0.6059475806451613 0.21157684630738524 0.6060483870967742 0.2120045623039635 0.6063508064516129 0.21214713430282292 0.6063508064516129 0.21271742229826063 0.6068548387096774 0.21285999429712005 0.6070564516129032 0.21343028229255775 0.6073588709677419 0.21357285429141717 0.6073588709677419 0.21414314228685485 0.6078629032258065 0.21428571428571427 0.6080645161290322 0.21485600228115198 0.608366935483871 0.2149985742800114 0.6084677419354839 0.2154262902765897 0.6087701612903226 0.2155688622754491 0.6087701612903226 0.2161391502708868 0.6092741935483871 0.21628172226974623 0.6094758064516129 0.21685201026518391 0.6097782258064516 0.21699458226404333 0.6097782258064516 0.21756487025948104 0.682258064516129 0.21770744225834046 0.682358870967742 0.3213572854291417 0.6631048387096774 0.32149985742800113 0.6630040322580645 0.4345594525235244 0.6629032258064517 0.4347020245223838
0 0.961491935483871 0.5039920159680639 0.7181451612903226 0.5039920159680639 0.7180443548387097 0.43484459652124324 0.6824596774193549 0.4347020245223838 0.682358870967742 0.43398916452808667 0.6819556451612904 0.43370402053036783 0.6819556451612904 0.32164242942686055 0.682358870967742 0.3213572854291417 0.682358870967742 0.21785001425719988 0.961491935483871 0.21770744225834046 0.9615927419354838 0.5038494439692045 0.961491935483871 0.5039920159680639
0 0.4334677419354839 0.4221556886227545 0.3429435483870968 0.4221556886227545 0.34284274193548386 0.21927573424579413 0.4334677419354839 0.21913316224693472 0.4335685483870968 0.42201311662389507 0.4334677419354839 0.4221556886227545
0 0.3379032258064516 0.38565725691474195 0.24455645161290324 0.38565725691474195 0.2444556451612903 0.23011120615911035 0.3379032258064516 0.22996863416025093 0.3380040322580645 0.38551468491588253 0.3379032258064516 0.38565725691474195
0 0.22923387096774195 0.6702309666381523 0.05846774193548387 0.6702309666381523 0.058366935483870966 0.3128029654975763 0.22923387096774195 0.3126603934987168 0.22933467741935484 0.6700883946392928 0.22923387096774195 0.6702309666381523
0 0.3379032258064516 0.5039920159680639 0.24314516129032257 0.5039920159680639 0.24304435483870968 0.39264328485885375 0.3379032258064516 0.39250071285999427 0.3380040322580645 0.5038494439692045 0.3379032258064516 0.5039920159680639
0 0.785483870967742 0.6397205588822356 0.617741935483871 0.6397205588822356 0.6176411290322581 0.6392928428856572 0.6180443548387097 0.6390076988879384 0.6180443548387097 0.5041345879669233 0.3429435483870968 0.5039920159680639 0.34284274193548386 0.4291417165668663 0.6185483870967742 0.42899914456800686 0.6186491935483871 0.42971200456230396 0.6181451612903226 0.4298545765611634 0.6180443548387097 0.4414029084687767 0.7129032258064516 0.44154548046763614 0.7130040322580645 0.5109780439121756 0.785483870967742 0.5111206159110351 0.7855846774193549 0.6395779868833761 0.785483870967742 0.6397205588822356
0 0.682258064516129 0.4347020245223838 0.6819556451612904 0.4345594525235244 0.6819556451612904 0.43398916452808667 0.682258064516129 0.43384659252922725 0.682358870967742 0.4345594525235244 0.682258064516129 0.4347020245223838
0 0.38266129032258067 0.7398061020815512 0.24173387096774193 0.7398061020815512 0.24163306451612904 0.5112631879098944 0.38266129032258067 0.5111206159110351 0.38276209677419354 0.7396635300826918 0.38266129032258067 0.7398061020815512
0 0.6131048387096775 0.7398061020815512 0.3879032258064516 0.7398061020815512 0.3878024193548387 0.5112631879098944 0.6131048387096775 0.5111206159110351 0.6132056451612903 0.7396635300826918 0.6131048387096775 0.7398061020815512
0 0.961491935483871 0.7398061020815512 0.790725806451613 0.7398061020815512 0.790625 0.5112631879098944 0.961491935483871 0.5111206159110351 0.9615927419354838 0.7396635300826918 0.961491935483871 0.7398061020815512
0 0.6939516129032258 0.7398061020815512 0.617741935483871 0.7398061020815512 0.6176411290322581 0.6467065868263473 0.6939516129032258 0.6465640148274879 0.6940524193548387 0.7396635300826918 0.6939516129032258 0.7398061020815512
0 0.785483870967742 0.7398061020815512 0.698991935483871 0.7398061020815512 0.698891129032258 0.6467065868263473 0.785483870967742 0.6465640148274879 0.7855846774193549 0.7396635300826918 0.785483870967742 0.7398061020815512