0 0.2005813953488372 0.35518590998043054 0.04505813953488372 0.35518590998043054 0.04433139534883721 0.15851272015655576 0.2005813953488372 0.15753424657534246 0.20130813953488372 0.3542074363992172 0.2005813953488372 0.35518590998043054
0 0.2616279069767442 0.35518590998043054 0.2063953488372093 0.35518590998043054 0.2056686046511628 0.15851272015655576 0.2616279069767442 0.15753424657534246 0.2623546511627907 0.3542074363992172 0.2616279069767442 0.35518590998043054
0 0.3706395348837209 0.3512720156555773 0.2761627906976744 0.3512720156555773 0.2754360465116279 0.16829745596868884 0.3706395348837209 0.16731898238747553 0.37136627906976744 0.350293542074364 0.3706395348837209 0.3512720156555773
0 0.4433139534883721 0.4726027397260274 0.37790697674418605 0.4726027397260274 0.37718023255813954 0.16829745596868884 0.47819767441860467 0.16731898238747553 0.4789244186046512 0.4344422700587084 0.4738372093023256 0.44129158512720157 0.46656976744186046 0.449119373776908 0.45930232558139533 0.4569471624266145 0.45348837209302323 0.4628180039138943 0.44622093023255816 0.4706457925636008 0.4433139534883721 0.4726027397260274
0 0.6555232558139535 0.5058708414872799 0.44476744186046513 0.5058708414872799 0.4440406976744186 0.48140900195694714 0.45058139534883723 0.474559686888454 0.4563953488372093 0.46868884540117417 0.46511627906976744 0.4589041095890411 0.47093023255813954 0.45303326810176126 0.47819767441860467 0.4452054794520548 0.48473837209302323 0.4383561643835616 0.48473837209302323 0.16829745596868884 0.7645348837209303 0.16731898238747553 0.7652616279069767 0.4207436399217221 0.6569767441860465 0.4217221135029354 0.65625 0.5048923679060665 0.6555232558139535 0.5058708414872799
0 0.936046511627907 0.41389432485322897 0.7718023255813954 0.41389432485322897 0.7710755813953488 0.16829745596868884 0.936046511627907 0.16731898238747553 0.9367732558139535 0.41291585127201563 0.936046511627907 0.41389432485322897
0 0.3706395348837209 0.4726027397260274 0.2761627906976744 0.4726027397260274 0.2754360465116279 0.36007827788649704 0.3706395348837209 0.35909980430528377 0.37136627906976744 0.47162426614481406 0.3706395348837209 0.4726027397260274
0 0.2616279069767442 0.7720156555772995 0.040697674418604654 0.7720156555772995 0.03997093023255814 0.36203522504892366 0.2616279069767442 0.3610567514677104 0.2623546511627907 0.7710371819960861 0.2616279069767442 0.7720156555772995
0 0.7645348837209303 0.7544031311154599 0.6627906976744186 0.7544031311154599 0.6620639534883721 0.5088062622309197 0.6584302325581395 0.5078277886497065 0.657703488372093 0.7534246575342466 0.65625 0.7534246575342466 0.65625 0.4227005870841487 0.8459302325581395 0.4217221135029354 0.846656976744186 0.5166340508806262 0.7979651162790697 0.5176125244618396 0.7652616279069767 0.5616438356164384 0.7652616279069767 0.7534246575342466 0.7645348837209303 0.7544031311154599
0 0.936046511627907 0.5176125244618396 0.8517441860465116 0.5176125244618396 0.8510174418604651 0.4227005870841487 0.936046511627907 0.4217221135029354 0.9367732558139535 0.5166340508806262 0.936046511627907 0.5176125244618396
0 0.4375 0.7544031311154599 0.2761627906976744 0.7544031311154599 0.2754360465116279 0.48140900195694714 0.4375 0.48043052837573386 0.4382267441860465 0.7534246575342466 0.4375 0.7544031311154599
0 0.6555232558139535 0.7544031311154599 0.44476744186046513 0.7544031311154599 0.4440406976744186 0.5068493150684932 0.6555232558139535 0.5058708414872799 0.65625 0.7534246575342466 0.6555232558139535 0.7544031311154599
0 0.936046511627907 0.7544031311154599 0.7703488372093024 0.7544031311154599 0.7696220930232558 0.5655577299412916 0.7994186046511628 0.525440313111546 0.936046511627907 0.525440313111546 0.9367732558139535 0.7534246575342466 0.936046511627907 0.7544031311154599