0 0.2887096774193548 0.2807242657542059 0.23306451612903226 0.2807242657542059 0.23286290322580644 0.22355289421157684 0.23125 0.22241231822070145 0.2310483870967742 0.2219846022241232 0.2280241935483871 0.22013116623895068 0.22782258064516128 0.2197034502423724 0.22600806451612904 0.21870544625035643 0.2252016129032258 0.21785001425719988 0.2245967741935484 0.21713715426290275 0.2219758064516129 0.2155688622754491 0.2213709677419355 0.21485600228115198 0.2191532258064516 0.21357285429141717 0.2191532258064516 0.21300256629597947 0.21814516129032258 0.21228970630168234 0.21592741935483872 0.21100655831194753 0.21491935483870966 0.21000855431993157 0.2127016129032258 0.20872540633019676 0.2122983870967742 0.20815511833475905 0.21169354838709678 0.20744225834046193 0.2098790322580645 0.20644425434844596 0.20846774193548387 0.20516110635871115 0.20665322580645162 0.2041631023666952 0.20524193548387096 0.20287995437696035 0.11693548387096774 0.20287995437696035 0.11673387096774193 0.15283718277730254 0.2887096774193548 0.15269461077844312 0.28891129032258067 0.2805816937553465 0.2887096774193548 0.2807242657542059
0 0.5048387096774194 0.42899914456800686 0.38911290322580644 0.42899914456800686 0.38891129032258065 0.34673510122611917 0.38810483870967744 0.34644995722840033 0.38810483870967744 0.2703165098374679 0.3870967741935484 0.2701739378386085 0.3868951612903226 0.2671799258625606 0.294758064516129 0.26703735386370114 0.2945564516129032 0.15283718277730254 0.5274193548387097 0.15269461077844312 0.5276209677419355 0.26575420587396636 0.5056451612903226 0.2658967778728258 0.5054435483870968 0.2694610778443114 0.5050403225806451 0.26974622184203023 0.5050403225806451 0.42885657256914744 0.5048387096774194 0.42899914456800686
0 0.7060483870967742 0.2658967778728258 0.5334677419354839 0.2658967778728258 0.5332661290322581 0.15283718277730254 0.7060483870967742 0.15269461077844312 0.70625 0.26575420587396636 0.7060483870967742 0.2658967778728258
0 0.7862903225806451 0.30011405759908755 0.7133064516129032 0.30011405759908755 0.7131048387096774 0.15283718277730254 0.9080645161290323 0.15269461077844312 0.9082661290322581 0.2643284858853721 0.7866935483870968 0.26447105788423153 0.786491935483871 0.2999714856002281 0.7862903225806451 0.30011405759908755
0 0.22661290322580646 0.2807242657542059 0.11975806451612903 0.2807242657542059 0.11955645161290322 0.20958083832335328 0.2032258064516129 0.20943826632449386 0.2034274193548387 0.2067293983461648 0.20403225806451614 0.20658682634730538 0.20483870967741935 0.20744225834046193 0.20665322580645162 0.2084402623324779 0.20806451612903226 0.20972341032221273 0.2098790322580645 0.2107214143142287 0.21129032258064517 0.2120045623039635 0.21310483870967742 0.21300256629597947 0.21451612903225806 0.21428571428571427 0.2155241935483871 0.21471343028229256 0.21592741935483872 0.21528371827773024 0.21774193548387097 0.21685201026518391 0.2191532258064516 0.21756487025948104 0.22096774193548388 0.21913316224693472 0.22237903225806452 0.21984602224123181 0.22419354838709676 0.2214143142286855 0.22560483870967743 0.22212717422298262 0.22681451612903225 0.223267750213858 0.22681451612903225 0.2805816937553465 0.22661290322580646 0.2807242657542059
0 0.9080645161290323 0.34659252922725975 0.8064516129032258 0.34659252922725975 0.80625 0.3350441973196464 0.7931451612903225 0.334901625320787 0.7929435483870968 0.34644995722840033 0.7923387096774194 0.34659252922725975 0.7921370967741935 0.2686056458511548 0.9080645161290323 0.2684630738522954 0.9082661290322581 0.34644995722840033 0.9080645161290323 0.34659252922725975
0 0.7060483870967742 0.42899914456800686 0.505241935483871 0.42899914456800686 0.5050403225806451 0.26974622184203023 0.7060483870967742 0.2696036498431708 0.70625 0.42885657256914744 0.7060483870967742 0.42899914456800686
0 0.38548387096774195 0.42899914456800686 0.294758064516129 0.42899914456800686 0.2945564516129032 0.3059595095523239 0.3866935483870968 0.3058169375534645 0.3868951612903226 0.2703165098374679 0.3879032258064516 0.2701739378386085 0.38810483870967744 0.34644995722840033 0.3858870967741935 0.34659252922725975 0.38568548387096774 0.42885657256914744 0.38548387096774195 0.42899914456800686
0 0.38064516129032255 0.30182492158540064 0.294758064516129 0.30182492158540064 0.2945564516129032 0.2714570858283433 0.38064516129032255 0.2713145138294839 0.3808467741935484 0.3016823495865412 0.38064516129032255 0.30182492158540064
0 0.2887096774193548 0.42899914456800686 0.11693548387096774 0.42899914456800686 0.11673387096774193 0.313373253493014 0.12379032258064517 0.31323068149415456 0.12399193548387097 0.2834331337325349 0.1810483870967742 0.2832905617336755 0.18125 0.29597946963216426 0.22620967741935483 0.2961220416310237 0.22641129032258064 0.285143997718848 0.2887096774193548 0.2850014257199886 0.28891129032258067 0.42885657256914744 0.2887096774193548 0.42899914456800686
0 0.7862903225806451 0.34659252922725975 0.7133064516129032 0.34659252922725975 0.7131048387096774 0.30424864556601083 0.7862903225806451 0.3041060735671514 0.786491935483871 0.34644995722840033 0.7862903225806451 0.34659252922725975
0 0.9080645161290323 0.42899914456800686 0.7133064516129032 0.42899914456800686 0.7131048387096774 0.35072711719418304 0.9080645161290323 0.3505845451953236 0.9082661290322581 0.42885657256914744 0.9080645161290323 0.42899914456800686
0 0.5762096774193548 0.7406615340747077 0.12096774193548387 0.7406615340747077 0.12076612903225807 0.6093527231251782 0.5762096774193548 0.6092101511263188 0.5764112903225806 0.7405189620758483 0.5762096774193548 0.7406615340747077
0 0.9141129032258064 0.8815226689478186 0.5935483870967742 0.8815226689478186 0.5933467741935484 0.6093527231251782 0.9141129032258064 0.6092101511263188 0.9143145161290323 0.8813800969489592 0.9141129032258064 0.8815226689478186
0 0.5814516129032258 0.8983461648132307 0.09717741935483871 0.8983461648132307 0.0969758064516129 0.7524950099800399 0.5814516129032258 0.7523524379811805 0.5816532258064516 0.8982035928143712 0.5814516129032258 0.8983461648132307