0 0.9267734553775744 0.27061469265367316 0.7643020594965675 0.27061469265367316 0.7631578947368421 0.2691154422788606 0.7608695652173914 0.26761619190404795 0.7585812356979404 0.2661169415292354 0.7551487414187643 0.2631184407796102 0.7517162471395881 0.260119940029985 0.7494279176201373 0.25862068965517243 0.7471395881006865 0.2571214392803598 0.7437070938215103 0.25412293853073464 0.7414187643020596 0.25262368815592207 0.7379862700228833 0.24962518740629686 0.7345537757437071 0.24662668665667167 0.7322654462242563 0.24662668665667167 0.7316933638443935 0.10494752623688156 0.9267734553775744 0.10419790104947527 0.9273455377574371 0.2698650674662669 0.9267734553775744 0.27061469265367316
0 0.2482837528604119 0.7458770614692654 0.04462242562929062 0.7458770614692654 0.044050343249427915 0.25337331334332835 0.2482837528604119 0.25262368815592207 0.2488558352402746 0.7451274362818591 0.2482837528604119 0.7458770614692654
0 0.3901601830663616 0.46401799100449775 0.2585812356979405 0.46401799100449775 0.2580091533180778 0.25337331334332835 0.3901601830663616 0.25262368815592207 0.39073226544622425 0.46326836581709147 0.3901601830663616 0.46401799100449775
0 0.5183066361556065 0.46401799100449775 0.39702517162471396 0.46401799100449775 0.39645308924485123 0.25337331334332835 0.5297482837528604 0.25262368815592207 0.5303203661327232 0.4497751124437781 0.5251716247139588 0.45652173913043476 0.5183066361556065 0.46401799100449775
0 0.7963386727688787 0.525487256371814 0.5732265446224256 0.525487256371814 0.568649885583524 0.5194902548725637 0.5657894736842105 0.5172413793103449 0.5657894736842105 0.4707646176911544 0.5217391304347826 0.4700149925037481 0.5217391304347826 0.46851574212893554 0.5234553775743707 0.46776611694152925 0.5251716247139588 0.46401799100449775 0.5348970251716247 0.4527736131934033 0.5348970251716247 0.25337331334332835 0.7311212814645309 0.25262368815592207 0.7322654462242563 0.25412293853073464 0.7356979405034325 0.2571214392803598 0.7391304347826086 0.260119940029985 0.7414187643020596 0.2616191904047976 0.7437070938215103 0.2631184407796102 0.7471395881006865 0.2661169415292354 0.7494279176201373 0.26761619190404795 0.7517162471395881 0.2691154422788606 0.7551487414187643 0.27211394302848574 0.7574370709382151 0.27361319340329837 0.7597254004576659 0.27511244377811095 0.7631578947368421 0.27811094452773616 0.7648741418764302 0.27886056971514245 0.7648741418764302 0.44677661169415295 0.7763157894736842 0.4617691154422789 0.7883295194508009 0.4790104947526237 0.7963386727688787 0.4790104947526237 0.7969107551487414 0.5247376311844077 0.7963386727688787 0.525487256371814
0 0.8306636155606407 0.47301349325337333 0.7906178489702517 0.47301349325337333 0.784324942791762 0.46476761619190404 0.7751716247139588 0.4512743628185907 0.7745995423340961 0.4490254872563718 0.772883295194508 0.4482758620689655 0.7723112128146453 0.4460269865067466 0.7705949656750573 0.4452773613193403 0.7694508009153318 0.44227886056971516 0.7694508009153318 0.2773613193403298 0.851258581235698 0.2766116941529235 0.8518306636155606 0.3148425787106447 0.8558352402745996 0.315592203898051 0.8564073226544623 0.35082458770614694 0.8318077803203662 0.35157421289355323 0.8312356979405034 0.47226386806596704 0.8306636155606407 0.47301349325337333
0 0.9267734553775744 0.35157421289355323 0.8569794050343249 0.35157421289355323 0.8564073226544623 0.2773613193403298 0.9267734553775744 0.2766116941529235 0.9273455377574371 0.35082458770614694 0.9267734553775744 0.35157421289355323
0 0.9233409610983981 0.47301349325337333 0.8363844393592678 0.47301349325337333 0.835812356979405 0.3583208395802099 0.9233409610983981 0.3575712143928036 0.9239130434782609 0.47226386806596704 0.9233409610983981 0.47301349325337333
0 0.33752860411899316 0.5554722638680659 0.2585812356979405 0.5554722638680659 0.2580091533180778 0.4707646176911544 0.33752860411899316 0.4700149925037481 0.33810068649885583 0.5547226386806596 0.33752860411899316 0.5554722638680659
0 0.4954233409610984 0.6634182908545727 0.4107551487414188 0.6634182908545727 0.41018306636155605 0.6191904047976012 0.40903890160183065 0.6176911544227887 0.40789473684210525 0.6146926536731634 0.40560640732265446 0.6101949025487257 0.40331807780320367 0.6056971514242878 0.40331807780320367 0.6026986506746627 0.4010297482837529 0.5997001499250375 0.3987414187643021 0.5952023988005997 0.3975972540045767 0.5922038980509745 0.39645308924485123 0.5892053973013494 0.39416475972540044 0.5847076461769115 0.39302059496567504 0.5817091454272864 0.39073226544622425 0.5772113943028486 0.39073226544622425 0.5742128935532234 0.38844393592677345 0.5712143928035982 0.38615560640732266 0.5667166416791605 0.38501144164759726 0.5637181409295352 0.38386727688787187 0.56071964017991 0.38100686498855835 0.5554722638680659 0.34324942791762014 0.5554722638680659 0.3426773455377574 0.4707646176911544 0.5652173913043478 0.4700149925037481 0.5657894736842105 0.5187406296851574 0.5554919908466819 0.5322338830584707 0.5537757437070938 0.5359820089955023 0.5520594965675057 0.5367316341829086 0.551487414187643 0.5389805097451275 0.549771167048055 0.5397301349325337 0.5394736842105263 0.5547226386806596 0.5280320366132724 0.5712143928035982 0.5274599542334096 0.5734632683658171 0.5257437070938215 0.5742128935532234 0.5251716247139588 0.5764617691154422 0.5234553775743707 0.5772113943028486 0.5120137299771167 0.5937031484257871 0.5017162471395881 0.6086956521739131 0.5 0.6124437781109445 0.4982837528604119 0.6131934032983508 0.4977116704805492 0.6154422788605697 0.4959954233409611 0.616191904047976 0.4959954233409611 0.6626686656671664 0.4954233409610984 0.6634182908545727
0 0.9267734553775744 0.6079460269865068 0.8249427917620137 0.6079460269865068 0.8243707093821511 0.47976011994003 0.9267734553775744 0.4790104947526237 0.9273455377574371 0.6071964017991005 0.9267734553775744 0.6079460269865068
0 0.7631578947368421 0.7818590704647677 0.5308924485125858 0.7818590704647677 0.5017162471395881 0.7436281859070465 0.5017162471395881 0.6191904047976012 0.5062929061784897 0.6131934032983508 0.5188787185354691 0.5952023988005997 0.5194508009153318 0.5929535232383808 0.5211670480549199 0.5922038980509745 0.5217391304347826 0.5899550224887556 0.5234553775743707 0.5892053973013494 0.5280320366132724 0.5817091454272864 0.528604118993135 0.5794602698650675 0.5303203661327232 0.5787106446776612 0.5308924485125858 0.5764617691154422 0.532608695652174 0.5757121439280359 0.5451945080091534 0.5577211394302849 0.5612128146453089 0.5352323838080959 0.5663615560640732 0.5269865067466267 0.5709382151029748 0.5314842578710645 0.5726544622425629 0.5322338830584707 0.5732265446224256 0.5344827586206896 0.580091533180778 0.5419790104947526 0.5818077803203662 0.5427286356821589 0.5823798627002288 0.5449775112443778 0.5903890160183066 0.5539730134932533 0.5926773455377574 0.5539730134932533 0.5943935926773455 0.5517241379310345 0.5943935926773455 0.5487256371814093 0.5921052631578947 0.5472263868065967 0.5915331807780321 0.5449775112443778 0.585812356979405 0.5389805097451275 0.584096109839817 0.5382308845577212 0.5835240274599542 0.5359820089955023 0.5749427917620137 0.5262368815592204 0.7963386727688787 0.525487256371814 0.7969107551487414 0.5652173913043478 0.8192219679633868 0.5659670164917541 0.8197940503432495 0.6071964017991005 0.8157894736842105 0.6079460269865068 0.8146453089244852 0.6094452773613194 0.8112128146453089 0.6124437781109445 0.8089244851258581 0.6139430284857571 0.8043478260869565 0.618440779610195 0.8020594965675057 0.618440779610195 0.799771167048055 0.6214392803598201 0.7963386727688787 0.6244377811094453 0.7917620137299771 0.6289355322338831 0.7883295194508009 0.6319340329835083 0.7860411899313501 0.6334332833583208 0.7837528604118993 0.6349325337331334 0.7791762013729977 0.6394302848575713 0.7768878718535469 0.6409295352323838 0.7734553775743707 0.643928035982009 0.7700228832951945 0.6469265367316341 0.7665903890160183 0.6499250374812594 0.7637299771167048 0.6521739130434783 0.7637299771167048 0.7811094452773614 0.7631578947368421 0.7818590704647677
0 0.37757437070938216 0.7818590704647677 0.2585812356979405 0.7818590704647677 0.2580091533180778 0.5622188905547226 0.37871853546910755 0.5614692653673163 0.3815789473684211 0.5667166416791605 0.3815789473684211 0.5697151424287856 0.38386727688787187 0.5727136431784108 0.38615560640732266 0.5772113943028486 0.38729977116704806 0.5802098950524738 0.38844393592677345 0.5832083958020989 0.39073226544622425 0.5877061469265368 0.39187643020594964 0.5907046476761619 0.39416475972540044 0.5952023988005997 0.39530892448512583 0.5982008995502249 0.39645308924485123 0.6011994002998501 0.3975972540045767 0.6041979010494752 0.3987414187643021 0.6071964017991005 0.4010297482837529 0.6116941529235382 0.40331807780320367 0.616191904047976 0.40446224256292906 0.6191904047976012 0.40560640732265446 0.6221889055472264 0.40560640732265446 0.7436281859070465 0.38615560640732266 0.7691154422788605 0.37757437070938216 0.7818590704647677
0 0.9267734553775744 0.7818590704647677 0.7688787185354691 0.7818590704647677 0.7683066361556065 0.656671664167916 0.7700228832951945 0.6544227886056971 0.7745995423340961 0.6499250374812594 0.7780320366132724 0.6469265367316341 0.7814645308924485 0.643928035982009 0.7848970251716247 0.6409295352323838 0.7883295194508009 0.6379310344827587 0.7906178489702517 0.636431784107946 0.7951945080091534 0.6319340329835083 0.7974828375286042 0.6304347826086957 0.8009153318077803 0.6274362818590704 0.8043478260869565 0.6244377811094453 0.8077803203661327 0.6214392803598201 0.8112128146453089 0.618440779610195 0.8146453089244852 0.6154422788605697 0.816933638443936 0.6139430284857571 0.9267734553775744 0.6139430284857571 0.9273455377574371 0.7811094452773614 0.9267734553775744 0.7818590704647677
0 0.4954233409610984 0.7443778110944528 0.4107551487414188 0.7443778110944528 0.41018306636155605 0.6701649175412294 0.4954233409610984 0.6694152923538231 0.4959954233409611 0.7436281859070465 0.4954233409610984 0.7443778110944528