0 0.5349002849002849 0.21797631862217437 0.4444444444444444 0.21797631862217437 0.4440883190883191 0.09795479009687837 0.5349002849002849 0.09741657696447793 0.5352564102564102 0.21743810548977396 0.5349002849002849 0.21797631862217437
0 0.27350427350427353 0.5107642626480086 0.10897435897435898 0.5107642626480086 0.10861823361823361 0.232508073196986 0.27350427350427353 0.2319698600645856 0.27386039886039887 0.5102260495156081 0.27350427350427353 0.5107642626480086
0 0.5947293447293447 0.5107642626480086 0.4843304843304843 0.5107642626480086 0.483974358974359 0.232508073196986 0.7044159544159544 0.2319698600645856 0.7047720797720798 0.41227125941872983 0.5954415954415955 0.41280947255113026 0.5950854700854701 0.5102260495156081 0.5947293447293447 0.5107642626480086
0 0.9131054131054132 0.5107642626480086 0.7108262108262108 0.5107642626480086 0.7104700854700855 0.232508073196986 0.9131054131054132 0.2319698600645856 0.9134615384615384 0.5102260495156081 0.9131054131054132 0.5107642626480086
0 0.37962962962962965 0.41280947255113026 0.29985754985754987 0.41280947255113026 0.29950142450142453 0.3993541442411195 0.2792022792022792 0.39881593110871905 0.27884615384615385 0.23681377825618946 0.37962962962962965 0.23627556512378903 0.379985754985755 0.41227125941872983 0.37962962962962965 0.41280947255113026
0 0.47863247863247865 0.4666307857911733 0.3853276353276353 0.4666307857911733 0.38497150997151 0.24004305705059203 0.47863247863247865 0.2395048439181916 0.478988603988604 0.46609257265877285 0.47863247863247865 0.4666307857911733
0 0.4415954415954416 0.9316469321851453 0.27849002849002846 0.9316469321851453 0.2781339031339031 0.6555435952637244 0.22293447293447294 0.655005382131324 0.22257834757834757 0.5188374596340151 0.29914529914529914 0.5182992465016146 0.29950142450142453 0.4208826695371367 0.358974358974359 0.4203444564047363 0.3593304843304843 0.5177610333692142 0.36396011396011396 0.5182992465016146 0.3643162393162393 0.4747039827771798 0.47863247863247865 0.47416576964477936 0.478988603988604 0.5177610333692142 0.5035612535612536 0.5182992465016146 0.5039173789173789 0.6469321851453176 0.5046296296296297 0.6480086114101185 0.5046296296296297 0.8417653390742734 0.5028490028490028 0.8423035522066739 0.5021367521367521 0.8444564047362756 0.5010683760683761 0.844994617868676 0.5 0.8476856835306782 0.49893162393162394 0.8482238966630786 0.4985754985754986 0.8498385360602799 0.49750712250712253 0.8503767491926802 0.49715099715099714 0.8519913885898815 0.49537037037037035 0.8536060279870828 0.495014245014245 0.8552206673842842 0.4878917378917379 0.864908503767492 0.48682336182336183 0.8654467168998924 0.48361823361823364 0.871367061356297 0.47293447293447294 0.8864370290635092 0.4718660968660969 0.8869752421959096 0.47150997150997154 0.8885898815931109 0.4683048433048433 0.8923573735199138 0.46794871794871795 0.8939720129171151 0.4668803418803419 0.8945102260495156 0.46652421652421655 0.8961248654467169 0.46474358974358976 0.8977395048439182 0.46438746438746437 0.8993541442411195 0.4633190883190883 0.8998923573735199 0.46296296296296297 0.9015069967707212 0.46153846153846156 0.9015069967707212 0.46082621082621084 0.903659849300323 0.45975783475783477 0.9041980624327234 0.4586894586894587 0.9068891280947255 0.45762108262108264 0.907427341227126 0.45726495726495725 0.9090419806243273 0.4561965811965812 0.9095801937567277 0.4537037037037037 0.9144241119483315 0.45263532763532766 0.9149623250807319 0.45227920227920226 0.9165769644779332 0.4415954415954416 0.9316469321851453
0 0.7044159544159544 0.5107642626480086 0.6004273504273504 0.5107642626480086 0.6000712250712251 0.4208826695371367 0.7044159544159544 0.4203444564047363 0.7047720797720798 0.5102260495156081 0.7044159544159544 0.5107642626480086
0 0.21723646723646722 0.655005382131324 0.10897435897435898 0.655005382131324 0.10861823361823361 0.5188374596340151 0.21723646723646722 0.5182992465016146 0.2175925925925926 0.6544671689989235 0.21723646723646722 0.655005382131324
0 0.6246438746438746 0.7432723358449946 0.50997150997151 0.7432723358449946 0.5096153846153846 0.6480086114101185 0.5042735042735043 0.647470398277718 0.5039173789173789 0.5188374596340151 0.6851851851851852 0.5182992465016146 0.6855413105413105 0.635091496232508 0.6809116809116809 0.6356297093649085 0.6805555555555556 0.6652314316469322 0.6253561253561254 0.6657696447793326 0.625 0.7427341227125942 0.6246438746438746 0.7432723358449946
0 0.9131054131054132 0.9305705059203444 0.7464387464387464 0.9305705059203444 0.7264957264957265 0.9004305705059203 0.7240028490028491 0.8977395048439182 0.7236467236467237 0.8961248654467169 0.7204415954415955 0.8923573735199138 0.7200854700854701 0.8907427341227125 0.719017094017094 0.8902045209903121 0.7186609686609686 0.8885898815931109 0.7154558404558404 0.8848223896663079 0.7150997150997151 0.8832077502691066 0.7118945868945868 0.8794402583423035 0.7115384615384616 0.8778256189451022 0.7104700854700855 0.8772874058127018 0.7101139601139601 0.8756727664155005 0.7069088319088319 0.8719052744886975 0.7065527065527065 0.8702906350914962 0.7051282051282052 0.8702906350914962 0.7044159544159544 0.8681377825618946 0.7033475783475783 0.8675995694294941 0.7022792022792023 0.864908503767492 0.7012108262108262 0.8643702906350915 0.7008547008547008 0.8627556512378902 0.6997863247863247 0.8622174381054898 0.6994301994301995 0.8606027987082885 0.6983618233618234 0.860064585575888 0.6972934472934473 0.8573735199138859 0.6962250712250713 0.8568353067814855 0.6958689458689459 0.8552206673842842 0.6948005698005698 0.8546824542518837 0.6937321937321937 0.8519913885898815 0.6926638176638177 0.8514531754574811 0.6923076923076923 0.8498385360602799 0.6912393162393162 0.8493003229278795 0.6908831908831908 0.8476856835306782 0.6898148148148148 0.8471474703982778 0.6887464387464387 0.8444564047362756 0.6876780626780626 0.8439181916038752 0.6873219373219374 0.8423035522066739 0.6855413105413105 0.8406889128094726 0.6855413105413105 0.5188374596340151 0.9131054131054132 0.5182992465016146 0.9134615384615384 0.930032292787944 0.9131054131054132 0.9305705059203444
0 0.2727920227920228 0.9316469321851453 0.10897435897435898 0.9316469321851453 0.10861823361823361 0.6630785791173305 0.2727920227920228 0.66254036598493 0.27314814814814814 0.9311087190527448 0.2727920227920228 0.9316469321851453
0 0.6801994301994302 0.841227125941873 0.6303418803418803 0.841227125941873 0.6299857549857549 0.673842841765339 0.6801994301994302 0.6733046286329386 0.6805555555555556 0.8406889128094726 0.6801994301994302 0.841227125941873
0 0.6246438746438746 0.841227125941873 0.50997150997151 0.841227125941873 0.5096153846153846 0.751345532831001 0.6246438746438746 0.7508073196986006 0.625 0.8406889128094726 0.6246438746438746 0.841227125941873