0 0.24686940966010734 0.20062893081761007 0.044722719141323794 0.20062893081761007 0.04382826475849732 0.07169811320754717 0.24686940966010734 0.0710691823899371 0.24776386404293382 0.2 0.24686940966010734 0.20062893081761007
0 0.43112701252236135 0.18553459119496854 0.30590339892665475 0.18553459119496854 0.30500894454382826 0.1610062893081761 0.2558139534883721 0.16037735849056603 0.2549194991055456 0.07169811320754717 0.43112701252236135 0.0710691823899371 0.43202146690518783 0.18490566037735848 0.43112701252236135 0.18553459119496854
0 0.6654740608228981 0.20566037735849058 0.5098389982110912 0.20566037735849058 0.5089445438282647 0.11572327044025157 0.6654740608228981 0.11509433962264151 0.6663685152057245 0.2050314465408805 0.6654740608228981 0.20566037735849058
0 0.7173524150268337 0.2911949685534591 0.5778175313059034 0.2911949685534591 0.5769230769230769 0.28553459119496855 0.5098389982110912 0.2849056603773585 0.5089445438282647 0.2088050314465409 0.669051878354204 0.20817610062893083 0.6699463327370304 0.11572327044025157 0.7692307692307693 0.11509433962264151 0.7701252236135957 0.16352201257861634 0.7191413237924866 0.1641509433962264 0.7182468694096601 0.29056603773584905 0.7173524150268337 0.2911949685534591
0 0.9033989266547406 0.24213836477987422 0.7227191413237924 0.24213836477987422 0.721824686940966 0.19371069182389938 0.7728085867620751 0.19308176100628932 0.7737030411449016 0.11572327044025157 0.9033989266547406 0.11509433962264151 0.9042933810375671 0.24150943396226415 0.9033989266547406 0.24213836477987422
0 0.43112701252236135 0.279874213836478 0.2558139534883721 0.279874213836478 0.2549194991055456 0.189937106918239 0.43112701252236135 0.18930817610062894 0.43202146690518783 0.2792452830188679 0.43112701252236135 0.279874213836478
0 0.08407871198568873 0.2861635220125786 0.044722719141323794 0.2861635220125786 0.04382826475849732 0.2050314465408805 0.14311270125223613 0.20440251572327045 0.1440071556350626 0.23270440251572327 0.08586762075134168 0.23333333333333334 0.08497316636851521 0.28553459119496855 0.08407871198568873 0.2861635220125786
0 0.1806797853309481 0.3817610062893082 0.044722719141323794 0.3817610062893082 0.04382826475849732 0.28679245283018867 0.148479427549195 0.2861635220125786 0.14937388193202147 0.2050314465408805 0.24686940966010734 0.20440251572327045 0.24776386404293382 0.28553459119496855 0.18425760286225404 0.2861635220125786 0.18336314847942756 0.3433962264150943 0.1815742397137746 0.34465408805031444 0.1815742397137746 0.38113207547169814 0.1806797853309481 0.3817610062893082
0 0.14311270125223613 0.27861635220125786 0.09123434704830054 0.27861635220125786 0.09033989266547406 0.23773584905660378 0.14311270125223613 0.2371069182389937 0.1440071556350626 0.2779874213836478 0.14311270125223613 0.27861635220125786
0 0.7835420393559929 0.28867924528301886 0.7227191413237924 0.28867924528301886 0.721824686940966 0.24654088050314465 0.7835420393559929 0.2459119496855346 0.7844364937388193 0.2880503144654088 0.7835420393559929 0.28867924528301886
0 0.9033989266547406 0.28364779874213836 0.7942754919499105 0.28364779874213836 0.7933810375670841 0.2490566037735849 0.9033989266547406 0.24842767295597484 0.9042933810375671 0.2830188679245283 0.9033989266547406 0.28364779874213836
0 0.43112701252236135 0.42955974842767297 0.18783542039355994 0.42955974842767297 0.18694096601073346 0.34465408805031444 0.18336314847942756 0.3433962264150943 0.18336314847942756 0.28679245283018867 0.24686940966010734 0.2861635220125786 0.24865831842576028 0.28742138364779873 0.43112701252236135 0.28742138364779873 0.43202146690518783 0.4289308176100629 0.43112701252236135 0.42955974842767297
0 0.8389982110912343 0.4320754716981132 0.5778175313059034 0.4320754716981132 0.5769230769230769 0.2918238993710692 0.8389982110912343 0.2911949685534591 0.8398926654740608 0.43144654088050316 0.8389982110912343 0.4320754716981132
0 0.10912343470483005 0.42955974842767297 0.044722719141323794 0.42955974842767297 0.04382826475849732 0.3849056603773585 0.10912343470483005 0.38427672955974845 0.11001788908765653 0.4289308176100629 0.10912343470483005 0.42955974842767297
0 0.1806797853309481 0.42955974842767297 0.11627906976744186 0.42955974842767297 0.11538461538461539 0.3849056603773585 0.1806797853309481 0.38427672955974845 0.1815742397137746 0.4289308176100629 0.1806797853309481 0.42955974842767297
0 0.3828264758497317 0.6358490566037736 0.2772808586762075 0.6358490566037736 0.276386404293381 0.569811320754717 0.3828264758497317 0.5691823899371069 0.38372093023255816 0.6352201257861635 0.3828264758497317 0.6358490566037736
0 0.43828264758497315 0.7679245283018868 0.2772808586762075 0.7679245283018868 0.276386404293381 0.7044025157232704 0.3828264758497317 0.7037735849056603 0.38372093023255816 0.7320754716981132 0.3220035778175313 0.7327044025157232 0.3211091234347048 0.7358490566037735 0.3881932021466905 0.7364779874213836 0.389087656529517 0.569811320754717 0.43828264758497315 0.5691823899371069 0.43917710196779963 0.6553459119496855 0.47227191413237923 0.6559748427672956 0.4731663685152057 0.6792452830188679 0.4400715563506261 0.679874213836478 0.43917710196779963 0.7672955974842768 0.43828264758497315 0.7679245283018868
0 0.6493738819320215 0.679874213836478 0.5313059033989267 0.679874213836478 0.5304114490161002 0.6515723270440251 0.4472271914132379 0.6509433962264151 0.44633273703041143 0.569811320754717 0.6493738819320215 0.5691823899371069 0.6502683363148479 0.6792452830188679 0.6493738819320215 0.679874213836478
0 0.3828264758497317 0.6987421383647798 0.2772808586762075 0.6987421383647798 0.276386404293381 0.6415094339622641 0.3828264758497317 0.6408805031446541 0.38372093023255816 0.6981132075471698 0.3828264758497317 0.6987421383647798
0 0.4919499105545617 0.7679245283018868 0.4472271914132379 0.7679245283018868 0.44633273703041143 0.6855345911949685 0.4919499105545617 0.6849056603773584 0.4928443649373882 0.7672955974842768 0.4919499105545617 0.7679245283018868
0 0.5849731663685152 0.7679245283018868 0.4991055456171735 0.7679245283018868 0.49821109123434704 0.6855345911949685 0.5849731663685152 0.6849056603773584 0.5858676207513417 0.7672955974842768 0.5849731663685152 0.7679245283018868
0 0.6493738819320215 0.7679245283018868 0.592128801431127 0.7679245283018868 0.5912343470483006 0.6855345911949685 0.6493738819320215 0.6849056603773584 0.6502683363148479 0.7672955974842768 0.6493738819320215 0.7679245283018868
0 0.6547406082289803 0.9213836477987422 0.27549194991055453 0.9213836477987422 0.2745974955277281 0.7811320754716982 0.6547406082289803 0.7805031446540881 0.6556350626118068 0.9207547169811321 0.6547406082289803 0.9213836477987422