0 0.4013249651324965 0.4791329011345219 0.28277545327754533 0.4791329011345219 0.2824267782426778 0.47872771474878445 0.20397489539748953 0.47872771474878445 0.2038005578800558 0.39384116693679094 0.10529986052998605 0.3936385737439222 0.1051255230125523 0.2670178282009725 0.4013249651324965 0.2668152350081037 0.4014993026499303 0.47893030794165314 0.4013249651324965 0.4791329011345219
0 0.599023709902371 0.41713938411669366 0.45885634588563456 0.41713938411669366 0.45868200836820083 0.2670178282009725 0.599023709902371 0.2668152350081037 0.5991980474198048 0.41693679092382496 0.599023709902371 0.41713938411669366
0 0.7597629009762901 0.41713938411669366 0.6032078103207811 0.41713938411669366 0.6030334728033473 0.2670178282009725 0.7597629009762901 0.2668152350081037 0.7599372384937239 0.41693679092382496 0.7597629009762901 0.41713938411669366
0 0.20362622036262204 0.5557131280388979 0.10495118549511855 0.5557131280388979 0.1047768479776848 0.47893030794165314 0.1051255230125523 0.4785251215559157 0.1051255230125523 0.3978930307941653 0.13110181311018132 0.3976904376012966 0.13127615062761505 0.39384116693679094 0.20362622036262204 0.3936385737439222 0.2038005578800558 0.5555105348460292 0.20362622036262204 0.5557131280388979
0 0.5568340306834031 0.4791329011345219 0.4989539748953975 0.4791329011345219 0.4987796373779637 0.47649918962722854 0.4595536959553696 0.4762965964343598 0.4592050209205021 0.47589141004862234 0.45868200836820083 0.47568881685575365 0.45868200836820083 0.4213938411669368 0.5568340306834031 0.4211912479740681 0.5570083682008368 0.47893030794165314 0.5568340306834031 0.4791329011345219
0 0.6391213389121339 0.6420178282009724 0.5606694560669456 0.6420178282009724 0.5604951185495118 0.4213938411669368 0.6391213389121339 0.4211912479740681 0.6392956764295676 0.6418152350081038 0.6391213389121339 0.6420178282009724
0 0.702928870292887 0.478322528363047 0.6429567642956764 0.478322528363047 0.6427824267782427 0.4213938411669368 0.702928870292887 0.4211912479740681 0.7031032078103208 0.47811993517017826 0.702928870292887 0.478322528363047
0 0.7597629009762901 0.478322528363047 0.7067642956764296 0.478322528363047 0.7065899581589958 0.4213938411669368 0.7597629009762901 0.4211912479740681 0.7599372384937239 0.47811993517017826 0.7597629009762901 0.478322528363047
0 0.4585076708507671 0.48399513776337116 0.4583333333333333 0.4760940032414911 0.4592050209205021 0.47589141004862234 0.45937935843793587 0.48338735818476497 0.4585076708507671 0.48399513776337116
0 0.2824267782426778 0.6424230145867099 0.24442119944211996 0.6424230145867099 0.2442468619246862 0.5559157212317666 0.20397489539748953 0.5557131280388979 0.2038005578800558 0.47893030794165314 0.2824267782426778 0.47872771474878445 0.2826011157601116 0.6422204213938412 0.2824267782426778 0.6424230145867099
0 0.7597629009762901 0.6420178282009724 0.6670153417015342 0.6420178282009724 0.6668410041841004 0.6324959481361426 0.6429567642956764 0.6322933549432739 0.6427824267782427 0.48257698541329014 0.7597629009762901 0.4823743922204214 0.7599372384937239 0.6418152350081038 0.7597629009762901 0.6420178282009724
0 0.4013249651324965 0.6428282009724473 0.3521617852161785 0.6428282009724473 0.3519874476987448 0.5567260940032415 0.28626220362622035 0.5565235008103727 0.2860878661087866 0.4837925445705024 0.4013249651324965 0.4835899513776337 0.4014993026499303 0.6426256077795786 0.4013249651324965 0.6428282009724473
0 0.5568340306834031 0.6420178282009724 0.4585076708507671 0.6420178282009724 0.45868200836820083 0.4837925445705024 0.5568340306834031 0.4835899513776337 0.5570083682008368 0.6418152350081038 0.5568340306834031 0.6420178282009724
0 0.2402370990237099 0.6428282009724473 0.20292887029288703 0.6428282009724473 0.2025801952580195 0.6424230145867099 0.10425383542538354 0.6424230145867099 0.10425383542538354 0.6420178282009724 0.1047768479776848 0.6418152350081038 0.1047768479776848 0.5603727714748784 0.23744769874476987 0.5601701782820098 0.23762203626220363 0.6110210696920584 0.2402370990237099 0.611223662884927 0.24041143654114366 0.6426256077795786 0.2402370990237099 0.6428282009724473
0 0.34658298465829845 0.6379659643435981 0.28730822873082285 0.6379659643435981 0.2871338912133891 0.5615883306320908 0.34658298465829845 0.561385737439222 0.34675732217573224 0.6377633711507293 0.34658298465829845 0.6379659643435981
0 0.2824267782426778 0.7088735818476499 0.17433751743375175 0.7088735818476499 0.174163179916318 0.6470826580226904 0.2025801952580195 0.6468800648298217 0.20275453277545327 0.643030794165316 0.2402370990237099 0.6428282009724473 0.2405857740585774 0.6424230145867099 0.2824267782426778 0.6424230145867099 0.2826011157601116 0.7086709886547812 0.2824267782426778 0.7088735818476499
0 0.3382147838214784 0.7773500810372771 0.2918410041841004 0.7773500810372771 0.2916666666666667 0.6539708265802269 0.3382147838214784 0.6537682333873582 0.33838912133891214 0.7771474878444085 0.3382147838214784 0.7773500810372771
0 0.2280334728033473 0.7732982171799028 0.17433751743375175 0.7732982171799028 0.174163179916318 0.7135332252836305 0.2280334728033473 0.7133306320907618 0.22820781032078102 0.773095623987034 0.2280334728033473 0.7732982171799028
0 0.2824267782426778 0.7732982171799028 0.23221757322175732 0.7732982171799028 0.23204323570432356 0.7135332252836305 0.2824267782426778 0.7133306320907618 0.2826011157601116 0.773095623987034 0.2824267782426778 0.7732982171799028