0 0.21825962910128388 0.41292134831460675 0.07417974322396577 0.41292134831460675 0.07346647646219687 0.19850187265917604 0.21825962910128388 0.19756554307116106 0.21897289586305277 0.41198501872659177 0.21825962910128388 0.41292134831460675
0 0.3594864479315264 0.41292134831460675 0.2268188302425107 0.41292134831460675 0.2261055634807418 0.19850187265917604 0.3594864479315264 0.19756554307116106 0.3601997146932953 0.41198501872659177 0.3594864479315264 0.41292134831460675
0 0.4607703281027104 0.6357677902621723 0.3680456490727532 0.6357677902621723 0.3673323823109843 0.19850187265917604 0.5649072753209701 0.19756554307116106 0.5656205420827389 0.4850187265917603 0.46219686162624823 0.4859550561797753 0.4614835948644793 0.6348314606741573 0.4607703281027104 0.6357677902621723
0 0.6562054208273894 0.300561797752809 0.5763195435092725 0.300561797752809 0.5756062767475035 0.19850187265917604 0.6562054208273894 0.19756554307116106 0.6569186875891584 0.299625468164794 0.6562054208273894 0.300561797752809
0 0.6562054208273894 0.4859550561797753 0.5734664764621968 0.4859550561797753 0.572753209700428 0.31086142322097376 0.6562054208273894 0.3099250936329588 0.6569186875891584 0.4850187265917603 0.6562054208273894 0.4859550561797753
0 0.21825962910128388 0.6357677902621723 0.07417974322396577 0.6357677902621723 0.07346647646219687 0.42134831460674155 0.17118402282453637 0.4204119850187266 0.1718972895863053 0.47752808988764045 0.21825962910128388 0.47846441947565543 0.21897289586305277 0.6348314606741573 0.21825962910128388 0.6357677902621723
0 0.3594864479315264 0.5702247191011236 0.2268188302425107 0.5702247191011236 0.2261055634807418 0.47191011235955055 0.1783166904422254 0.47097378277153557 0.17760342368045648 0.42134831460674155 0.3666191155492154 0.4204119850187266 0.3673323823109843 0.49063670411985016 0.3609129814550642 0.49157303370786515 0.3601997146932953 0.5692883895131086 0.3594864479315264 0.5702247191011236
0 0.6562054208273894 0.6357677902621723 0.46219686162624823 0.6357677902621723 0.4614835948644793 0.4868913857677903 0.4629101283880171 0.4868913857677903 0.4629101283880171 0.49250936329588013 0.6562054208273894 0.4934456928838951 0.6569186875891584 0.6348314606741573 0.6562054208273894 0.6357677902621723
0 0.8972895863052782 0.6320224719101124 0.7860199714693296 0.6320224719101124 0.7853067047075606 0.5730337078651685 0.8972895863052782 0.5720973782771536 0.8980028530670471 0.6310861423220974 0.8972895863052782 0.6320224719101124
0 0.2838801711840228 0.6357677902621723 0.2268188302425107 0.6357677902621723 0.2261055634807418 0.5805243445692884 0.2838801711840228 0.5795880149812734 0.2845934379457917 0.6348314606741573 0.2838801711840228 0.6357677902621723
0 0.3594864479315264 0.6357677902621723 0.289586305278174 0.6357677902621723 0.2888730385164051 0.5805243445692884 0.3594864479315264 0.5795880149812734 0.3601997146932953 0.6348314606741573 0.3594864479315264 0.6357677902621723
0 0.8972895863052782 0.8099250936329588 0.7860199714693296 0.8099250936329588 0.7853067047075606 0.6423220973782772 0.8972895863052782 0.6413857677902621 0.8980028530670471 0.8089887640449438 0.8972895863052782 0.8099250936329588
0 0.9643366619115549 0.8099250936329588 0.9044222539229672 0.8099250936329588 0.9037089871611983 0.6423220973782772 0.9643366619115549 0.6413857677902621 0.9650499286733238 0.8089887640449438 0.9643366619115549 0.8099250936329588
0 0.7788873038516405 0.9934456928838952 0.6619115549215406 0.9934456928838952 0.6611982881597718 0.6928838951310862 0.7788873038516405 0.6919475655430711 0.7796005706134094 0.9925093632958801 0.7788873038516405 0.9934456928838952
0 0.8972895863052782 0.9859550561797753 0.7860199714693296 0.9859550561797753 0.7853067047075606 0.8183520599250936 0.8972895863052782 0.8174157303370787 0.8980028530670471 0.9850187265917603 0.8972895863052782 0.9859550561797753
0 0.9643366619115549 0.9747191011235955 0.9044222539229672 0.9747191011235955 0.9037089871611983 0.8183520599250936 0.9643366619115549 0.8174157303370787 0.9650499286733238 0.9737827715355806 0.9643366619115549 0.9747191011235955