0 0.6122448979591837 0.580906148867314 0.5493197278911565 0.580906148867314 0.5488945578231292 0.5521035598705502 0.5467687074829932 0.551779935275081 0.546343537414966 0.5805825242718446 0.42772108843537415 0.580906148867314 0.4272959183673469 0.39935275080906146 0.6122448979591837 0.3990291262135922 0.6126700680272109 0.5805825242718446 0.6122448979591837 0.580906148867314
0 0.8664965986394558 0.580906148867314 0.6173469387755102 0.580906148867314 0.6169217687074829 0.39935275080906146 0.8664965986394558 0.3990291262135922 0.8669217687074829 0.5805825242718446 0.8664965986394558 0.580906148867314
0 0.5493197278911565 0.6436893203883495 0.42772108843537415 0.6436893203883495 0.4272959183673469 0.5844660194174758 0.5493197278911565 0.5841423948220065 0.5497448979591837 0.6433656957928803 0.5493197278911565 0.6436893203883495
0 0.7168367346938775 0.7692556634304207 0.6122448979591837 0.7692556634304207 0.6118197278911565 0.6440129449838188 0.5561224489795918 0.6436893203883495 0.5556972789115646 0.5844660194174758 0.7168367346938775 0.5841423948220065 0.7172619047619048 0.7689320388349514 0.7168367346938775 0.7692556634304207
0 0.8273809523809523 0.6928802588996764 0.7610544217687075 0.6928802588996764 0.7606292517006803 0.6880258899676376 0.7227891156462585 0.6877022653721683 0.7223639455782312 0.5844660194174758 0.8664965986394558 0.5841423948220065 0.8669217687074829 0.6873786407766991 0.8282312925170068 0.6877022653721683 0.8278061224489796 0.6925566343042071 0.8273809523809523 0.6928802588996764
0 0.5348639455782312 0.7233009708737864 0.42772108843537415 0.7233009708737864 0.4272959183673469 0.6491909385113268 0.5348639455782312 0.6488673139158576 0.5352891156462585 0.7229773462783171 0.5348639455782312 0.7233009708737864
0 0.6037414965986394 0.7233009708737864 0.5425170068027211 0.7233009708737864 0.5420918367346939 0.6491909385113268 0.6037414965986394 0.6488673139158576 0.6041666666666666 0.7229773462783171 0.6037414965986394 0.7233009708737864
0 0.8664965986394558 0.8022653721682848 0.7227891156462585 0.8022653721682848 0.7223639455782312 0.6925566343042071 0.7602040816326531 0.6922330097087379 0.7610544217687075 0.6928802588996764 0.8273809523809523 0.6928802588996764 0.8282312925170068 0.6922330097087379 0.8664965986394558 0.6922330097087379 0.8669217687074829 0.8019417475728156 0.8664965986394558 0.8022653721682848
0 0.6037414965986394 0.8022653721682848 0.42772108843537415 0.8022653721682848 0.4272959183673469 0.7281553398058253 0.6037414965986394 0.727831715210356 0.6041666666666666 0.8019417475728156 0.6037414965986394 0.8022653721682848
0 0.7168367346938775 0.8022653721682848 0.6122448979591837 0.8022653721682848 0.6118197278911565 0.7741100323624596 0.7168367346938775 0.7737864077669903 0.7172619047619048 0.8019417475728156 0.7168367346938775 0.8022653721682848
0 0.564625850340136 0.9220064724919094 0.4217687074829932 0.9220064724919094 0.421343537414966 0.8135922330097087 0.564625850340136 0.8132686084142395 0.5650510204081632 0.9216828478964402 0.564625850340136 0.9220064724919094