0 0.34829721362229105 0.6056803170409512 0.10294117647058823 0.6056803170409512 0.10255417956656347 0.17040951122853368 0.27012383900928794 0.16974900924702774 0.2705108359133127 0.43064729194187584 0.34829721362229105 0.43130779392338175 0.34868421052631576 0.6050198150594451 0.34829721362229105 0.6056803170409512
0 0.34829721362229105 0.4233817701453104 0.2755417956656347 0.4233817701453104 0.2751547987616099 0.17040951122853368 0.34829721362229105 0.16974900924702774 0.34868421052631576 0.4227212681638045 0.34829721362229105 0.4233817701453104
0 0.5092879256965944 0.45772787318361957 0.45278637770897834 0.45772787318361957 0.45239938080495357 0.3751651254953765 0.35990712074303405 0.37450462351387054 0.3595201238390093 0.2813738441215324 0.4373065015479876 0.2807133421400264 0.4376934984520124 0.17040951122853368 0.5092879256965944 0.16974900924702774 0.5096749226006192 0.4570673712021136 0.5092879256965944 0.45772787318361957
0 0.43034055727554177 0.2714663143989432 0.35990712074303405 0.2714663143989432 0.3595201238390093 0.17437252311756934 0.43034055727554177 0.1737120211360634 0.43072755417956654 0.27080581241743723 0.43034055727554177 0.2714663143989432
0 0.815015479876161 0.6836195508586526 0.5092879256965944 0.6836195508586526 0.5089009287925697 0.5904887714663144 0.5170278637770898 0.5898282694848085 0.5174148606811145 0.4821664464993395 0.5139318885448917 0.4815059445178336 0.5135448916408669 0.3474240422721268 0.81656346749226 0.3467635402906209 0.8169504643962848 0.6036988110964333 0.8154024767801857 0.6050198150594451 0.8154024767801857 0.6829590488771466 0.815015479876161 0.6836195508586526
0 0.9001547987616099 0.6043593130779392 0.8173374613003096 0.6043593130779392 0.8169504643962848 0.3474240422721268 0.9001547987616099 0.3467635402906209 0.9005417956656346 0.6036988110964333 0.9001547987616099 0.6043593130779392
0 0.4473684210526316 0.583223249669749 0.35990712074303405 0.583223249669749 0.3595201238390093 0.38309114927344784 0.4473684210526316 0.38243064729194187 0.44775541795665635 0.582562747688243 0.4473684210526316 0.583223249669749
0 0.5092879256965944 0.583223249669749 0.45278637770897834 0.583223249669749 0.45239938080495357 0.46499339498018494 0.5092879256965944 0.46433289299867897 0.5096749226006192 0.582562747688243 0.5092879256965944 0.583223249669749
0 0.4628482972136223 0.7470277410832232 0.3591331269349845 0.7470277410832232 0.35874613003095973 0.6050198150594451 0.3595201238390093 0.6036988110964333 0.3595201238390093 0.5904887714663144 0.5085139318885449 0.5898282694848085 0.5089009287925697 0.6829590488771466 0.46362229102167185 0.6836195508586526 0.4632352941176471 0.7463672391017173 0.4628482972136223 0.7470277410832232
0 0.9001547987616099 0.6836195508586526 0.8196594427244582 0.6836195508586526 0.8192724458204335 0.6103038309114928 0.9001547987616099 0.6096433289299867 0.9005417956656346 0.6829590488771466 0.9001547987616099 0.6836195508586526
0 0.5619195046439629 0.8976221928665786 0.4674922600619195 0.8976221928665786 0.46710526315789475 0.6908850726552179 0.5619195046439629 0.690224570673712 0.5623065015479877 0.8969616908850726 0.5619195046439629 0.8976221928665786
0 0.6609907120743034 0.8976221928665786 0.5673374613003096 0.8976221928665786 0.5669504643962848 0.6908850726552179 0.6609907120743034 0.690224570673712 0.6613777089783281 0.8969616908850726 0.6609907120743034 0.8976221928665786
0 0.760061919504644 0.8976221928665786 0.6664086687306502 0.8976221928665786 0.6660216718266254 0.6908850726552179 0.760061919504644 0.690224570673712 0.7604489164086687 0.8969616908850726 0.760061919504644 0.8976221928665786
0 0.9001547987616099 0.8976221928665786 0.7647058823529411 0.8976221928665786 0.7643188854489165 0.6908850726552179 0.9001547987616099 0.690224570673712 0.9005417956656346 0.8969616908850726 0.9001547987616099 0.8976221928665786