0 0.7830940988835726 0.43692022263450836 0.4960127591706539 0.43692022263450836 0.49521531100478466 0.3320964749536178 0.4984051036682616 0.3302411873840445 0.4984051036682616 0.3246753246753247 0.49521531100478466 0.3228200371057514 0.49521531100478466 0.10204081632653061 0.6953748006379585 0.10111317254174397 0.6961722488038278 0.2782931354359926 0.7830940988835726 0.2792207792207792 0.7838915470494418 0.4359925788497217 0.7830940988835726 0.43692022263450836
0 0.48963317384370014 0.323747680890538 0.19138755980861244 0.323747680890538 0.19059011164274323 0.14656771799628943 0.48963317384370014 0.1456400742115028 0.4904306220095694 0.3228200371057514 0.48963317384370014 0.323747680890538
0 0.22488038277511962 0.3608534322820037 0.19138755980861244 0.3608534322820037 0.19059011164274323 0.3320964749536178 0.22488038277511962 0.33116883116883117 0.22567783094098884 0.35992578849721707 0.22488038277511962 0.3608534322820037
0 0.25996810207336524 0.3608534322820037 0.22966507177033493 0.3608534322820037 0.22886762360446572 0.3320964749536178 0.25996810207336524 0.33116883116883117 0.2607655502392344 0.35992578849721707 0.25996810207336524 0.3608534322820037
0 0.31100478468899523 0.3608534322820037 0.266347687400319 0.3608534322820037 0.26555023923444976 0.3320964749536178 0.31100478468899523 0.33116883116883117 0.3118022328548644 0.35992578849721707 0.31100478468899523 0.3608534322820037
0 0.3492822966507177 0.3608534322820037 0.3157894736842105 0.3608534322820037 0.3149920255183413 0.3320964749536178 0.3492822966507177 0.33116883116883117 0.35007974481658694 0.35992578849721707 0.3492822966507177 0.3608534322820037
0 0.38596491228070173 0.3608534322820037 0.35566188197767146 0.3608534322820037 0.3548644338118022 0.3320964749536178 0.38596491228070173 0.33116883116883117 0.386762360446571 0.35992578849721707 0.38596491228070173 0.3608534322820037
0 0.4768740031897927 0.43692022263450836 0.39712918660287083 0.43692022263450836 0.3963317384370016 0.3320964749536178 0.48963317384370014 0.33116883116883117 0.4904306220095694 0.424860853432282 0.4784688995215311 0.42578849721706863 0.47767145135566186 0.4359925788497217 0.4768740031897927 0.43692022263450836
0 0.38596491228070173 0.5074211502782932 0.19138755980861244 0.5074211502782932 0.19059011164274323 0.3673469387755102 0.38596491228070173 0.36641929499072357 0.386762360446571 0.5064935064935064 0.38596491228070173 0.5074211502782932
0 0.5869218500797448 0.7263450834879406 0.5023923444976076 0.7263450834879406 0.5015948963317385 0.5083487940630798 0.39712918660287083 0.5074211502782932 0.3963317384370016 0.44341372912801486 0.48963317384370014 0.4424860853432282 0.49122807017543857 0.44434137291280146 0.4944178628389155 0.44434137291280146 0.4960127591706539 0.4424860853432282 0.5869218500797448 0.4424860853432282 0.5877192982456141 0.725417439703154 0.5869218500797448 0.7263450834879406
0 0.7830940988835726 0.6001855287569573 0.6682615629984051 0.6001855287569573 0.6674641148325359 0.5602968460111317 0.5933014354066986 0.5593692022263451 0.5925039872408293 0.44341372912801486 0.7464114832535885 0.4424860853432282 0.7472089314194578 0.4712430426716141 0.7830940988835726 0.47217068645640076 0.7838915470494418 0.5992578849721707 0.7830940988835726 0.6001855287569573
0 0.7830940988835726 0.46660482374768086 0.7527910685805422 0.46660482374768086 0.751993620414673 0.44341372912801486 0.7830940988835726 0.4424860853432282 0.7838915470494418 0.46567717996289426 0.7830940988835726 0.46660482374768086
0 0.6236044657097288 0.6001855287569573 0.5933014354066986 0.6001855287569573 0.5925039872408293 0.5677179962894249 0.6236044657097288 0.5667903525046383 0.6244019138755981 0.5992578849721707 0.6236044657097288 0.6001855287569573
0 0.6602870813397129 0.5853432282003711 0.6299840510366826 0.5853432282003711 0.6291866028708134 0.5677179962894249 0.6602870813397129 0.5667903525046383 0.6610845295055822 0.5844155844155844 0.6602870813397129 0.5853432282003711
0 0.7830940988835726 0.7504638218923934 0.5933014354066986 0.7504638218923934 0.5925039872408293 0.608534322820037 0.7830940988835726 0.6076066790352505 0.7838915470494418 0.7495361781076066 0.7830940988835726 0.7504638218923934