0 0.9076190476190477 0.8752519145505845 0.8495238095238096 0.8752519145505845 0.8494047619047619 0.6735187424425635 0.8489285714285715 0.6731156791616284 0.8489285714285715 0.4788391777509069 0.848452380952381 0.4784361144699718 0.848452380952381 0.2837565497783152 0.8482142857142857 0.28335348649738007 0.8482142857142857 0.27488915759774285 0.9076190476190477 0.2746876259572753 0.9077380952380952 0.8750503829101169 0.9076190476190477 0.8752519145505845
0 0.1854761904761905 0.8675937122128174 0.07714285714285714 0.8675937122128174 0.07702380952380952 0.2825473599355099 0.30428571428571427 0.28234582829504234 0.3044047619047619 0.6352277307537283 0.18571428571428572 0.6354292623941958 0.1855952380952381 0.8673921805723499 0.1854761904761905 0.8675937122128174
0 0.41833333333333333 0.3996372430471584 0.3080952380952381 0.3996372430471584 0.30797619047619046 0.2825473599355099 0.41833333333333333 0.28234582829504234 0.41845238095238096 0.3994357114066909 0.41833333333333333 0.3996372430471584
0 0.8445238095238096 0.8683998387746876 0.6202380952380953 0.8683998387746876 0.6201190476190476 0.638049173720274 0.5602380952380952 0.6378476420798065 0.5601190476190476 0.282950423216445 0.8433333333333334 0.28274889157597743 0.843452380952381 0.47762998790810157 0.8436904761904762 0.47803305118903666 0.8436904761904762 0.6727126158806933 0.8441666666666666 0.6731156791616284 0.8441666666666666 0.8673921805723499 0.8446428571428571 0.867795243853285 0.8445238095238096 0.8683998387746876
0 0.41309523809523807 0.4729947601773478 0.3080952380952381 0.4729947601773478 0.30797619047619046 0.40588472390165253 0.41309523809523807 0.405683192261185 0.4132142857142857 0.4727932285368803 0.41309523809523807 0.4729947601773478
0 0.41833333333333333 0.5914953647722693 0.3080952380952381 0.5914953647722693 0.30797619047619046 0.479242241031842 0.41833333333333333 0.47904070939137444 0.41845238095238096 0.5912938331318017 0.41833333333333333 0.5914953647722693
0 0.41833333333333333 0.6721080209592906 0.3080952380952381 0.6721080209592906 0.30797619047619046 0.6271664651350262 0.3414285714285714 0.6269649334945586 0.34154761904761904 0.5993550987505039 0.41833333333333333 0.5991535671100363 0.41845238095238096 0.671906489318823 0.41833333333333333 0.6721080209592906
0 0.30428571428571427 0.7853688029020556 0.18571428571428572 0.7853688029020556 0.1855952380952381 0.6356307940346635 0.30428571428571427 0.6354292623941958 0.30428571428571427 0.635832325675131 0.25142857142857145 0.635832325675131 0.2513095238095238 0.6835953244659412 0.25476190476190474 0.6837968561064087 0.2548809523809524 0.6428859330914953 0.30428571428571427 0.6426844014510278 0.3044047619047619 0.785167271261588 0.30428571428571427 0.7853688029020556
0 0.6145238095238095 0.8760580411124547 0.5566666666666666 0.8760580411124547 0.5565476190476191 0.6477226924627166 0.6145238095238095 0.6475211608222491 0.6146428571428572 0.8758565094719871 0.6145238095238095 0.8760580411124547
0 0.41833333333333333 0.8675937122128174 0.3080952380952381 0.8675937122128174 0.30797619047619046 0.6799677549375251 0.41833333333333333 0.6797662232970576 0.41845238095238096 0.8673921805723499 0.41833333333333333 0.8675937122128174
0 0.24714285714285714 0.8675937122128174 0.1895238095238095 0.8675937122128174 0.1894047619047619 0.7916162837565498 0.24714285714285714 0.7914147521160823 0.24726190476190477 0.8673921805723499 0.24714285714285714 0.8675937122128174
0 0.30428571428571427 0.8675937122128174 0.2509523809523809 0.8675937122128174 0.25083333333333335 0.7916162837565498 0.30428571428571427 0.7914147521160823 0.3044047619047619 0.8673921805723499 0.30428571428571427 0.8675937122128174