0 0.4307692307692308 0.2245696400625978 0.2205128205128205 0.2245696400625978 0.21965811965811965 0.04538341158059468 0.4307692307692308 0.04460093896713615 0.43162393162393164 0.2237871674491393 0.4307692307692308 0.2245696400625978
0 0.6153846153846154 0.2949921752738654 0.4393162393162393 0.2949921752738654 0.43846153846153846 0.04538341158059468 0.6153846153846154 0.04460093896713615 0.6162393162393163 0.2942097026604069 0.6153846153846154 0.2949921752738654
0 0.7230769230769231 0.1807511737089202 0.6256410256410256 0.1807511737089202 0.6247863247863248 0.04538341158059468 0.7230769230769231 0.04460093896713615 0.7239316239316239 0.17996870109546165 0.7230769230769231 0.1807511737089202
0 0.8512820512820513 0.2949921752738654 0.7333333333333333 0.2949921752738654 0.7324786324786324 0.04538341158059468 0.8512820512820513 0.04460093896713615 0.8521367521367521 0.2942097026604069 0.8512820512820513 0.2949921752738654
0 0.7230769230769231 0.2949921752738654 0.6256410256410256 0.2949921752738654 0.6247863247863248 0.18935837245696402 0.7230769230769231 0.18857589984350548 0.7239316239316239 0.2942097026604069 0.7230769230769231 0.2949921752738654
0 0.4324786324786325 0.5500782472613458 0.2205128205128205 0.5500782472613458 0.21965811965811965 0.23161189358372458 0.4307692307692308 0.23082942097026604 0.43162393162393164 0.49608763693270735 0.43333333333333335 0.49765258215962443 0.43333333333333335 0.5492957746478874 0.4324786324786325 0.5500782472613458
0 0.4324786324786325 0.4968701095461659 0.43162393162393164 0.30359937402190923 0.5948717948717949 0.3028169014084507 0.5957264957264957 0.3442879499217527 0.6153846153846154 0.34507042253521125 0.6162393162393163 0.460093896713615 0.46495726495726497 0.46087636932707354 0.4641025641025641 0.4945226917057903 0.4341880341880342 0.4953051643192488 0.4324786324786325 0.4968701095461659
0 0.8512820512820513 0.5579029733959311 0.6256410256410256 0.5579029733959311 0.6247863247863248 0.3458528951486698 0.6461538461538462 0.34507042253521125 0.647008547008547 0.30672926447574334 0.8512820512820513 0.3059467918622848 0.8521367521367521 0.5571205007824727 0.8512820512820513 0.5579029733959311
0 0.6153846153846154 0.6189358372456965 0.4341880341880342 0.6189358372456965 0.43333333333333335 0.49608763693270735 0.4666666666666667 0.4953051643192488 0.4675213675213675 0.46635367762128327 0.6153846153846154 0.46557120500782473 0.6162393162393163 0.6181533646322379 0.6153846153846154 0.6189358372456965
0 0.4239316239316239 0.7097026604068858 0.2205128205128205 0.7097026604068858 0.21965811965811965 0.5586854460093896 0.4239316239316239 0.5579029733959311 0.4247863247863248 0.7089201877934272 0.4239316239316239 0.7097026604068858
0 0.8512820512820513 0.7097026604068858 0.6239316239316239 0.7097026604068858 0.6230769230769231 0.564945226917058 0.8512820512820513 0.5641627543035994 0.8521367521367521 0.7089201877934272 0.8512820512820513 0.7097026604068858
0 0.5213675213675214 0.7097026604068858 0.4341880341880342 0.7097026604068858 0.43333333333333335 0.6259780907668232 0.5213675213675214 0.6251956181533647 0.5222222222222223 0.7089201877934272 0.5213675213675214 0.7097026604068858
0 0.6153846153846154 0.7097026604068858 0.5299145299145299 0.7097026604068858 0.5290598290598291 0.6259780907668232 0.6153846153846154 0.6251956181533647 0.6162393162393163 0.7089201877934272 0.6153846153846154 0.7097026604068858
0 0.24444444444444444 0.8035993740219093 0.05811965811965812 0.8035993740219093 0.05726495726495726 0.729264475743349 0.24444444444444444 0.7284820031298904 0.2452991452991453 0.8028169014084507 0.24444444444444444 0.8035993740219093
0 0.5230769230769231 0.9788732394366197 0.21196581196581196 0.9788732394366197 0.2111111111111111 0.8153364632237872 0.2547008547008547 0.8145539906103286 0.25555555555555554 0.729264475743349 0.39316239316239315 0.7284820031298904 0.394017094017094 0.8075117370892019 0.5230769230769231 0.8082942097026604 0.523931623931624 0.9780907668231612 0.5230769230769231 0.9788732394366197
0 0.20341880341880342 0.9788732394366197 0.05811965811965812 0.9788732394366197 0.05726495726495726 0.8153364632237872 0.20341880341880342 0.8145539906103286 0.20427350427350427 0.9780907668231612 0.20341880341880342 0.9788732394366197