0 0.5284872298624754 0.4228007181328546 0.0412573673870334 0.4228007181328546 0.04027504911591356 0.0933572710951526 0.5284872298624754 0.09245960502692999 0.5294695481335953 0.42190305206463197 0.5284872298624754 0.4228007181328546
0 0.8801571709233792 0.5089766606822262 0.7583497053045186 0.5089766606822262 0.7573673870333988 0.4649910233393178 0.7544204322200393 0.46409335727109513 0.7534381139489195 0.5080789946140036 0.6522593320235757 0.5089766606822262 0.6512770137524558 0.4649910233393178 0.6463654223968566 0.46409335727109513 0.6453831041257367 0.4236983842010772 0.5304518664047151 0.4228007181328546 0.5294695481335953 0.0933572710951526 0.8801571709233792 0.09245960502692999 0.881139489194499 0.5080789946140036 0.8801571709233792 0.5089766606822262
0 0.6444007858546169 0.7926391382405745 0.5442043222003929 0.7926391382405745 0.5432220039292731 0.6750448833034112 0.2220039292730845 0.6741472172351886 0.22102161100196463 0.5870736086175943 0.5284872298624754 0.5861759425493717 0.5294695481335953 0.5816876122082585 0.47544204322200395 0.5807899461400359 0.47445972495088407 0.42908438061041293 0.5284872298624754 0.4281867145421903 0.5294695481335953 0.4236983842010772 0.6444007858546169 0.4228007181328546 0.6453831041257367 0.7917414721723519 0.6444007858546169 0.7926391382405745
0 0.21414538310412573 0.6113105924596051 0.0412573673870334 0.6113105924596051 0.04027504911591356 0.42908438061041293 0.21414538310412573 0.4281867145421903 0.2151277013752456 0.6104129263913824 0.21414538310412573 0.6113105924596051
0 0.4675834970530452 0.5807899461400359 0.2220039292730845 0.5807899461400359 0.22102161100196463 0.42908438061041293 0.4675834970530452 0.4281867145421903 0.468565815324165 0.5798922800718133 0.4675834970530452 0.5807899461400359
0 0.7387033398821218 0.6687612208258528 0.6522593320235757 0.6687612208258528 0.6512770137524558 0.5152603231597845 0.7387033398821218 0.5143626570915619 0.7396856581532416 0.6678635547576302 0.7387033398821218 0.6687612208258528
0 0.8801571709233792 0.618491921005386 0.7445972495088409 0.618491921005386 0.743614931237721 0.5152603231597845 0.8801571709233792 0.5143626570915619 0.881139489194499 0.6175942549371634 0.8801571709233792 0.618491921005386
0 0.3025540275049116 0.9703770197486535 0.0412573673870334 0.9703770197486535 0.04027504911591356 0.6157989228007181 0.21414538310412573 0.6149012567324955 0.2151277013752456 0.6786355475763016 0.3025540275049116 0.6795332136445242 0.30353634577603145 0.9694793536804309 0.3025540275049116 0.9703770197486535
0 0.8801571709233792 0.9721723518850988 0.6522593320235757 0.9721723518850988 0.6512770137524558 0.6732495511669659 0.7426326129666012 0.6723518850987432 0.743614931237721 0.6247755834829444 0.8801571709233792 0.6238779174147218 0.881139489194499 0.9712746858168761 0.8801571709233792 0.9721723518850988
0 0.5383104125736738 0.9703770197486535 0.3104125736738703 0.9703770197486535 0.3094302554027505 0.6804308797127468 0.5383104125736738 0.6795332136445242 0.5392927308447937 0.9694793536804309 0.5383104125736738 0.9703770197486535
0 0.6444007858546169 0.8985637342908438 0.5442043222003929 0.8985637342908438 0.5432220039292731 0.7989228007181328 0.6444007858546169 0.7980251346499102 0.6453831041257367 0.8976660682226212 0.6444007858546169 0.8985637342908438