0 0.736936936936937 0.2104959630911188 0.4702702702702703 0.2104959630911188 0.46936936936936935 0.19953863898500576 0.4711711711711712 0.19838523644752018 0.4711711711711712 0.16493656286043828 0.47297297297297297 0.1637831603229527 0.47297297297297297 0.14302191464821223 0.4711711711711712 0.14186851211072665 0.4711711711711712 0.11418685121107267 0.47297297297297297 0.11303344867358708 0.47297297297297297 0.07035755478662054 0.736936936936937 0.06978085351787774 0.7387387387387387 0.07093425605536333 0.8990990990990991 0.07093425605536333 0.9 0.17416378316032297 0.7387387387387387 0.17474048442906576 0.7378378378378379 0.209919261822376 0.736936936936937 0.2104959630911188
0 0.4594594594594595 0.3431372549019608 0.35135135135135137 0.3431372549019608 0.3504504504504504 0.2768166089965398 0.3891891891891892 0.276239907727797 0.3900900900900901 0.2698961937716263 0.18018018018018017 0.2693194925028835 0.17927927927927928 0.14302191464821223 0.17747747747747747 0.14186851211072665 0.390990990990991 0.14129181084198386 0.3927927927927928 0.14244521337946944 0.4720720720720721 0.14244521337946944 0.47297297297297297 0.1637831603229527 0.4711711711711712 0.16493656286043828 0.4711711711711712 0.19838523644752018 0.46936936936936935 0.19953863898500576 0.46936936936936935 0.209919261822376 0.7351351351351352 0.2104959630911188 0.7360360360360361 0.3264129181084198 0.46126126126126127 0.32698961937716264 0.4603603603603604 0.34256055363321797 0.4594594594594595 0.3431372549019608
0 0.8990990990990991 0.3892733564013841 0.745945945945946 0.3892733564013841 0.7450450450450451 0.17993079584775087 0.8990990990990991 0.17935409457900808 0.9 0.3886966551326413 0.8990990990990991 0.3892733564013841
0 0.3621621621621622 0.4677047289504037 0.1063063063063063 0.4677047289504037 0.10540540540540541 0.28143021914648214 0.3333333333333333 0.2808535178777393 0.3342342342342342 0.370242214532872 0.33603603603603605 0.37139561707035756 0.33603603603603605 0.4002306805074971 0.3621621621621622 0.4008073817762399 0.3630630630630631 0.4671280276816609 0.3621621621621622 0.4677047289504037
0 0.5423423423423424 0.3892733564013841 0.46846846846846846 0.3892733564013841 0.46756756756756757 0.33217993079584773 0.5423423423423424 0.33160322952710497 0.5432432432432432 0.3886966551326413 0.5423423423423424 0.3892733564013841
0 0.6612612612612613 0.3892733564013841 0.5513513513513514 0.3892733564013841 0.5504504504504505 0.33217993079584773 0.6612612612612613 0.33160322952710497 0.6621621621621622 0.3886966551326413 0.6612612612612613 0.3892733564013841
0 0.7351351351351352 0.3892733564013841 0.6702702702702703 0.3892733564013841 0.6693693693693694 0.33217993079584773 0.7351351351351352 0.33160322952710497 0.7360360360360361 0.3886966551326413 0.7351351351351352 0.3892733564013841
0 0.4594594594594595 0.3892733564013841 0.35135135135135137 0.3892733564013841 0.3504504504504504 0.3506343713956171 0.4594594594594595 0.3500576701268743 0.4603603603603604 0.3886966551326413 0.4594594594594595 0.3892733564013841
0 0.6684684684684684 0.6937716262975778 0.4648648648648649 0.6937716262975778 0.46396396396396394 0.5501730103806228 0.6684684684684684 0.5495963091118801 0.6693693693693694 0.6931949250288351 0.6684684684684684 0.6937716262975778
0 0.8936936936936937 0.6937716262975778 0.6774774774774774 0.6937716262975778 0.6765765765765765 0.5501730103806228 0.8936936936936937 0.5495963091118801 0.8945945945945946 0.6931949250288351 0.8936936936936937 0.6937716262975778
0 0.45225225225225224 0.8079584775086506 0.17117117117117117 0.8079584775086506 0.17027027027027028 0.6228373702422145 0.45225225225225224 0.6222606689734718 0.45315315315315313 0.698961937716263 0.7279279279279279 0.6995386389850058 0.7288288288288288 0.8050749711649365 0.4540540540540541 0.8056516724336793 0.45225225225225224 0.8079584775086506
0 0.8936936936936937 0.870242214532872 0.7387387387387387 0.870242214532872 0.7378378378378379 0.698961937716263 0.8936936936936937 0.6983852364475202 0.8945945945945946 0.8696655132641292 0.8936936936936937 0.870242214532872
0 0.24684684684684685 0.8690888119953863 0.09549549549549549 0.8690888119953863 0.0945945945945946 0.76239907727797 0.16036036036036036 0.7618223760092272 0.16126126126126125 0.8131487889273357 0.24684684684684685 0.8137254901960784 0.24774774774774774 0.8685121107266436 0.24684684684684685 0.8690888119953863
0 0.5351351351351351 0.870242214532872 0.46126126126126127 0.870242214532872 0.4603603603603604 0.8108419838523645 0.5351351351351351 0.8102652825836217 0.536036036036036 0.8696655132641292 0.5351351351351351 0.870242214532872
0 0.7279279279279279 0.870242214532872 0.5459459459459459 0.870242214532872 0.545045045045045 0.8108419838523645 0.7279279279279279 0.8102652825836217 0.7288288288288288 0.8696655132641292 0.7279279279279279 0.870242214532872
0 0.35315315315315315 0.9486735870818915 0.25765765765765763 0.9486735870818915 0.25675675675675674 0.8143021914648212 0.33513513513513515 0.8137254901960784 0.33603603603603605 0.8696655132641292 0.32432432432432434 0.870242214532872 0.32342342342342345 0.8800461361014994 0.35315315315315315 0.8806228373702422 0.35405405405405405 0.9480968858131488 0.35315315315315315 0.9486735870818915
0 0.45045045045045046 0.870242214532872 0.34594594594594597 0.870242214532872 0.345045045045045 0.8143021914648212 0.45045045045045046 0.8137254901960784 0.45135135135135135 0.8696655132641292 0.45045045045045046 0.870242214532872
0 0.24684684684684685 0.947520184544406 0.09549549549549549 0.947520184544406 0.0945945945945946 0.8754325259515571 0.24684684684684685 0.8748558246828143 0.24774774774774774 0.9469434832756632 0.24684684684684685 0.947520184544406
0 0.24684684684684685 0.9486735870818915 0.09549549549549549 0.9486735870818915 0.09549549549549549 0.947520184544406 0.24684684684684685 0.947520184544406 0.24684684684684685 0.9486735870818915