0 0.9077196095829636 0.1815326633165829 0.8385093167701864 0.1815326633165829 0.8380656610470275 0.13944723618090452 0.84472049689441 0.13881909547738694 0.8451641526175687 0.10552763819095477 0.8997338065661047 0.10489949748743718 0.9001774622892635 0.13819095477386933 0.9077196095829636 0.13881909547738694 0.9081632653061225 0.18090452261306533 0.9077196095829636 0.1815326633165829
0 0.24755989352262645 0.25690954773869346 0.12777284826974267 0.25690954773869346 0.12732919254658384 0.12939698492462312 0.2777284826974268 0.12876884422110552 0.27817213842058564 0.2198492462311558 0.2484472049689441 0.22047738693467336 0.24800354924578527 0.2562814070351759 0.24755989352262645 0.25690954773869346
0 0.38065661047027505 0.24937185929648242 0.30434782608695654 0.24937185929648242 0.2990239574090506 0.24183417085427136 0.2976929902395741 0.24120603015075376 0.2972493345164153 0.239321608040201 0.2821650399290151 0.21922110552763818 0.2808340727595386 0.2185929648241206 0.2808340727595386 0.12939698492462312 0.38065661047027505 0.12876884422110552 0.3811002661934339 0.24874371859296482 0.38065661047027505 0.24937185929648242
0 0.4445430346051464 0.24685929648241206 0.38686779059449866 0.24685929648241206 0.38642413487133986 0.12939698492462312 0.4445430346051464 0.12876884422110552 0.44498669032830523 0.24623115577889448 0.4445430346051464 0.24685929648241206
0 0.5031055900621118 0.23806532663316582 0.453416149068323 0.23806532663316582 0.45297249334516415 0.16959798994974876 0.5031055900621118 0.16896984924623115 0.5035492457852706 0.23743718592964824 0.5031055900621118 0.23806532663316582
0 0.5598935226264419 0.24183417085427136 0.5235137533274179 0.24183417085427136 0.523070097604259 0.23869346733668342 0.5066548358473825 0.23806532663316582 0.5062111801242236 0.16959798994974876 0.5749778172138421 0.16896984924623115 0.5754214729370009 0.23743718592964824 0.5607808340727596 0.23806532663316582 0.5603371783496007 0.24120603015075376 0.5598935226264419 0.24183417085427136
0 0.6264418811002662 0.3222361809045226 0.582963620230701 0.3222361809045226 0.5825199645075422 0.16959798994974876 0.6415261756876663 0.16896984924623115 0.6419698314108252 0.2989949748743719 0.6273291925465838 0.29962311557788945 0.6268855368234251 0.32160804020100503 0.6264418811002662 0.3222361809045226
0 0.6832298136645962 0.2091708542713568 0.6468500443655724 0.2091708542713568 0.6464063886424135 0.16959798994974876 0.6832298136645962 0.16896984924623115 0.6836734693877551 0.20854271356783918 0.6832298136645962 0.2091708542713568
0 0.7755102040816326 0.5420854271356784 0.645075421472937 0.5420854271356784 0.6446317657497782 0.42839195979899497 0.582963620230701 0.4277638190954774 0.5825199645075422 0.32914572864321606 0.6459627329192547 0.3285175879396985 0.6464063886424135 0.21482412060301506 0.686779059449867 0.21419597989949749 0.6872227151730257 0.16959798994974876 0.7755102040816326 0.16896984924623115 0.7759538598047915 0.5414572864321608 0.7755102040816326 0.5420854271356784
0 0.9192546583850931 0.27826633165829145 0.8189884649511979 0.27826633165829145 0.8185448092280391 0.23115577889447236 0.8251996450754214 0.2305276381909548 0.8256433007985803 0.1922110552763819 0.9192546583850931 0.19158291457286433 0.919698314108252 0.2776381909547739 0.9192546583850931 0.27826633165829145
0 0.4472049689440994 0.4277638190954774 0.3779946761313221 0.4277638190954774 0.37755102040816324 0.35804020100502515 0.3149955634427684 0.3574120603015075 0.31455190771960956 0.32537688442211055 0.31233362910381546 0.32474874371859297 0.3118899733806566 0.35678391959798994 0.2484472049689441 0.3574120603015075 0.24800354924578527 0.22110552763819097 0.2777284826974268 0.22047738693467336 0.2839396628216504 0.2292713567839196 0.2852706299911269 0.22989949748743718 0.2857142857142857 0.23178391959798994 0.28970718722271516 0.23618090452261306 0.290150842945874 0.23806532663316582 0.2981366459627329 0.24811557788944724 0.29946761313220943 0.24874371859296482 0.3025732031943212 0.2543969849246231 0.3114463176574978 0.2543969849246231 0.3118899733806566 0.2876884422110553 0.31410825199645076 0.28831658291457285 0.31455190771960956 0.2550251256281407 0.42679680567879325 0.2543969849246231 0.4272404614019521 0.35678391959798994 0.4472049689440994 0.3574120603015075 0.4476486246672582 0.4271356783919598 0.4472049689440994 0.4277638190954774
0 0.5749778172138421 0.4277638190954774 0.4551907719609583 0.4277638190954774 0.45474711623779945 0.3542713567839196 0.43123336291038156 0.353643216080402 0.4307897071872227 0.2550251256281407 0.4525288376220053 0.2543969849246231 0.45297249334516415 0.24246231155778894 0.5749778172138421 0.24183417085427136 0.5754214729370009 0.4271356783919598 0.5749778172138421 0.4277638190954774
0 0.2440106477373558 0.4064070351758794 0.12777284826974267 0.4064070351758794 0.12732919254658384 0.26256281407035176 0.2440106477373558 0.2619346733668342 0.24445430346051464 0.4057788944723618 0.2440106477373558 0.4064070351758794
0 0.9192546583850931 0.5270100502512562 0.8189884649511979 0.5270100502512562 0.8185448092280391 0.28391959798994976 0.9192546583850931 0.2832914572864322 0.919698314108252 0.5263819095477387 0.9192546583850931 0.5270100502512562
0 0.29547471162378 0.5571608040201005 0.2484472049689441 0.5571608040201005 0.24800354924578527 0.36180904522613067 0.3114463176574978 0.3611809045226131 0.3118899733806566 0.39824120603015073 0.31543921916592726 0.40326633165829145 0.31588287488908606 0.40515075376884424 0.3198757763975155 0.40954773869346733 0.3203194321206744 0.4114321608040201 0.32608695652173914 0.4183417085427136 0.32653061224489793 0.4202261306532663 0.3305235137533274 0.42462311557788945 0.33096716947648624 0.4265075376884422 0.3349600709849157 0.43090452261306533 0.33540372670807456 0.43278894472361806 0.487133984028394 0.43278894472361806 0.48757763975155277 0.542713567839196 0.44809228039041704 0.5433417085427136 0.4476486246672582 0.5477386934673367 0.3034605146406389 0.5483668341708543 0.30301685891748004 0.5163316582914573 0.2963620230700976 0.5157035175879398 0.29591836734693877 0.5565326633165829 0.29547471162378 0.5571608040201005
0 0.3744454303460515 0.4277638190954774 0.33717834960070986 0.4277638190954774 0.31455190771960956 0.3957286432160804 0.31455190771960956 0.36180904522613067 0.3744454303460515 0.3611809045226131 0.3748890860692103 0.4271356783919598 0.3744454303460515 0.4277638190954774
0 0.2440106477373558 0.5483668341708543 0.12777284826974267 0.5483668341708543 0.12732919254658384 0.4108040201005025 0.2440106477373558 0.4101758793969849 0.24445430346051464 0.5477386934673367 0.2440106477373558 0.5483668341708543
0 0.22981366459627328 0.6953517587939698 0.12777284826974267 0.6953517587939698 0.12732919254658384 0.5577889447236181 0.2440106477373558 0.5571608040201005 0.24445430346051464 0.6733668341708543 0.23070097604259096 0.6739949748743719 0.2302573203194321 0.6947236180904522 0.22981366459627328 0.6953517587939698
0 0.37888198757763975 0.9302763819095478 0.12777284826974267 0.9302763819095478 0.12732919254658384 0.7010050251256281 0.24755989352262645 0.7003768844221105 0.24800354924578527 0.5577889447236181 0.4472049689440994 0.5571608040201005 0.4476486246672582 0.785175879396985 0.3797692990239574 0.7858040201005025 0.3793256433007986 0.9296482412060302 0.37888198757763975 0.9302763819095478