0 0.29132569558101473 0.28439425051334705 0.09328968903436989 0.28439425051334705 0.09247135842880523 0.11088295687885011 0.29132569558101473 0.10985626283367557 0.29214402618657936 0.28336755646817247 0.29132569558101473 0.28439425051334705
0 0.37315875613747956 0.37474332648870634 0.3044189852700491 0.37474332648870634 0.30360065466448444 0.1601642710472279 0.47299509001636664 0.1591375770020534 0.47381342062193127 0.33675564681724846 0.37479541734860883 0.337782340862423 0.3739770867430442 0.3737166324435318 0.37315875613747956 0.37474332648870634
0 0.7528641571194763 0.419917864476386 0.5679214402618658 0.419917864476386 0.5662847790507365 0.41581108829568786 0.48117839607201307 0.41581108829568786 0.48036006546644844 0.1601642710472279 0.7512274959083469 0.1591375770020534 0.7520458265139116 0.3839835728952772 0.7536824877250409 0.3860369609856263 0.7536824877250409 0.4188911704312115 0.7528641571194763 0.419917864476386
0 0.9459901800327333 0.37679671457905545 0.7610474631751227 0.37679671457905545 0.7602291325695582 0.1601642710472279 0.9459901800327333 0.1591375770020534 0.9468085106382979 0.3757700205338809 0.9459901800327333 0.37679671457905545
0 0.2896890343698854 0.6478439425051334 0.0867430441898527 0.6478439425051334 0.08592471358428805 0.29774127310061604 0.2896890343698854 0.29671457905544146 0.2905073649754501 0.6468172484599589 0.2896890343698854 0.6478439425051334
0 0.47299509001636664 0.41581108829568786 0.381342062193126 0.41581108829568786 0.38052373158756136 0.3757700205338809 0.3788870703764321 0.3737166324435318 0.3788870703764321 0.3470225872689938 0.47299509001636664 0.3459958932238193 0.47381342062193127 0.41478439425051333 0.47299509001636664 0.41581108829568786
0 0.41080196399345337 0.5410677618069816 0.3044189852700491 0.5410677618069816 0.30360065466448444 0.4928131416837782 0.3453355155482815 0.4917864476386037 0.34615384615384615 0.4887063655030801 0.3044189852700491 0.48767967145790553 0.30360065466448444 0.38193018480492813 0.37315875613747956 0.3809034907597536 0.3739770867430442 0.42505133470225875 0.41080196399345337 0.4260780287474333 0.411620294599018 0.5400410677618069 0.41080196399345337 0.5410677618069816
0 0.9459901800327333 0.45687885010266943 0.8903436988543372 0.45687885010266943 0.8895253682487725 0.3839835728952772 0.9459901800327333 0.38295687885010266 0.9468085106382979 0.45585215605749485 0.9459901800327333 0.45687885010266943
0 0.7021276595744681 0.6848049281314168 0.5106382978723404 0.6848049281314168 0.5098199672667758 0.5503080082135524 0.5114566284779051 0.5482546201232033 0.5114566284779051 0.4271047227926078 0.5662847790507365 0.4260780287474333 0.5671031096563012 0.4209445585215606 0.7528641571194763 0.419917864476386 0.7536824877250409 0.3860369609856263 0.8019639934533551 0.38501026694045176 0.8027823240589198 0.5133470225872689 0.6710310965630114 0.5143737166324436 0.6702127659574468 0.5195071868583162 0.7021276595744681 0.5205338809034907 0.7029459901800328 0.6837782340862423 0.7021276595744681 0.6848049281314168
0 0.88379705400982 0.4527720739219713 0.8101472995090017 0.4527720739219713 0.809328968903437 0.3860369609856263 0.88379705400982 0.38501026694045176 0.8846153846153846 0.4517453798767967 0.88379705400982 0.4527720739219713
0 0.49918166939443537 0.5410677618069816 0.4206219312602291 0.5410677618069816 0.4198036006546645 0.4271047227926078 0.49918166939443537 0.4260780287474333 0.5 0.5400410677618069 0.49918166939443537 0.5410677618069816
0 0.9459901800327333 0.6848049281314168 0.8101472995090017 0.6848049281314168 0.809328968903437 0.45790554414784396 0.9459901800327333 0.45687885010266943 0.9468085106382979 0.6837782340862423 0.9459901800327333 0.6848049281314168
0 0.8019639934533551 0.6848049281314168 0.7119476268412439 0.6848049281314168 0.7111292962356792 0.5236139630390144 0.8019639934533551 0.5225872689938398 0.8027823240589198 0.6837782340862423 0.8019639934533551 0.6848049281314168
0 0.5008183306055647 0.6848049281314168 0.3044189852700491 0.6848049281314168 0.30360065466448444 0.5503080082135524 0.5008183306055647 0.5492813141683778 0.5016366612111293 0.6837782340862423 0.5008183306055647 0.6848049281314168