0 0.4392523364485981 0.17102510460251047 0.2885514018691589 0.17102510460251047 0.28796728971962615 0.06485355648535565 0.4392523364485981 0.06433054393305439 0.4398364485981308 0.1705020920502092 0.4392523364485981 0.17102510460251047
0 0.5642523364485982 0.17102510460251047 0.4462616822429907 0.17102510460251047 0.44567757009345793 0.06485355648535565 0.5642523364485982 0.06433054393305439 0.5648364485981309 0.1705020920502092 0.5642523364485982 0.17102510460251047
0 0.8037383177570093 0.475418410041841 0.5712616822429907 0.475418410041841 0.570677570093458 0.06485355648535565 0.8037383177570093 0.06433054393305439 0.804322429906542 0.47489539748953974 0.8037383177570093 0.475418410041841
0 0.4392523364485981 0.30177824267782427 0.2885514018691589 0.30177824267782427 0.28796728971962615 0.17677824267782427 0.4392523364485981 0.17625523012552302 0.4398364485981308 0.301255230125523 0.4392523364485981 0.30177824267782427
0 0.5642523364485982 0.2442468619246862 0.4462616822429907 0.2442468619246862 0.44567757009345793 0.17677824267782427 0.5642523364485982 0.17625523012552302 0.5648364485981309 0.24372384937238495 0.5642523364485982 0.2442468619246862
0 0.5642523364485982 0.40324267782426776 0.4462616822429907 0.40324267782426776 0.44567757009345793 0.25 0.5642523364485982 0.24947698744769875 0.5648364485981309 0.4027196652719665 0.5642523364485982 0.40324267782426776
0 0.4392523364485981 0.475418410041841 0.17406542056074767 0.475418410041841 0.17348130841121495 0.3075313807531381 0.4392523364485981 0.3070083682008368 0.4398364485981308 0.47489539748953974 0.4392523364485981 0.475418410041841
0 0.5642523364485982 0.475418410041841 0.4462616822429907 0.475418410041841 0.44567757009345793 0.4089958158995816 0.5642523364485982 0.4084728033472803 0.5648364485981309 0.47489539748953974 0.5642523364485982 0.475418410041841
0 0.4696261682242991 0.87081589958159 0.17289719626168223 0.87081589958159 0.17231308411214954 0.6317991631799164 0.4696261682242991 0.6312761506276151 0.4702102803738318 0.8702928870292888 0.4696261682242991 0.87081589958159
0 0.6273364485981309 0.87081589958159 0.477803738317757 0.87081589958159 0.4772196261682243 0.6317991631799164 0.6273364485981309 0.6312761506276151 0.6279205607476636 0.8702928870292888 0.6273364485981309 0.87081589958159
0 0.8119158878504673 0.87081589958159 0.6355140186915887 0.87081589958159 0.634929906542056 0.6317991631799164 0.8119158878504673 0.6312761506276151 0.8125 0.8702928870292888 0.8119158878504673 0.87081589958159