0 0.49148418491484186 0.6240875912408759 0.14720194647201945 0.6240875912408759 0.14659367396593673 0.3096976016684046 0.49148418491484186 0.3091762252346194 0.49209245742092456 0.6235662148070907 0.49148418491484186 0.6240875912408759
0 0.681265206812652 0.4186652763295099 0.5815085158150851 0.4186652763295099 0.5809002433090025 0.31282586027111575 0.694647201946472 0.31230448383733056 0.6952554744525548 0.39416058394160586 0.6824817518248175 0.39468196037539105 0.6818734793187348 0.4181438998957247 0.681265206812652 0.4186652763295099
0 0.9245742092457421 0.5041710114702815 0.7043795620437956 0.5041710114702815 0.7037712895377128 0.31282586027111575 0.9245742092457421 0.31230448383733056 0.9251824817518248 0.5036496350364964 0.9245742092457421 0.5041710114702815
0 0.694647201946472 0.637643378519291 0.5815085158150851 0.637643378519291 0.5809002433090025 0.424400417101147 0.694647201946472 0.4238790406673618 0.6952554744525548 0.6371220020855057 0.694647201946472 0.637643378519291
0 0.9245742092457421 0.6251303441084463 0.7043795620437956 0.6251303441084463 0.7037712895377128 0.5109489051094891 0.9245742092457421 0.5104275286757038 0.9251824817518248 0.6246089676746611 0.9245742092457421 0.6251303441084463
0 0.3102189781021898 0.8180396246089676 0.14720194647201945 0.8180396246089676 0.14659367396593673 0.6402502606882169 0.18856447688564476 0.6397288842544318 0.18917274939172748 0.6246089676746611 0.3102189781021898 0.6240875912408759 0.3108272506082725 0.8175182481751825 0.3102189781021898 0.8180396246089676
0 0.49148418491484186 0.7356621480709072 0.31873479318734793 0.7356621480709072 0.3181265206812652 0.67570385818561 0.31143552311435524 0.6751824817518248 0.3108272506082725 0.6246089676746611 0.3746958637469586 0.6240875912408759 0.3753041362530414 0.6308654848800834 0.49148418491484186 0.6313868613138686 0.49209245742092456 0.735140771637122 0.49148418491484186 0.7356621480709072
0 0.9245742092457421 0.8180396246089676 0.745742092457421 0.8180396246089676 0.7451338199513382 0.808133472367049 0.7043795620437956 0.8076120959332638 0.7037712895377128 0.6319082377476538 0.9245742092457421 0.6313868613138686 0.9251824817518248 0.8175182481751825 0.9245742092457421 0.8180396246089676
0 0.694647201946472 0.7221063607924921 0.5802919708029197 0.7221063607924921 0.579683698296837 0.6444212721584984 0.694647201946472 0.6438998957247133 0.6952554744525548 0.721584984358707 0.694647201946472 0.7221063607924921
0 0.6934306569343066 0.8180396246089676 0.5875912408759124 0.8180396246089676 0.5869829683698297 0.7330552659019812 0.6934306569343066 0.7325338894681961 0.6940389294403893 0.8175182481751825 0.6934306569343066 0.8180396246089676
0 0.3929440389294404 0.8180396246089676 0.31873479318734793 0.8180396246089676 0.3181265206812652 0.7413972888425443 0.3929440389294404 0.7408759124087592 0.3935523114355231 0.8175182481751825 0.3929440389294404 0.8180396246089676
0 0.49148418491484186 0.8180396246089676 0.402676399026764 0.8180396246089676 0.40206812652068125 0.7413972888425443 0.49148418491484186 0.7408759124087592 0.49209245742092456 0.8175182481751825 0.49148418491484186 0.8180396246089676
0 0.49148418491484186 0.9525547445255474 0.4148418491484185 0.9525547445255474 0.4142335766423358 0.8383733055265902 0.49148418491484186 0.837851929092805 0.49209245742092456 0.9520333680917622 0.49148418491484186 0.9525547445255474