0 0.7565055762081785 0.5426309378806333 0.07806691449814127 0.5426309378806333 0.07713754646840149 0.21315468940316687 0.6282527881040892 0.21254567600487212 0.629182156133829 0.4007308160779537 0.7565055762081785 0.40133982947624847 0.7574349442379182 0.5420219244823387 0.7565055762081785 0.5426309378806333
0 0.7565055762081785 0.40133982947624847 0.6301115241635687 0.40133982947624847 0.629182156133829 0.21315468940316687 0.9330855018587361 0.21254567600487212 0.9340148698884758 0.392204628501827 0.9358736059479554 0.3934226552984166 0.758364312267658 0.3940316686967113 0.7574349442379182 0.4007308160779537 0.7565055762081785 0.40133982947624847
0 0.9349442379182156 0.4756394640682095 0.7676579925650557 0.4756394640682095 0.766728624535316 0.40194884287454324 0.9349442379182156 0.40133982947624847 0.9358736059479554 0.47503045066991473 0.9349442379182156 0.4756394640682095
0 0.9349442379182156 0.5535931790499391 0.7676579925650557 0.5535931790499391 0.766728624535316 0.4835566382460414 0.9349442379182156 0.48294762484774667 0.9358736059479554 0.5529841656516443 0.9349442379182156 0.5535931790499391
0 0.7565055762081785 0.7046285018270402 0.6003717472118959 0.7046285018270402 0.5994423791821561 0.5432399512789281 0.7565055762081785 0.5426309378806333 0.7574349442379182 0.7040194884287454 0.7565055762081785 0.7046285018270402
0 0.3680297397769517 0.7764920828258222 0.07806691449814127 0.7764920828258222 0.07713754646840149 0.5493300852618758 0.3680297397769517 0.548721071863581 0.36895910780669144 0.7758830694275274 0.3680297397769517 0.7764920828258222
0 0.587360594795539 0.7764920828258222 0.379182156133829 0.7764920828258222 0.37825278810408924 0.5493300852618758 0.587360594795539 0.548721071863581 0.5882899628252788 0.7758830694275274 0.587360594795539 0.7764920828258222
0 0.9349442379182156 0.6680876979293544 0.7676579925650557 0.6680876979293544 0.766728624535316 0.559074299634592 0.9349442379182156 0.5584652862362972 0.9358736059479554 0.6674786845310596 0.9349442379182156 0.6680876979293544
0 0.9349442379182156 0.7764920828258222 0.7676579925650557 0.7764920828258222 0.766728624535316 0.6760048721071864 0.9349442379182156 0.6753958587088916 0.9358736059479554 0.7758830694275274 0.9349442379182156 0.7764920828258222
0 0.7565055762081785 0.7764920828258222 0.6003717472118959 0.7764920828258222 0.5994423791821561 0.7113276492082826 0.7565055762081785 0.7107186358099878 0.7574349442379182 0.7758830694275274 0.7565055762081785 0.7764920828258222
0 0.9405204460966543 0.9299634591961023 0.8048327137546468 0.9299634591961023 0.8039033457249071 0.7868453105968332 0.9405204460966543 0.7862362971985384 0.9414498141263941 0.9293544457978076 0.9405204460966543 0.9299634591961023