0 0.26239669421487605 0.5269662921348315 0.08677685950413223 0.5269662921348315 0.08574380165289257 0.2157303370786517 0.44008264462809915 0.21460674157303372 0.44111570247933884 0.46741573033707867 0.2644628099173554 0.46853932584269664 0.2634297520661157 0.5258426966292135 0.26239669421487605 0.5269662921348315
0 0.7066115702479339 0.5314606741573034 0.5371900826446281 0.5314606741573034 0.5361570247933884 0.22247191011235956 0.7066115702479339 0.22134831460674156 0.7076446280991735 0.5303370786516854 0.7066115702479339 0.5314606741573034
0 0.8884297520661157 0.4640449438202247 0.7148760330578512 0.4640449438202247 0.7138429752066116 0.22247191011235956 0.8884297520661157 0.22134831460674156 0.8894628099173554 0.46292134831460674 0.8884297520661157 0.4640449438202247
0 0.44008264462809915 0.6887640449438203 0.2644628099173554 0.6887640449438203 0.2634297520661157 0.4696629213483146 0.44008264462809915 0.46853932584269664 0.44111570247933884 0.6876404494382022 0.44008264462809915 0.6887640449438203
0 0.8884297520661157 0.5943820224719101 0.7148760330578512 0.5943820224719101 0.7138429752066116 0.47415730337078654 0.8884297520661157 0.4730337078651685 0.8894628099173554 0.5932584269662922 0.8884297520661157 0.5943820224719101
0 0.15702479338842976 0.7629213483146068 0.08677685950413223 0.7629213483146068 0.08574380165289257 0.5528089887640449 0.12190082644628099 0.5516853932584269 0.12293388429752067 0.5348314606741573 0.25826446280991733 0.5337078651685393 0.259297520661157 0.6853932584269663 0.1590909090909091 0.6865168539325842 0.15805785123966942 0.7617977528089888 0.15702479338842976 0.7629213483146068
0 0.7066115702479339 0.6528089887640449 0.5371900826446281 0.6528089887640449 0.5361570247933884 0.550561797752809 0.5909090909090909 0.549438202247191 0.5919421487603306 0.5393258426966292 0.7066115702479339 0.5382022471910113 0.7076446280991735 0.651685393258427 0.7066115702479339 0.6528089887640449
0 0.8884297520661157 0.7719101123595505 0.7148760330578512 0.7719101123595505 0.7138429752066116 0.6022471910112359 0.8884297520661157 0.601123595505618 0.8894628099173554 0.7707865168539326 0.8884297520661157 0.7719101123595505
0 0.6363636363636364 0.7651685393258427 0.5433884297520661 0.7651685393258427 0.5423553719008265 0.6629213483146067 0.5950413223140496 0.6617977528089888 0.5971074380165289 0.6573033707865169 0.6363636363636364 0.6573033707865169 0.637396694214876 0.7640449438202247 0.6363636363636364 0.7651685393258427
0 0.7066115702479339 0.7719101123595505 0.6466942148760331 0.7719101123595505 0.6456611570247934 0.6584269662921348 0.7066115702479339 0.6573033707865169 0.7076446280991735 0.7707865168539326 0.7066115702479339 0.7719101123595505
0 0.25826446280991733 0.7629213483146068 0.1590909090909091 0.7629213483146068 0.15805785123966942 0.6876404494382022 0.25826446280991733 0.6865168539325842 0.259297520661157 0.7617977528089888 0.25826446280991733 0.7629213483146068
0 0.33884297520661155 0.7629213483146068 0.2644628099173554 0.7629213483146068 0.2634297520661157 0.6943820224719102 0.33884297520661155 0.6932584269662921 0.33987603305785125 0.7617977528089888 0.33884297520661155 0.7629213483146068
0 0.44008264462809915 0.7629213483146068 0.34710743801652894 0.7629213483146068 0.34607438016528924 0.6943820224719102 0.44008264462809915 0.6932584269662921 0.44111570247933884 0.7617977528089888 0.44008264462809915 0.7629213483146068
0 0.44214876033057854 0.9157303370786517 0.34917355371900827 0.9157303370786517 0.3481404958677686 0.7910112359550562 0.44214876033057854 0.7898876404494382 0.4431818181818182 0.9146067415730337 0.44214876033057854 0.9157303370786517