0 0.20648967551622419 0.22282608695652173 0.12684365781710916 0.22282608695652173 0.1261061946902655 0.09347826086956522 0.20648967551622419 0.09239130434782608 0.20722713864306785 0.2217391304347826 0.20648967551622419 0.22282608695652173
0 0.30383480825958703 0.22282608695652173 0.21386430678466076 0.22282608695652173 0.21312684365781712 0.09347826086956522 0.30383480825958703 0.09239130434782608 0.30457227138643067 0.2217391304347826 0.30383480825958703 0.22282608695652173
0 0.48525073746312686 0.4706521739130435 0.3952802359882006 0.4706521739130435 0.3945427728613569 0.391304347826087 0.39085545722713866 0.39021739130434785 0.39011799410029496 0.43043478260869567 0.31563421828908556 0.4315217391304348 0.3148967551622419 0.1608695652173913 0.4365781710914454 0.15978260869565217 0.43731563421828906 0.34130434782608693 0.4358407079646018 0.34347826086956523 0.4358407079646018 0.3804347826086957 0.43731563421828906 0.3826086956521739 0.43731563421828906 0.38913043478260867 0.48525073746312686 0.39021739130434785 0.4859882005899705 0.46956521739130436 0.48525073746312686 0.4706521739130435
0 0.6179941002949852 0.3815217391304348 0.4365781710914454 0.3815217391304348 0.4358407079646018 0.34347826086956523 0.4410029498525074 0.3423913043478261 0.441740412979351 0.1608695652173913 0.6179941002949852 0.15978260869565217 0.6187315634218289 0.3804347826086957 0.6179941002949852 0.3815217391304348
0 0.8244837758112095 0.3423913043478261 0.6238938053097345 0.3423913043478261 0.6231563421828908 0.1608695652173913 0.8244837758112095 0.15978260869565217 0.8252212389380531 0.34130434782608693 0.8244837758112095 0.3423913043478261
0 0.30383480825958703 0.34891304347826085 0.12684365781710916 0.34891304347826085 0.1261061946902655 0.2326086956521739 0.30383480825958703 0.23152173913043478 0.30457227138643067 0.34782608695652173 0.30383480825958703 0.34891304347826085
0 0.8244837758112095 0.7097826086956521 0.6238938053097345 0.7097826086956521 0.6231563421828908 0.3521739130434783 0.8244837758112095 0.35108695652173916 0.8252212389380531 0.7086956521739131 0.8244837758112095 0.7097826086956521
0 0.30383480825958703 0.7097826086956521 0.12684365781710916 0.7097826086956521 0.1261061946902655 0.3630434782608696 0.30383480825958703 0.36195652173913045 0.30457227138643067 0.7086956521739131 0.30383480825958703 0.7097826086956521
0 0.5412979351032449 0.633695652173913 0.49262536873156343 0.633695652173913 0.4918879056047198 0.391304347826087 0.6179941002949852 0.39021739130434785 0.6187315634218289 0.5717391304347826 0.5486725663716814 0.5728260869565217 0.5479351032448377 0.532608695652174 0.5427728613569321 0.5315217391304348 0.5420353982300885 0.6326086956521739 0.5412979351032449 0.633695652173913
0 0.48525073746312686 0.7097826086956521 0.31563421828908556 0.7097826086956521 0.3148967551622419 0.4391304347826087 0.3893805309734513 0.4380434782608696 0.39011799410029496 0.4782608695652174 0.48525073746312686 0.47934782608695653 0.4859882005899705 0.7086956521739131 0.48525073746312686 0.7097826086956521
0 0.6179941002949852 0.7097826086956521 0.5486725663716814 0.7097826086956521 0.5479351032448377 0.5826086956521739 0.6179941002949852 0.5815217391304348 0.6187315634218289 0.7086956521739131 0.6179941002949852 0.7097826086956521
0 0.5412979351032449 0.7097826086956521 0.49262536873156343 0.7097826086956521 0.4918879056047198 0.6434782608695652 0.5412979351032449 0.6423913043478261 0.5420353982300885 0.7086956521739131 0.5412979351032449 0.7097826086956521