0 0.7457364341085271 0.3796948356807512 0.5829457364341085 0.3796948356807512 0.5821705426356589 0.21713615023474178 0.7457364341085271 0.21654929577464788 0.7465116279069768 0.37910798122065725 0.7457364341085271 0.3796948356807512
0 0.8062015503875969 0.3796948356807512 0.751937984496124 0.3796948356807512 0.7511627906976744 0.21713615023474178 0.958139534883721 0.21654929577464788 0.9589147286821705 0.3485915492957746 0.8077519379844961 0.34917840375586856 0.8069767441860465 0.37910798122065725 0.8062015503875969 0.3796948356807512
0 0.2992248062015504 0.4724178403755869 0.08062015503875969 0.4724178403755869 0.07984496124031008 0.22065727699530516 0.4511627906976744 0.22007042253521128 0.45193798449612405 0.3286384976525822 0.30077519379844964 0.32922535211267606 0.3 0.47183098591549294 0.2992248062015504 0.4724178403755869
0 0.3364341085271318 0.47124413145539906 0.30077519379844964 0.47124413145539906 0.3 0.32981220657276994 0.4511627906976744 0.32922535211267606 0.45193798449612405 0.4694835680751174 0.33798449612403103 0.47007042253521125 0.3364341085271318 0.47124413145539906
0 0.958139534883721 0.39730046948356806 0.813953488372093 0.39730046948356806 0.8131782945736434 0.3544600938967136 0.958139534883721 0.3538732394366197 0.9589147286821705 0.3967136150234742 0.958139534883721 0.39730046948356806
0 0.8062015503875969 0.4970657276995305 0.6837209302325581 0.4970657276995305 0.6829457364341085 0.4706572769953052 0.5829457364341085 0.47007042253521125 0.5821705426356589 0.38497652582159625 0.8062015503875969 0.38438967136150237 0.8069767441860465 0.4964788732394366 0.8062015503875969 0.4970657276995305
0 0.958139534883721 0.4970657276995305 0.9131782945736434 0.4970657276995305 0.9124031007751938 0.4859154929577465 0.862015503875969 0.48532863849765256 0.8612403100775193 0.4964788732394366 0.813953488372093 0.4970657276995305 0.8131782945736434 0.4014084507042254 0.8914728682170543 0.40082159624413144 0.8922480620155039 0.4295774647887324 0.896124031007752 0.4301643192488263 0.8968992248062015 0.4014084507042254 0.958139534883721 0.40082159624413144 0.9589147286821705 0.4964788732394366 0.958139534883721 0.4970657276995305
0 0.4511627906976744 0.47124413145539906 0.33798449612403103 0.47124413145539906 0.33798449612403103 0.47007042253521125 0.4511627906976744 0.47007042253521125 0.4511627906976744 0.47124413145539906
0 0.32868217054263565 0.6261737089201878 0.2 0.6261737089201878 0.1992248062015504 0.5504694835680751 0.2434108527131783 0.5498826291079812 0.2441860465116279 0.47300469483568075 0.2992248062015504 0.4724178403755869 0.30077519379844964 0.47124413145539906 0.32868217054263565 0.47124413145539906 0.32945736434108525 0.6255868544600939 0.32868217054263565 0.6261737089201878
0 0.7457364341085271 0.6238262910798122 0.5844961240310077 0.6238262910798122 0.5837209302325581 0.47417840375586856 0.6759689922480621 0.4735915492957746 0.6767441860465117 0.5 0.7457364341085271 0.5005868544600939 0.7465116279069768 0.6232394366197183 0.7457364341085271 0.6238262910798122
0 0.3875968992248062 0.5487089201877934 0.33798449612403103 0.5487089201877934 0.3372093023255814 0.4765258215962441 0.4511627906976744 0.47593896713615025 0.45193798449612405 0.5469483568075117 0.3891472868217054 0.5475352112676056 0.3875968992248062 0.5487089201877934
0 0.2372093023255814 0.54518779342723 0.08062015503875969 0.54518779342723 0.07984496124031008 0.47769953051643194 0.16589147286821707 0.477112676056338 0.16666666666666666 0.4988262910798122 0.17054263565891473 0.4994131455399061 0.17131782945736435 0.47769953051643194 0.2372093023255814 0.477112676056338 0.237984496124031 0.5446009389671361 0.2372093023255814 0.54518779342723
0 0.958139534883721 0.6238262910798122 0.751937984496124 0.6238262910798122 0.7511627906976744 0.5011737089201878 0.9472868217054263 0.5005868544600939 0.9488372093023256 0.5017605633802817 0.958139534883721 0.5017605633802817 0.9589147286821705 0.6232394366197183 0.958139534883721 0.6238262910798122
0 0.958139534883721 0.5017605633802817 0.9488372093023256 0.5017605633802817 0.9488372093023256 0.5005868544600939 0.958139534883721 0.5005868544600939 0.958139534883721 0.5017605633802817
0 0.19069767441860466 0.6238262910798122 0.08682170542635659 0.6238262910798122 0.08604651162790698 0.5516431924882629 0.19069767441860466 0.551056338028169 0.19147286821705425 0.6232394366197183 0.19069767441860466 0.6238262910798122
0 0.4511627906976744 0.6261737089201878 0.33798449612403103 0.6261737089201878 0.3372093023255814 0.5528169014084507 0.4372093023255814 0.5522300469483568 0.437984496124031 0.5610328638497653 0.4511627906976744 0.5616197183098591 0.45193798449612405 0.6255868544600939 0.4511627906976744 0.6261737089201878
0 0.45271317829457364 0.7235915492957746 0.3302325581395349 0.7235915492957746 0.32945736434108525 0.6384976525821596 0.45271317829457364 0.6379107981220657 0.45348837209302323 0.7230046948356808 0.45271317829457364 0.7235915492957746