0 0.6885125184094256 0.235678391959799 0.5073637702503682 0.235678391959799 0.5069955817378498 0.05628140703517588 0.6885125184094256 0.05577889447236181 0.688880706921944 0.23517587939698492 0.6885125184094256 0.235678391959799
0 0.9609720176730486 0.3 0.7157584683357879 0.3 0.7153902798232695 0.23618090452261306 0.6944035346097202 0.235678391959799 0.6940353460972017 0.05628140703517588 0.9609720176730486 0.05577889447236181 0.961340206185567 0.2994974874371859 0.9609720176730486 0.3
0 0.6163475699558174 0.35527638190954774 0.5073637702503682 0.35527638190954774 0.5069955817378498 0.24321608040201004 0.6163475699558174 0.24271356783919598 0.6167157584683358 0.35477386934673366 0.6163475699558174 0.35527638190954774
0 0.7098674521354934 0.41457286432160806 0.6222385861561119 0.41457286432160806 0.6218703976435935 0.24321608040201004 0.7098674521354934 0.24271356783919598 0.7102356406480118 0.414070351758794 0.7098674521354934 0.41457286432160806
0 0.9609720176730486 0.5402010050251256 0.759941089837997 0.5402010050251256 0.7595729013254786 0.46934673366834173 0.7540500736377025 0.46884422110552765 0.7488954344624448 0.46180904522613064 0.7437407952871871 0.4557788944723618 0.7426362297496318 0.4552763819095477 0.7422680412371134 0.4537688442211055 0.7411634756995582 0.45326633165829144 0.7407952871870398 0.45175879396984925 0.7356406480117821 0.4457286432160804 0.7297496318114874 0.4386934673366834 0.7286450662739322 0.4381909547738693 0.7282768777614138 0.43668341708542713 0.7271723122238586 0.43618090452261304 0.7268041237113402 0.43467336683417085 0.7209131075110456 0.42763819095477384 0.7153902798232695 0.421105527638191 0.7153902798232695 0.3005025125628141 0.9609720176730486 0.3 0.961340206185567 0.5396984924623116 0.9609720176730486 0.5402010050251256
0 0.1958762886597938 0.5522613065326634 0.03829160530191458 0.5522613065326634 0.03865979381443299 0.3597989949748744 0.1958762886597938 0.3592964824120603 0.19624447717231222 0.5517587939698493 0.1958762886597938 0.5522613065326634
0 0.3556701030927835 0.564321608040201 0.32106038291605304 0.564321608040201 0.32069219440353464 0.5527638190954773 0.20544918998527245 0.5522613065326634 0.20508100147275404 0.3597989949748744 0.38144329896907214 0.3592964824120603 0.38181148748159055 0.5517587939698493 0.35640648011782033 0.5522613065326634 0.3560382916053019 0.563819095477387 0.3556701030927835 0.564321608040201
0 0.44624447717231225 0.4849246231155779 0.3910162002945508 0.4849246231155779 0.3906480117820324 0.3597989949748744 0.44624447717231225 0.3592964824120603 0.44661266568483066 0.4844221105527638 0.44624447717231225 0.4849246231155779
0 0.49410898379970547 0.5522613065326634 0.3910162002945508 0.5522613065326634 0.3906480117820324 0.49246231155778897 0.45139911634756996 0.4919597989949749 0.45176730486008837 0.3597989949748744 0.49410898379970547 0.3592964824120603 0.4944771723122239 0.5517587939698493 0.49410898379970547 0.5522613065326634
0 0.6163475699558174 0.5402010050251256 0.5073637702503682 0.5402010050251256 0.5069955817378498 0.36381909547738694 0.6163475699558174 0.36331658291457286 0.6167157584683358 0.5396984924623116 0.6163475699558174 0.5402010050251256
0 0.7533136966126657 0.5402010050251256 0.6222385861561119 0.5402010050251256 0.6218703976435935 0.4221105527638191 0.7157584683357879 0.421608040201005 0.7201767304860088 0.42763819095477384 0.7260677466863034 0.43467336683417085 0.7271723122238586 0.43517587939698493 0.727540500736377 0.43668341708542713 0.7286450662739322 0.4371859296482412 0.7290132547864506 0.4386934673366834 0.7349042709867453 0.4457286432160804 0.740058910162003 0.45175879396984925 0.7411634756995582 0.45226130653266333 0.7415316642120766 0.4537688442211055 0.7426362297496318 0.4542713567839196 0.7430044182621502 0.4557788944723618 0.748159057437408 0.46180904522613064 0.7536818851251841 0.46834170854271356 0.7536818851251841 0.5396984924623116 0.7533136966126657 0.5402010050251256
0 0.7238586156111929 0.6316582914572865 0.6443298969072165 0.6316582914572865 0.6439617083946981 0.5527638190954773 0.7245949926362297 0.5522613065326634 0.7242268041237113 0.6311557788944724 0.7238586156111929 0.6316582914572865
0 0.1958762886597938 0.8065326633165829 0.03829160530191458 0.8065326633165829 0.03792341678939617 0.563819095477387 0.1958762886597938 0.5633165829145729 0.19624447717231222 0.8060301507537688 0.1958762886597938 0.8065326633165829
0 0.49410898379970547 0.8065326633165829 0.20544918998527245 0.8065326633165829 0.20508100147275404 0.563819095477387 0.32032400589101623 0.5633165829145729 0.32106038291605304 0.564321608040201 0.3556701030927835 0.564321608040201 0.35640648011782033 0.5633165829145729 0.49410898379970547 0.5633165829145729 0.4944771723122239 0.8060301507537688 0.49410898379970547 0.8065326633165829
0 0.31001472754050075 0.8949748743718593 0.20692194403534608 0.8949748743718593 0.20655375552282768 0.8241206030150754 0.31001472754050075 0.8236180904522613 0.31038291605301915 0.8944723618090452 0.31001472754050075 0.8949748743718593