0 0.17354368932038836 0.37789799072642966 0.01820388349514563 0.37789799072642966 0.017597087378640776 0.1901081916537867 0.17354368932038836 0.1893353941267388 0.1741504854368932 0.37712519319938176 0.17354368932038836 0.37789799072642966
0 0.24150485436893204 0.8013910355486863 0.1820388349514563 0.8013910355486863 0.18143203883495146 0.1901081916537867 0.24271844660194175 0.1893353941267388 0.2433252427184466 0.43585780525502316 0.2487864077669903 0.4366306027820711 0.24939320388349515 0.49768160741885625 0.24393203883495146 0.49845440494590415 0.2433252427184466 0.5780525502318392 0.32038834951456313 0.5788253477588872 0.32099514563106796 0.6476043276661515 0.24393203883495146 0.6483771251931993 0.2433252427184466 0.6862442040185471 0.2421116504854369 0.6877897990726429 0.2421116504854369 0.7156105100463679 0.2433252427184466 0.7171561051004637 0.2433252427184466 0.723338485316847 0.2421116504854369 0.7248840803709428 0.2421116504854369 0.8006182380216383 0.24150485436893204 0.8013910355486863
0 0.3604368932038835 0.3083462132921175 0.25 0.3083462132921175 0.24939320388349515 0.1901081916537867 0.3604368932038835 0.1893353941267388 0.36104368932038833 0.3075734157650695 0.3604368932038835 0.3083462132921175
0 0.46480582524271846 0.3083462132921175 0.36771844660194175 0.3083462132921175 0.36711165048543687 0.1901081916537867 0.46480582524271846 0.1893353941267388 0.4654126213592233 0.3075734157650695 0.46480582524271846 0.3083462132921175
0 0.46480582524271846 0.7163833075734157 0.24271844660194175 0.7163833075734157 0.2421116504854369 0.6877897990726429 0.2433252427184466 0.6862442040185471 0.2433252427184466 0.6568778979907264 0.3276699029126214 0.6561051004636785 0.3282766990291262 0.4992272024729521 0.25 0.49845440494590415 0.24939320388349515 0.3168469860896445 0.46480582524271846 0.3160741885625966 0.4654126213592233 0.7156105100463679 0.46480582524271846 0.7163833075734157
0 0.17354368932038836 0.5788253477588872 0.01820388349514563 0.5788253477588872 0.017597087378640776 0.38794435857805254 0.17354368932038836 0.38717156105100464 0.1741504854368932 0.5780525502318392 0.17354368932038836 0.5788253477588872
0 0.8313106796116505 0.6174652241112828 0.7621359223300971 0.6174652241112828 0.7615291262135923 0.5409582689335394 0.6771844660194175 0.5401854714064915 0.6765776699029126 0.45440494590417313 0.8313106796116505 0.4536321483771252 0.8319174757281553 0.616692426584235 0.8313106796116505 0.6174652241112828
0 0.32038834951456313 0.5710973724884081 0.25 0.5710973724884081 0.24939320388349515 0.5069551777434312 0.32038834951456313 0.5061823802163833 0.32099514563106796 0.5703245749613601 0.32038834951456313 0.5710973724884081
0 0.7548543689320388 0.6174652241112828 0.6771844660194175 0.6174652241112828 0.6765776699029126 0.5502318392581144 0.7548543689320388 0.5494590417310664 0.7554611650485437 0.616692426584235 0.7548543689320388 0.6174652241112828
0 0.09344660194174757 0.69629057187017 0.01820388349514563 0.69629057187017 0.017597087378640776 0.5873261205564142 0.09344660194174757 0.5865533230293664 0.09405339805825243 0.6955177743431221 0.09344660194174757 0.69629057187017
0 0.17354368932038836 0.69629057187017 0.10072815533980582 0.69629057187017 0.10012135922330097 0.5873261205564142 0.17354368932038836 0.5865533230293664 0.1741504854368932 0.6955177743431221 0.17354368932038836 0.69629057187017
0 0.8313106796116505 0.9064914992272025 0.6771844660194175 0.9064914992272025 0.6765776699029126 0.7017001545595054 0.4733009708737864 0.7009273570324575 0.47269417475728154 0.6275115919629057 0.8313106796116505 0.6267387944358578 0.8319174757281553 0.9057187017001546 0.8313106796116505 0.9064914992272025
0 0.17354368932038836 0.9064914992272025 0.01820388349514563 0.9064914992272025 0.017597087378640776 0.7047913446676971 0.17354368932038836 0.7040185471406492 0.1741504854368932 0.9057187017001546 0.17354368932038836 0.9064914992272025
0 0.5679611650485437 0.7797527047913446 0.4733009708737864 0.7797527047913446 0.47269417475728154 0.7109737248840804 0.5679611650485437 0.7102009273570324 0.5685679611650486 0.7789799072642968 0.5679611650485437 0.7797527047913446
0 0.6577669902912622 0.7797527047913446 0.5764563106796117 0.7797527047913446 0.5758495145631068 0.7109737248840804 0.6686893203883495 0.7102009273570324 0.6692961165048543 0.7604327666151468 0.6589805825242718 0.7612055641421948 0.658373786407767 0.7789799072642968 0.6577669902912622 0.7797527047913446
0 0.46480582524271846 0.9064914992272025 0.25 0.9064914992272025 0.24939320388349515 0.7248840803709428 0.46480582524271846 0.7241112828438949 0.4654126213592233 0.9057187017001546 0.46480582524271846 0.9064914992272025
0 0.6686893203883495 0.7797527047913446 0.6650485436893204 0.7797527047913446 0.6644417475728155 0.7697063369397218 0.6686893203883495 0.7689335394126738 0.6692961165048543 0.7789799072642968 0.6686893203883495 0.7797527047913446
0 0.5679611650485437 0.9064914992272025 0.4733009708737864 0.9064914992272025 0.47269417475728154 0.7882534775888718 0.5679611650485437 0.7874806800618238 0.5685679611650486 0.9057187017001546 0.5679611650485437 0.9064914992272025
0 0.6686893203883495 0.9064914992272025 0.5764563106796117 0.9064914992272025 0.5758495145631068 0.7882534775888718 0.6577669902912622 0.7874806800618238 0.658373786407767 0.8098918083462133 0.6686893203883495 0.8106646058732612 0.6692961165048543 0.9057187017001546 0.6686893203883495 0.9064914992272025
0 0.6686893203883495 0.8029366306027821 0.6650485436893204 0.8029366306027821 0.6644417475728155 0.7882534775888718 0.6686893203883495 0.7874806800618238 0.6692961165048543 0.8021638330757341 0.6686893203883495 0.8029366306027821
0 0.24150485436893204 0.8724884080370943 0.1820388349514563 0.8724884080370943 0.18143203883495146 0.8083462132921174 0.24150485436893204 0.8075734157650696 0.2421116504854369 0.8717156105100463 0.24150485436893204 0.8724884080370943