0 0.3887621220764404 0.3429435483870968 0.2880775812892185 0.3429435483870968 0.2879349686252139 0.2991935483870968 0.21962350256702795 0.298991935483871 0.2194808899030234 0.29838709677419356 0.22005134055904163 0.2979838709677419 0.22005134055904163 0.07661290322580645 0.3887621220764404 0.07641129032258065 0.38890473474044496 0.34274193548387094 0.3887621220764404 0.3429435483870968
0 0.5961209355390759 0.21512096774193548 0.3944666286366229 0.21512096774193548 0.39432401597261835 0.07661290322580645 0.5961209355390759 0.07641129032258065 0.5962635482030805 0.21491935483870966 0.5961209355390759 0.21512096774193548
0 0.6788362806617227 0.21512096774193548 0.6032515687393041 0.21512096774193548 0.6031089560752995 0.07661290322580645 0.6788362806617227 0.07641129032258065 0.6789788933257274 0.21491935483870966 0.6788362806617227 0.21512096774193548
0 0.8080433542498574 0.7534274193548387 0.7527096406160867 0.7534274193548387 0.7524244152880776 0.7530241935483871 0.6970907016543069 0.7530241935483871 0.6969480889903024 0.07661290322580645 0.697375926982316 0.07641129032258065 0.6976611523103251 0.07721774193548388 0.809469480889903 0.07721774193548388 0.8096120935539076 0.7451612903225806 0.8083285795778665 0.7453629032258065 0.8081859669138619 0.7532258064516129 0.8080433542498574 0.7534274193548387
0 0.8086138049058756 0.754233870967742 0.8081859669138619 0.7540322580645161 0.8083285795778665 0.7534274193548387 0.8087564175698803 0.7536290322580645 0.8086138049058756 0.754233870967742
0 0.47432972047917854 0.7336693548387097 0.369937250427838 0.7336693548387097 0.3697946377638334 0.35201612903225804 0.3941814033086138 0.35181451612903225 0.39432401597261835 0.22379032258064516 0.4580718767826583 0.22358870967741937 0.4582144894466629 0.39798387096774196 0.4452367370222476 0.39818548387096775 0.445094124358243 0.5891129032258065 0.44452367370222473 0.589516129032258 0.44466628636622935 0.5901209677419355 0.445094124358243 0.5903225806451613 0.445094124358243 0.597983870967742 0.47432972047917854 0.5981854838709677 0.4744723331431831 0.7334677419354839 0.47432972047917854 0.7336693548387097
0 0.6782658300057045 0.39818548387096775 0.45835710211066744 0.39818548387096775 0.4582144894466629 0.22379032258064516 0.6788362806617227 0.22358870967741937 0.6789788933257274 0.22419354838709676 0.6784084426697091 0.2245967741935484 0.6784084426697091 0.39798387096774196 0.6782658300057045 0.39818548387096775
0 0.6788362806617227 0.7336693548387097 0.48088990302338847 0.7336693548387097 0.4807472903593839 0.5903225806451613 0.44466628636622935 0.5901209677419355 0.44452367370222473 0.589516129032258 0.445094124358243 0.5891129032258065 0.445094124358243 0.39838709677419354 0.6782658300057045 0.39818548387096775 0.6784084426697091 0.2245967741935484 0.6788362806617227 0.22439516129032258 0.6789788933257274 0.7334677419354839 0.6788362806617227 0.7336693548387097
0 0.28037649743297205 0.4284274193548387 0.21933827723901883 0.4284274193548387 0.2194808899030234 0.3064516129032258 0.28037649743297205 0.30625 0.2805191100969766 0.4282258064516129 0.28037649743297205 0.4284274193548387
0 0.3645179691956646 0.4284274193548387 0.2880775812892185 0.4284274193548387 0.2879349686252139 0.35201612903225804 0.3645179691956646 0.35181451612903225 0.36466058185966915 0.4282258064516129 0.3645179691956646 0.4284274193548387
0 0.3645179691956646 0.7336693548387097 0.21819737592698232 0.7336693548387097 0.21805476326297776 0.7330645161290322 0.218625213918996 0.7326612903225806 0.218625213918996 0.5854838709677419 0.21919566457501427 0.5850806451612903 0.21919566457501427 0.43790322580645163 0.3645179691956646 0.4377016129032258 0.36466058185966915 0.7334677419354839 0.3645179691956646 0.7336693548387097