0 0.27137042062415195 0.3782791185729276 0.03934871099050204 0.3782791185729276 0.03867028493894165 0.17733473242392445 0.27137042062415195 0.17681007345225602 0.27204884667571233 0.3777544596012592 0.27137042062415195 0.3782791185729276
0 0.5671641791044776 0.5272822665267576 0.27951153324287653 0.5272822665267576 0.27883310719131615 0.17733473242392445 0.5685210312075983 0.17681007345225602 0.5691994572591588 0.3620146904512067 0.567842605156038 0.36306400839454356 0.567842605156038 0.5267576075550892 0.5671641791044776 0.5272822665267576
0 0.9457259158751696 0.46432318992654775 0.5956580732700135 0.46432318992654775 0.5949796472184532 0.36306400839454356 0.9457259158751696 0.36253934942287513 0.94640434192673 0.46379853095487933 0.9457259158751696 0.46432318992654775
0 0.14382632293080055 0.48006295907660024 0.03934871099050204 0.48006295907660024 0.03867028493894165 0.385099685204617 0.14382632293080055 0.3845750262329486 0.14450474898236093 0.4795383001049318 0.14382632293080055 0.48006295907660024
0 0.27137042062415195 0.5146904512067156 0.15332428765264586 0.5146904512067156 0.15264586160108548 0.385099685204617 0.27137042062415195 0.3845750262329486 0.27204884667571233 0.5141657922350472 0.27137042062415195 0.5146904512067156
0 0.966078697421981 0.7854144805876181 0.5956580732700135 0.7854144805876181 0.5949796472184532 0.4795383001049318 0.966078697421981 0.4790136411332634 0.9667571234735414 0.7848898216159497 0.966078697421981 0.7854144805876181
0 0.1546811397557666 0.6668415529905561 0.03934871099050204 0.6668415529905561 0.03867028493894165 0.48688352570828963 0.14382632293080055 0.4863588667366212 0.14450474898236093 0.5204616998950682 0.27137042062415195 0.5209863588667366 0.27204884667571233 0.5991605456453305 0.1560379918588874 0.5996852046169989 0.155359565807327 0.6663168940188877 0.1546811397557666 0.6668415529905561
0 0.5671641791044776 0.667890870933893 0.37177747625508817 0.667890870933893 0.3710990502035278 0.633788037775446 0.3622795115332429 0.6332633788037776 0.3616010854816825 0.6663168940188877 0.27951153324287653 0.6668415529905561 0.27883310719131615 0.527806925498426 0.5671641791044776 0.5272822665267576 0.567842605156038 0.6673662119622246 0.5671641791044776 0.667890870933893
0 0.27137042062415195 0.7014690451206715 0.16417910447761194 0.7014690451206715 0.16350067842605157 0.6065057712486883 0.27137042062415195 0.6059811122770199 0.27204884667571233 0.7009443861490031 0.27137042062415195 0.7014690451206715
0 0.36092265943012214 0.853620146904512 0.23473541383989144 0.853620146904512 0.23405698778833106 0.770199370409234 0.2781546811397558 0.7696747114375656 0.27883310719131615 0.6673662119622246 0.36092265943012214 0.6668415529905561 0.3616010854816825 0.8530954879328436 0.36092265943012214 0.853620146904512
0 0.22523744911804613 0.853620146904512 0.03934871099050204 0.853620146904512 0.03867028493894165 0.6736621196222455 0.1546811397557666 0.6731374606505771 0.155359565807327 0.7061909758656874 0.27137042062415195 0.7067156348373557 0.27204884667571233 0.7628541448058762 0.2265943012211669 0.7633788037775446 0.2259158751696065 0.8530954879328436 0.22523744911804613 0.853620146904512
0 0.5671641791044776 0.853620146904512 0.37177747625508817 0.853620146904512 0.3710990502035278 0.6747114375655824 0.5671641791044776 0.674186778593914 0.567842605156038 0.8530954879328436 0.5671641791044776 0.853620146904512