0 0.7411545623836127 0.7815884476534296 0.6747361887026692 0.7815884476534296 0.6744258224705152 0.19855595667870035 0.8317815021725636 0.19795427196149218 0.8320918684047176 0.53309265944645 0.7417752948479206 0.5336943441636582 0.7414649286157666 0.7809867629362214 0.7411545623836127 0.7815884476534296
0 0.9410304158907511 0.427797833935018 0.8355058969584109 0.427797833935018 0.835195530726257 0.19855595667870035 0.9410304158907511 0.19795427196149218 0.9413407821229051 0.42719614921780985 0.9410304158907511 0.427797833935018
0 0.06579764121663563 0.5938628158844765 0.03476101800124146 0.5938628158844765 0.03445065176908752 0.3862815884476534 0.06579764121663563 0.38567990373044525 0.06610800744878957 0.20216606498194944 0.20980757293606456 0.20156438026474127 0.2101179391682185 0.592057761732852 0.06641837368094351 0.5926594464500602 0.06579764121663563 0.5938628158844765
0 0.21104903786468032 0.7791817087845969 0.2101179391682185 0.7785800240673887 0.2101179391682185 0.20216606498194944 0.3196772191185599 0.20156438026474127 0.31998758535071387 0.4681107099879663 0.2116697703289882 0.4687123947051745 0.21135940409683426 0.7785800240673887 0.21104903786468032 0.7791817087845969
0 0.393544382371198 0.4687123947051745 0.3234016139044072 0.4687123947051745 0.3230912476722533 0.20216606498194944 0.393544382371198 0.20156438026474127 0.39385474860335196 0.4681107099879663 0.393544382371198 0.4687123947051745
0 0.6194909993792675 0.3676293622141998 0.4909993792675357 0.3676293622141998 0.49068901303538176 0.20216606498194944 0.6194909993792675 0.20156438026474127 0.6198013656114215 0.36702767749699156 0.6194909993792675 0.3676293622141998
0 0.48106765983860955 0.34596871239470517 0.39726877715704534 0.34596871239470517 0.39695841092489137 0.2069795427196149 0.48106765983860955 0.20637785800240674 0.4813780260707635 0.345367027677497 0.48106765983860955 0.34596871239470517
0 0.478584729981378 0.45788206979542717 0.40037243947858475 0.45788206979542717 0.4000620732464308 0.35980746089049337 0.478584729981378 0.3592057761732852 0.478895096213532 0.457280385078219 0.478584729981378 0.45788206979542717
0 0.6194909993792675 0.7791817087845969 0.4909993792675357 0.7791817087845969 0.49068901303538176 0.48014440433212996 0.48541278708876473 0.4795427196149218 0.4866542520173805 0.4759326113116727 0.48758535071384235 0.4753309265944645 0.49068901303538176 0.4681107099879663 0.49068901303538176 0.3742478941034898 0.6194909993792675 0.37364620938628157 0.6198013656114215 0.7785800240673887 0.6194909993792675 0.7791817087845969
0 0.9410304158907511 0.5336943441636582 0.8355058969584109 0.5336943441636582 0.835195530726257 0.43441636582430804 0.9410304158907511 0.43381468110709986 0.9413407821229051 0.53309265944645 0.9410304158907511 0.5336943441636582
0 0.28305400372439476 0.7791817087845969 0.21663563004345127 0.7791817087845969 0.21632526381129732 0.48014440433212996 0.42147734326505276 0.4795427196149218 0.42178770949720673 0.5655836341756919 0.3544382371198014 0.5661853188929001 0.3541278708876474 0.6690734055354994 0.28367473618870265 0.6696750902527075 0.28336436995654873 0.7785800240673887 0.28305400372439476 0.7791817087845969
0 0.48479205462445685 0.5661853188929001 0.42520173805090006 0.5661853188929001 0.42489137181874614 0.48014440433212996 0.48479205462445685 0.4795427196149218 0.4851024208566108 0.5655836341756919 0.48479205462445685 0.5661853188929001
0 0.8870266914959652 0.7815884476534296 0.74487895716946 0.7815884476534296 0.744568590937306 0.5403128760529483 0.8870266914959652 0.5397111913357401 0.8873370577281192 0.7809867629362214 0.8870266914959652 0.7815884476534296
0 0.9410304158907511 0.7815884476534296 0.8907510862818125 0.7815884476534296 0.8904407200496586 0.5403128760529483 0.9410304158907511 0.5397111913357401 0.9413407821229051 0.7809867629362214 0.9410304158907511 0.7815884476534296
0 0.48479205462445685 0.7791817087845969 0.3575418994413408 0.7791817087845969 0.3572315332091868 0.5728038507821901 0.48479205462445685 0.572202166064982 0.4851024208566108 0.7785800240673887 0.48479205462445685 0.7791817087845969
0 0.20980757293606456 0.7791817087845969 0.06641837368094351 0.7791817087845969 0.06610800744878957 0.5932611311672683 0.20980757293606456 0.5926594464500602 0.2101179391682185 0.7785800240673887 0.20980757293606456 0.7791817087845969
0 0.3538175046554935 0.7791817087845969 0.28677839851024206 0.7791817087845969 0.28646803227808815 0.6762936221419976 0.3538175046554935 0.6756919374247894 0.3541278708876474 0.7785800240673887 0.3538175046554935 0.7791817087845969