0 0.3893249607535322 0.4516339869281046 0.0847723704866562 0.4516339869281046 0.08398744113029827 0.12679738562091503 0.3893249607535322 0.1261437908496732 0.3901098901098901 0.45098039215686275 0.3893249607535322 0.4516339869281046
0 0.9466248037676609 0.40326797385620916 0.4003139717425432 0.40326797385620916 0.39952904238618525 0.12679738562091503 0.9466248037676609 0.1261437908496732 0.9474097331240189 0.40261437908496733 0.9466248037676609 0.40326797385620916
0 0.533751962323391 0.6058823529411764 0.4003139717425432 0.6058823529411764 0.39952904238618525 0.403921568627451 0.9466248037676609 0.40326797385620916 0.9474097331240189 0.5986928104575163 0.5353218210361067 0.5993464052287582 0.5345368916797488 0.6052287581699346 0.533751962323391 0.6058823529411764
0 0.23861852433281006 0.5993464052287582 0.0847723704866562 0.5993464052287582 0.08398744113029827 0.4588235294117647 0.23861852433281006 0.45816993464052286 0.239403453689168 0.5986928104575163 0.23861852433281006 0.5993464052287582
0 0.3893249607535322 0.5993464052287582 0.24803767660910517 0.5993464052287582 0.24725274725274726 0.4588235294117647 0.3893249607535322 0.45816993464052286 0.3901098901098901 0.5986928104575163 0.3893249607535322 0.5993464052287582
0 0.3893249607535322 0.888235294117647 0.0847723704866562 0.888235294117647 0.08398744113029827 0.6065359477124183 0.3893249607535322 0.6058823529411764 0.3901098901098901 0.8875816993464052 0.3893249607535322 0.888235294117647
0 0.5902668759811617 0.7836601307189542 0.4003139717425432 0.7836601307189542 0.39952904238618525 0.6065359477124183 0.5902668759811617 0.6058823529411764 0.5910518053375197 0.7830065359477124 0.5902668759811617 0.7836601307189542
0 0.7645211930926217 0.888235294117647 0.6012558869701727 0.888235294117647 0.6004709576138147 0.6065359477124183 0.7645211930926217 0.6058823529411764 0.7653061224489796 0.8875816993464052 0.7645211930926217 0.888235294117647
0 0.9466248037676609 0.7496732026143791 0.7755102040816326 0.7496732026143791 0.7747252747252747 0.6065359477124183 0.9466248037676609 0.6058823529411764 0.9474097331240189 0.7490196078431373 0.9466248037676609 0.7496732026143791
0 0.9419152276295133 0.8830065359477124 0.7802197802197802 0.8830065359477124 0.7794348508634223 0.7647058823529411 0.9419152276295133 0.7640522875816993 0.9427001569858713 0.8823529411764706 0.9419152276295133 0.8830065359477124
0 0.5902668759811617 0.888235294117647 0.4003139717425432 0.888235294117647 0.39952904238618525 0.7934640522875817 0.5902668759811617 0.7928104575163398 0.5910518053375197 0.8875816993464052 0.5902668759811617 0.888235294117647
0 0.5282574568288854 0.9986928104575163 0.5282574568288854 0.9137254901960784 0.640502354788069 0.9130718954248366 0.641287284144427 0.9986928104575163