0 0.3615 0.2245 0.2075 0.2245 0.207375 0.07266666666666667 0.3615 0.0725 0.361625 0.22433333333333333 0.3615 0.2245
0 0.473 0.24116666666666667 0.43925 0.24116666666666667 0.439125 0.199 0.3985 0.19883333333333333 0.398375 0.22433333333333333 0.36475 0.2245 0.364625 0.07266666666666667 0.473 0.0725 0.473125 0.241 0.473 0.24116666666666667
0 0.795 0.3898333333333333 0.68525 0.3898333333333333 0.685125 0.35633333333333334 0.65475 0.3561666666666667 0.654625 0.14533333333333334 0.51675 0.14516666666666667 0.516625 0.07633333333333334 0.795 0.07616666666666666 0.795125 0.38966666666666666 0.795 0.3898333333333333
0 0.5905 0.3215 0.51675 0.3215 0.516625 0.14966666666666667 0.65 0.1495 0.650125 0.21766666666666667 0.59075 0.21783333333333332 0.590625 0.32133333333333336 0.5905 0.3215
0 0.4355 0.2675 0.402 0.2675 0.401875 0.20366666666666666 0.4355 0.2035 0.435625 0.2673333333333333 0.4355 0.2675
0 0.65 0.25383333333333336 0.62325 0.25383333333333336 0.623125 0.223 0.65 0.22283333333333333 0.650125 0.25366666666666665 0.65 0.25383333333333336
0 0.24625 0.24983333333333332 0.2075 0.24983333333333332 0.207375 0.22933333333333333 0.24625 0.22916666666666666 0.246375 0.24966666666666668 0.24625 0.24983333333333332
0 0.2795 0.24983333333333332 0.24975 0.24983333333333332 0.249625 0.22933333333333333 0.2795 0.22916666666666666 0.279625 0.24966666666666668 0.2795 0.24983333333333332
0 0.39825 0.30483333333333335 0.3055 0.30483333333333335 0.305375 0.22933333333333333 0.39825 0.22916666666666666 0.398375 0.30466666666666664 0.39825 0.30483333333333335
0 0.473 0.3895 0.402 0.3895 0.401875 0.2723333333333333 0.439 0.27216666666666667 0.439125 0.246 0.473 0.24583333333333332 0.473125 0.3893333333333333 0.473 0.3895
0 0.30125 0.3895 0.2075 0.3895 0.207375 0.25466666666666665 0.30125 0.2545 0.301375 0.3893333333333333 0.30125 0.3895
0 0.61925 0.3215 0.5945 0.3215 0.594375 0.258 0.61925 0.25783333333333336 0.619375 0.32133333333333336 0.61925 0.3215
0 0.68125 0.3898333333333333 0.62325 0.3898333333333333 0.623125 0.258 0.65 0.25783333333333336 0.650125 0.361 0.68125 0.3611666666666667 0.681375 0.38966666666666666 0.68125 0.3898333333333333
0 0.36625 0.3895 0.3055 0.3895 0.305375 0.30966666666666665 0.32775 0.3095 0.327875 0.36466666666666664 0.36625 0.36483333333333334 0.366375 0.3893333333333333 0.36625 0.3895
0 0.36625 0.3611666666666667 0.33075 0.3611666666666667 0.330625 0.30966666666666665 0.36625 0.3095 0.366375 0.361 0.36625 0.3611666666666667
0 0.39825 0.3895 0.36925 0.3895 0.369125 0.30966666666666665 0.39825 0.3095 0.398375 0.3893333333333333 0.39825 0.3895
0 0.61925 0.3898333333333333 0.51675 0.3898333333333333 0.516625 0.326 0.61925 0.3258333333333333 0.619375 0.38966666666666666 0.61925 0.3898333333333333
0 0.36775 0.6898333333333333 0.29425 0.6898333333333333 0.294125 0.514 0.383 0.5138333333333334 0.383125 0.6586666666666666 0.368 0.6588333333333334 0.367875 0.6896666666666667 0.36775 0.6898333333333333
0 0.46125 0.5758333333333333 0.388 0.5758333333333333 0.387875 0.514 0.46125 0.5138333333333334 0.461375 0.5756666666666667 0.46125 0.5758333333333333
0 0.5795 0.6551666666666667 0.465 0.6551666666666667 0.464875 0.514 0.5795 0.5138333333333334 0.579625 0.655 0.5795 0.6551666666666667
0 0.46125 0.6551666666666667 0.388 0.6551666666666667 0.387875 0.5803333333333334 0.46125 0.5801666666666667 0.461375 0.655 0.46125 0.6551666666666667
0 0.4425 0.7435 0.4 0.7435 0.399875 0.66 0.4425 0.6598333333333334 0.442625 0.7433333333333333 0.4425 0.7435
0 0.5095 0.7051666666666667 0.446 0.7051666666666667 0.445875 0.66 0.5095 0.6598333333333334 0.509625 0.705 0.5095 0.7051666666666667
0 0.554 0.7435 0.51275 0.7435 0.512625 0.66 0.554 0.6598333333333334 0.554125 0.7433333333333333 0.554 0.7435
0 0.5795 0.6801666666666667 0.5575 0.6801666666666667 0.557375 0.66 0.5795 0.6598333333333334 0.579625 0.68 0.5795 0.6801666666666667
0 0.5795 0.7188333333333333 0.5575 0.7188333333333333 0.557375 0.6843333333333333 0.5795 0.6841666666666667 0.579625 0.7186666666666667 0.5795 0.7188333333333333
0 0.358 0.7575 0.29425 0.7575 0.294125 0.6943333333333334 0.358 0.6941666666666667 0.358125 0.7573333333333333 0.358 0.7575
0 0.3965 0.7575 0.36175 0.7575 0.361625 0.6943333333333334 0.3965 0.6941666666666667 0.396625 0.7573333333333333 0.3965 0.7575
0 0.4645 0.7435 0.446 0.7435 0.445875 0.7093333333333334 0.4645 0.7091666666666666 0.464625 0.7433333333333333 0.4645 0.7435
0 0.5095 0.7435 0.46775 0.7435 0.467625 0.7093333333333334 0.5095 0.7091666666666666 0.509625 0.7433333333333333 0.5095 0.7435
0 0.5795 0.7435 0.5575 0.7435 0.557375 0.723 0.5795 0.7228333333333333 0.579625 0.7433333333333333 0.5795 0.7435
0 0.492 0.8398333333333333 0.4 0.8398333333333333 0.399875 0.802 0.46575 0.8018333333333333 0.465875 0.798 0.4 0.7978333333333333 0.399875 0.748 0.492 0.7478333333333333 0.492125 0.8396666666666667 0.492 0.8398333333333333
0 0.545 0.7825 0.4955 0.7825 0.495375 0.748 0.545 0.7478333333333333 0.545125 0.7823333333333333 0.545 0.7825
0 0.5795 0.8398333333333333 0.54875 0.8398333333333333 0.548625 0.748 0.5795 0.7478333333333333 0.579625 0.8396666666666667 0.5795 0.8398333333333333
0 0.3965 0.8398333333333333 0.29425 0.8398333333333333 0.294125 0.7623333333333333 0.3965 0.7621666666666667 0.396625 0.8396666666666667 0.3965 0.8398333333333333
0 0.545 0.8398333333333333 0.4955 0.8398333333333333 0.495375 0.7866666666666666 0.545 0.7865 0.545125 0.8396666666666667 0.545 0.8398333333333333