0 0.9653882132834425 0.2642209398186315 0.872778297474275 0.2642209398186315 0.872310570626754 0.0651277823577906 0.9653882132834425 0.06471558120362737 0.9658559401309635 0.26380873866446825 0.9653882132834425 0.2642209398186315
0 0.9653882132834425 0.341714756801319 0.9186155285313377 0.341714756801319 0.9181478016838166 0.27040395713107995 0.9653882132834425 0.2699917559769167 0.9658559401309635 0.34130255564715584 0.9653882132834425 0.341714756801319
0 0.3489242282507016 0.4497114591920857 0.1580916744621141 0.4497114591920857 0.15762394761459309 0.3536685902720528 0.3489242282507016 0.35325638911788954 0.34939195509822263 0.44929925803792253 0.3489242282507016 0.4497114591920857
0 0.6548175865294668 0.5956306677658697 0.35640785781103834 0.5956306677658697 0.3559401309635173 0.3536685902720528 0.6623012160898035 0.35325638911788954 0.6627689429373246 0.49546578730420443 0.6557530402245089 0.49587798845836767 0.6552853133769878 0.5952184666117065 0.6548175865294668 0.5956306677658697
0 0.8157156220767072 0.47444352844187965 0.6632366697848456 0.47444352844187965 0.6627689429373246 0.3536685902720528 0.8157156220767072 0.35325638911788954 0.8161833489242283 0.4740313272877164 0.8157156220767072 0.47444352844187965
0 0.9653882132834425 0.46702390766694146 0.823199251637044 0.46702390766694146 0.8227315247895229 0.3536685902720528 0.9653882132834425 0.35325638911788954 0.9658559401309635 0.4666117065127782 0.9653882132834425 0.46702390766694146
0 0.3489242282507016 0.5956306677658697 0.1580916744621141 0.5956306677658697 0.15762394761459309 0.45507007419620776 0.3489242282507016 0.4546578730420445 0.34939195509822263 0.5952184666117065 0.3489242282507016 0.5956306677658697
0 0.7436856875584659 0.6022258862324814 0.6987839101964453 0.6022258862324814 0.6978484565014031 0.6014014839241549 0.6632366697848456 0.6014014839241549 0.6627689429373246 0.4748557295960429 0.8157156220767072 0.47444352844187965 0.8166510757717493 0.47361912613355317 0.8587464920486436 0.47361912613355317 0.8592142188961647 0.6009892827699918 0.744621141253508 0.6014014839241549 0.7436856875584659 0.6022258862324814
0 0.9653882132834425 0.6014014839241549 0.8662301216089804 0.6014014839241549 0.8657623947614593 0.4740313272877164 0.9653882132834425 0.47361912613355317 0.9658559401309635 0.6009892827699918 0.9653882132834425 0.6014014839241549
0 0.7436856875584659 0.7984336356141797 0.6192703461178671 0.7984336356141797 0.6188026192703461 0.683429513602638 0.5846585594013096 0.6533388293487222 0.5813844714686623 0.651277823577906 0.5809167446211413 0.6500412201154163 0.5776426566884939 0.6479802143446002 0.5762394761459307 0.645919208573784 0.5729653882132835 0.6438582028029678 0.5724976613657624 0.6426215993404781 0.569223573433115 0.640560593569662 0.568755846585594 0.6393239901071723 0.5645463049579046 0.6364385820280297 0.5640785781103835 0.63520197856554 0.5608044901777361 0.6331409727947238 0.5603367633302152 0.6319043693322342 0.5570626753975678 0.629843363561418 0.5556594948550047 0.6277823577906018 0.5523854069223574 0.6257213520197856 0.5519176800748363 0.624484748557296 0.5051449953227315 0.624484748557296 0.5046772684752104 0.596042868920033 0.6548175865294668 0.5956306677658697 0.6552853133769878 0.4962901896125309 0.6623012160898035 0.49587798845836767 0.6627689429373246 0.6009892827699918 0.6978484565014031 0.6014014839241549 0.6987839101964453 0.6022258862324814 0.7436856875584659 0.6022258862324814 0.7441534144059869 0.7980214344600165 0.7436856875584659 0.7984336356141797
0 0.441534144059869 0.859439406430338 0.29560336763330214 0.859439406430338 0.2951356407857811 0.6026380873866447 0.49485500467726845 0.6022258862324814 0.4953227315247895 0.6900247320692497 0.4424695977549111 0.690436933223413 0.44200187090739007 0.8590272052761748 0.441534144059869 0.859439406430338
0 0.833489242282507 0.6624072547403133 0.7521047708138447 0.6624072547403133 0.7516370439663237 0.6084089035449299 0.833489242282507 0.6079967023907666 0.833956969130028 0.6619950535861501 0.833489242282507 0.6624072547403133
0 0.9653882132834425 0.6830173124484749 0.842843779232928 0.6830173124484749 0.8423760523854069 0.6084089035449299 0.9653882132834425 0.6079967023907666 0.9658559401309635 0.6826051112943117 0.9653882132834425 0.6830173124484749
0 0.6108512628624883 0.690436933223413 0.5032740879326474 0.690436933223413 0.5028063610851263 0.6323165704863973 0.5500467726847521 0.6319043693322342 0.5509822263797942 0.6335531739488871 0.5542563143124415 0.6356141797197032 0.5547240411599625 0.6368507831821929 0.558933582787652 0.6397361912613355 0.5594013096351731 0.6409727947238252 0.5626753975678204 0.6430338004946414 0.5631431244153414 0.6442704039571311 0.5673526660430309 0.6471558120362737 0.567820392890552 0.6483924154987634 0.5710944808231992 0.6504534212695795 0.5715622076707203 0.6516900247320693 0.5748362956033677 0.6537510305028854 0.5753040224508886 0.6549876339653751 0.5795135640785781 0.6578730420445177 0.5799812909260992 0.6591096455070075 0.5832553788587465 0.6611706512778236 0.5837231057062675 0.6624072547403133 0.587932647333957 0.6652926628194559 0.5884003741814781 0.6665292662819456 0.5916744621141253 0.6685902720527618 0.5921421889616464 0.6698268755152514 0.6000935453695042 0.6760098928277 0.6005612722170253 0.6772464962901896 0.6038353601496725 0.6793075020610058 0.6043030869971936 0.6805441055234954 0.6085126286248831 0.683429513602638 0.6089803554724041 0.6846661170651278 0.6113189897100093 0.6859027205276175 0.6113189897100093 0.6900247320692497 0.6108512628624883 0.690436933223413
0 0.9653882132834425 0.859439406430338 0.7521047708138447 0.859439406430338 0.7516370439663237 0.6685902720527618 0.833489242282507 0.6681780708985985 0.833956969130028 0.6900247320692497 0.9653882132834425 0.690436933223413 0.9658559401309635 0.8590272052761748 0.9653882132834425 0.859439406430338
0 0.6108512628624883 0.859439406430338 0.4499532273152479 0.859439406430338 0.44948550046772684 0.6974443528441879 0.6108512628624883 0.6970321516900247 0.6113189897100093 0.8590272052761748 0.6108512628624883 0.859439406430338
0 0.7436856875584659 0.859439406430338 0.6192703461178671 0.859439406430338 0.6188026192703461 0.8054410552349547 0.7436856875584659 0.8050288540807914 0.7441534144059869 0.8590272052761748 0.7436856875584659 0.859439406430338