0 0.33125 0.6383333333333333 0.12875 0.6383333333333333 0.1284375 0.021111111111111112 0.33125 0.020555555555555556 0.3321875 0.022222222222222223 0.3321875 0.4688888888888889 0.3315625 0.47 0.3315625 0.6377777777777778 0.33125 0.6383333333333333
0 0.485625 0.3461111111111111 0.3375 0.3461111111111111 0.3371875 0.021111111111111112 0.485625 0.020555555555555556 0.4859375 0.34555555555555556 0.485625 0.3461111111111111
0 0.59875 0.5461111111111111 0.530625 0.5461111111111111 0.5303125 0.022222222222222223 0.59875 0.021666666666666667 0.5990625 0.5455555555555556 0.59875 0.5461111111111111
0 0.81625 0.3638888888888889 0.609375 0.3638888888888889 0.6090625 0.022222222222222223 0.81625 0.021666666666666667 0.8165625 0.36333333333333334 0.81625 0.3638888888888889
0 0.8875 0.8594444444444445 0.82625 0.8594444444444445 0.8259375 0.022222222222222223 0.8875 0.021666666666666667 0.8878125 0.8588888888888889 0.8875 0.8594444444444445
0 0.485625 0.6916666666666667 0.3375 0.6916666666666667 0.3371875 0.6388888888888888 0.331875 0.6383333333333333 0.3315625 0.47 0.336875 0.46944444444444444 0.3371875 0.35555555555555557 0.485625 0.355 0.4859375 0.6911111111111111 0.485625 0.6916666666666667
0 0.73 0.6405555555555555 0.530625 0.6405555555555555 0.5303125 0.5644444444444444 0.60875 0.5638888888888889 0.6090625 0.37222222222222223 0.716875 0.37166666666666665 0.7171875 0.4177777777777778 0.73 0.41833333333333333 0.7303125 0.64 0.73 0.6405555555555555
0 0.81625 0.4961111111111111 0.735 0.4961111111111111 0.7346875 0.41888888888888887 0.75375 0.41833333333333333 0.7540625 0.37222222222222223 0.81625 0.37166666666666665 0.8165625 0.4955555555555556 0.81625 0.4961111111111111
0 0.81625 0.6405555555555555 0.735 0.6405555555555555 0.7346875 0.5044444444444445 0.81625 0.5038888888888889 0.8165625 0.64 0.81625 0.6405555555555555
0 0.175625 0.8605555555555555 0.12875 0.8605555555555555 0.1284375 0.6488888888888888 0.175625 0.6483333333333333 0.1759375 0.86 0.175625 0.8605555555555555
0 0.245625 0.7416666666666667 0.180625 0.7416666666666667 0.1803125 0.6488888888888888 0.245625 0.6483333333333333 0.2459375 0.7411111111111112 0.245625 0.7416666666666667
0 0.331875 0.8605555555555555 0.180625 0.8605555555555555 0.1803125 0.7511111111111111 0.25 0.7505555555555555 0.2503125 0.6488888888888888 0.331875 0.6483333333333333 0.3321875 0.86 0.331875 0.8605555555555555
0 0.81625 0.8594444444444445 0.609375 0.8594444444444445 0.6090625 0.6488888888888888 0.81625 0.6483333333333333 0.8165625 0.8588888888888889 0.81625 0.8594444444444445
0 0.59875 0.8594444444444445 0.530625 0.8594444444444445 0.5303125 0.6588888888888889 0.59875 0.6583333333333333 0.5990625 0.8588888888888889 0.59875 0.8594444444444445
0 0.4125 0.8605555555555555 0.3375 0.8605555555555555 0.3371875 0.7011111111111111 0.4125 0.7005555555555556 0.4128125 0.86 0.4125 0.8605555555555555
0 0.485625 0.8605555555555555 0.418125 0.8605555555555555 0.4178125 0.7011111111111111 0.485625 0.7005555555555556 0.4859375 0.86 0.485625 0.8605555555555555