0 0.42939481268011526 0.37026726057906456 0.2862632084534102 0.37026726057906456 0.28578290105667625 0.1358574610244989 0.42939481268011526 0.13530066815144767 0.4298751200768492 0.36971046770601335 0.42939481268011526 0.37026726057906456
0 0.6791546589817483 0.3769487750556793 0.43419788664745435 0.3769487750556793 0.43371757925072046 0.1358574610244989 0.6791546589817483 0.13530066815144767 0.6796349663784822 0.37639198218262804 0.6791546589817483 0.3769487750556793
0 0.861671469740634 0.41815144766146994 0.6868395773294909 0.41815144766146994 0.686359269932757 0.1358574610244989 0.861671469740634 0.13530066815144767 0.8621517771373679 0.41759465478841873 0.861671469740634 0.41815144766146994
0 0.27857829010566765 0.2433184855233853 0.17483189241114314 0.2433184855233853 0.17435158501440923 0.13697104677060135 0.27857829010566765 0.1364142538975501 0.27905859750240153 0.24276169265033407 0.27857829010566765 0.2433184855233853
0 0.2804995196926033 0.37026726057906456 0.1729106628242075 0.37026726057906456 0.1724303554274736 0.25278396436525613 0.2804995196926033 0.2522271714922049 0.28097982708933716 0.36971046770601335 0.2804995196926033 0.37026726057906456
0 0.29490874159462055 0.6185968819599109 0.1729106628242075 0.6185968819599109 0.1724303554274736 0.3775055679287305 0.29490874159462055 0.3769487750556793 0.2953890489913545 0.6180400890868597 0.29490874159462055 0.6185968819599109
0 0.4265129682997118 0.7210467706013363 0.3035542747358309 0.7210467706013363 0.30307396733909703 0.3775055679287305 0.43419788664745435 0.3769487750556793 0.4346781940441883 0.4910913140311804 0.4274735830931796 0.4916481069042316 0.42699327569644574 0.720489977728285 0.4265129682997118 0.7210467706013363
0 0.6791546589817483 0.7210467706013363 0.43419788664745435 0.7210467706013363 0.43371757925072046 0.4922048997772829 0.4346781940441883 0.4910913140311804 0.4346781940441883 0.3775055679287305 0.6791546589817483 0.3769487750556793 0.6796349663784822 0.720489977728285 0.6791546589817483 0.7210467706013363
0 0.861671469740634 0.4916481069042316 0.6868395773294909 0.4916481069042316 0.686359269932757 0.42538975501113585 0.861671469740634 0.42483296213808464 0.8621517771373679 0.4910913140311804 0.861671469740634 0.4916481069042316
0 0.861671469740634 0.7210467706013363 0.6868395773294909 0.7210467706013363 0.686359269932757 0.49888641425389757 0.861671469740634 0.4983296213808463 0.8621517771373679 0.720489977728285 0.861671469740634 0.7210467706013363
0 0.29490874159462055 0.7210467706013363 0.1729106628242075 0.7210467706013363 0.1724303554274736 0.6314031180400891 0.29490874159462055 0.6308463251670379 0.2953890489913545 0.720489977728285 0.29490874159462055 0.7210467706013363