0 0.5328244274809161 0.18469785575048733 0.4396946564885496 0.18469785575048733 0.4389312977099237 0.021442495126705652 0.7435114503816794 0.020955165692007796 0.7442748091603053 0.1793372319688109 0.5633587786259542 0.17982456140350878 0.5625954198473282 0.1539961013645224 0.5343511450381679 0.15350877192982457 0.533587786259542 0.18421052631578946 0.5328244274809161 0.18469785575048733
0 0.30229007633587784 0.2080896686159844 0.17709923664122137 0.2080896686159844 0.1763358778625954 0.025341130604288498 0.30229007633587784 0.024853801169590642 0.30305343511450383 0.20760233918128654 0.30229007633587784 0.2080896686159844
0 0.4305343511450382 0.12231968810916179 0.3114503816793893 0.12231968810916179 0.31068702290076333 0.025341130604288498 0.4305343511450382 0.024853801169590642 0.4312977099236641 0.12183235867446393 0.4305343511450382 0.12231968810916179
0 0.4305343511450382 0.2080896686159844 0.3114503816793893 0.2080896686159844 0.31068702290076333 0.1267056530214425 0.4305343511450382 0.12621832358674465 0.4312977099236641 0.20760233918128654 0.4305343511450382 0.2080896686159844
0 0.7435114503816794 0.37475633528265107 0.5267175572519084 0.37475633528265107 0.5251908396946565 0.3737816764132554 0.4396946564885496 0.3737816764132554 0.4389312977099237 0.3235867446393762 0.43206106870229005 0.3230994152046784 0.4305343511450382 0.32212475633528265 0.17709923664122137 0.32212475633528265 0.1763358778625954 0.2134502923976608 0.4381679389312977 0.21296296296296297 0.4389312977099237 0.18518518518518517 0.7435114503816794 0.18469785575048733 0.7442748091603053 0.3742690058479532 0.7435114503816794 0.37475633528265107
0 0.4305343511450382 0.5141325536062378 0.17709923664122137 0.5141325536062378 0.1763358778625954 0.3226120857699805 0.4305343511450382 0.32212475633528265 0.4312977099236641 0.51364522417154 0.4305343511450382 0.5141325536062378
0 0.6198473282442748 0.5969785575048733 0.4396946564885496 0.5969785575048733 0.4389312977099237 0.3742690058479532 0.5251908396946565 0.3737816764132554 0.5259541984732824 0.442495126705653 0.6198473282442748 0.44298245614035087 0.6206106870229008 0.5964912280701754 0.6198473282442748 0.5969785575048733
0 0.6198473282442748 0.439083820662768 0.5328244274809161 0.439083820662768 0.5320610687022901 0.3791423001949318 0.6198473282442748 0.3786549707602339 0.6206106870229008 0.43859649122807015 0.6198473282442748 0.439083820662768
0 0.8732824427480916 0.5190058479532164 0.6274809160305344 0.5190058479532164 0.6267175572519084 0.3791423001949318 0.8732824427480916 0.3786549707602339 0.8740458015267175 0.5185185185185185 0.8732824427480916 0.5190058479532164
0 0.4305343511450382 0.6671539961013645 0.17709923664122137 0.6671539961013645 0.1763358778625954 0.5185185185185185 0.4305343511450382 0.5180311890838206 0.4312977099236641 0.6666666666666666 0.4305343511450382 0.6671539961013645
0 0.8732824427480916 0.6671539961013645 0.6274809160305344 0.6671539961013645 0.6267175572519084 0.5233918128654971 0.8732824427480916 0.5229044834307992 0.8740458015267175 0.6666666666666666 0.8732824427480916 0.6671539961013645
0 0.5251908396946565 0.6671539961013645 0.4396946564885496 0.6671539961013645 0.4389312977099237 0.601364522417154 0.5251908396946565 0.6008771929824561 0.5259541984732824 0.6666666666666666 0.5251908396946565 0.6671539961013645
0 0.6198473282442748 0.6671539961013645 0.5328244274809161 0.6671539961013645 0.5320610687022901 0.601364522417154 0.6198473282442748 0.6008771929824561 0.6206106870229008 0.6666666666666666 0.6198473282442748 0.6671539961013645
0 0.7648854961832061 0.800682261208577 0.5557251908396946 0.800682261208577 0.5549618320610687 0.6832358674463938 0.7648854961832061 0.6827485380116959 0.7656488549618321 0.8001949317738791 0.7648854961832061 0.800682261208577
0 0.8839694656488549 0.800682261208577 0.7740458015267175 0.800682261208577 0.7732824427480917 0.6832358674463938 0.8839694656488549 0.6827485380116959 0.8847328244274809 0.8001949317738791 0.8839694656488549 0.800682261208577
0 0.4900763358778626 0.9702729044834308 0.14961832061068703 0.9702729044834308 0.14885496183206107 0.6842105263157895 0.4351145038167939 0.6837231968810916 0.43587786259541983 0.7709551656920078 0.45267175572519086 0.7816764132553606 0.47022900763358777 0.793859649122807 0.4900763358778626 0.793859649122807 0.4908396946564885 0.969785575048733 0.4900763358778626 0.9702729044834308
0 0.8839694656488549 0.9595516569200779 0.5083969465648855 0.9595516569200779 0.5076335877862596 0.8060428849902534 0.8839694656488549 0.8055555555555556 0.8847328244274809 0.9590643274853801 0.8839694656488549 0.9595516569200779