0 0.2836676217765043 0.4457762557077626 0.15329512893982808 0.4457762557077626 0.15257879656160458 0.2100456621004566 0.2836676217765043 0.20947488584474885 0.2843839541547278 0.4452054794520548 0.2836676217765043 0.4457762557077626
0 0.44126074498567336 0.5450913242009132 0.29369627507163326 0.5450913242009132 0.29297994269340977 0.2100456621004566 0.49283667621776506 0.20947488584474885 0.49355300859598855 0.3618721461187215 0.48424068767908307 0.3624429223744292 0.4835243553008596 0.4520547945205479 0.49283667621776506 0.4526255707762557 0.49355300859598855 0.5045662100456622 0.44269340974212035 0.5051369863013698 0.44197707736389685 0.5445205479452054 0.44126074498567336 0.5450913242009132
0 0.8595988538681948 0.5051369863013698 0.49426934097421205 0.5051369863013698 0.49355300859598855 0.2100456621004566 0.8595988538681948 0.20947488584474885 0.8603151862464183 0.5045662100456622 0.8595988538681948 0.5051369863013698
0 0.49283667621776506 0.4526255707762557 0.48424068767908307 0.4526255707762557 0.4835243553008596 0.363013698630137 0.49283667621776506 0.3624429223744292 0.49355300859598855 0.4520547945205479 0.49283667621776506 0.4526255707762557
0 0.2836676217765043 0.5348173515981736 0.15329512893982808 0.5348173515981736 0.15257879656160458 0.4520547945205479 0.2836676217765043 0.4514840182648402 0.2843839541547278 0.5342465753424658 0.2836676217765043 0.5348173515981736
0 0.5902578796561605 0.8281963470319634 0.4512893982808023 0.8281963470319634 0.4505730659025788 0.5057077625570776 0.5902578796561605 0.5051369863013698 0.5909742120343839 0.8276255707762558 0.5902578796561605 0.8281963470319634
0 0.7292263610315186 0.598744292237443 0.6002865329512894 0.598744292237443 0.5995702005730659 0.5136986301369864 0.7292263610315186 0.5131278538812786 0.7299426934097422 0.5981735159817352 0.7292263610315186 0.598744292237443
0 0.8595988538681948 0.8281963470319634 0.6002865329512894 0.8281963470319634 0.5995702005730659 0.6050228310502284 0.7392550143266475 0.6044520547945206 0.7399713467048711 0.5136986301369864 0.8595988538681948 0.5131278538812786 0.8603151862464183 0.8276255707762558 0.8595988538681948 0.8281963470319634
0 0.2822349570200573 0.6341324200913242 0.16189111747851004 0.6341324200913242 0.16117478510028654 0.54337899543379 0.2822349570200573 0.5428082191780822 0.2829512893982808 0.6335616438356164 0.2822349570200573 0.6341324200913242
0 0.44126074498567336 0.6375570776255708 0.29369627507163326 0.6375570776255708 0.29297994269340977 0.5684931506849316 0.3151862464183381 0.5679223744292238 0.3159025787965616 0.5513698630136986 0.3638968481375358 0.5507990867579908 0.3653295128939828 0.5519406392694064 0.44126074498567336 0.5519406392694064 0.44197707736389685 0.636986301369863 0.44126074498567336 0.6375570776255708
0 0.44126074498567336 0.8281963470319634 0.15329512893982808 0.8281963470319634 0.15257879656160458 0.6449771689497716 0.44126074498567336 0.644406392694064 0.44197707736389685 0.8276255707762558 0.44126074498567336 0.8281963470319634
0 0.6747851002865329 0.9720319634703196 0.5730659025787965 0.9720319634703196 0.5723495702005731 0.8493150684931506 0.6747851002865329 0.848744292237443 0.6755014326647565 0.9714611872146118 0.6747851002865329 0.9720319634703196