0 0.31625 0.38916666666666666 0.1975 0.38916666666666666 0.196875 0.13833333333333334 0.31625 0.1375 0.316875 0.3883333333333333 0.31625 0.38916666666666666
0 0.47125 0.38916666666666666 0.32375 0.38916666666666666 0.323125 0.13833333333333334 0.47125 0.1375 0.471875 0.3883333333333333 0.47125 0.38916666666666666
0 0.67375 0.3875 0.515 0.3875 0.514375 0.13833333333333334 0.67375 0.1375 0.674375 0.38666666666666666 0.67375 0.3875
0 0.78125 0.27416666666666667 0.68125 0.27416666666666667 0.680625 0.13833333333333334 0.78125 0.1375 0.781875 0.2733333333333333 0.78125 0.27416666666666667
0 0.7525 0.4775 0.68125 0.4775 0.680625 0.275 0.78125 0.27416666666666667 0.781875 0.4633333333333333 0.75375 0.46416666666666667 0.753125 0.4766666666666667 0.7525 0.4775
0 0.65125 0.5908333333333333 0.515 0.5908333333333333 0.514375 0.5166666666666667 0.58875 0.5158333333333334 0.589375 0.5083333333333333 0.515 0.5075 0.514375 0.3883333333333333 0.67375 0.3875 0.674375 0.4766666666666667 0.6525 0.4775 0.651875 0.59 0.65125 0.5908333333333333
0 0.385 0.5075 0.1975 0.5075 0.196875 0.39666666666666667 0.385 0.3958333333333333 0.385625 0.5066666666666667 0.385 0.5075
0 0.46625 0.5075 0.39125 0.5075 0.390625 0.39666666666666667 0.46625 0.3958333333333333 0.466875 0.5066666666666667 0.46625 0.5075
0 0.78125 0.6525 0.65875 0.6525 0.658125 0.485 0.78125 0.4841666666666667 0.781875 0.6516666666666666 0.78125 0.6525
0 0.31125 0.6525 0.1975 0.6525 0.196875 0.515 0.31125 0.5141666666666667 0.311875 0.6516666666666666 0.31125 0.6525
0 0.47125 0.6525 0.3175 0.6525 0.316875 0.515 0.47125 0.5141666666666667 0.471875 0.6516666666666666 0.47125 0.6525
0 0.58375 0.6525 0.515 0.6525 0.514375 0.5983333333333334 0.58375 0.5975 0.584375 0.6516666666666666 0.58375 0.6525
0 0.65125 0.6525 0.59 0.6525 0.589375 0.5983333333333334 0.65125 0.5975 0.651875 0.6516666666666666 0.65125 0.6525
0 0.59125 0.8858333333333334 0.515 0.8858333333333334 0.514375 0.745 0.59125 0.7441666666666666 0.591875 0.885 0.59125 0.8858333333333334