0 0.44412670479542454 0.415058949624866 0.35701715794104705 0.415058949624866 0.35690717113946324 0.39013933547695606 0.27144742630884294 0.38987138263665594 0.27133743950725914 0.15005359056806003 0.27155741311042675 0.1495176848874598 0.27166739991201055 0.1487138263665595 0.2728772547294325 0.14630225080385853 0.2729872415310163 0.1454983922829582 0.2744170699516058 0.14255091103965703 0.2745270567531896 0.1417470525187567 0.27573691157061153 0.13933547695605572 0.27584689837219534 0.1385316184351554 0.27716673999120106 0.13585209003215434 0.2774967003959525 0.13558413719185422 0.2785965684117906 0.13236870310825294 0.2787065552133744 0.13156484458735263 0.2800263968323801 0.12888531618435156 0.28035635723713154 0.12861736334405144 0.28145622525296965 0.12540192926045016 0.28156621205455346 0.12459807073954984 0.2828860536735592 0.12191854233654877 0.2832160140783106 0.12165058949624866 0.2843158820941487 0.11843515541264737 0.2844258688957325 0.11763129689174705 0.28574571051473824 0.11495176848874598 0.28607567091948966 0.11468381564844587 0.2865156181258249 0.11307609860664523 0.2866256049274087 0.1122722400857449 0.3416190057193137 0.1122722400857449 0.34238891333040034 0.11414790996784566 0.3427188737351518 0.11548767416934619 0.34392872855257367 0.11789924973204716 0.3440387153541575 0.11870310825294748 0.3452485701715794 0.12111468381564845 0.34557853057633087 0.12245444801714898 0.34678838539375273 0.12486602357984995 0.34689837219533654 0.12566988210075028 0.34810822701275845 0.12808145766345122 0.3484381874175099 0.12942122186495178 0.3496480422349318 0.13183279742765272 0.3497580290365156 0.13263665594855306 0.3509678838539375 0.13504823151125403 0.351297844258689 0.13638799571275456 0.35250769907611085 0.13879957127545553 0.35261768587769465 0.13960342979635584 0.35382754069511657 0.1420150053590568 0.354157501099868 0.14335476956055734 0.3553673559172899 0.1457663451232583 0.3554773427188737 0.14657020364415863 0.35668719753629563 0.1489817792068596 0.35679718433787944 0.1497856377277599 0.3572371315442147 0.1497856377277599 0.3573471183457985 0.20739549839228297 0.44412670479542454 0.20766345123258306 0.44423669159700835 0.41479099678456594 0.44412670479542454 0.415058949624866
0 0.7391113066432028 0.5018756698821008 0.6150461944566652 0.5018756698821008 0.6149362076550814 0.2095391211146838 0.7406511218653762 0.20927116827438372 0.74076110866696 0.1527331189710611 0.741311042674879 0.152465166130761 0.7424109106907171 0.1497856377277599 0.7427408710954685 0.1495176848874598 0.7438407391113067 0.14630225080385853 0.7439507259128905 0.1454983922829582 0.7452705675318961 0.14281886387995713 0.7456005279366476 0.14255091103965703 0.7463704355477343 0.14013933547695606 0.7468103827540695 0.14013933547695606 0.7471403431588209 0.13933547695605572 0.7481302243730752 0.13638799571275456 0.7486801583809943 0.13558413719185422 0.749450065992081 0.13317256162915328 0.75 0.13236870310825294 0.7509898812142543 0.12942122186495178 0.7515398152221734 0.12861736334405144 0.7518697756269248 0.1272775991425509 0.75230972283326 0.1267416934619507 0.7530796304443467 0.12540192926045016 0.7538495380554333 0.1229903536977492 0.7546194456665201 0.12165058949624866 0.7551693796744391 0.1197749196141479 0.7559392872855257 0.11843515541264737 0.7567091948966124 0.1160235798499464 0.7573691157061153 0.11495176848874598 0.8108227012758469 0.11495176848874598 0.8120325560932689 0.11789924973204716 0.8121425428948527 0.11870310825294748 0.8133523977122745 0.12111468381564845 0.8134623845138583 0.12191854233654877 0.8148922129344479 0.12486602357984995 0.8150021997360317 0.12566988210075028 0.8162120545534536 0.12808145766345122 0.8163220413550374 0.12888531618435156 0.817751869775627 0.13183279742765272 0.8178618565772108 0.13263665594855306 0.8187417509898812 0.1342443729903537 0.8191816981962164 0.1347802786709539 0.8195116586009679 0.13504823151125403 0.8207215134183898 0.1385316184351554 0.8210514738231413 0.13879957127545553 0.8220413550373955 0.1417470525187567 0.8223713154421469 0.1420150053590568 0.8235811702595689 0.1454983922829582 0.8239111306643203 0.1457663451232583 0.8249010118785746 0.1487138263665595 0.825230972283326 0.1489817792068596 0.826440827100748 0.152465166130761 0.8267707875054994 0.1527331189710611 0.8268807743070832 0.1535369774919614 0.8272107347118346 0.15380493033226153 0.8272107347118346 0.2090032154340836 0.826990761108667 0.2095391211146838 0.826990761108667 0.3896034297963558 0.7408710954685438 0.38987138263665594 0.7406511218653762 0.38933547695605575 0.7393312802463704 0.38933547695605575 0.7392212934447866 0.5016077170418006 0.7391113066432028 0.5018756698821008
0 0.26704795424549055 0.38022508038585207 0.14562252529696437 0.38022508038585207 0.14551253849538057 0.20739549839228297 0.26704795424549055 0.20712754555198284 0.26715794104707435 0.379957127545552 0.26704795424549055 0.38022508038585207
0 0.9150901891772987 0.41559485530546625 0.8271007479102508 0.41559485530546625 0.826990761108667 0.2095391211146838 0.9150901891772987 0.20927116827438372 0.9152001759788825 0.4153269024651661 0.9150901891772987 0.41559485530546625
0 0.08029036515618126 0.4959807073954984 0.016937967443906733 0.4959807073954984 0.01682798064232292 0.3054662379421222 0.08029036515618126 0.30519828510182206 0.08040035195776507 0.4957127545551983 0.08029036515618126 0.4959807073954984
0 0.8297404311482622 0.6535369774919614 0.7393312802463704 0.6535369774919614 0.7392212934447866 0.3896034297963558 0.7406511218653762 0.38933547695605575 0.7408710954685438 0.38987138263665594 0.8268807743070832 0.38987138263665594 0.826990761108667 0.4153269024651661 0.8512978442586889 0.41559485530546625 0.8514078310602727 0.5326902465166131 0.8508578970523537 0.5340300107181136 0.8505279366476023 0.5342979635584137 0.8493180818301804 0.5377813504823151 0.8489881214254289 0.5380493033226152 0.8479982402111746 0.5409967845659164 0.8476682798064232 0.5412647374062165 0.8464584249890014 0.5447481243301179 0.8461284645842498 0.545016077170418 0.8451385833699956 0.5479635584137191 0.8448086229652442 0.5482315112540193 0.8435987681478223 0.5517148981779206 0.8432688077430708 0.5519828510182208 0.8422789265288165 0.554930332261522 0.8419489661240651 0.5551982851018221 0.8407391113066432 0.5586816720257235 0.8404091509018917 0.5589496248660236 0.8394192696876375 0.5618971061093248 0.839089309282886 0.5621650589496249 0.8378794544654642 0.5656484458735263 0.8375494940607127 0.5659163987138264 0.8365596128464584 0.5688638799571275 0.836229652441707 0.5691318327974276 0.8350197976242851 0.572615219721329 0.8346898372195336 0.5728831725616291 0.8336999560052794 0.5758306538049304 0.8333699956005279 0.5760986066452305 0.8321601407831061 0.5795819935691319 0.8318301803783545 0.579849946409432 0.8308402991641003 0.5827974276527331 0.8305103387593489 0.5830653804930332 0.829850417949846 0.5852090032154341 0.829850417949846 0.6532690246516613 0.8297404311482622 0.6535369774919614
0 0.3178618565772107 0.6578242229367631 0.2692476902771667 0.6578242229367631 0.2691377034755829 0.5016077170418006 0.23427188737351518 0.5013397642015005 0.23416190057193137 0.39067524115755625 0.2685877694676639 0.3904072883172562 0.2686977562692477 0.43193997856377275 0.283545974483062 0.4322079314040729 0.2836559612846458 0.3992497320471597 0.31808183018037833 0.39898177920685957 0.31819181698196214 0.39013933547695606 0.35679718433787944 0.38987138263665594 0.35690717113946324 0.41479099678456594 0.35668719753629563 0.4153269024651661 0.35668719753629563 0.5016077170418006 0.31808183018037833 0.5018756698821008 0.3179718433787945 0.657556270096463 0.3178618565772107 0.6578242229367631
0 0.22987241531016278 0.5393890675241158 0.14958205015398152 0.5393890675241158 0.1494720633523977 0.5021436227224009 0.14562252529696437 0.5018756698821008 0.14551253849538057 0.39067524115755625 0.22987241531016278 0.3904072883172562 0.2299824021117466 0.5391211146838156 0.22987241531016278 0.5393890675241158
0 0.9150901891772987 0.5340300107181136 0.8543774747030356 0.5340300107181136 0.8542674879014518 0.42229367631296894 0.9150901891772987 0.4220257234726688 0.9152001759788825 0.5337620578778135 0.9150901891772987 0.5340300107181136
0 0.44412670479542454 0.5667202572347267 0.3607567091948966 0.5667202572347267 0.3606467223933128 0.42604501607717044 0.44412670479542454 0.4257770632368703 0.44423669159700835 0.5664523043944266 0.44412670479542454 0.5667202572347267
0 0.6544214694236692 0.7537513397642015 0.559612846458425 0.7537513397642015 0.5595028596568412 0.5112540192926045 0.6544214694236692 0.5109860664523044 0.654531456225253 0.7534833869239014 0.6544214694236692 0.7537513397642015
0 0.7364716234051913 0.7537513397642015 0.6575010998680159 0.7537513397642015 0.657391113066432 0.5112540192926045 0.7364716234051913 0.5109860664523044 0.7365816102067752 0.7534833869239014 0.7364716234051913 0.7537513397642015
0 0.7369115706115266 0.7537513397642015 0.7365816102067752 0.7534833869239014 0.7365816102067752 0.5112540192926045 0.7369115706115266 0.5109860664523044 0.7370215574131104 0.7534833869239014 0.7369115706115266 0.7537513397642015
0 0.2652881654201496 0.7553590568060021 0.09018917729872415 0.7553590568060021 0.09007919049714035 0.5133976420150054 0.14518257809062912 0.5131296891747053 0.14529256489221293 0.5493033226152197 0.23405191377034756 0.5495712754555199 0.23416190057193137 0.5155412647374062 0.2652881654201496 0.5152733118971061 0.2653981522217334 0.755091103965702 0.2652881654201496 0.7553590568060021
0 0.3565772107347118 0.6267416934619507 0.3222613286405631 0.6267416934619507 0.3221513418389793 0.5144694533762058 0.3565772107347118 0.5142015005359056 0.35668719753629563 0.6264737406216506 0.3565772107347118 0.6267416934619507
0 0.9150901891772987 0.7537513397642015 0.8328200615926089 0.7537513397642015 0.8327100747910251 0.5884244372990354 0.8333699956005279 0.5868167202572347 0.8334799824021117 0.5860128617363344 0.8346898372195336 0.5836012861736335 0.8347998240211175 0.5827974276527331 0.8360096788385394 0.5803858520900321 0.8363396392432908 0.5790460878885316 0.8375494940607127 0.5766345123258306 0.8376594808622966 0.5758306538049304 0.8388693356797184 0.5734190782422294 0.8391992960844699 0.5720793140407289 0.8404091509018917 0.5696677384780279 0.8405191377034756 0.5688638799571275 0.8417289925208975 0.5664523043944266 0.8420589529256489 0.565112540192926 0.8432688077430708 0.5627009646302251 0.8433787945446546 0.5618971061093248 0.8445886493620766 0.5594855305466238 0.844918609766828 0.5581457663451233 0.8461284645842498 0.5557341907824223 0.8462384513858336 0.554930332261522 0.8474483062032556 0.552518756698821 0.847778266608007 0.5511789924973205 0.8489881214254289 0.5487674169346195 0.8490981082270127 0.5479635584137191 0.8503079630444347 0.5455519828510182 0.8506379234491861 0.5442122186495176 0.851847778266608 0.5418006430868167 0.8519577650681918 0.5409967845659164 0.8523977122745271 0.5404608788853161 0.9150901891772987 0.5404608788853161 0.9152001759788825 0.7534833869239014 0.9150901891772987 0.7537513397642015
0 0.44412670479542454 0.7553590568060021 0.38187417509898813 0.7553590568060021 0.3817641882974043 0.6747052518756699 0.38143422789265286 0.6739013933547695 0.38110426748790144 0.6736334405144695 0.3800043994720633 0.6704180064308681 0.3798944126704795 0.6696141479099679 0.37868455785305766 0.6672025723472669 0.3785745710514738 0.6663987138263665 0.37714474263088427 0.6634512325830654 0.37703475582930046 0.662647374062165 0.37659480862296524 0.6621114683815649 0.37571491421029474 0.6605037513397642 0.3753849538055433 0.6602357984994641 0.3741750989881214 0.6567524115755627 0.37384513858337 0.6564844587352626 0.37285525736911573 0.6535369774919614 0.37252529696436426 0.6532690246516613 0.37153541575011 0.6503215434083601 0.37109546854377473 0.6503215434083601 0.3707655081390233 0.6495176848874598 0.3699956005279367 0.6471061093247589 0.3694456665200176 0.6463022508038585 0.3684557853057633 0.6433547695605574 0.36790585129784426 0.642550911039657 0.3671359436867576 0.640139335476956 0.36658600967883853 0.6393354769560557 0.3662560492740871 0.6379957127545552 0.3655961284645842 0.6369239013933548 0.3648262208534976 0.6355841371918542 0.36427628684557856 0.6337084673097535 0.36350637923449186 0.632368703108253 0.36273647162340517 0.629957127545552 0.3619665640123185 0.6286173633440515 0.3614166300043995 0.6267416934619507 0.3609766827980642 0.6262057877813505 0.3606467223933128 0.6259378349410504 0.3606467223933128 0.5787781350482315 0.44412670479542454 0.5785101822079314 0.44423669159700835 0.6757770632368703 0.43070831500219975 0.6760450160771704 0.43059832820061594 0.684887459807074 0.44412670479542454 0.685155412647374 0.44423669159700835 0.755091103965702 0.44412670479542454 0.7553590568060021
0 0.37769467663880335 0.7553590568060021 0.3222613286405631 0.7553590568060021 0.3221513418389793 0.6371918542336549 0.3594368675758909 0.6369239013933548 0.3598768147822261 0.6379957127545552 0.3604267487901452 0.6387995712754555 0.36119665640123183 0.6412111468381565 0.3617465904091509 0.6420150053590568 0.36251649802023755 0.6444265809217578 0.36328640563132425 0.6457663451232583 0.3638363396392433 0.647642015005359 0.36427628684557856 0.647642015005359 0.3648262208534976 0.6489817792068596 0.3653761548614166 0.6508574490889604 0.3663660360756709 0.6527331189710611 0.36691597008358995 0.6546087888531619 0.36768587769467664 0.6559485530546624 0.3682358117025957 0.6578242229367631 0.36867575890893095 0.6578242229367631 0.3694456665200176 0.6596998928188639 0.369775626924769 0.6610396570203644 0.3707655081390233 0.6629153269024651 0.37109546854377473 0.6642550911039657 0.37230532336119665 0.6666666666666666 0.37263528376594807 0.6680064308681672 0.37307523097228334 0.6685423365487674 0.37384513858337 0.669882100750268 0.3739551253849538 0.6706859592711683 0.3751649802023757 0.6730975348338692 0.3754949406071271 0.6744372990353698 0.37670479542454904 0.6768488745980707 0.37681478222613285 0.677652733118971 0.37747470303563574 0.6787245444801715 0.37780466344038716 0.6789924973204716 0.37780466344038716 0.755091103965702 0.37769467663880335 0.7553590568060021
0 0.7754069511658601 0.7537513397642015 0.7393312802463704 0.7537513397642015 0.7392212934447866 0.6607717041800643 0.7754069511658601 0.6605037513397642 0.7755169379674439 0.7534833869239014 0.7754069511658601 0.7537513397642015
0 0.8297404311482622 0.7537513397642015 0.7780466344038716 0.7537513397642015 0.7779366476022878 0.6607717041800643 0.8297404311482622 0.6605037513397642 0.829850417949846 0.7534833869239014 0.8297404311482622 0.7537513397642015
0 0.3178618565772107 0.7553590568060021 0.27078750549934005 0.7553590568060021 0.27067751869775625 0.6688102893890675 0.3178618565772107 0.6685423365487674 0.3179718433787945 0.755091103965702 0.3178618565772107 0.7553590568060021