0 0.5601023017902813 0.500599520383693 0.13043478260869565 0.500599520383693 0.12915601023017903 0.26019184652278177 0.5601023017902813 0.2595923261390887 0.5613810741687979 0.5 0.5601023017902813 0.500599520383693
0 0.8618925831202046 0.3962829736211031 0.5728900255754475 0.3962829736211031 0.571611253196931 0.26019184652278177 0.8618925831202046 0.2595923261390887 0.8631713554987213 0.39568345323741005 0.8618925831202046 0.3962829736211031
0 0.8618925831202046 0.5605515587529976 0.6879795396419437 0.5605515587529976 0.6867007672634271 0.5071942446043165 0.5728900255754475 0.5065947242206235 0.571611253196931 0.40167865707434053 0.8618925831202046 0.4010791366906475 0.8631713554987213 0.5599520383693045 0.8618925831202046 0.5605515587529976
0 0.37595907928388744 0.5689448441247003 0.13043478260869565 0.5689448441247003 0.12915601023017903 0.5059952038369304 0.37595907928388744 0.5053956834532374 0.3772378516624041 0.5683453237410072 0.37595907928388744 0.5689448441247003
0 0.6854219948849105 0.7044364508393285 0.4629156010230179 0.7044364508393285 0.4616368286445013 0.5695443645083933 0.3887468030690537 0.5689448441247003 0.3874680306905371 0.5059952038369304 0.5703324808184144 0.5053956834532374 0.5728900255754475 0.5065947242206235 0.6854219948849105 0.5065947242206235 0.6867007672634271 0.7038369304556354 0.6854219948849105 0.7044364508393285
0 0.8618925831202046 0.6193045563549161 0.6982097186700768 0.6193045563549161 0.69693094629156 0.565947242206235 0.8618925831202046 0.565347721822542 0.8631713554987213 0.6187050359712231 0.8618925831202046 0.6193045563549161
0 0.45012787723785164 0.7931654676258992 0.13043478260869565 0.7931654676258992 0.12915601023017903 0.5743405275779376 0.45012787723785164 0.5737410071942446 0.4514066496163683 0.7925659472422062 0.45012787723785164 0.7931654676258992
0 0.8542199488491049 0.7008393285371702 0.7058823529411765 0.7008393285371702 0.7046035805626598 0.6270983213429256 0.8542199488491049 0.6264988009592326 0.8554987212276215 0.7002398081534772 0.8542199488491049 0.7008393285371702
0 0.5882352941176471 0.7931654676258992 0.4629156010230179 0.7931654676258992 0.4616368286445013 0.709832134292566 0.5882352941176471 0.7092326139088729 0.5895140664961637 0.7925659472422062 0.5882352941176471 0.7931654676258992
0 0.8618925831202046 0.7931654676258992 0.59846547314578 0.7931654676258992 0.5971867007672634 0.709832134292566 0.8618925831202046 0.7092326139088729 0.8631713554987213 0.7925659472422062 0.8618925831202046 0.7931654676258992
0 0.8746803069053708 0.9526378896882494 0.6854219948849105 0.9526378896882494 0.6841432225063938 0.8093525179856115 0.8746803069053708 0.8087529976019184 0.8759590792838875 0.9520383693045563 0.8746803069053708 0.9526378896882494