0 0.25328330206378985 0.33747178329571104 0.150093808630394 0.33747178329571104 0.14915572232645402 0.15124153498871332 0.25328330206378985 0.15011286681715574 0.25422138836772984 0.3363431151241535 0.25328330206378985 0.33747178329571104
0 0.3395872420262664 0.29232505643340856 0.2607879924953096 0.29232505643340856 0.2598499061913696 0.15124153498871332 0.3395872420262664 0.15011286681715574 0.3405253283302064 0.291196388261851 0.3395872420262664 0.29232505643340856
0 0.450281425891182 0.33747178329571104 0.34709193245778613 0.33747178329571104 0.34615384615384615 0.15124153498871332 0.450281425891182 0.15011286681715574 0.45121951219512196 0.3363431151241535 0.450281425891182 0.33747178329571104
0 0.5647279549718575 0.33747178329571104 0.4596622889305816 0.33747178329571104 0.45872420262664165 0.15124153498871332 0.5647279549718575 0.15011286681715574 0.5656660412757973 0.3363431151241535 0.5647279549718575 0.33747178329571104
0 0.651031894934334 0.29232505643340856 0.5722326454033771 0.29232505643340856 0.5712945590994372 0.15124153498871332 0.651031894934334 0.15011286681715574 0.6519699812382739 0.291196388261851 0.651031894934334 0.29232505643340856
0 0.7617260787992496 0.33747178329571104 0.6585365853658537 0.33747178329571104 0.6575984990619137 0.15124153498871332 0.7617260787992496 0.15011286681715574 0.7626641651031895 0.3363431151241535 0.7617260787992496 0.33747178329571104
0 0.3395872420262664 0.4932279909706546 0.2607879924953096 0.4932279909706546 0.2598499061913696 0.3002257336343115 0.3395872420262664 0.29909706546275394 0.3405253283302064 0.49209932279909707 0.3395872420262664 0.4932279909706546
0 0.651031894934334 0.4932279909706546 0.5722326454033771 0.4932279909706546 0.5712945590994372 0.3002257336343115 0.651031894934334 0.29909706546275394 0.6519699812382739 0.49209932279909707 0.651031894934334 0.4932279909706546
0 0.25328330206378985 0.4255079006772009 0.150093808630394 0.4255079006772009 0.14915572232645402 0.345372460496614 0.25328330206378985 0.3442437923250564 0.25422138836772984 0.42437923250564336 0.25328330206378985 0.4255079006772009
0 0.3808630393996248 0.41196388261851014 0.34709193245778613 0.41196388261851014 0.34615384615384615 0.345372460496614 0.3808630393996248 0.3442437923250564 0.3818011257035647 0.4108352144469526 0.3808630393996248 0.41196388261851014
0 0.450281425891182 0.41196388261851014 0.3883677298311445 0.41196388261851014 0.3874296435272045 0.345372460496614 0.450281425891182 0.3442437923250564 0.45121951219512196 0.4108352144469526 0.450281425891182 0.41196388261851014
0 0.5234521575984991 0.41196388261851014 0.4596622889305816 0.41196388261851014 0.45872420262664165 0.345372460496614 0.5234521575984991 0.3442437923250564 0.524390243902439 0.4108352144469526 0.5234521575984991 0.41196388261851014
0 0.5647279549718575 0.41196388261851014 0.5309568480300187 0.41196388261851014 0.5300187617260788 0.345372460496614 0.5647279549718575 0.3442437923250564 0.5656660412757973 0.4108352144469526 0.5647279549718575 0.41196388261851014
0 0.7617260787992496 0.4255079006772009 0.6585365853658537 0.4255079006772009 0.6575984990619137 0.345372460496614 0.7617260787992496 0.3442437923250564 0.7626641651031895 0.42437923250564336 0.7617260787992496 0.4255079006772009
0 0.450281425891182 0.48645598194130923 0.34709193245778613 0.48645598194130923 0.34615384615384615 0.4198645598194131 0.450281425891182 0.4187358916478555 0.45121951219512196 0.4853273137697517 0.450281425891182 0.48645598194130923
0 0.5647279549718575 0.48645598194130923 0.4596622889305816 0.48645598194130923 0.45872420262664165 0.4198645598194131 0.5647279549718575 0.4187358916478555 0.5656660412757973 0.4853273137697517 0.5647279549718575 0.48645598194130923
0 0.2589118198874296 0.5135440180586908 0.150093808630394 0.5135440180586908 0.14915572232645402 0.43340857787810383 0.2589118198874296 0.4322799097065463 0.2598499061913696 0.5124153498871332 0.2589118198874296 0.5135440180586908
0 0.7617260787992496 0.5135440180586908 0.6529080675422139 0.5135440180586908 0.6519699812382739 0.43340857787810383 0.7617260787992496 0.4322799097065463 0.7626641651031895 0.5124153498871332 0.7617260787992496 0.5135440180586908
0 0.450281425891182 0.6196388261851016 0.24202626641651032 0.6196388261851016 0.24108818011257035 0.6049661399548533 0.23921200750469043 0.6027088036117382 0.23921200750469043 0.5146726862302483 0.2589118198874296 0.5135440180586908 0.2598499061913696 0.49435665914221216 0.450281425891182 0.4932279909706546 0.45121951219512196 0.618510158013544 0.450281425891182 0.6196388261851016
0 0.6697936210131332 0.6196388261851016 0.4596622889305816 0.6196388261851016 0.45872420262664165 0.49435665914221216 0.651031894934334 0.4932279909706546 0.6519699812382739 0.5124153498871332 0.6697936210131332 0.5135440180586908 0.6707317073170732 0.618510158013544 0.6697936210131332 0.6196388261851016
0 0.23452157598499063 0.5970654627539503 0.150093808630394 0.5970654627539503 0.14915572232645402 0.5214446952595937 0.23452157598499063 0.5203160270880361 0.2354596622889306 0.5959367945823928 0.23452157598499063 0.5970654627539503
0 0.7617260787992496 0.5993227990970654 0.6772983114446529 0.5993227990970654 0.6763602251407129 0.5214446952595937 0.7617260787992496 0.5203160270880361 0.7626641651031895 0.5981941309255079 0.7617260787992496 0.5993227990970654
0 0.450281425891182 0.7821670428893905 0.150093808630394 0.7821670428893905 0.14915572232645402 0.6049661399548533 0.2401500938086304 0.6038374717832957 0.24108818011257035 0.618510158013544 0.450281425891182 0.6196388261851016 0.45121951219512196 0.781038374717833 0.450281425891182 0.7821670428893905
0 0.7617260787992496 0.7821670428893905 0.4596622889305816 0.7821670428893905 0.45872420262664165 0.6207674943566591 0.6697936210131332 0.6196388261851016 0.6707317073170732 0.6049661399548533 0.7617260787992496 0.6038374717832957 0.7626641651031895 0.781038374717833 0.7617260787992496 0.7821670428893905