0 0.17604712041884818 0.4106714628297362 0.03664921465968586 0.4106714628297362 0.03632198952879581 0.06954436450839328 0.19306282722513088 0.06894484412470024 0.19339005235602094 0.31894484412470026 0.17670157068062828 0.3195443645083933 0.17637434554973822 0.41007194244604317 0.17604712041884818 0.4106714628297362
0 0.3056282722513089 0.7068345323741008 0.181282722513089 0.7068345323741008 0.18095549738219896 0.3273381294964029 0.24345549738219896 0.32673860911270985 0.243782722513089 0.32014388489208634 0.19829842931937172 0.3195443645083933 0.1979712041884817 0.06954436450839328 0.306282722513089 0.06894484412470024 0.30660994764397903 0.3441247002398082 0.43782722513089006 0.3447242206235012 0.4381544502617801 0.06954436450839328 0.7421465968586387 0.06894484412470024 0.7424738219895288 0.42565947242206237 0.5490837696335078 0.4262589928057554 0.5487565445026178 0.4904076738609113 0.550392670157068 0.4910071942446043 0.5507198952879581 0.564748201438849 0.5490837696335078 0.565347721822542 0.5487565445026178 0.5839328537170264 0.43913612565445026 0.5845323741007195 0.4388089005235602 0.42685851318944845 0.306282722513089 0.4262589928057554 0.30595549738219896 0.7062350119904077 0.3056282722513089 0.7068345323741008
0 0.4339005235602094 0.3363309352517986 0.31151832460732987 0.3363309352517986 0.3111910994764398 0.06954436450839328 0.4339005235602094 0.06894484412470024 0.4342277486910995 0.33573141486810554 0.4339005235602094 0.3363309352517986
0 0.8154450261780105 0.22482014388489208 0.7473821989528796 0.22482014388489208 0.7470549738219895 0.06954436450839328 0.8154450261780105 0.06894484412470024 0.8157722513089005 0.22422062350119903 0.8154450261780105 0.22482014388489208
0 0.9293193717277487 0.35551558752997603 0.8200261780104712 0.35551558752997603 0.8196989528795812 0.06954436450839328 0.9293193717277487 0.06894484412470024 0.9296465968586387 0.354916067146283 0.9293193717277487 0.35551558752997603
0 0.9293193717277487 0.7068345323741008 0.7473821989528796 0.7068345323741008 0.7470549738219895 0.23261390887290168 0.8154450261780105 0.23201438848920863 0.8157722513089005 0.36330935251798563 0.8435863874345549 0.36390887290167867 0.8439136125654451 0.5611510791366906 0.9293193717277487 0.5617505995203836 0.9296465968586387 0.7062350119904077 0.9293193717277487 0.7068345323741008
0 0.9293193717277487 0.5545563549160671 0.8488219895287958 0.5545563549160671 0.8484947643979057 0.3645083932853717 0.9293193717277487 0.36390887290167867 0.9296465968586387 0.5539568345323741 0.9293193717277487 0.5545563549160671
0 0.17604712041884818 0.7068345323741008 0.07133507853403141 0.7068345323741008 0.07100785340314136 0.5827338129496403 0.037303664921465966 0.5821342925659473 0.03697643979057592 0.4196642685851319 0.03632198952879581 0.4184652278177458 0.08900523560209424 0.41786570743405277 0.08933246073298429 0.5047961630695443 0.0899869109947644 0.5059952038369304 0.0906413612565445 0.5083932853717026 0.09129581151832461 0.5107913669064749 0.09260471204188482 0.5143884892086331 0.09260471204188482 0.5167865707434053 0.09325916230366492 0.5179856115107914 0.09325916230366492 0.5203836930455635 0.09456806282722513 0.5227817745803357 0.09522251308900524 0.5251798561151079 0.09522251308900524 0.5275779376498801 0.09587696335078534 0.5287769784172662 0.09587696335078534 0.5311750599520384 0.09718586387434555 0.5335731414868106 0.09784031413612565 0.5359712230215827 0.09849476439790576 0.5383693045563549 0.09914921465968586 0.5407673860911271 0.09980366492146597 0.5431654676258992 0.09980366492146597 0.5455635491606715 0.10045811518324607 0.5467625899280576 0.10176701570680628 0.5503597122302158 0.10176701570680628 0.552757793764988 0.10242146596858638 0.5539568345323741 0.10242146596858638 0.5563549160671463 0.10373036649214659 0.5587529976019184 0.1043848167539267 0.5611510791366906 0.1050392670157068 0.5635491606714629 0.1050392670157068 0.565947242206235 0.10569371727748691 0.5671462829736211 0.10634816753926701 0.5695443645083933 0.10700261780104713 0.5719424460431655 0.10831151832460734 0.5755395683453237 0.10831151832460734 0.5779376498800959 0.10896596858638743 0.579136690647482 0.10896596858638743 0.5815347721822542 0.11027486910994765 0.5839328537170264 0.11092931937172774 0.5863309352517986 0.11092931937172774 0.5887290167865707 0.11158376963350786 0.5899280575539568 0.11223821989528796 0.592326139088729 0.11289267015706807 0.5947242206235012 0.11354712041884817 0.5971223021582733 0.11420157068062828 0.5995203836930456 0.11485602094240838 0.6019184652278178 0.11551047120418848 0.60431654676259 0.11551047120418848 0.6067146282973621 0.11616492146596859 0.6079136690647482 0.11714659685863875 0.6109112709832134 0.17604712041884818 0.6109112709832134 0.17637434554973822 0.7062350119904077 0.17604712041884818 0.7068345323741008
0 0.17604712041884818 0.6037170263788969 0.12041884816753927 0.6037170263788969 0.11943717277486911 0.6007194244604317 0.1181282722513089 0.5971223021582733 0.1181282722513089 0.5947242206235012 0.1174738219895288 0.5935251798561151 0.11681937172774869 0.5911270983213429 0.11616492146596859 0.5887290167865707 0.11551047120418848 0.5863309352517986 0.11551047120418848 0.5839328537170264 0.11485602094240838 0.5827338129496403 0.11354712041884817 0.579136690647482 0.11354712041884817 0.5767386091127098 0.11289267015706807 0.5755395683453237 0.11223821989528796 0.5731414868105515 0.11158376963350786 0.5707434052757794 0.11092931937172774 0.5683453237410072 0.11027486910994765 0.565947242206235 0.11027486910994765 0.5635491606714629 0.10896596858638743 0.5611510791366906 0.10896596858638743 0.5587529976019184 0.10831151832460734 0.5575539568345323 0.10700261780104713 0.5539568345323741 0.10700261780104713 0.5515587529976019 0.10634816753926701 0.5503597122302158 0.10569371727748691 0.5479616306954437 0.1050392670157068 0.5455635491606715 0.1043848167539267 0.5431654676258992 0.10373036649214659 0.5407673860911271 0.10373036649214659 0.5383693045563549 0.10242146596858638 0.5359712230215827 0.10242146596858638 0.5335731414868106 0.10176701570680628 0.5323741007194245 0.10045811518324607 0.5287769784172662 0.10045811518324607 0.526378896882494 0.09980366492146597 0.5251798561151079 0.09914921465968586 0.5227817745803357 0.09914921465968586 0.5203836930455635 0.09784031413612565 0.5179856115107914 0.09718586387434555 0.5155875299760192 0.09718586387434555 0.513189448441247 0.09587696335078534 0.5107913669064749 0.09587696335078534 0.5083932853717026 0.09522251308900524 0.5071942446043165 0.09456806282722513 0.5047961630695443 0.09391361256544503 0.5023980815347722 0.09391361256544503 0.4184652278177458 0.13285340314136126 0.41786570743405277 0.1331806282722513 0.45083932853717024 0.1662303664921466 0.45143884892086333 0.16655759162303665 0.4184652278177458 0.17604712041884818 0.41786570743405277 0.17637434554973822 0.6031175059952039 0.17604712041884818 0.6037170263788969
0 0.43455497382198954 0.7068345323741008 0.3102094240837696 0.7068345323741008 0.3098821989528796 0.434052757793765 0.43455497382198954 0.43345323741007197 0.4348821989528796 0.7062350119904077 0.43455497382198954 0.7068345323741008
0 0.7421465968586387 0.7068345323741008 0.581151832460733 0.7068345323741008 0.580824607329843 0.6402877697841727 0.5536649214659686 0.6396882494004796 0.5533376963350786 0.565947242206235 0.5510471204188482 0.565347721822542 0.5507198952879581 0.49160671462829736 0.5530104712041884 0.4910071942446043 0.5533376963350786 0.4352517985611511 0.7421465968586387 0.43465227817745805 0.7424738219895288 0.7062350119904077 0.7421465968586387 0.7068345323741008
0 0.06675392670157068 0.7068345323741008 0.037303664921465966 0.7068345323741008 0.03697643979057592 0.5899280575539568 0.06675392670157068 0.5893285371702638 0.06708115183246073 0.7062350119904077 0.06675392670157068 0.7068345323741008
0 0.5026178010471204 0.7068345323741008 0.43913612565445026 0.7068345323741008 0.4388089005235602 0.592326139088729 0.5026178010471204 0.591726618705036 0.5029450261780105 0.7062350119904077 0.5026178010471204 0.7068345323741008
0 0.5765706806282722 0.7068345323741008 0.5078534031413613 0.7068345323741008 0.5075261780104712 0.592326139088729 0.5484293193717278 0.591726618705036 0.5487565445026178 0.6474820143884892 0.5765706806282722 0.6480815347721822 0.5768979057591623 0.7062350119904077 0.5765706806282722 0.7068345323741008