0 0.3242506811989101 0.6222076215505913 0.14850136239782016 0.6222076215505913 0.1478201634877384 0.328515111695138 0.32833787465940056 0.3278580814717477 0.3290190735694823 0.5427069645203679 0.32561307901907355 0.5433639947437582 0.3249318801089918 0.621550591327201 0.3242506811989101 0.6222076215505913
0 0.45095367847411444 0.49342969776609724 0.33651226158038144 0.49342969776609724 0.3358310626702997 0.3823915900131406 0.329700272479564 0.38173455978975035 0.3290190735694823 0.33377135348226017 0.335149863760218 0.3331143232588699 0.3358310626702997 0.328515111695138 0.45095367847411444 0.3278580814717477 0.45163487738419617 0.492772667542707 0.45095367847411444 0.49342969776609724
0 0.8228882833787466 0.626149802890933 0.6403269754768393 0.626149802890933 0.6396457765667575 0.3324572930354796 0.8228882833787466 0.33180026281208935 0.8235694822888283 0.3455978975032852 0.8283378746594006 0.34625492772667543 0.8290190735694822 0.3771353482260184 0.8242506811989101 0.37779237844940866 0.8235694822888283 0.6254927726675427 0.8228882833787466 0.626149802890933
0 0.946866485013624 0.4973718791064389 0.829700272479564 0.4973718791064389 0.8290190735694822 0.3324572930354796 0.946866485013624 0.33180026281208935 0.9475476839237057 0.4967148488830486 0.946866485013624 0.4973718791064389
0 0.45095367847411444 0.7864651773981604 0.36103542234332425 0.7864651773981604 0.3603542234332425 0.6780551905387647 0.33242506811989103 0.6773981603153745 0.33174386920980925 0.6294349540078844 0.33923705722070846 0.628777923784494 0.3399182561307902 0.6228646517739816 0.33242506811989103 0.6222076215505913 0.33174386920980925 0.5505913272010512 0.4032697547683924 0.5499342969776609 0.4039509536784741 0.580814717477004 0.4087193460490463 0.5814717477003942 0.4094005449591281 0.5440210249671484 0.329700272479564 0.5433639947437582 0.3290190735694823 0.5006570302233903 0.45095367847411444 0.5 0.45163487738419617 0.621550591327201 0.38419618528610355 0.6222076215505913 0.38351498637602177 0.6281208935611038 0.42779291553133514 0.628777923784494 0.4284741144414169 0.6425755584756899 0.45095367847411444 0.6432325886990802 0.45163487738419617 0.709592641261498 0.444141689373297 0.7102496714848883 0.4434604904632153 0.7450722733245729 0.45095367847411444 0.7457293035479632 0.45163487738419617 0.78580814717477 0.45095367847411444 0.7864651773981604
0 0.8732970027247956 0.7010512483574245 0.8119891008174387 0.7010512483574245 0.8113079019073569 0.6320630749014454 0.8283378746594006 0.6314060446780552 0.8290190735694822 0.5032851511169514 0.946866485013624 0.5026281208935611 0.9475476839237057 0.6268068331143233 0.8746594005449592 0.6274638633377135 0.8739782016348774 0.7003942181340341 0.8732970027247956 0.7010512483574245
0 0.25885558583106266 0.7943495400788436 0.14850136239782016 0.7943495400788436 0.1478201634877384 0.6228646517739816 0.25885558583106266 0.6222076215505913 0.2595367847411444 0.7936925098554534 0.25885558583106266 0.7943495400788436
0 0.3528610354223433 0.7943495400788436 0.26021798365122617 0.7943495400788436 0.2595367847411444 0.6228646517739816 0.3242506811989101 0.6222076215505913 0.3249318801089918 0.6819973718791065 0.3528610354223433 0.6826544021024967 0.35354223433242504 0.7936925098554534 0.3528610354223433 0.7943495400788436
0 0.8038147138964578 0.7969776609724047 0.6403269754768393 0.7969776609724047 0.6396457765667575 0.6320630749014454 0.8038147138964578 0.6314060446780552 0.8044959128065395 0.7398160315374507 0.8106267029972752 0.740473061760841 0.8113079019073569 0.7739816031537451 0.8051771117166212 0.7746386333771353 0.8044959128065395 0.7963206307490145 0.8038147138964578 0.7969776609724047
0 0.946866485013624 0.7969776609724047 0.8801089918256131 0.7969776609724047 0.8794277929155313 0.633377135348226 0.946866485013624 0.6327201051248358 0.9475476839237057 0.7148488830486203 0.9386920980926431 0.7155059132720105 0.9380108991825613 0.7503285151116952 0.946866485013624 0.7509855453350854 0.9475476839237057 0.7963206307490145 0.946866485013624 0.7969776609724047
0 0.8732970027247956 0.7969776609724047 0.8119891008174387 0.7969776609724047 0.8113079019073569 0.7069645203679369 0.8732970027247956 0.7063074901445466 0.8739782016348774 0.7963206307490145 0.8732970027247956 0.7969776609724047
0 0.45095367847411444 0.866622864651774 0.36103542234332425 0.866622864651774 0.3603542234332425 0.7936925098554534 0.45095367847411444 0.7930354796320631 0.45163487738419617 0.8659658344283837 0.45095367847411444 0.866622864651774
0 0.4564032697547684 0.9375821287779238 0.3542234332425068 0.9375821287779238 0.35354223433242504 0.8830486202365309 0.4564032697547684 0.8823915900131406 0.45708446866485014 0.9369250985545335 0.4564032697547684 0.9375821287779238