0 0.39171227521501173 0.45647193585337914 0.17357310398749023 0.45647193585337914 0.17318217357310398 0.18442153493699887 0.39171227521501173 0.18384879725085912 0.392103205629398 0.4558991981672394 0.39171227521501173 0.45647193585337914
0 0.509773260359656 0.5034364261168385 0.39796716184519154 0.5034364261168385 0.39757623143080534 0.46735395189003437 0.3932759968725567 0.4667812142038946 0.39288506645817045 0.4570446735395189 0.392103205629398 0.4558991981672394 0.392103205629398 0.18442153493699887 0.509773260359656 0.18384879725085912 0.5101641907740422 0.5028636884306987 0.509773260359656 0.5034364261168385
0 0.8029710711493354 0.7394043528064147 0.5777951524628616 0.7394043528064147 0.5774042220484754 0.18442153493699887 0.7623143080531666 0.18384879725085912 0.7627052384675528 0.46849942726231386 0.8029710711493354 0.4690721649484536 0.8033620015637216 0.738831615120275 0.8029710711493354 0.7394043528064147
0 0.910086004691165 0.45761741122565863 0.8146989835809226 0.45761741122565863 0.8143080531665363 0.4536082474226804 0.7748240813135262 0.45303550973654066 0.77443315089914 0.18442153493699887 0.910086004691165 0.18384879725085912 0.9104769351055512 0.4570446735395189 0.910086004691165 0.45761741122565863
0 0.1602814698983581 0.45418098510882016 0.0508209538702111 0.45418098510882016 0.05043002345582486 0.33906071019473083 0.1602814698983581 0.3384879725085911 0.16067240031274432 0.4536082474226804 0.1602814698983581 0.45418098510882016
0 0.509773260359656 0.7405498281786942 0.46442533229085226 0.7405498281786942 0.464034401876466 0.6185567010309279 0.32525410476935107 0.6179839633447881 0.3248631743549648 0.4581901489117984 0.17357310398749023 0.45761741122565863 0.17357310398749023 0.45647193585337914 0.3924941360437842 0.45647193585337914 0.39288506645817045 0.4662084765177549 0.392103205629398 0.46735395189003437 0.392103205629398 0.5097365406643757 0.509773260359656 0.5103092783505154 0.5101641907740422 0.7399770904925544 0.509773260359656 0.7405498281786942
0 0.1602814698983581 0.5756013745704467 0.0508209538702111 0.5756013745704467 0.05043002345582486 0.4639175257731959 0.1602814698983581 0.46334478808705615 0.16067240031274432 0.5750286368843069 0.1602814698983581 0.5756013745704467
0 0.910086004691165 0.7394043528064147 0.8146989835809226 0.7394043528064147 0.8143080531665363 0.4662084765177549 0.8592650508209538 0.46563573883161513 0.8596559812353401 0.6128293241695304 0.910086004691165 0.6134020618556701 0.9104769351055512 0.738831615120275 0.910086004691165 0.7394043528064147
0 0.910086004691165 0.6053837342497136 0.8655199374511336 0.6053837342497136 0.8651290070367474 0.4662084765177549 0.910086004691165 0.46563573883161513 0.9104769351055512 0.6048109965635738 0.910086004691165 0.6053837342497136
0 0.3189992181391712 0.7405498281786942 0.17357310398749023 0.7405498281786942 0.17318217357310398 0.46735395189003437 0.3189992181391712 0.4667812142038946 0.31939014855355746 0.7399770904925544 0.3189992181391712 0.7405498281786942
0 0.39014855355746675 0.7405498281786942 0.32525410476935107 0.7405498281786942 0.3248631743549648 0.6265750286368843 0.39014855355746675 0.6260022909507446 0.390539483971853 0.7399770904925544 0.39014855355746675 0.7405498281786942
0 0.46364347146207974 0.7405498281786942 0.3971853010164191 0.7405498281786942 0.3967943706020328 0.6265750286368843 0.4573885848318999 0.6260022909507446 0.4577795152462862 0.6723940435280642 0.46364347146207974 0.672966781214204 0.464034401876466 0.7399770904925544 0.46364347146207974 0.7405498281786942