0 0.6138482023968043 0.45585738539898135 0.440745672436751 0.45585738539898135 0.440745672436751 0.45529145444255803 0.4793608521970706 0.45529145444255803 0.4800266311584554 0.45217883418222976 0.09454061251664447 0.4518958687040181 0.09387483355525965 0.21052631578947367 0.6644474034620506 0.21024335031126204 0.6651131824234354 0.3661573288058857 0.6151797603195739 0.36644029428409736 0.6145139813581891 0.4555744199207697 0.6138482023968043 0.45585738539898135
0 0.9547270306258322 0.36644029428409736 0.6737683089214381 0.36644029428409736 0.6731025299600533 0.21052631578947367 0.9547270306258322 0.21024335031126204 0.9553928095872171 0.3661573288058857 0.9547270306258322 0.36644029428409736
0 0.7536617842876165 0.5130164119977363 0.6231691078561917 0.5130164119977363 0.622503328894807 0.3701188455008489 0.9547270306258322 0.36983588002263723 0.9553928095872171 0.43406904357668363 0.8348868175765646 0.4343520090548953 0.8288948069241012 0.43689869835880024 0.8282290279627164 0.4377475947934352 0.8249001331557922 0.43859649122807015 0.8242343541944075 0.43944538766270513 0.7982689747003995 0.44991511035653653 0.7976031957390146 0.45076400679117146 0.7942743009320905 0.45161290322580644 0.7936085219707057 0.4524617996604414 0.7716378162450066 0.46123372948500285 0.7709720372836218 0.4620826259196378 0.7676431424766977 0.46293152235427276 0.7669773635153129 0.46378041878890774 0.7543275632490013 0.4685908319185059 0.7543275632490013 0.5127334465195246 0.7536617842876165 0.5130164119977363
0 0.9547270306258322 0.5130164119977363 0.762982689747004 0.5130164119977363 0.7623169107856191 0.4702886247877759 0.8388814913448736 0.4377475947934352 0.9547270306258322 0.4377475947934352 0.9553928095872171 0.5127334465195246 0.9547270306258322 0.5130164119977363
0 0.27163781624500666 0.5130164119977363 0.09454061251664447 0.5130164119977363 0.09387483355525965 0.4555744199207697 0.27163781624500666 0.45529145444255803 0.27230359520639147 0.5127334465195246 0.27163781624500666 0.5130164119977363
0 0.43142476697736354 0.5130164119977363 0.2809587217043941 0.5130164119977363 0.2802929427430093 0.4555744199207697 0.43142476697736354 0.45529145444255803 0.43209054593874835 0.5127334465195246 0.43142476697736354 0.5130164119977363
0 0.6138482023968043 0.6409168081494058 0.440745672436751 0.6409168081494058 0.4400798934753662 0.45614035087719296 0.6138482023968043 0.45585738539898135 0.6145139813581891 0.6406338426711942 0.6138482023968043 0.6409168081494058
0 0.43142476697736354 0.6409168081494058 0.09454061251664447 0.6409168081494058 0.09387483355525965 0.5166949632144878 0.43142476697736354 0.5164119977362762 0.43209054593874835 0.6406338426711942 0.43142476697736354 0.6409168081494058
0 0.9547270306258322 0.6409168081494058 0.6231691078561917 0.6409168081494058 0.622503328894807 0.5166949632144878 0.9547270306258322 0.5164119977362762 0.9553928095872171 0.6406338426711942 0.9547270306258322 0.6409168081494058
0 0.9547270306258322 0.7263723825693266 0.7496671105193076 0.7263723825693266 0.7490013315579228 0.6519524617996605 0.9547270306258322 0.6516694963214488 0.9553928095872171 0.7260894170911149 0.9547270306258322 0.7263723825693266
0 0.9720372836218375 0.988398415393322 0.640479360852197 0.988398415393322 0.6398135818908123 0.7832484436898698 0.6644474034620506 0.7829654782116582 0.6651131824234354 0.7402376910016978 0.9720372836218375 0.7399547255234862 0.9727030625832224 0.9881154499151104 0.9720372836218375 0.988398415393322