0 0.19885057471264367 0.2904040404040404 0.11149425287356322 0.2904040404040404 0.11091954022988505 0.0707070707070707 0.19885057471264367 0.06986531986531987 0.19942528735632184 0.2895622895622896 0.19885057471264367 0.2904040404040404
0 0.36551724137931035 0.20286195286195285 0.2896551724137931 0.20286195286195285 0.28908045977011493 0.0707070707070707 0.36551724137931035 0.06986531986531987 0.3660919540229885 0.20202020202020202 0.36551724137931035 0.20286195286195285
0 0.5045977011494253 0.2904040404040404 0.3735632183908046 0.2904040404040404 0.37298850574712644 0.0707070707070707 0.5045977011494253 0.06986531986531987 0.5051724137931034 0.2895622895622896 0.5045977011494253 0.2904040404040404
0 0.5747126436781609 0.2904040404040404 0.5091954022988506 0.2904040404040404 0.5086206896551724 0.0707070707070707 0.6080459770114942 0.06986531986531987 0.6086206896551725 0.23905723905723905 0.6051724137931035 0.2441077441077441 0.6045977011494252 0.24663299663299662 0.6005747126436781 0.25084175084175087 0.5747126436781609 0.2904040404040404
0 0.6655172413793103 0.18434343434343434 0.6114942528735632 0.18434343434343434 0.610919540229885 0.0707070707070707 0.6655172413793103 0.06986531986531987 0.6660919540229885 0.1835016835016835 0.6655172413793103 0.18434343434343434
0 0.7862068965517242 0.2415824915824916 0.6701149425287356 0.2415824915824916 0.6695402298850575 0.0707070707070707 0.7862068965517242 0.06986531986531987 0.7867816091954023 0.24074074074074073 0.7862068965517242 0.2415824915824916
0 0.2850574712643678 0.20622895622895623 0.20344827586206896 0.20622895622895623 0.2028735632183908 0.07744107744107744 0.2850574712643678 0.0765993265993266 0.28563218390804596 0.2053872053872054 0.2850574712643678 0.20622895622895623
0 0.6655172413793103 0.4065656565656566 0.5597701149425287 0.4065656565656566 0.5591954022988506 0.38215488215488214 0.5333333333333333 0.3813131313131313 0.532183908045977 0.382996632996633 0.45517241379310347 0.382996632996633 0.45459770114942527 0.2946127946127946 0.5770114942528736 0.2937710437710438 0.5827586206896552 0.28535353535353536 0.5844827586206897 0.2845117845117845 0.5994252873563218 0.2609427609427609 0.603448275862069 0.25336700336700335 0.6051724137931035 0.25252525252525254 0.610919540229885 0.24242424242424243 0.610919540229885 0.18855218855218855 0.6655172413793103 0.18771043771043772 0.6660919540229885 0.4057239057239057 0.6655172413793103 0.4065656565656566
0 0.28620689655172415 0.2904040404040404 0.2 0.2904040404040404 0.19942528735632184 0.2356902356902357 0.20229885057471264 0.23484848484848486 0.2028735632183908 0.21212121212121213 0.28620689655172415 0.2112794612794613 0.2867816091954023 0.2895622895622896 0.28620689655172415 0.2904040404040404
0 0.3689655172413793 0.2904040404040404 0.2896551724137931 0.2904040404040404 0.28908045977011493 0.21212121212121213 0.3689655172413793 0.2112794612794613 0.36954022988505747 0.2895622895622896 0.3689655172413793 0.2904040404040404
0 0.7862068965517242 0.4065656565656566 0.6701149425287356 0.4065656565656566 0.6695402298850575 0.24579124579124578 0.7862068965517242 0.24494949494949494 0.7867816091954023 0.4057239057239057 0.7862068965517242 0.4065656565656566
0 0.4540229885057471 0.5917508417508418 0.3482758620689655 0.5917508417508418 0.34770114942528735 0.5084175084175084 0.16206896551724137 0.5075757575757576 0.16149425287356323 0.2946127946127946 0.4540229885057471 0.2937710437710438 0.45459770114942527 0.5909090909090909 0.4540229885057471 0.5917508417508418
0 0.5551724137931034 0.5917508417508418 0.45517241379310347 0.5917508417508418 0.45459770114942527 0.3838383838383838 0.532183908045977 0.382996632996633 0.5333333333333333 0.38636363636363635 0.5551724137931034 0.38636363636363635 0.5557471264367816 0.5909090909090909 0.5551724137931034 0.5917508417508418
0 0.6298850574712643 0.5075757575757576 0.5597701149425287 0.5075757575757576 0.5591954022988506 0.41414141414141414 0.6298850574712643 0.4132996632996633 0.6304597701149425 0.4276094276094276 0.6333333333333333 0.42845117845117847 0.6339080459770114 0.41414141414141414 0.6655172413793103 0.4132996632996633 0.6660919540229885 0.5016835016835017 0.6344827586206897 0.5025252525252525 0.6339080459770114 0.48148148148148145 0.6310344827586207 0.48063973063973064 0.6304597701149425 0.5067340067340067 0.6298850574712643 0.5075757575757576
0 0.7333333333333333 0.5075757575757576 0.6701149425287356 0.5075757575757576 0.6695402298850575 0.41414141414141414 0.7333333333333333 0.4132996632996633 0.7339080459770115 0.5067340067340067 0.7333333333333333 0.5075757575757576
0 0.8839080459770114 0.5075757575757576 0.7379310344827587 0.5075757575757576 0.7373563218390805 0.41414141414141414 0.8839080459770114 0.4132996632996633 0.8844827586206897 0.5067340067340067 0.8839080459770114 0.5075757575757576
0 0.8011494252873563 0.5917508417508418 0.7379310344827587 0.5917508417508418 0.7367816091954023 0.5900673400673401 0.6701149425287356 0.5900673400673401 0.6695402298850575 0.5134680134680135 0.8011494252873563 0.5126262626262627 0.8017241379310345 0.5909090909090909 0.8011494252873563 0.5917508417508418
0 0.8839080459770114 0.5917508417508418 0.8057471264367816 0.5917508417508418 0.8051724137931034 0.5134680134680135 0.8839080459770114 0.5126262626262627 0.8844827586206897 0.5909090909090909 0.8839080459770114 0.5917508417508418
0 0.725287356321839 0.9099326599326599 0.5586206896551724 0.9099326599326599 0.5580459770114943 0.6077441077441077 0.5678160919540229 0.6069023569023569 0.5683908045977012 0.5252525252525253 0.6574712643678161 0.5244107744107744 0.6580459770114943 0.6060606060606061 0.725287356321839 0.6069023569023569 0.7258620689655172 0.9090909090909091 0.725287356321839 0.9099326599326599
0 0.8839080459770114 0.8964646464646465 0.7379310344827587 0.8964646464646465 0.7373563218390805 0.601010101010101 0.8839080459770114 0.6001683501683501 0.8844827586206897 0.8956228956228957 0.8839080459770114 0.8964646464646465