0 0.1227364185110664 0.2177734375 0.12072434607645875 0.2158203125 0.11770623742454728 0.21484375 0.11770623742454728 0.1328125 0.22937625754527163 0.1318359375 0.23038229376257546 0.21484375 0.12474849094567404 0.2158203125 0.1227364185110664 0.2177734375
0 0.30985915492957744 0.2158203125 0.23943661971830985 0.2158203125 0.23843058350100604 0.1328125 0.30985915492957744 0.1318359375 0.31086519114688127 0.21484375 0.30985915492957744 0.2158203125
0 0.2635814889336016 0.3427734375 0.11871227364185111 0.3427734375 0.11770623742454728 0.224609375 0.2635814889336016 0.2236328125 0.26458752515090544 0.341796875 0.2635814889336016 0.3427734375
0 0.4245472837022133 0.3916015625 0.31388329979879276 0.3916015625 0.31287726358148893 0.34375 0.27364185110663986 0.3427734375 0.272635814889336 0.224609375 0.4245472837022133 0.2236328125 0.4255533199195171 0.390625 0.4245472837022133 0.3916015625
0 0.6096579476861167 0.3955078125 0.5171026156941649 0.3955078125 0.5150905432595574 0.3935546875 0.4708249496981891 0.3935546875 0.4688128772635815 0.3916015625 0.4346076458752515 0.3916015625 0.4336016096579477 0.224609375 0.6096579476861167 0.2236328125 0.6106639839034205 0.39453125 0.6096579476861167 0.3955078125
0 0.6619718309859155 0.6533203125 0.37424547283702214 0.6533203125 0.3732394366197183 0.552734375 0.37525150905432597 0.55078125 0.37525150905432597 0.4765625 0.3772635814889336 0.474609375 0.3772635814889336 0.400390625 0.4688128772635815 0.3994140625 0.46981891348088534 0.39453125 0.5150905432595574 0.3935546875 0.5171026156941649 0.3955078125 0.6096579476861167 0.3955078125 0.6106639839034205 0.224609375 0.7585513078470825 0.2236328125 0.7595573440643864 0.39453125 0.6639839034205232 0.3955078125 0.6629778672032193 0.65234375 0.6619718309859155 0.6533203125
0 0.3038229376257545 0.5166015625 0.11871227364185111 0.5166015625 0.11770623742454728 0.3515625 0.3038229376257545 0.3505859375 0.30482897384305835 0.515625 0.3038229376257545 0.5166015625
0 0.4225352112676056 0.8095703125 0.31388329979879276 0.8095703125 0.31287726358148893 0.400390625 0.3762575452716298 0.3994140625 0.3772635814889336 0.474609375 0.37525150905432597 0.4765625 0.37525150905432597 0.55078125 0.3732394366197183 0.552734375 0.3732394366197183 0.65234375 0.39235412474849096 0.6533203125 0.3933601609657948 0.66015625 0.4225352112676056 0.6611328125 0.42354124748490946 0.80859375 0.4225352112676056 0.8095703125
0 0.3038229376257545 0.6630859375 0.11871227364185111 0.6630859375 0.11770623742454728 0.521484375 0.3038229376257545 0.5205078125 0.30482897384305835 0.662109375 0.3038229376257545 0.6630859375
0 0.6619718309859155 0.8095703125 0.43259557344064387 0.8095703125 0.43158953722334004 0.662109375 0.6619718309859155 0.6611328125 0.6629778672032193 0.80859375 0.6619718309859155 0.8095703125
0 0.2052313883299799 0.7509765625 0.11871227364185111 0.7509765625 0.11770623742454728 0.671875 0.2052313883299799 0.6708984375 0.2062374245472837 0.75 0.2052313883299799 0.7509765625
0 0.3038229376257545 0.7509765625 0.2112676056338028 0.7509765625 0.21026156941649898 0.671875 0.3038229376257545 0.6708984375 0.30482897384305835 0.75 0.3038229376257545 0.7509765625
0 0.3038229376257545 0.9072265625 0.11871227364185111 0.9072265625 0.11770623742454728 0.759765625 0.3038229376257545 0.7587890625 0.30482897384305835 0.90625 0.3038229376257545 0.9072265625