0 0.20789685737308622 0.5350438047559449 0.0789685737308622 0.5350438047559449 0.07856567284448025 0.1113892365456821 0.20789685737308622 0.11076345431789737 0.20829975825946817 0.5344180225281602 0.20789685737308622 0.5350438047559449
0 0.27800161160354553 0.30600750938673343 0.22078968573730862 0.30600750938673343 0.22038678485092666 0.19774718397997496 0.27800161160354553 0.19712140175219023 0.2784045124899275 0.3053817271589487 0.27800161160354553 0.30600750938673343
0 0.5858178887993554 0.467459324155194 0.2892828364222401 0.467459324155194 0.28887993553585817 0.19774718397997496 0.5858178887993554 0.19712140175219023 0.5862207896857373 0.4668335419274093 0.5858178887993554 0.467459324155194
0 0.9266720386784851 0.5738423028785983 0.5866236905721193 0.5738423028785983 0.5862207896857373 0.19774718397997496 0.9266720386784851 0.19712140175219023 0.9270749395648671 0.5732165206508135 0.9266720386784851 0.5738423028785983
0 0.27800161160354553 0.45118898623279097 0.22078968573730862 0.45118898623279097 0.22038678485092666 0.32040050062578224 0.27800161160354553 0.3197747183979975 0.2784045124899275 0.45056320400500627 0.27800161160354553 0.45118898623279097
0 0.45769540692989524 0.7340425531914894 0.38920225624496374 0.7340425531914894 0.3887993553585818 0.5356695869837297 0.37953263497179696 0.5350438047559449 0.379129734085415 0.574468085106383 0.29492344883158744 0.5750938673341677 0.2945205479452055 0.5356695869837297 0.22078968573730862 0.5350438047559449 0.22038678485092666 0.4668335419274093 0.2884770346494762 0.4662077596996245 0.2892828364222401 0.467459324155194 0.5858178887993554 0.467459324155194 0.5862207896857373 0.5732165206508135 0.45850120870265915 0.5738423028785983 0.4580983078162772 0.7334167709637046 0.45769540692989524 0.7340425531914894
0 0.20789685737308622 0.7040050062578223 0.0789685737308622 0.7040050062578223 0.07856567284448025 0.5494367959949937 0.20789685737308622 0.548811013767209 0.20829975825946817 0.7033792240300375 0.20789685737308622 0.7040050062578223
0 0.37792103142626915 0.8479349186483104 0.22078968573730862 0.8479349186483104 0.22038678485092666 0.5494367959949937 0.28364222401289285 0.548811013767209 0.2840451248992748 0.5882352941176471 0.37792103142626915 0.5888610763454318 0.3783239323126511 0.8473091364205256 0.37792103142626915 0.8479349186483104
0 0.6502820306204674 0.8479349186483104 0.467365028203062 0.8479349186483104 0.4669621273166801 0.5894868585732165 0.6502820306204674 0.5888610763454318 0.6506849315068494 0.8473091364205256 0.6502820306204674 0.8479349186483104
0 0.7187751813053989 0.7115143929912391 0.660757453666398 0.7115143929912391 0.6603545527800161 0.5894868585732165 0.7187751813053989 0.5888610763454318 0.7191780821917808 0.7108886107634543 0.7187751813053989 0.7115143929912391
0 0.9266720386784851 0.8479349186483104 0.7292506043513296 0.8479349186483104 0.7288477034649476 0.5894868585732165 0.9266720386784851 0.5888610763454318 0.9270749395648671 0.8473091364205256 0.9266720386784851 0.8479349186483104
0 0.20789685737308622 0.8479349186483104 0.0789685737308622 0.8479349186483104 0.07856567284448025 0.7171464330413017 0.20789685737308622 0.7165206508135169 0.20829975825946817 0.8473091364205256 0.20789685737308622 0.8479349186483104
0 0.7187751813053989 0.8479349186483104 0.660757453666398 0.8479349186483104 0.6603545527800161 0.7271589486858573 0.7187751813053989 0.7265331664580726 0.7191780821917808 0.8473091364205256 0.7187751813053989 0.8479349186483104
0 0.45769540692989524 0.8479349186483104 0.38920225624496374 0.8479349186483104 0.3887993553585818 0.7484355444305382 0.45769540692989524 0.7478097622027534 0.4580983078162772 0.8473091364205256 0.45769540692989524 0.8479349186483104