0 0.20823529411764705 0.43284936479128855 0.052941176470588235 0.43284936479128855 0.05235294117647059 0.1851179673321234 0.20823529411764705 0.18421052631578946 0.2088235294117647 0.4319419237749546 0.20823529411764705 0.43284936479128855
0 0.32588235294117646 0.43284936479128855 0.21411764705882352 0.43284936479128855 0.21352941176470588 0.1851179673321234 0.32588235294117646 0.18421052631578946 0.3264705882352941 0.4319419237749546 0.32588235294117646 0.43284936479128855
0 0.3847058823529412 0.4419237749546279 0.33176470588235296 0.4419237749546279 0.3311764705882353 0.1851179673321234 0.5070588235294118 0.18421052631578946 0.5076470588235295 0.37568058076225047 0.4776470588235294 0.3765880217785844 0.47705882352941176 0.4319419237749546 0.38588235294117645 0.43284936479128855 0.38529411764705884 0.44101633393829404 0.3847058823529412 0.4419237749546279
0 0.6129411764705882 0.2604355716878403 0.5117647058823529 0.2604355716878403 0.5111764705882353 0.1851179673321234 0.6129411764705882 0.18421052631578946 0.6135294117647059 0.2595281306715064 0.6129411764705882 0.2604355716878403
0 0.7058823529411765 0.3021778584392015 0.6188235294117647 0.3021778584392015 0.6182352941176471 0.1851179673321234 0.7058823529411765 0.18421052631578946 0.7064705882352941 0.30127041742286753 0.7058823529411765 0.3021778584392015
0 0.8117647058823529 0.7486388384754991 0.7458823529411764 0.7486388384754991 0.7452941176470588 0.44283121597096187 0.7717647058823529 0.4419237749546279 0.7723529411764706 0.43738656987295826 0.711764705882353 0.4364791288566243 0.7111764705882353 0.1851179673321234 0.8117647058823529 0.18421052631578946 0.8123529411764706 0.7477313974591652 0.8117647058823529 0.7486388384754991
0 0.9647058823529412 0.4364791288566243 0.8176470588235294 0.4364791288566243 0.8170588235294117 0.1851179673321234 0.9647058823529412 0.18421052631578946 0.9652941176470589 0.4355716878402904 0.9647058823529412 0.4364791288566243
0 0.5988235294117648 0.43284936479128855 0.5117647058823529 0.43284936479128855 0.5111764705882353 0.26860254083484575 0.6105882352941177 0.2676950998185118 0.6111764705882353 0.30127041742286753 0.6 0.3021778584392015 0.5994117647058823 0.4319419237749546 0.5988235294117648 0.43284936479128855
0 0.7058823529411765 0.43284936479128855 0.6047058823529412 0.43284936479128855 0.6041176470588235 0.3121597096188748 0.7058823529411765 0.31125226860254085 0.7064705882352941 0.4319419237749546 0.7058823529411765 0.43284936479128855
0 0.12823529411764706 0.530852994555354 0.052941176470588235 0.530852994555354 0.05235294117647059 0.44283121597096187 0.12823529411764706 0.4419237749546279 0.1288235294117647 0.52994555353902 0.12823529411764706 0.530852994555354
0 0.4776470588235294 0.7486388384754991 0.052941176470588235 0.7486388384754991 0.05235294117647059 0.5390199637023594 0.13294117647058823 0.5381125226860254 0.13352941176470587 0.44283121597096187 0.4776470588235294 0.4419237749546279 0.47823529411764704 0.7477313974591652 0.4776470588235294 0.7486388384754991
0 0.5894117647058823 0.7486388384754991 0.4823529411764706 0.7486388384754991 0.48176470588235293 0.5807622504537205 0.4788235294117647 0.5798548094373865 0.47823529411764704 0.44283121597096187 0.7447058823529412 0.4419237749546279 0.7452941176470588 0.5335753176043557 0.5494117647058824 0.5344827586206896 0.5488235294117647 0.5390199637023594 0.5894117647058823 0.5399274047186933 0.59 0.7477313974591652 0.5894117647058823 0.7486388384754991
0 0.9647058823529412 0.5344827586206896 0.8176470588235294 0.5344827586206896 0.8170588235294117 0.44283121597096187 0.9647058823529412 0.4419237749546279 0.9652941176470589 0.5335753176043557 0.9647058823529412 0.5344827586206896
0 0.7411764705882353 0.7486388384754991 0.5952941176470589 0.7486388384754991 0.5947058823529412 0.5408348457350273 0.7411764705882353 0.5399274047186933 0.741764705882353 0.7477313974591652 0.7411764705882353 0.7486388384754991
0 0.9647058823529412 0.7486388384754991 0.8176470588235294 0.7486388384754991 0.8170588235294117 0.5408348457350273 0.9647058823529412 0.5399274047186933 0.9652941176470589 0.7477313974591652 0.9647058823529412 0.7486388384754991
0 0.5988235294117648 0.852087114337568 0.44 0.852087114337568 0.43941176470588234 0.7568058076225045 0.5988235294117648 0.7558983666061706 0.5994117647058823 0.8511796733212341 0.5988235294117648 0.852087114337568