0 0.11865342163355408 0.2597926267281106 0.02207505518763797 0.2597926267281106 0.021799116997792495 0.06566820276497695 0.11865342163355408 0.06509216589861751 0.11892935982339956 0.25921658986175117 0.11865342163355408 0.2597926267281106
0 0.16169977924944812 0.19642857142857142 0.12251655629139073 0.19642857142857142 0.12224061810154525 0.06566820276497695 0.16169977924944812 0.06509216589861751 0.1619757174392936 0.195852534562212 0.16169977924944812 0.19642857142857142
0 0.2312362030905077 0.2597926267281106 0.16556291390728478 0.2597926267281106 0.1652869757174393 0.06566820276497695 0.2312362030905077 0.06509216589861751 0.2315121412803532 0.25921658986175117 0.2312362030905077 0.2597926267281106
0 0.2781456953642384 0.13882488479262672 0.26490066225165565 0.13882488479262672 0.26462472406181015 0.12211981566820276 0.23454746136865343 0.12154377880184332 0.23427152317880795 0.06566820276497695 0.2781456953642384 0.06509216589861751 0.2784216335540839 0.1382488479262673 0.2781456953642384 0.13882488479262672
0 0.3079470198675497 0.34965437788018433 0.26490066225165565 0.34965437788018433 0.26462472406181015 0.14285714285714285 0.2803532008830022 0.14228110599078342 0.2806291390728477 0.06566820276497695 0.3079470198675497 0.06509216589861751 0.30822295805739514 0.3490783410138249 0.3079470198675497 0.34965437788018433
0 0.4194260485651214 0.18836405529953917 0.35706401766004414 0.18836405529953917 0.3567880794701987 0.1543778801843318 0.31125827814569534 0.15380184331797234 0.3109823399558499 0.06566820276497695 0.4194260485651214 0.06509216589861751 0.4197019867549669 0.18778801843317972 0.4194260485651214 0.18836405529953917
0 0.44867549668874174 0.18836405529953917 0.4227373068432671 0.18836405529953917 0.42246136865342165 0.06566820276497695 0.44867549668874174 0.06509216589861751 0.4489514348785872 0.18778801843317972 0.44867549668874174 0.18836405529953917
0 0.673289183222958 0.44297235023041476 0.5386313465783664 0.44297235023041476 0.5383554083885209 0.06566820276497695 0.673289183222958 0.06509216589861751 0.6735651214128036 0.4423963133640553 0.673289183222958 0.44297235023041476
0 0.7488962472406181 0.44297235023041476 0.6738410596026491 0.44297235023041476 0.6735651214128036 0.06566820276497695 0.7488962472406181 0.06509216589861751 0.7491721854304636 0.4423963133640553 0.7488962472406181 0.44297235023041476
0 0.7786975717439294 0.35080645161290325 0.7522075055187638 0.35080645161290325 0.7519315673289183 0.12211981566820276 0.7494481236203091 0.12154377880184332 0.7491721854304636 0.06566820276497695 0.8388520971302428 0.06509216589861751 0.8391280353200883 0.12096774193548387 0.7792494481236203 0.12154377880184332 0.7789735099337748 0.35023041474654376 0.7786975717439294 0.35080645161290325
0 0.8636865342163356 0.21140552995391704 0.8427152317880795 0.21140552995391704 0.842439293598234 0.06566820276497695 0.9657836644591612 0.06509216589861751 0.9660596026490066 0.20391705069124424 0.8642384105960265 0.20449308755760368 0.8639624724061811 0.2108294930875576 0.8636865342163356 0.21140552995391704
0 0.3090507726269316 0.3554147465437788 0.23454746136865343 0.3554147465437788 0.23427152317880795 0.12903225806451613 0.26158940397350994 0.1284562211981567 0.2618653421633554 0.35368663594470046 0.3090507726269316 0.3542626728110599 0.3090507726269316 0.3554147465437788
0 0.8305739514348786 0.20449308755760368 0.7820088300220751 0.20449308755760368 0.7817328918322296 0.12903225806451613 0.8305739514348786 0.1284562211981567 0.8308498896247241 0.20391705069124424 0.8305739514348786 0.20449308755760368
0 0.3990066225165563 0.3127880184331797 0.31125827814569534 0.3127880184331797 0.3109823399558499 0.16013824884792627 0.3543046357615894 0.1595622119815668 0.3545805739514349 0.1923963133640553 0.3990066225165563 0.19297235023041476 0.3992825607064018 0.3122119815668203 0.3990066225165563 0.3127880184331797
0 0.44646799116997793 0.3127880184331797 0.402317880794702 0.3127880184331797 0.40204194260485654 0.19700460829493088 0.44646799116997793 0.19642857142857142 0.4467439293598234 0.3122119815668203 0.44646799116997793 0.3127880184331797
0 0.16169977924944812 0.3554147465437788 0.12251655629139073 0.3554147465437788 0.12224061810154525 0.20391705069124424 0.16169977924944812 0.2033410138248848 0.1619757174392936 0.3548387096774194 0.16169977924944812 0.3554147465437788
0 0.8388520971302428 0.35080645161290325 0.7820088300220751 0.35080645161290325 0.7817328918322296 0.2119815668202765 0.8388520971302428 0.21140552995391704 0.8391280353200883 0.35023041474654376 0.8388520971302428 0.35080645161290325
0 0.9657836644591612 0.44297235023041476 0.8427152317880795 0.44297235023041476 0.842439293598234 0.2119815668202765 0.9657836644591612 0.21140552995391704 0.9660596026490066 0.4423963133640553 0.9657836644591612 0.44297235023041476
0 0.11865342163355408 0.44182027649769584 0.02207505518763797 0.44182027649769584 0.021799116997792495 0.2661290322580645 0.11865342163355408 0.26555299539170507 0.11892935982339956 0.4412442396313364 0.11865342163355408 0.44182027649769584
0 0.2312362030905077 0.35080645161290325 0.16556291390728478 0.35080645161290325 0.1652869757174393 0.2661290322580645 0.2312362030905077 0.26555299539170507 0.2315121412803532 0.35023041474654376 0.2312362030905077 0.35080645161290325
0 0.39679911699779247 0.44182027649769584 0.31125827814569534 0.44182027649769584 0.3109823399558499 0.3191244239631336 0.39679911699779247 0.3185483870967742 0.39707505518763797 0.4412442396313364 0.39679911699779247 0.44182027649769584
0 0.3090507726269316 0.44182027649769584 0.12251655629139073 0.44182027649769584 0.12224061810154525 0.35599078341013823 0.3090507726269316 0.3554147465437788 0.30932671081677704 0.4412442396313364 0.3090507726269316 0.44182027649769584
0 0.8388520971302428 0.44297235023041476 0.7494481236203091 0.44297235023041476 0.7491721854304636 0.358294930875576 0.8388520971302428 0.3577188940092166 0.8391280353200883 0.4423963133640553 0.8388520971302428 0.44297235023041476
0 0.45364238410596025 0.9222350230414746 0.26490066225165565 0.9222350230414746 0.26462472406181015 0.7269585253456221 0.45364238410596025 0.7263824884792627 0.45391832229580575 0.9216589861751152 0.45364238410596025 0.9222350230414746