0 0.40476190476190477 0.39516864175022787 0.25396825396825395 0.39516864175022787 0.25363756613756616 0.31175934366453967 0.24933862433862433 0.3113035551504102 0.2490079365079365 0.39471285323609845 0.03373015873015873 0.39516864175022787 0.0333994708994709 0.13947128532360983 0.40476190476190477 0.1390154968094804 0.4050925925925926 0.39471285323609845 0.40476190476190477 0.39516864175022787
0 0.5562169312169312 0.39516864175022787 0.41203703703703703 0.39516864175022787 0.4117063492063492 0.13947128532360983 0.5562169312169312 0.1390154968094804 0.5565476190476191 0.39471285323609845 0.5562169312169312 0.39516864175022787
0 0.8961640211640212 0.39516864175022787 0.5654761904761905 0.39516864175022787 0.5651455026455027 0.13947128532360983 0.8961640211640212 0.1390154968094804 0.896494708994709 0.39471285323609845 0.8961640211640212 0.39516864175022787
0 0.5787037037037037 0.840929808568824 0.5026455026455027 0.840929808568824 0.5023148148148148 0.682771194165907 0.5119047619047619 0.6823154056517776 0.5122354497354498 0.6645396536007293 0.47685185185185186 0.6640838650865998 0.476521164021164 0.5797629899726527 0.5072751322751323 0.5793072014585232 0.5076058201058201 0.5414767547857794 0.5069444444444444 0.5405651777575206 0.5125661375661376 0.540109389243391 0.5128968253968254 0.5314494074749316 0.501984126984127 0.5309936189608022 0.5016534391534392 0.49134001823154055 0.251984126984127 0.49088422971741114 0.25132275132275134 0.48906107566089335 0.13756613756613756 0.48906107566089335 0.13723544973544974 0.406563354603464 0.5648148148148148 0.40610756608933457 0.5651455026455027 0.39562443026435734 0.6197089947089947 0.39516864175022787 0.6200396825396826 0.4056517775752051 0.6213624338624338 0.406563354603464 0.6213624338624338 0.44758432087511396 0.6256613756613757 0.4480401093892434 0.6259920634920635 0.406563354603464 0.6977513227513228 0.40610756608933457 0.6980820105820106 0.5305378304466728 0.5648148148148148 0.5309936189608022 0.564484126984127 0.5396536007292616 0.5681216931216931 0.540109389243391 0.5684523809523809 0.6627164995442115 0.5654761904761905 0.6631722880583409 0.5651455026455027 0.6809480401093893 0.5787037037037037 0.6814038286235187 0.5790343915343915 0.8404740200546946 0.5787037037037037 0.840929808568824
0 0.12962962962962962 0.49088422971741114 0.03373015873015873 0.49088422971741114 0.0333994708994709 0.406563354603464 0.12962962962962962 0.40610756608933457 0.12996031746031747 0.49042844120328166 0.12962962962962962 0.49088422971741114
0 0.7976190476190477 0.5072926162260711 0.7056878306878307 0.5072926162260711 0.7053571428571429 0.406563354603464 0.7976190476190477 0.40610756608933457 0.7979497354497355 0.5068368277119416 0.7976190476190477 0.5072926162260711
0 0.8961640211640212 0.5474020054694622 0.8240740740740741 0.5474020054694622 0.8237433862433863 0.406563354603464 0.8961640211640212 0.40610756608933457 0.896494708994709 0.5469462169553327 0.8961640211640212 0.5474020054694622
0 0.24338624338624337 0.6649954421148587 0.03373015873015873 0.6649954421148587 0.0333994708994709 0.5004557885141294 0.210978835978836 0.5 0.2113095238095238 0.49134001823154055 0.13756613756613756 0.49088422971741114 0.13723544973544974 0.48951686417502277 0.25132275132275134 0.48906107566089335 0.25165343915343913 0.5250683682771194 0.24404761904761904 0.5255241567912489 0.24371693121693122 0.6645396536007293 0.24338624338624337 0.6649954421148587
0 0.4695767195767196 0.6649954421148587 0.43187830687830686 0.6649954421148587 0.4312169312169312 0.6640838650865998 0.4305555555555556 0.6649954421148587 0.251984126984127 0.6649954421148587 0.2509920634920635 0.6636280765724704 0.2509920634920635 0.5259799453053783 0.25165343915343913 0.5250683682771194 0.25165343915343913 0.49134001823154055 0.5013227513227513 0.49088422971741114 0.5016534391534392 0.5305378304466728 0.5023148148148148 0.5314494074749316 0.5023148148148148 0.5706472196900638 0.5013227513227513 0.5720145852324522 0.47023809523809523 0.5720145852324522 0.4699074074074074 0.6645396536007293 0.4695767195767196 0.6649954421148587
0 0.7976190476190477 0.662260711030082 0.6765873015873016 0.662260711030082 0.6762566137566137 0.5405651777575206 0.705026455026455 0.540109389243391 0.7053571428571429 0.5168641750227895 0.7976190476190477 0.51640838650866 0.7979497354497355 0.6618049225159526 0.7976190476190477 0.662260711030082
0 0.5753968253968254 0.6631722880583409 0.5750661375661376 0.5405651777575206 0.6693121693121693 0.540109389243391 0.6696428571428571 0.6618049225159526 0.576058201058201 0.662260711030082 0.5753968253968254 0.6631722880583409
0 0.8961640211640212 0.662260711030082 0.8048941798941799 0.662260711030082 0.8045634920634921 0.5569735642661805 0.8961640211640212 0.5565177757520511 0.896494708994709 0.6618049225159526 0.8961640211640212 0.662260711030082
0 0.7076719576719577 0.840929808568824 0.5853174603174603 0.840929808568824 0.5849867724867724 0.6818596171376481 0.707010582010582 0.6814038286235187 0.7076719576719577 0.6804922515952598 0.7080026455026455 0.8404740200546946 0.7076719576719577 0.840929808568824
0 0.49603174603174605 0.7607110300820419 0.4312169312169312 0.7607110300820419 0.4308862433862434 0.6836827711941659 0.49603174603174605 0.6832269826800365 0.49636243386243384 0.7602552415679125 0.49603174603174605 0.7607110300820419
0 0.49603174603174605 0.840929808568824 0.4312169312169312 0.840929808568824 0.4308862433862434 0.7693710118505014 0.49603174603174605 0.768915223336372 0.49636243386243384 0.8404740200546946 0.49603174603174605 0.840929808568824