0 0.7466467958271237 0.44515539305301643 0.45603576751117736 0.44515539305301643 0.455290611028316 0.16270566727605118 0.7466467958271237 0.16179159049360145 0.7473919523099851 0.44424131627056673 0.7466467958271237 0.44515539305301643
0 0.9344262295081968 0.5420475319926874 0.7481371087928465 0.5420475319926874 0.7473919523099851 0.16270566727605118 0.9344262295081968 0.16179159049360145 0.9351713859910581 0.4424131627056673 0.9284649776453056 0.443327239488117 0.9277198211624441 0.4625228519195612 0.9344262295081968 0.463436928702011 0.9351713859910581 0.5411334552102377 0.9344262295081968 0.5420475319926874
0 0.3412816691505216 0.9186471663619744 0.05514157973174367 0.9186471663619744 0.05439642324888227 0.39488117001828155 0.3412816691505216 0.3939670932358318 0.342026825633383 0.9177330895795247 0.3412816691505216 0.9186471663619744
0 0.4396423248882265 0.6535648994515539 0.3502235469448584 0.6535648994515539 0.349478390461997 0.4040219378427788 0.4396423248882265 0.4031078610603291 0.4403874813710879 0.6526508226691042 0.4396423248882265 0.6535648994515539
0 0.7391952309985097 0.823583180987203 0.6438152011922503 0.823583180987203 0.643070044709389 0.4460694698354662 0.7466467958271237 0.44515539305301643 0.7473919523099851 0.5411334552102377 0.7406855439642325 0.5420475319926874 0.7399403874813711 0.8226691042047533 0.7391952309985097 0.823583180987203
0 0.533532041728763 0.5987202925045704 0.45603576751117736 0.5987202925045704 0.455290611028316 0.45521023765996343 0.533532041728763 0.45429616087751373 0.5342771982116244 0.5978062157221207 0.533532041728763 0.5987202925045704
0 0.6348733233979136 0.6480804387568556 0.5409836065573771 0.6480804387568556 0.5402384500745157 0.45521023765996343 0.6348733233979136 0.45429616087751373 0.6356184798807749 0.6471663619744058 0.6348733233979136 0.6480804387568556
0 0.834575260804769 0.6334552102376599 0.7466467958271237 0.6334552102376599 0.7459016393442623 0.5502742230347349 0.834575260804769 0.5493601462522852 0.8353204172876304 0.6325411334552102 0.834575260804769 0.6334552102376599
0 0.9344262295081968 0.6334552102376599 0.842026825633383 0.6334552102376599 0.8412816691505216 0.5502742230347349 0.9344262295081968 0.5493601462522852 0.9351713859910581 0.6325411334552102 0.9344262295081968 0.6334552102376599
0 0.533532041728763 0.6480804387568556 0.45603576751117736 0.6480804387568556 0.455290611028316 0.6069469835466179 0.533532041728763 0.6060329067641682 0.5342771982116244 0.6471663619744058 0.533532041728763 0.6480804387568556
0 0.9344262295081968 0.9003656307129799 0.7466467958271237 0.9003656307129799 0.7459016393442623 0.6416819012797075 0.9344262295081968 0.6407678244972578 0.9351713859910581 0.8994515539305301 0.9344262295081968 0.9003656307129799
0 0.6348733233979136 0.9003656307129799 0.45603576751117736 0.9003656307129799 0.455290611028316 0.6581352833638026 0.6348733233979136 0.6572212065813529 0.6356184798807749 0.8994515539305301 0.6348733233979136 0.9003656307129799
0 0.4396423248882265 0.9095063985374772 0.3502235469448584 0.9095063985374772 0.349478390461997 0.6636197440585009 0.4396423248882265 0.6627056672760512 0.4403874813710879 0.9085923217550275 0.4396423248882265 0.9095063985374772
0 0.7093889716840537 0.9003656307129799 0.6438152011922503 0.9003656307129799 0.643070044709389 0.8318098720292505 0.7093889716840537 0.8308957952468007 0.710134128166915 0.8994515539305301 0.7093889716840537 0.9003656307129799
0 0.7391952309985097 0.9003656307129799 0.7168405365126677 0.9003656307129799 0.7160953800298062 0.8318098720292505 0.7391952309985097 0.8308957952468007 0.7399403874813711 0.8994515539305301 0.7391952309985097 0.9003656307129799