0 0.4446064139941691 0.6484593837535014 0.18513119533527697 0.6484593837535014 0.18440233236151604 0.09523809523809523 0.4037900874635568 0.0938375350140056 0.4045189504373178 0.43977591036414565 0.4446064139941691 0.4411764705882353 0.44533527696793 0.6470588235294118 0.4446064139941691 0.6484593837535014
0 0.5830903790087464 0.4411764705882353 0.40524781341107874 0.4411764705882353 0.4045189504373178 0.09523809523809523 0.6224489795918368 0.0938375350140056 0.6231778425655977 0.42857142857142855 0.5845481049562682 0.42997198879551823 0.5838192419825073 0.43977591036414565 0.5830903790087464 0.4411764705882353
0 0.7055393586005831 0.2507002801120448 0.6297376093294461 0.2507002801120448 0.6290087463556852 0.09523809523809523 0.7055393586005831 0.0938375350140056 0.706268221574344 0.24929971988795518 0.7055393586005831 0.2507002801120448
0 0.9256559766763849 0.5 0.7784256559766763 0.5 0.7776967930029155 0.43137254901960786 0.7113702623906706 0.42997198879551823 0.7106413994169096 0.09523809523809523 0.9256559766763849 0.0938375350140056 0.9263848396501457 0.49859943977591037 0.9256559766763849 0.5
0 0.7055393586005831 0.42997198879551823 0.6297376093294461 0.42997198879551823 0.6290087463556852 0.26330532212885155 0.7055393586005831 0.2619047619047619 0.706268221574344 0.42857142857142855 0.7055393586005831 0.42997198879551823
0 0.6690962099125365 0.5784313725490197 0.446064139941691 0.5784313725490197 0.44533527696793 0.4425770308123249 0.6690962099125365 0.4411764705882353 0.6698250728862973 0.5770308123249299 0.6690962099125365 0.5784313725490197
0 0.7711370262390671 0.9257703081232493 0.6705539358600583 0.9257703081232493 0.6698250728862973 0.4425770308123249 0.7711370262390671 0.4411764705882353 0.771865889212828 0.9243697478991597 0.7711370262390671 0.9257703081232493
0 0.9256559766763849 0.9257703081232493 0.7784256559766763 0.9257703081232493 0.7776967930029155 0.5098039215686274 0.9256559766763849 0.5084033613445378 0.9263848396501457 0.9243697478991597 0.9256559766763849 0.9257703081232493
0 0.5568513119533528 0.7072829131652661 0.4518950437317784 0.7072829131652661 0.4511661807580175 0.5910364145658263 0.5568513119533528 0.5896358543417367 0.5575801749271136 0.7058823529411765 0.5568513119533528 0.7072829131652661
0 0.6632653061224489 0.9257703081232493 0.5641399416909622 0.9257703081232493 0.5634110787172012 0.5910364145658263 0.6632653061224489 0.5896358543417367 0.6639941690962099 0.9243697478991597 0.6632653061224489 0.9257703081232493
0 0.4446064139941691 0.9257703081232493 0.18513119533527697 0.9257703081232493 0.18440233236151604 0.6610644257703081 0.4446064139941691 0.6596638655462185 0.44533527696793 0.9243697478991597 0.4446064139941691 0.9257703081232493
0 0.5495626822157434 0.9257703081232493 0.45481049562682213 0.9257703081232493 0.45408163265306123 0.7282913165266106 0.5495626822157434 0.726890756302521 0.5502915451895044 0.9243697478991597 0.5495626822157434 0.9257703081232493