0 0.2357473035439137 0.2225950782997763 0.17873651771956856 0.2225950782997763 0.17796610169491525 0.2080536912751678 0.1694915254237288 0.20693512304250558 0.1687211093990755 0.087248322147651 0.2357473035439137 0.08612975391498881 0.23651771956856701 0.2214765100671141 0.2357473035439137 0.2225950782997763
0 0.3081664098613251 0.22483221476510068 0.2773497688751926 0.22483221476510068 0.275808936825886 0.2225950782997763 0.24499229583975346 0.2225950782997763 0.24422187981510016 0.087248322147651 0.3081664098613251 0.08612975391498881 0.3089368258859784 0.22371364653243847 0.3081664098613251 0.22483221476510068
0 0.35285053929121724 0.4217002237136465 0.26194144838212635 0.4217002237136465 0.26040061633281975 0.41946308724832215 0.2526964560862866 0.41946308724832215 0.25192604006163327 0.3713646532438479 0.24961479198767333 0.37024608501118567 0.24884437596302003 0.4116331096196868 0.1694915254237288 0.412751677852349 0.1687211093990755 0.23042505592841164 0.31124807395993837 0.22930648769574943 0.3120184899845917 0.15212527964205816 0.3089368258859784 0.14988814317673377 0.3089368258859784 0.087248322147651 0.35285053929121724 0.08612975391498881 0.35362095531587057 0.42058165548098436 0.35285053929121724 0.4217002237136465
0 0.4776579352850539 0.34116331096196867 0.4252696456086287 0.34116331096196867 0.42449922958397535 0.29977628635346754 0.3605546995377504 0.2986577181208054 0.35978428351309705 0.087248322147651 0.4776579352850539 0.08612975391498881 0.47842835130970723 0.3400447427293065 0.4776579352850539 0.34116331096196867
0 0.7334360554699538 0.20022371364653244 0.6471494607087828 0.20022371364653244 0.6463790446841294 0.0894854586129754 0.7334360554699538 0.0883668903803132 0.734206471494607 0.19910514541387025 0.7334360554699538 0.20022371364653244
0 0.8305084745762712 0.4865771812080537 0.7457627118644068 0.4865771812080537 0.7449922958397535 0.0894854586129754 0.8305084745762712 0.0883668903803132 0.8312788906009245 0.4854586129753915 0.8305084745762712 0.4865771812080537
0 0.9537750385208013 0.3635346756152125 0.9044684129429892 0.3635346756152125 0.9036979969183359 0.31543624161073824 0.8366718027734977 0.3143176733780761 0.8359013867488444 0.0894854586129754 0.9537750385208013 0.0883668903803132 0.9545454545454546 0.3624161073825503 0.9537750385208013 0.3635346756152125
0 0.1510015408320493 0.2225950782997763 0.053929121725731895 0.2225950782997763 0.053158705701078585 0.12751677852348994 0.1510015408320493 0.12639821029082773 0.1517719568567026 0.2214765100671141 0.1510015408320493 0.2225950782997763
0 0.7395993836671803 0.4865771812080537 0.6471494607087828 0.4865771812080537 0.6463790446841294 0.21700223713646533 0.7395993836671803 0.21588366890380314 0.7403697996918336 0.4854586129753915 0.7395993836671803 0.4865771812080537
0 0.15870570107858242 0.3970917225950783 0.053929121725731895 0.3970917225950783 0.053158705701078585 0.2371364653243848 0.15870570107858242 0.2360178970917226 0.15947611710323575 0.3959731543624161 0.15870570107858242 0.3970917225950783
0 0.4776579352850539 0.5425055928411633 0.3543913713405239 0.5425055928411633 0.35362095531587057 0.3534675615212528 0.3574730354391371 0.3523489932885906 0.35824345146379044 0.30648769574944074 0.41910631741140214 0.3053691275167785 0.41987673343605547 0.34675615212527966 0.44684129429892144 0.3478747203579418 0.4476117103235747 0.3624161073825503 0.4776579352850539 0.3635346756152125 0.47842835130970723 0.5413870246085011 0.4776579352850539 0.5425055928411633
0 0.8983050847457628 0.4082774049217002 0.8366718027734977 0.4082774049217002 0.8359013867488444 0.3243847874720358 0.884437596302003 0.3232662192393736 0.8852080123266564 0.3579418344519016 0.8983050847457628 0.35906040268456374 0.899075500770416 0.407158836689038 0.8983050847457628 0.4082774049217002
0 0.9537750385208013 0.743847874720358 0.8366718027734977 0.743847874720358 0.8359013867488444 0.4161073825503356 0.9029275808936826 0.41498881431767337 0.9036979969183359 0.3713646532438479 0.9537750385208013 0.37024608501118567 0.9545454545454546 0.7427293064876958 0.9537750385208013 0.743847874720358
0 0.4776579352850539 0.7416107382550335 0.1694915254237288 0.7416107382550335 0.1687211093990755 0.42058165548098436 0.26040061633281975 0.41946308724832215 0.26194144838212635 0.4217002237136465 0.35285053929121724 0.4217002237136465 0.35362095531587057 0.5413870246085011 0.4776579352850539 0.5425055928411633 0.47842835130970723 0.7404921700223713 0.4776579352850539 0.7416107382550335
0 0.8043143297380585 0.743847874720358 0.6471494607087828 0.743847874720358 0.6463790446841294 0.49440715883668906 0.8305084745762712 0.49328859060402686 0.8312788906009245 0.7248322147651006 0.8058551617873652 0.7259507829977628 0.8050847457627118 0.7427293064876958 0.8043143297380585 0.743847874720358