0 0.24419889502762432 0.542741935483871 0.09281767955801105 0.542741935483871 0.09226519337016574 0.2032258064516129 0.24419889502762432 0.20241935483870968 0.2447513812154696 0.5419354838709678 0.24419889502762432 0.542741935483871
0 0.40331491712707185 0.46048387096774196 0.24972375690607734 0.46048387096774196 0.24917127071823206 0.2032258064516129 0.40331491712707185 0.20241935483870968 0.4038674033149171 0.4596774193548387 0.40331491712707185 0.46048387096774196
0 0.605524861878453 0.507258064516129 0.4408839779005525 0.507258064516129 0.4403314917127072 0.4693548387096774 0.40994475138121544 0.4685483870967742 0.4093922651933702 0.2032258064516129 0.6696132596685083 0.20241935483870968 0.6701657458563536 0.41774193548387095 0.6486187845303868 0.41854838709677417 0.6480662983425415 0.5048387096774194 0.6066298342541436 0.5056451612903226 0.605524861878453 0.507258064516129
0 0.856353591160221 0.47338709677419355 0.6696132596685083 0.47338709677419355 0.669060773480663 0.41935483870967744 0.6701657458563536 0.41774193548387095 0.6701657458563536 0.2032258064516129 0.856353591160221 0.20241935483870968 0.8569060773480663 0.47258064516129034 0.856353591160221 0.47338709677419355
0 0.3723756906077348 0.7104838709677419 0.2906077348066298 0.7104838709677419 0.2900552486187845 0.6645161290322581 0.28342541436464086 0.6548387096774193 0.274585635359116 0.6403225806451613 0.26574585635359116 0.6258064516129033 0.26298342541436465 0.6201612903225806 0.2613259668508287 0.6193548387096774 0.2580110497237569 0.6129032258064516 0.256353591160221 0.6088709677419355 0.2535911602209945 0.6064516129032258 0.24917127071823206 0.5983870967741935 0.24917127071823206 0.4693548387096774 0.4397790055248619 0.4685483870967742 0.4403314917127072 0.6645161290322581 0.4022099447513812 0.6653225806451613 0.3966850828729282 0.6733870967741935 0.39502762430939226 0.6741935483870968 0.3729281767955801 0.7080645161290322 0.3723756906077348 0.7104838709677419
0 0.7259668508287292 0.6653225806451613 0.6740331491712708 0.6653225806451613 0.6734806629834255 0.6112903225806452 0.6950276243093922 0.6104838709677419 0.6955801104972376 0.6048387096774194 0.6740331491712708 0.6040322580645161 0.6734806629834255 0.4806451612903226 0.7624309392265194 0.4798387096774194 0.7629834254143646 0.6193548387096774 0.7657458563535912 0.6201612903225806 0.7657458563535912 0.6217741935483871 0.7602209944751381 0.6282258064516129 0.7580110497237569 0.6298387096774194 0.7513812154696132 0.6379032258064516 0.7480662983425415 0.6411290322580645 0.7436464088397791 0.6459677419354839 0.7381215469613259 0.6524193548387097 0.7348066298342542 0.6556451612903226 0.7292817679558011 0.6620967741935484 0.7259668508287292 0.6653225806451613
0 0.856353591160221 0.6217741935483871 0.7690607734806629 0.6217741935483871 0.7685082872928177 0.4806451612903226 0.856353591160221 0.4798387096774194 0.8569060773480663 0.6209677419354839 0.856353591160221 0.6217741935483871
0 0.5889502762430939 0.9120967741935484 0.5204419889502763 0.9120967741935484 0.5154696132596686 0.9048387096774193 0.5149171270718232 0.9024193548387097 0.511049723756906 0.8983870967741936 0.4922651933701657 0.8693548387096774 0.4861878453038674 0.8588709677419355 0.4845303867403315 0.8580645161290322 0.47624309392265196 0.8443548387096774 0.4453038674033149 0.8443548387096774 0.4447513812154696 0.6048387096774194 0.47734806629834253 0.6040322580645161 0.47790055248618785 0.5983870967741935 0.4408839779005525 0.5975806451612903 0.4403314917127072 0.5080645161290323 0.605524861878453 0.507258064516129 0.6060773480662983 0.5596774193548387 0.611049723756906 0.5604838709677419 0.6116022099447513 0.5145161290322581 0.6685082872928176 0.5137096774193548 0.669060773480663 0.5983870967741935 0.6386740331491713 0.5991935483870968 0.638121546961326 0.6080645161290322 0.6685082872928176 0.6088709677419355 0.669060773480663 0.8435483870967742 0.6353591160220995 0.8443548387096774 0.6342541436464089 0.8475806451612903 0.6270718232044199 0.8564516129032258 0.6265193370165746 0.8588709677419355 0.6193370165745856 0.867741935483871 0.6187845303867403 0.8701612903225806 0.6049723756906077 0.8887096774193548 0.6044198895027625 0.8911290322580645 0.5972375690607735 0.9 0.5966850828729282 0.9024193548387097 0.5889502762430939 0.9120967741935484
0 0.14696132596685083 0.6395161290322581 0.09392265193370165 0.6395161290322581 0.09337016574585635 0.55 0.17569060773480663 0.5491935483870968 0.17624309392265194 0.5951612903225807 0.17458563535911603 0.5975806451612903 0.1718232044198895 0.6 0.156353591160221 0.6241935483870967 0.15359116022099448 0.6298387096774194 0.14972375690607734 0.6338709677419355 0.14696132596685083 0.6395161290322581
0 0.2839779005524862 0.8443548387096774 0.09392265193370165 0.8443548387096774 0.09337016574585635 0.6483870967741936 0.14917127071823205 0.6475806451612903 0.15248618784530388 0.6411290322580645 0.156353591160221 0.6370967741935484 0.16022099447513813 0.6298387096774194 0.16408839779005524 0.6258064516129033 0.18176795580110497 0.5983870967741935 0.18176795580110497 0.55 0.24419889502762432 0.5491935483870968 0.2447513812154696 0.603225806451613 0.24585635359116023 0.6048387096774194 0.2535911602209945 0.617741935483871 0.2541436464088398 0.6201612903225806 0.2580110497237569 0.6241935483870967 0.2668508287292818 0.6387096774193548 0.2674033149171271 0.6411290322580645 0.269060773480663 0.6419354838709678 0.27569060773480664 0.6532258064516129 0.2845303867403315 0.667741935483871 0.2845303867403315 0.8435483870967742 0.2839779005524862 0.8443548387096774
0 0.856353591160221 0.8443548387096774 0.6740331491712708 0.8443548387096774 0.6734806629834255 0.6741935483870968 0.7281767955801105 0.6733870967741935 0.7325966850828729 0.6669354838709678 0.7359116022099448 0.6637096774193548 0.7414364640883978 0.657258064516129 0.7458563535911602 0.6524193548387097 0.7491712707182321 0.6491935483870968 0.7546961325966851 0.6427419354838709 0.7569060773480663 0.6411290322580645 0.7635359116022099 0.6330645161290323 0.7668508287292818 0.6298387096774194 0.856353591160221 0.6298387096774194 0.8569060773480663 0.8435483870967742 0.856353591160221 0.8443548387096774
0 0.4397790055248619 0.8443548387096774 0.37790055248618787 0.8443548387096774 0.37734806629834255 0.7129032258064516 0.4044198895027624 0.6733870967741935 0.4397790055248619 0.6733870967741935 0.4403314917127072 0.8435483870967742 0.4397790055248619 0.8443548387096774
0 0.3723756906077348 0.8443548387096774 0.2906077348066298 0.8443548387096774 0.2900552486187845 0.7193548387096774 0.3723756906077348 0.7185483870967742 0.3729281767955801 0.8435483870967742 0.3723756906077348 0.8443548387096774