0 0.3425531914893617 0.25833333333333336 0.1127659574468085 0.25833333333333336 0.11170212765957446 0.022222222222222223 0.3425531914893617 0.021296296296296296 0.34361702127659577 0.2574074074074074 0.3425531914893617 0.25833333333333336
0 0.4595744680851064 0.14166666666666666 0.35106382978723405 0.14166666666666666 0.35 0.022222222222222223 0.4595744680851064 0.021296296296296296 0.46063829787234045 0.14074074074074075 0.4595744680851064 0.14166666666666666
0 0.8297872340425532 0.4398148148148148 0.6595744680851063 0.4398148148148148 0.6585106382978724 0.29444444444444445 0.7723404255319148 0.2935185185185185 0.7734042553191489 0.28888888888888886 0.46808510638297873 0.287962962962963 0.46702127659574466 0.022222222222222223 0.8297872340425532 0.021296296296296296 0.8308510638297872 0.4388888888888889 0.8297872340425532 0.4398148148148148
0 0.4595744680851064 0.49722222222222223 0.35106382978723405 0.49722222222222223 0.35 0.14814814814814814 0.4595744680851064 0.14722222222222223 0.46063829787234045 0.18518518518518517 0.46595744680851064 0.18611111111111112 0.46702127659574466 0.28703703703703703 0.46170212765957447 0.287962962962963 0.46063829787234045 0.4962962962962963 0.4595744680851064 0.49722222222222223
0 0.2297872340425532 0.33425925925925926 0.1127659574468085 0.33425925925925926 0.11170212765957446 0.26481481481481484 0.2297872340425532 0.2638888888888889 0.23085106382978723 0.3333333333333333 0.2297872340425532 0.33425925925925926
0 0.3425531914893617 0.33425925925925926 0.23829787234042554 0.33425925925925926 0.2372340425531915 0.26481481481481484 0.3425531914893617 0.2638888888888889 0.34361702127659577 0.3333333333333333 0.3425531914893617 0.33425925925925926
0 0.6574468085106383 0.4398148148148148 0.46808510638297873 0.4398148148148148 0.46702127659574466 0.29444444444444445 0.6574468085106383 0.2935185185185185 0.6585106382978724 0.4388888888888889 0.6574468085106383 0.4398148148148148
0 0.3425531914893617 0.575 0.1127659574468085 0.575 0.11170212765957446 0.34074074074074073 0.3425531914893617 0.3398148148148148 0.34361702127659577 0.5740740740740741 0.3425531914893617 0.575
0 0.6127659574468085 0.575 0.46808510638297873 0.575 0.46702127659574466 0.4462962962962963 0.6127659574468085 0.44537037037037036 0.6138297872340426 0.5740740740740741 0.6127659574468085 0.575
0 0.7297872340425532 0.575 0.6212765957446809 0.575 0.6202127659574468 0.4462962962962963 0.7297872340425532 0.44537037037037036 0.7308510638297873 0.5740740740740741 0.7297872340425532 0.575
0 0.8297872340425532 0.575 0.7404255319148936 0.575 0.7393617021276596 0.46111111111111114 0.8297872340425532 0.4601851851851852 0.8308510638297872 0.5740740740740741 0.8297872340425532 0.575
0 0.4595744680851064 0.575 0.35106382978723405 0.575 0.35 0.5055555555555555 0.4595744680851064 0.5046296296296297 0.46063829787234045 0.5740740740740741 0.4595744680851064 0.575
0 0.6446808510638298 0.9453703703703704 0.23829787234042554 0.9453703703703704 0.2372340425531915 0.7555555555555555 0.6446808510638298 0.7546296296296297 0.6457446808510638 0.9444444444444444 0.6446808510638298 0.9453703703703704
0 0.8702127659574468 0.9453703703703704 0.6531914893617021 0.9453703703703704 0.652127659574468 0.7555555555555555 0.8702127659574468 0.7546296296296297 0.8712765957446809 0.9444444444444444 0.8702127659574468 0.9453703703703704