0 0.5951694304253785 0.6133754305396096 0.5602018745493872 0.6133754305396096 0.5603821196827685 0.4362801377726751 0.5951694304253785 0.4359931113662457 0.59534967555876 0.6130884041331802 0.5951694304253785 0.6133754305396096
0 0.6420331651045422 0.6133754305396096 0.5980533525594809 0.6133754305396096 0.5978731074260994 0.4362801377726751 0.6420331651045422 0.4359931113662457 0.6422134102379236 0.6130884041331802 0.6420331651045422 0.6133754305396096
0 0.7007930785868781 0.5255453501722158 0.6449170872386446 0.5255453501722158 0.6447368421052632 0.47474167623421354 0.6589762076423936 0.4744546498277842 0.6591564527757751 0.4707233065442021 0.6449170872386446 0.47043628013777267 0.6447368421052632 0.4362801377726751 0.6932227829848594 0.4359931113662457 0.6934030281182408 0.4701492537313433 0.6795241528478732 0.47043628013777267 0.6793439077144917 0.47416762342135477 0.6932227829848594 0.4744546498277842 0.6934030281182408 0.4845005740528129 0.7007930785868781 0.48478760045924224 0.7009733237202596 0.5252583237657864 0.7007930785868781 0.5255453501722158
0 0.9473684210526315 0.6173938002296211 0.8911319394376351 0.6173938002296211 0.8909516943042538 0.613662456946039 0.8266041816870945 0.6133754305396096 0.826423936553713 0.43742824339839265 0.9473684210526315 0.43714121699196323 0.947548666186013 0.6171067738231917 0.9473684210526315 0.6173938002296211
0 0.46827685652487383 0.8016647531572905 0.3067772170151406 0.8016647531572905 0.3065969718817592 0.4753157290470723 0.35436193222782986 0.47502870264064295 0.35454217736121124 0.44087256027554533 0.46827685652487383 0.440585533869116 0.4684571016582552 0.801377726750861 0.46827685652487383 0.8016647531572905
0 0.12797404470079307 0.6713547646383468 0.08399423215573179 0.6713547646383468 0.08381398702235039 0.5568312284730195 0.0834534967555876 0.5562571756601608 0.0834534967555876 0.44202066590126293 0.0830930064888248 0.44144661308840416 0.21413121845710165 0.44115958668197475 0.21431146359048306 0.47474167623421354 0.21629416005767843 0.47502870264064295 0.21647440519105984 0.6084959816303099 0.12833453496755587 0.6087830080367393 0.12815428983417448 0.6710677382319173 0.12797404470079307 0.6713547646383468
0 0.7040374909877434 0.5261194029850746 0.7038572458543619 0.4718714121699196 0.7034967555875992 0.47129735935706085 0.7415284787310743 0.47101033295063144 0.7413482335976929 0.5252583237657864 0.7043979812545061 0.5255453501722158 0.7040374909877434 0.5261194029850746
0 0.8240807498197549 0.6133754305396096 0.7444124008651767 0.6133754305396096 0.7442321557317952 0.4718714121699196 0.8240807498197549 0.47158438576349027 0.8242609949531363 0.6130884041331802 0.8240807498197549 0.6133754305396096
0 0.2692862292718097 0.5571182548794489 0.218817591925018 0.5571182548794489 0.21863734679163663 0.4753157290470723 0.2692862292718097 0.47502870264064295 0.26946647440519106 0.5568312284730195 0.2692862292718097 0.5571182548794489
0 0.30100937274693584 0.5571182548794489 0.27180966113914923 0.5571182548794489 0.27162941600576784 0.4753157290470723 0.30100937274693584 0.47502870264064295 0.30118961788031723 0.5568312284730195 0.30100937274693584 0.5571182548794489
0 0.6982696467195386 0.6133754305396096 0.6449170872386446 0.6133754305396096 0.6447368421052632 0.5304247990815155 0.6982696467195386 0.5301377726750861 0.69844989185292 0.6130884041331802 0.6982696467195386 0.6133754305396096
0 0.7411679884643114 0.6133754305396096 0.7015140591204038 0.6133754305396096 0.7013338139870223 0.5487944890929966 0.7155731795241529 0.5485074626865671 0.7157534246575342 0.5304247990815155 0.7411679884643114 0.5301377726750861 0.7413482335976929 0.6130884041331802 0.7411679884643114 0.6133754305396096
0 0.30100937274693584 0.6087830080367393 0.218817591925018 0.6087830080367393 0.21863734679163663 0.560849598163031 0.30100937274693584 0.5605625717566016 0.30118961788031723 0.6084959816303099 0.30100937274693584 0.6087830080367393
0 0.30100937274693584 0.8016647531572905 0.18817591925018023 0.8016647531572905 0.18799567411679885 0.6171067738231917 0.30100937274693584 0.6168197474167624 0.30118961788031723 0.801377726750861 0.30100937274693584 0.8016647531572905
0 0.1798846431146359 0.766073478760046 0.13157894736842105 0.766073478760046 0.13139870223503966 0.6176808266360505 0.1798846431146359 0.6173938002296211 0.1800648882480173 0.7657864523536165 0.1798846431146359 0.766073478760046
0 0.6607786589762077 0.768369690011481 0.5598413842826244 0.768369690011481 0.559661139149243 0.6928817451205511 0.5600216294160058 0.6923076923076923 0.5600216294160058 0.6176808266360505 0.7433309300648883 0.6173938002296211 0.7435111751982696 0.6670493685419059 0.6611391492429705 0.6673363949483353 0.660958904109589 0.7680826636050516 0.6607786589762077 0.768369690011481
0 0.9477289113193944 0.8039609644087256 0.7440519105984138 0.8039609644087256 0.7438716654650325 0.6182548794489093 0.7435111751982696 0.6176808266360505 0.9473684210526315 0.6173938002296211 0.947548666186013 0.8030998851894374 0.9479091564527757 0.8036739380022963 0.9477289113193944 0.8039609644087256
0 0.12797404470079307 0.7310562571756601 0.10742609949531362 0.7310562571756601 0.10724585436193222 0.6716417910447762 0.12797404470079307 0.6713547646383468 0.12815428983417448 0.7307692307692307 0.12797404470079307 0.7310562571756601
0 0.7404470079307859 0.8039609644087256 0.6636625811103101 0.8039609644087256 0.6634823359769286 0.6716417910447762 0.7404470079307859 0.6713547646383468 0.7406272530641672 0.8036739380022963 0.7404470079307859 0.8039609644087256