0 0.19040902679830748 0.4956989247311828 0.09026798307475317 0.4956989247311828 0.08956276445698166 0.2 0.16643159379407615 0.1989247311827957 0.16713681241184766 0.34623655913978496 0.19040902679830748 0.3473118279569892 0.191114245416079 0.4946236559139785 0.19040902679830748 0.4956989247311828
0 0.2609308885754584 0.34086021505376346 0.17207334273624825 0.34086021505376346 0.17136812411847674 0.2 0.2609308885754584 0.1989247311827957 0.2616361071932299 0.33978494623655914 0.2609308885754584 0.34086021505376346
0 0.33568406205923834 0.34086021505376346 0.26657263751763044 0.34086021505376346 0.26586741889985893 0.2 0.33568406205923834 0.1989247311827957 0.33638928067700985 0.33978494623655914 0.33568406205923834 0.34086021505376346
0 0.5839210155148096 0.4956989247311828 0.5641748942172073 0.4956989247311828 0.5634696755994358 0.4731182795698925 0.49647390691114246 0.4720430107526882 0.49576868829337095 0.47956989247311826 0.5571227080394923 0.4806451612903226 0.5578279266572638 0.4946236559139785 0.34132581100141046 0.4956989247311828 0.34062059238363895 0.2 0.5867418899858956 0.1989247311827957 0.5874471086036671 0.2967741935483871 0.5860366713681241 0.2989247311827957 0.5860366713681241 0.44516129032258067 0.5846262341325811 0.44731182795698926 0.5846262341325811 0.4946236559139785 0.5839210155148096 0.4956989247311828
0 0.7179125528913963 0.3924731182795699 0.5923836389280677 0.3924731182795699 0.5916784203102962 0.2 0.7179125528913963 0.1989247311827957 0.7186177715091678 0.3913978494623656 0.7179125528913963 0.3924731182795699
0 0.8603667136812412 0.4612903225806452 0.7235543018335684 0.4612903225806452 0.7228490832157969 0.2 0.8603667136812412 0.1989247311827957 0.8610719322990127 0.46021505376344085 0.8603667136812412 0.4612903225806452
0 0.9280677009873061 0.2956989247311828 0.8660084626234132 0.2956989247311828 0.8653032440056417 0.2 0.9280677009873061 0.1989247311827957 0.9287729196050776 0.2946236559139785 0.9280677009873061 0.2956989247311828
0 0.6629055007052186 0.7322580645161291 0.5839210155148096 0.7322580645161291 0.5832157968970381 0.7204301075268817 0.5811001410437235 0.7193548387096774 0.580394922425952 0.7311827956989247 0.5486600846262342 0.7322580645161291 0.5479548660084627 0.6301075268817204 0.5796897038081805 0.6290322580645161 0.580394922425952 0.6580645161290323 0.5825105782792666 0.6591397849462366 0.5832157968970381 0.6236559139784946 0.5458392101551481 0.6225806451612903 0.5451339915373766 0.513978494623656 0.5571227080394923 0.5129032258064516 0.5578279266572638 0.5505376344086022 0.5839210155148096 0.5516129032258065 0.5846262341325811 0.5440860215053763 0.5641748942172073 0.543010752688172 0.5634696755994358 0.4967741935483871 0.5839210155148096 0.4956989247311828 0.5846262341325811 0.44731182795698926 0.5860366713681241 0.44516129032258067 0.5860366713681241 0.2989247311827957 0.5874471086036671 0.2989247311827957 0.5874471086036671 0.3978494623655914 0.7179125528913963 0.3989247311827957 0.7186177715091678 0.5548387096774193 0.6643159379407616 0.5559139784946237 0.6636107193229901 0.7311827956989247 0.6629055007052186 0.7322580645161291
0 0.9280677009873061 0.4956989247311828 0.8660084626234132 0.4956989247311828 0.8653032440056417 0.3032258064516129 0.9280677009873061 0.3021505376344086 0.9287729196050776 0.4946236559139785 0.9280677009873061 0.4956989247311828
0 0.33568406205923834 0.4956989247311828 0.19605077574047955 0.4956989247311828 0.19534555712270804 0.34838709677419355 0.2609308885754584 0.3473118279569892 0.2616361071932299 0.40860215053763443 0.33568406205923834 0.4096774193548387 0.33638928067700985 0.4946236559139785 0.33568406205923834 0.4956989247311828
0 0.33568406205923834 0.4032258064516129 0.26657263751763044 0.4032258064516129 0.26586741889985893 0.34838709677419355 0.33568406205923834 0.3473118279569892 0.33638928067700985 0.4021505376344086 0.33568406205923834 0.4032258064516129
0 0.8603667136812412 0.7322580645161291 0.7235543018335684 0.7322580645161291 0.7228490832157969 0.46881720430107526 0.8603667136812412 0.46774193548387094 0.8610719322990127 0.7311827956989247 0.8603667136812412 0.7322580645161291
0 0.5839210155148096 0.5516129032258065 0.5585331452750353 0.5516129032258065 0.5578279266572638 0.513978494623656 0.5416078984485191 0.5129032258064516 0.5409026798307476 0.5505376344086022 0.53737658674189 0.5516129032258065 0.5366713681241185 0.5096774193548387 0.5571227080394923 0.5086021505376344 0.5578279266572638 0.4817204301075269 0.49647390691114246 0.4806451612903226 0.49576868829337095 0.4731182795698925 0.5627644569816643 0.4720430107526882 0.5634696755994358 0.5419354838709678 0.5839210155148096 0.543010752688172 0.5846262341325811 0.5505376344086022 0.5839210155148096 0.5516129032258065
0 0.5430183356840621 0.8290322580645161 0.34132581100141046 0.8290322580645161 0.34062059238363895 0.4967741935483871 0.5444287729196051 0.4956989247311828 0.5451339915373766 0.5075268817204301 0.53737658674189 0.5086021505376344 0.5366713681241185 0.5505376344086022 0.5401974612129761 0.5516129032258065 0.5409026798307476 0.513978494623656 0.5444287729196051 0.5129032258064516 0.5451339915373766 0.621505376344086 0.5437235543018336 0.6236559139784946 0.5437235543018336 0.8279569892473119 0.5430183356840621 0.8290322580645161
0 0.5571227080394923 0.5086021505376344 0.5458392101551481 0.5086021505376344 0.5451339915373766 0.4967741935483871 0.5571227080394923 0.4956989247311828 0.5578279266572638 0.5075268817204301 0.5571227080394923 0.5086021505376344
0 0.33568406205923834 0.7301075268817204 0.1777150916784203 0.7301075268817204 0.1770098730606488 0.5032258064516129 0.33568406205923834 0.5021505376344086 0.33638928067700985 0.7290322580645161 0.33568406205923834 0.7301075268817204
0 0.7179125528913963 0.7322580645161291 0.6685472496473907 0.7322580645161291 0.6678420310296191 0.5634408602150538 0.7179125528913963 0.5623655913978495 0.7186177715091678 0.7311827956989247 0.7179125528913963 0.7322580645161291