0 0.33707865168539325 0.470682302771855 0.05005107252298264 0.470682302771855 0.04954034729315628 0.3582089552238806 0.33707865168539325 0.35767590618336886 0.3375893769152196 0.4701492537313433 0.33707865168539325 0.470682302771855
0 0.4780388151174668 0.5101279317697228 0.3442288049029622 0.5101279317697228 0.34371807967313583 0.3582089552238806 0.4780388151174668 0.35767590618336886 0.47854954034729313 0.509594882729211 0.4780388151174668 0.5101279317697228
0 0.9570990806945863 0.6412579957356077 0.7711950970377937 0.6412579957356077 0.7701736465781409 0.6401918976545842 0.7078651685393258 0.6401918976545842 0.7073544433094995 0.5746268656716418 0.5413687436159347 0.57409381663113 0.5408580183861083 0.3582089552238806 0.9570990806945863 0.35767590618336886 0.9576098059244127 0.6407249466950959 0.9570990806945863 0.6412579957356077
0 0.33707865168539325 0.7915778251599147 0.24923391215526047 0.7915778251599147 0.2487231869254341 0.6066098081023454 0.19713993871297242 0.6060767590618337 0.19662921348314608 0.47654584221748403 0.33707865168539325 0.47601279317697226 0.3375893769152196 0.5138592750533049 0.4780388151174668 0.5143923240938166 0.47854954034729313 0.6407249466950959 0.338100102145046 0.6412579957356077 0.3375893769152196 0.7910447761194029 0.33707865168539325 0.7915778251599147
0 0.18386108273748722 0.6028784648187633 0.06128702757916241 0.6028784648187633 0.06077630234933606 0.4840085287846482 0.18386108273748722 0.48347547974413646 0.1843718079673136 0.6023454157782516 0.18386108273748722 0.6028784648187633
0 0.7007150153217568 0.6647121535181236 0.5495403472931563 0.6647121535181236 0.54902962206333 0.5970149253731343 0.6006128702757916 0.5964818763326226 0.601123595505618 0.579957356076759 0.7007150153217568 0.5794243070362474 0.7012257405515833 0.664179104477612 0.7007150153217568 0.6647121535181236
0 0.24208375893769152 0.8917910447761194 0.05005107252298264 0.8917910447761194 0.04954034729315628 0.6950959488272921 0.06741573033707865 0.6945628997867804 0.067926455566905 0.6119402985074627 0.24208375893769152 0.6114072494669509 0.2425944841675179 0.8912579957356077 0.24208375893769152 0.8917910447761194
0 0.7701736465781409 0.8885927505330491 0.5413687436159347 0.8885927505330491 0.5408580183861083 0.6705756929637526 0.7068437180796732 0.670042643923241 0.7073544433094995 0.6407249466950959 0.7701736465781409 0.6401918976545842 0.7706843718079673 0.8880597014925373 0.7701736465781409 0.8885927505330491
0 0.9570990806945863 0.8885927505330491 0.7793667007150153 0.8885927505330491 0.7788559754851889 0.6471215351812367 0.9570990806945863 0.646588486140725 0.9576098059244127 0.8880597014925373 0.9570990806945863 0.8885927505330491
0 0.4780388151174668 0.8917910447761194 0.3442288049029622 0.8917910447761194 0.34371807967313583 0.6481876332622601 0.4780388151174668 0.6476545842217484 0.47854954034729313 0.8912579957356077 0.4780388151174668 0.8917910447761194
0 0.32482124616956076 0.8917910447761194 0.24923391215526047 0.8917910447761194 0.2487231869254341 0.7974413646055437 0.32482124616956076 0.7969083155650319 0.32533197139938713 0.8912579957356077 0.32482124616956076 0.8917910447761194