0 0.2100728959575878 0.48604910714285715 0.10603048376408217 0.48604910714285715 0.10569913850231942 0.26004464285714285 0.2100728959575878 0.25948660714285715 0.21040424121935056 0.48549107142857145 0.2100728959575878 0.48604910714285715
0 0.5023194168323393 0.40904017857142855 0.3744201457919152 0.40904017857142855 0.3740888005301524 0.26674107142857145 0.5023194168323393 0.2661830357142857 0.5026507620941021 0.40848214285714285 0.5023194168323393 0.40904017857142855
0 0.5878064943671305 0.48828125 0.5062955599734924 0.48828125 0.5059642147117296 0.26674107142857145 0.6911862160371107 0.2661830357142857 0.6915175612988734 0.48660714285714285 0.588469184890656 0.48716517857142855 0.5878064943671305 0.48828125
0 0.827037773359841 0.35546875 0.6951623591782637 0.35546875 0.694831013916501 0.26674107142857145 0.827037773359841 0.2661830357142857 0.8273691186216037 0.3549107142857143 0.827037773359841 0.35546875
0 0.827037773359841 0.5206473214285714 0.6951623591782637 0.5206473214285714 0.694831013916501 0.36160714285714285 0.827037773359841 0.36104910714285715 0.8273691186216037 0.5200892857142857 0.827037773359841 0.5206473214285714
0 0.41020543406229293 0.48716517857142855 0.3744201457919152 0.48716517857142855 0.3740888005301524 0.41517857142857145 0.41020543406229293 0.4146205357142857 0.4105367793240557 0.48660714285714285 0.41020543406229293 0.48716517857142855
0 0.4479787939032472 0.48716517857142855 0.414181577203446 0.48716517857142855 0.41385023194168324 0.41517857142857145 0.4479787939032472 0.4146205357142857 0.44831013916500995 0.48660714285714285 0.4479787939032472 0.48716517857142855
0 0.5023194168323393 0.48716517857142855 0.45195493704440026 0.48716517857142855 0.4516235917826375 0.41517857142857145 0.5023194168323393 0.4146205357142857 0.5026507620941021 0.48660714285714285 0.5023194168323393 0.48716517857142855
0 0.5579854208084825 0.6456473214285714 0.4870775347912525 0.6456473214285714 0.4867461895294897 0.5535714285714286 0.5056328694499669 0.5530133928571429 0.5059642147117296 0.4888392857142857 0.5573227302849569 0.48828125 0.5576540755467196 0.5803571428571429 0.5583167660702452 0.5814732142857143 0.5583167660702452 0.6450892857142857 0.5579854208084825 0.6456473214285714
0 0.6911862160371107 0.7181919642857143 0.56129887342611 0.7181919642857143 0.5609675281643473 0.5814732142857143 0.5579854208084825 0.5809151785714286 0.5576540755467196 0.4888392857142857 0.5878064943671305 0.48828125 0.5881378396288933 0.4921875 0.6911862160371107 0.4927455357142857 0.6915175612988734 0.7176339285714286 0.6911862160371107 0.7181919642857143
0 0.4831013916500994 0.6456473214285714 0.3744201457919152 0.6456473214285714 0.3740888005301524 0.49330357142857145 0.5023194168323393 0.4927455357142857 0.5026507620941021 0.546875 0.48376408217362493 0.5474330357142857 0.48343273691186217 0.6450892857142857 0.4831013916500994 0.6456473214285714
0 0.2100728959575878 0.6489955357142857 0.10669317428760769 0.6489955357142857 0.10636182902584493 0.49776785714285715 0.2100728959575878 0.49720982142857145 0.21040424121935056 0.6484375 0.2100728959575878 0.6489955357142857
0 0.7879390324718356 0.7181919642857143 0.6951623591782637 0.7181919642857143 0.694831013916501 0.5267857142857143 0.8694499668654738 0.5262276785714286 0.8697813121272365 0.6026785714285714 0.8098078197481776 0.6032366071428571 0.8048376408217363 0.6116071428571429 0.8045062955599734 0.61328125 0.7895957587806495 0.6372767857142857 0.7892644135188867 0.6389508928571429 0.7882703777335984 0.6395089285714286 0.7882703777335984 0.7176339285714286 0.7879390324718356 0.7181919642857143
0 0.9098740888005301 0.6032366071428571 0.873426110006627 0.6032366071428571 0.8730947647448641 0.5267857142857143 0.9098740888005301 0.5262276785714286 0.9102054340622929 0.6026785714285714 0.9098740888005301 0.6032366071428571
0 0.8522200132538105 0.7181919642857143 0.7912524850894632 0.7181919642857143 0.7909211398277005 0.6428571428571429 0.8111332007952287 0.6088169642857143 0.8522200132538105 0.6088169642857143 0.8525513585155732 0.7176339285714286 0.8522200132538105 0.7181919642857143
0 0.9098740888005301 0.7181919642857143 0.8555334658714381 0.7181919642857143 0.8552021206096753 0.609375 0.9098740888005301 0.6088169642857143 0.9102054340622929 0.7176339285714286 0.9098740888005301 0.7181919642857143