0 0.6713286713286714 0.5 0.5174825174825175 0.5 0.5167832167832168 0.41100917431192663 0.5181818181818182 0.4091743119266055 0.5181818181818182 0.23486238532110093 0.66993006993007 0.23394495412844038 0.6706293706293707 0.1596330275229358 0.8993006993006993 0.15871559633027524 0.9 0.41834862385321103 0.7706293706293706 0.41926605504587156 0.76993006993007 0.4972477064220184 0.6727272727272727 0.4981651376146789 0.6713286713286714 0.5
0 0.34685314685314683 0.2889908256880734 0.25314685314685315 0.2889908256880734 0.25244755244755246 0.1614678899082569 0.34685314685314683 0.16055045871559634 0.3475524475524476 0.28807339449541286 0.34685314685314683 0.2889908256880734
0 0.46293706293706294 0.2889908256880734 0.35524475524475524 0.2889908256880734 0.35454545454545455 0.1614678899082569 0.46293706293706294 0.16055045871559634 0.4636363636363636 0.28807339449541286 0.46293706293706294 0.2889908256880734
0 0.2839160839160839 0.41559633027522935 0.08811188811188811 0.41559633027522935 0.08741258741258741 0.3284403669724771 0.08881118881118881 0.326605504587156 0.08881118881118881 0.23853211009174313 0.22237762237762237 0.23761467889908258 0.2230769230769231 0.29724770642201837 0.2839160839160839 0.2981651376146789 0.2846153846153846 0.41467889908256883 0.2839160839160839 0.41559633027522935
0 0.46293706293706294 0.41559633027522935 0.2923076923076923 0.41559633027522935 0.2916083916083916 0.29908256880733947 0.46293706293706294 0.2981651376146789 0.4636363636363636 0.41467889908256883 0.46293706293706294 0.41559633027522935
0 0.14265734265734265 0.4981651376146789 0.08811188811188811 0.4981651376146789 0.08741258741258741 0.42568807339449544 0.14265734265734265 0.42477064220183486 0.14335664335664336 0.4972477064220184 0.14265734265734265 0.4981651376146789
0 0.22937062937062938 0.4981651376146789 0.15104895104895105 0.4981651376146789 0.15034965034965034 0.42568807339449544 0.22937062937062938 0.42477064220183486 0.23006993006993007 0.4972477064220184 0.22937062937062938 0.4981651376146789
0 0.3146853146853147 0.6504587155963303 0.23916083916083916 0.6504587155963303 0.23846153846153847 0.5082568807339449 0.23706293706293707 0.5064220183486239 0.23706293706293707 0.42568807339449544 0.46293706293706294 0.42477064220183486 0.4636363636363636 0.5467889908256881 0.31608391608391606 0.5477064220183486 0.3153846153846154 0.6495412844036698 0.3146853146853147 0.6504587155963303
0 0.6853146853146853 0.7055045871559633 0.5160839160839161 0.7055045871559633 0.5153846153846153 0.4972477064220184 0.5167832167832168 0.4972477064220184 0.5174825174825175 0.5 0.6713286713286714 0.5 0.6727272727272727 0.4981651376146789 0.6853146853146853 0.4981651376146789 0.686013986013986 0.7045871559633028 0.6853146853146853 0.7055045871559633
0 0.7524475524475525 0.6137614678899083 0.6867132867132867 0.6137614678899083 0.686013986013986 0.4990825688073395 0.7692307692307693 0.4981651376146789 0.76993006993007 0.5504587155963303 0.7538461538461538 0.5513761467889908 0.7531468531468531 0.6128440366972477 0.7524475524475525 0.6137614678899083
0 0.23776223776223776 0.6963302752293578 0.08811188811188811 0.6963302752293578 0.08741258741258741 0.5082568807339449 0.23776223776223776 0.5073394495412844 0.23846153846153847 0.6954128440366972 0.23776223776223776 0.6963302752293578
0 0.46293706293706294 0.7697247706422018 0.3230769230769231 0.7697247706422018 0.32237762237762235 0.5577981651376147 0.46293706293706294 0.5568807339449541 0.4636363636363636 0.7688073394495413 0.46293706293706294 0.7697247706422018
0 0.8993006993006993 0.771559633027523 0.7608391608391608 0.771559633027523 0.7601398601398601 0.5596330275229358 0.8993006993006993 0.5587155963302752 0.9 0.7706422018348624 0.8993006993006993 0.771559633027523
0 0.7524475524475525 0.7055045871559633 0.6937062937062937 0.7055045871559633 0.693006993006993 0.6220183486238532 0.7524475524475525 0.6211009174311927 0.7531468531468531 0.7045871559633028 0.7524475524475525 0.7055045871559633
0 0.3146853146853147 0.6963302752293578 0.23916083916083916 0.6963302752293578 0.23846153846153847 0.6605504587155964 0.3146853146853147 0.6596330275229357 0.3153846153846154 0.6954128440366972 0.3146853146853147 0.6963302752293578
0 0.14405594405594405 0.8522935779816514 0.08811188811188811 0.8522935779816514 0.08741258741258741 0.710091743119266 0.14405594405594405 0.7091743119266055 0.14475524475524476 0.8513761467889909 0.14405594405594405 0.8522935779816514