0 0.3194444444444444 0.5017361111111112 0.09606481481481481 0.5017361111111112 0.0954861111111111 0.4305555555555556 0.10416666666666667 0.42997685185185186 0.10474537037037036 0.4085648148148148 0.2569444444444444 0.4079861111111111 0.25752314814814814 0.4027777777777778 0.09606481481481481 0.40219907407407407 0.0954861111111111 0.14583333333333334 0.2534722222222222 0.14525462962962962 0.25405092592592593 0.2349537037037037 0.25925925925925924 0.2355324074074074 0.25983796296296297 0.14583333333333334 0.3194444444444444 0.14525462962962962 0.32002314814814814 0.5011574074074074 0.3194444444444444 0.5017361111111112
0 0.7395833333333334 0.5098379629629629 0.6724537037037037 0.5098379629629629 0.671875 0.5 0.5150462962962963 0.4994212962962963 0.5144675925925926 0.4270833333333333 0.5219907407407407 0.42650462962962965 0.5225694444444444 0.4085648148148148 0.6365740740740741 0.4079861111111111 0.6371527777777778 0.40162037037037035 0.5150462962962963 0.4010416666666667 0.5144675925925926 0.14699074074074073 0.7395833333333334 0.14641203703703703 0.7401620370370371 0.5092592592592593 0.7395833333333334 0.5098379629629629
0 0.8703703703703703 0.5052083333333334 0.7557870370370371 0.5052083333333334 0.7552083333333334 0.47685185185185186 0.7465277777777778 0.47627314814814814 0.7459490740740741 0.4710648148148148 0.7407407407407407 0.4704861111111111 0.7401620370370371 0.4340277777777778 0.7442129629629629 0.43344907407407407 0.7447916666666666 0.37962962962962965 0.7407407407407407 0.37905092592592593 0.7401620370370371 0.3125 0.7430555555555556 0.3119212962962963 0.7436342592592593 0.2349537037037037 0.8819444444444444 0.234375 0.8825231481481481 0.47453703703703703 0.8715277777777778 0.47511574074074076 0.8709490740740741 0.5046296296296297 0.8703703703703703 0.5052083333333334
0 0.4652777777777778 0.37094907407407407 0.3263888888888889 0.37094907407407407 0.3258101851851852 0.2361111111111111 0.4652777777777778 0.2355324074074074 0.46585648148148145 0.37037037037037035 0.4652777777777778 0.37094907407407407
0 0.4652777777777778 0.5688657407407407 0.41550925925925924 0.5688657407407407 0.4149305555555556 0.4791666666666667 0.38310185185185186 0.44733796296296297 0.3263888888888889 0.44733796296296297 0.3258101851851852 0.3773148148148148 0.4652777777777778 0.3767361111111111 0.46585648148148145 0.5682870370370371 0.4652777777777778 0.5688657407407407
0 0.7442129629629629 0.43344907407407407 0.7407407407407407 0.43344907407407407 0.7401620370370371 0.37962962962962965 0.7442129629629629 0.37905092592592593 0.7447916666666666 0.43287037037037035 0.7442129629629629 0.43344907407407407
0 0.4085648148148148 0.5688657407407407 0.3298611111111111 0.5688657407407407 0.3292824074074074 0.4537037037037037 0.37962962962962965 0.453125 0.40914351851851855 0.4826388888888889 0.40914351851851855 0.5682870370370371 0.4085648148148148 0.5688657407407407
0 0.6655092592592593 0.7042824074074074 0.5150462962962963 0.7042824074074074 0.5144675925925926 0.5057870370370371 0.6655092592592593 0.5052083333333334 0.6660879629629629 0.7037037037037037 0.6655092592592593 0.7042824074074074
0 0.2361111111111111 0.703125 0.09606481481481481 0.703125 0.0954861111111111 0.5081018518518519 0.2523148148148148 0.5075231481481481 0.25289351851851855 0.5682870370370371 0.23726851851851852 0.5688657407407407 0.23668981481481483 0.7025462962962963 0.2361111111111111 0.703125
0 0.3194444444444444 0.5688657407407407 0.25925925925925924 0.5688657407407407 0.2586805555555556 0.5081018518518519 0.3194444444444444 0.5075231481481481 0.32002314814814814 0.5682870370370371 0.3194444444444444 0.5688657407407407
0 0.8171296296296297 0.5989583333333334 0.6724537037037037 0.5989583333333334 0.671875 0.5104166666666666 0.8194444444444444 0.5098379629629629 0.8200231481481481 0.5729166666666666 0.8177083333333334 0.5740740740740741 0.8177083333333334 0.5983796296296297 0.8171296296296297 0.5989583333333334
0 0.8819444444444444 0.5734953703703703 0.8252314814814815 0.5734953703703703 0.8246527777777778 0.5104166666666666 0.8819444444444444 0.5098379629629629 0.8825231481481481 0.5729166666666666 0.8819444444444444 0.5734953703703703
0 0.8819444444444444 0.7887731481481481 0.7430555555555556 0.7887731481481481 0.7424768518518519 0.6064814814814815 0.8252314814814815 0.6059027777777778 0.8258101851851852 0.5798611111111112 0.8819444444444444 0.5792824074074074 0.8825231481481481 0.7881944444444444 0.8819444444444444 0.7887731481481481
0 0.7372685185185185 0.6626157407407407 0.6724537037037037 0.6626157407407407 0.671875 0.6064814814814815 0.7372685185185185 0.6059027777777778 0.7378472222222222 0.6620370370370371 0.7372685185185185 0.6626157407407407
0 0.8819444444444444 0.9797453703703703 0.7430555555555556 0.9797453703703703 0.7424768518518519 0.7962962962962963 0.8819444444444444 0.7957175925925926 0.8825231481481481 0.9791666666666666 0.8819444444444444 0.9797453703703703