0 0.24921465968586387 0.16875653082549635 0.181151832460733 0.16875653082549635 0.1806282722513089 0.07628004179728318 0.24921465968586387 0.07575757575757576 0.24973821989528797 0.16823406478578892 0.24921465968586387 0.16875653082549635
0 0.3958115183246073 0.26384535005224663 0.25759162303664923 0.26384535005224663 0.2570680628272251 0.07628004179728318 0.3958115183246073 0.07575757575757576 0.39633507853403144 0.26332288401253917 0.3958115183246073 0.26384535005224663
0 0.5455497382198953 0.26384535005224663 0.4031413612565445 0.26384535005224663 0.4026178010471204 0.07628004179728318 0.5455497382198953 0.07575757575757576 0.5460732984293194 0.26332288401253917 0.5455497382198953 0.26384535005224663
0 0.5832460732984294 0.1154649947753396 0.5539267015706806 0.1154649947753396 0.5534031413612566 0.07628004179728318 0.5832460732984294 0.07575757575757576 0.5837696335078534 0.11494252873563218 0.5832460732984294 0.1154649947753396
0 0.6178010471204188 0.1154649947753396 0.5884816753926702 0.1154649947753396 0.587958115183246 0.07628004179728318 0.6178010471204188 0.07575757575757576 0.618324607329843 0.11494252873563218 0.6178010471204188 0.1154649947753396
0 0.787434554973822 0.26384535005224663 0.6261780104712041 0.26384535005224663 0.6256544502617801 0.07628004179728318 0.787434554973822 0.07575757575757576 0.7879581151832461 0.26332288401253917 0.787434554973822 0.26384535005224663
0 0.9539267015706806 0.5240334378265413 0.694240837696335 0.5240334378265413 0.693717277486911 0.3605015673981191 0.6916230366492147 0.3594566353187043 0.6916230366492147 0.2727272727272727 0.7958115183246073 0.2722048066875653 0.7963350785340314 0.07628004179728318 0.9539267015706806 0.07575757575757576 0.9544502617801047 0.5235109717868338 0.9539267015706806 0.5240334378265413
0 0.5832460732984294 0.15726227795193312 0.5539267015706806 0.15726227795193312 0.5534031413612566 0.12016718913270637 0.5832460732984294 0.11964472309299895 0.5837696335078534 0.15673981191222572 0.5832460732984294 0.15726227795193312
0 0.6178010471204188 0.15726227795193312 0.5884816753926702 0.15726227795193312 0.587958115183246 0.12016718913270637 0.6178010471204188 0.11964472309299895 0.618324607329843 0.15673981191222572 0.6178010471204188 0.15726227795193312
0 0.6178010471204188 0.26384535005224663 0.5539267015706806 0.26384535005224663 0.5534031413612566 0.16509926854754442 0.6178010471204188 0.164576802507837 0.618324607329843 0.26332288401253917 0.6178010471204188 0.26384535005224663
0 0.24921465968586387 0.26384535005224663 0.181151832460733 0.26384535005224663 0.1806282722513089 0.17659352142110762 0.24921465968586387 0.17607105538140022 0.24973821989528797 0.26332288401253917 0.24921465968586387 0.26384535005224663
0 0.33717277486910996 0.4644723092998955 0.181151832460733 0.4644723092998955 0.1806282722513089 0.2727272727272727 0.33717277486910996 0.2722048066875653 0.337696335078534 0.46394984326018807 0.33717277486910996 0.4644723092998955
0 0.6910994764397905 0.3599791013584117 0.34554973821989526 0.3599791013584117 0.3450261780104712 0.2727272727272727 0.6910994764397905 0.2722048066875653 0.6916230366492147 0.3594566353187043 0.6910994764397905 0.3599791013584117
0 0.3769633507853403 0.41431556948798326 0.34554973821989526 0.41431556948798326 0.3450261780104712 0.36990595611285265 0.3769633507853403 0.36938349007314525 0.3774869109947644 0.41379310344827586 0.3769633507853403 0.41431556948798326
0 0.44293193717277485 0.4644723092998955 0.387434554973822 0.4644723092998955 0.3869109947643979 0.36990595611285265 0.44293193717277485 0.36938349007314525 0.44345549738219897 0.46394984326018807 0.44293193717277485 0.4644723092998955
0 0.5246073298429319 0.5240334378265413 0.45549738219895286 0.5240334378265413 0.4549738219895288 0.36990595611285265 0.5246073298429319 0.36938349007314525 0.525130890052356 0.5235109717868338 0.5246073298429319 0.5240334378265413
0 0.6837696335078534 0.5240334378265413 0.5319371727748691 0.5240334378265413 0.5314136125654451 0.36990595611285265 0.6837696335078534 0.36938349007314525 0.6842931937172775 0.5235109717868338 0.6837696335078534 0.5240334378265413
0 0.3769633507853403 0.4644723092998955 0.34554973821989526 0.4644723092998955 0.3450261780104712 0.4200626959247649 0.3769633507853403 0.41954022988505746 0.3774869109947644 0.46394984326018807 0.3769633507853403 0.4644723092998955
0 0.3099476439790576 0.6159874608150471 0.181151832460733 0.6159874608150471 0.1806282722513089 0.47439916405433646 0.3099476439790576 0.47387669801462906 0.3104712041884817 0.6154649947753396 0.3099476439790576 0.6159874608150471
0 0.44502617801047123 0.5585161964472309 0.3183246073298429 0.5585161964472309 0.31780104712041884 0.47439916405433646 0.44502617801047123 0.47387669801462906 0.4455497382198953 0.5579937304075235 0.44502617801047123 0.5585161964472309
0 0.44502617801047123 0.6442006269592476 0.3549738219895288 0.6442006269592476 0.3544502617801047 0.5663531870428422 0.44502617801047123 0.5658307210031348 0.4455497382198953 0.6436781609195402 0.44502617801047123 0.6442006269592476
0 0.3099476439790576 0.7539184952978056 0.181151832460733 0.7539184952978056 0.1806282722513089 0.6227795193312434 0.3099476439790576 0.622257053291536 0.3104712041884817 0.7533960292580982 0.3099476439790576 0.7539184952978056
0 0.44502617801047123 0.7539184952978056 0.3183246073298429 0.7539184952978056 0.31780104712041884 0.6520376175548589 0.44502617801047123 0.6515151515151515 0.4455497382198953 0.7533960292580982 0.44502617801047123 0.7539184952978056
0 0.5099476439790576 0.9440961337513062 0.181151832460733 0.9440961337513062 0.1806282722513089 0.7628004179728317 0.5099476439790576 0.7622779519331243 0.5104712041884817 0.9435736677115988 0.5099476439790576 0.9440961337513062