0 0.693089430894309 0.4814585908529048 0.4065040650406504 0.4814585908529048 0.4054878048780488 0.13967861557478367 0.693089430894309 0.13906056860321384 0.6941056910569106 0.48084054388133496 0.693089430894309 0.4814585908529048
0 0.7642276422764228 0.3195302843016069 0.7032520325203252 0.3195302843016069 0.7022357723577236 0.13967861557478367 0.926829268292683 0.13906056860321384 0.9278455284552846 0.315203955500618 0.766260162601626 0.3158220024721879 0.7652439024390244 0.3189122373300371 0.7642276422764228 0.3195302843016069
0 0.926829268292683 0.3936959208899876 0.7032520325203252 0.3936959208899876 0.7022357723577236 0.32014833127317677 0.926829268292683 0.3195302843016069 0.9278455284552846 0.3930778739184178 0.926829268292683 0.3936959208899876
0 0.37601626016260165 0.7373300370828183 0.046747967479674794 0.7373300370828183 0.04573170731707317 0.4647713226205192 0.1951219512195122 0.4641532756489493 0.19613821138211382 0.32756489493201485 0.37601626016260165 0.326946847960445 0.37703252032520324 0.7367119901112484 0.37601626016260165 0.7373300370828183
0 0.18089430894308944 0.45550061804697156 0.046747967479674794 0.45550061804697156 0.04573170731707317 0.3374536464771323 0.18089430894308944 0.3368355995055624 0.18191056910569106 0.45488257107540175 0.18089430894308944 0.45550061804697156
0 0.926829268292683 0.49134734239802225 0.8597560975609756 0.49134734239802225 0.8577235772357723 0.4901112484548826 0.7926829268292683 0.4901112484548826 0.790650406504065 0.49134734239802225 0.7032520325203252 0.49134734239802225 0.7022357723577236 0.3980222496909765 0.926829268292683 0.3974042027194067 0.9278455284552846 0.4907292954264524 0.926829268292683 0.49134734239802225
0 0.5853658536585366 0.6186650185414091 0.4065040650406504 0.6186650185414091 0.4054878048780488 0.4820766378244747 0.5934959349593496 0.4814585908529048 0.5945121951219512 0.588380716934487 0.5873983739837398 0.5889987639060569 0.5863821138211383 0.6180469715698393 0.5853658536585366 0.6186650185414091
0 0.693089430894309 0.7212608158220025 0.5955284552845529 0.7212608158220025 0.5945121951219512 0.4820766378244747 0.693089430894309 0.4814585908529048 0.6941056910569106 0.588380716934487 0.7601626016260162 0.5889987639060569 0.7611788617886179 0.6674907292954264 0.6951219512195121 0.6681087762669963 0.6941056910569106 0.7206427688504327 0.693089430894309 0.7212608158220025
0 0.9186991869918699 0.5877626699629172 0.7926829268292683 0.5877626699629172 0.7916666666666666 0.4907292954264524 0.8577235772357723 0.4901112484548826 0.858739837398374 0.49443757725587145 0.9186991869918699 0.49505562422744126 0.9197154471544715 0.5871446229913473 0.9186991869918699 0.5877626699629172
0 0.782520325203252 0.5840543881334982 0.7032520325203252 0.5840543881334982 0.7022357723577236 0.4956736711990111 0.782520325203252 0.49505562422744126 0.7835365853658537 0.5834363411619283 0.782520325203252 0.5840543881334982
0 0.926829268292683 0.6656365883807169 0.7703252032520326 0.6656365883807169 0.7693089430894309 0.5896168108776267 0.926829268292683 0.5889987639060569 0.9278455284552846 0.6650185414091471 0.926829268292683 0.6656365883807169
0 0.5853658536585366 0.7212608158220025 0.4065040650406504 0.7212608158220025 0.4054878048780488 0.622991347342398 0.5853658536585366 0.6223733003708282 0.5863821138211383 0.7206427688504327 0.5853658536585366 0.7212608158220025
0 0.926829268292683 0.8238566131025958 0.7276422764227642 0.8238566131025958 0.7266260162601627 0.7218788627935723 0.7032520325203252 0.7212608158220025 0.7022357723577236 0.6724351050679852 0.926829268292683 0.6718170580964153 0.9278455284552846 0.823238566131026 0.926829268292683 0.8238566131025958