0 0.782435129740519 0.5639112903225807 0.5457656116338752 0.5639112903225807 0.5456230396350157 0.10524193548387097 0.782435129740519 0.10504032258064516 0.7825777017393784 0.5637096774193548 0.782435129740519 0.5639112903225807
0 0.9281437125748503 0.3252016129032258 0.789848873681209 0.3252016129032258 0.7897063016823496 0.10524193548387097 0.9281437125748503 0.10504032258064516 0.9282862845737098 0.325 0.9281437125748503 0.3252016129032258
0 0.9281437125748503 0.6993951612903225 0.810379241516966 0.6993951612903225 0.8102366695181067 0.6358870967741935 0.789848873681209 0.6356854838709678 0.7897063016823496 0.33548387096774196 0.9281437125748503 0.3352822580645161 0.9282862845737098 0.6991935483870968 0.9281437125748503 0.6993951612903225
0 0.23723980610208156 0.863508064516129 0.07812945537496435 0.863508064516129 0.07798688337610493 0.49959677419354837 0.23723980610208156 0.4993951612903226 0.23738237810094098 0.8633064516129032 0.23723980610208156 0.863508064516129
0 0.3698317650413459 0.863508064516129 0.24493869404049046 0.863508064516129 0.24479612204163104 0.49959677419354837 0.3698317650413459 0.4993951612903226 0.3699743370402053 0.8633064516129032 0.3698317650413459 0.863508064516129
0 0.7199885942400912 0.863508064516129 0.5457656116338752 0.863508064516129 0.5456230396350157 0.5641129032258064 0.6655260906757913 0.5639112903225807 0.6656686626746507 0.6903225806451613 0.7199885942400912 0.6905241935483871 0.7201311662389507 0.8633064516129032 0.7199885942400912 0.863508064516129
0 0.782435129740519 0.7735887096774193 0.7291132021670944 0.7735887096774193 0.7289706301682349 0.5641129032258064 0.782435129740519 0.5639112903225807 0.7825777017393784 0.635483870967742 0.8100940975192472 0.6356854838709678 0.8102366695181067 0.6991935483870968 0.7827202737382378 0.6993951612903225 0.7825777017393784 0.7733870967741936 0.782435129740519 0.7735887096774193
0 0.7228400342172797 0.6808467741935483 0.671799258625606 0.6808467741935483 0.6716566866267465 0.5725806451612904 0.7228400342172797 0.5723790322580645 0.7229826062161392 0.6806451612903226 0.7228400342172797 0.6808467741935483
0 0.4376960364984317 0.7554435483870968 0.3766752209865982 0.7554435483870968 0.3765326489877388 0.6532258064516129 0.4376960364984317 0.6530241935483871 0.4378386084972911 0.755241935483871 0.4376960364984317 0.7554435483870968
0 0.5380667236954663 0.863508064516129 0.46050755631593954 0.863508064516129 0.4603649843170801 0.6532258064516129 0.5380667236954663 0.6530241935483871 0.5382092956943256 0.8633064516129032 0.5380667236954663 0.863508064516129
0 0.9281437125748503 0.863508064516129 0.7941260336469917 0.863508064516129 0.7939834616481323 0.7685483870967742 0.789848873681209 0.7683467741935484 0.7897063016823496 0.709274193548387 0.9281437125748503 0.7090725806451613 0.9282862845737098 0.8633064516129032 0.9281437125748503 0.863508064516129
0 0.4542343883661249 0.863508064516129 0.3766752209865982 0.863508064516129 0.3765326489877388 0.7641129032258065 0.4542343883661249 0.7639112903225806 0.4543769603649843 0.8633064516129032 0.4542343883661249 0.863508064516129
0 0.782435129740519 0.8260080645161291 0.7291132021670944 0.8260080645161291 0.7289706301682349 0.7838709677419354 0.782435129740519 0.7836693548387097 0.7825777017393784 0.8258064516129032 0.782435129740519 0.8260080645161291