0 0.3309120258272801 0.6475667189952904 0.32606941081517354 0.6475667189952904 0.32566585956416466 0.48665620094191525 0.22760290556900725 0.4858712715855573 0.2271993543179984 0.6467817896389325 0.031476997578692496 0.6475667189952904 0.03188054882970137 0.13814756671899528 0.3309120258272801 0.13736263736263737 0.33131557707828896 0.6467817896389325 0.3309120258272801 0.6475667189952904
0 0.44713478611783697 0.37755102040816324 0.39951573849878935 0.37755102040816324 0.39911218724778047 0.3704866562009419 0.3615819209039548 0.36970172684458397 0.3611783696529459 0.13814756671899528 0.5157384987893463 0.13736263736263737 0.5161420500403551 0.19937205651491366 0.5153349475383374 0.20094191522762953 0.5153349475383374 0.260596546310832 0.5161420500403551 0.2621664050235479 0.5161420500403551 0.36891679748822603 0.44794188861985473 0.36970172684458397 0.44753833736884585 0.37676609105180536 0.44713478611783697 0.37755102040816324
0 0.6376109765940274 0.33987441130298274 0.5205811138014528 0.33987441130298274 0.5201775625504439 0.2621664050235479 0.5157384987893463 0.26138147566718994 0.5153349475383374 0.20094191522762953 0.519774011299435 0.2001569858712716 0.5201775625504439 0.13814756671899528 0.6376109765940274 0.13736263736263737 0.6380145278450363 0.3390894819466248 0.6376109765940274 0.33987441130298274
0 0.8652138821630347 0.22213500784929358 0.6836158192090396 0.22213500784929358 0.6832122679580307 0.13814756671899528 0.8652138821630347 0.13736263736263737 0.8656174334140436 0.22135007849293564 0.8652138821630347 0.22213500784929358
0 0.930589184826473 0.2315541601255887 0.8692493946731235 0.2315541601255887 0.8688458434221146 0.13814756671899528 0.9588377723970944 0.13736263736263737 0.9592413236481033 0.22135007849293564 0.9313962873284907 0.22213500784929358 0.9309927360774818 0.23076923076923078 0.930589184826473 0.2315541601255887
0 0.8030669895076675 0.5361067503924647 0.6836158192090396 0.5361067503924647 0.6832122679580307 0.23233908948194662 0.8369652945924132 0.2315541601255887 0.8373688458434221 0.36891679748822603 0.8200161420500404 0.36970172684458397 0.8196125907990315 0.4740973312401884 0.8188054882970137 0.47566718995290425 0.817998385794996 0.478806907378336 0.817998385794996 0.48194662480376765 0.8163841807909604 0.4850863422291994 0.8155770782889427 0.48822605965463106 0.8147699757869249 0.4913657770800628 0.8131557707828895 0.49607535321821034 0.8131557707828895 0.49921507064364207 0.811541565778854 0.5023547880690737 0.8107344632768362 0.5054945054945055 0.8099273607748184 0.5086342229199372 0.8091202582728007 0.5117739403453689 0.8083131557707829 0.5149136577708007 0.8075060532687651 0.5180533751962323 0.8066989507667474 0.521193092621664 0.8058918482647296 0.5243328100470958 0.8042776432606941 0.5290423861852434 0.8034705407586763 0.5321821036106751 0.8034705407586763 0.5353218210361067 0.8030669895076675 0.5361067503924647
0 0.9588377723970944 0.4654631083202512 0.8426150121065376 0.4654631083202512 0.8422114608555287 0.23233908948194662 0.9588377723970944 0.2315541601255887 0.9592413236481033 0.46467817896389324 0.9588377723970944 0.4654631083202512
0 0.5851493139628733 0.4654631083202512 0.5205811138014528 0.4654631083202512 0.5201775625504439 0.3500784929356358 0.5851493139628733 0.3492935635792779 0.5855528652138822 0.46467817896389324 0.5851493139628733 0.4654631083202512
0 0.6376109765940274 0.4654631083202512 0.5899919289749799 0.4654631083202512 0.589588377723971 0.3500784929356358 0.6376109765940274 0.3492935635792779 0.6380145278450363 0.46467817896389324 0.6376109765940274 0.4654631083202512
0 0.5020177562550444 0.6130298273155416 0.3615819209039548 0.6130298273155416 0.3611783696529459 0.3783359497645212 0.4971751412429379 0.37755102040816324 0.4975786924939467 0.4489795918367347 0.5060532687651331 0.4497645211930926 0.506456820016142 0.5463108320251178 0.5056497175141242 0.5478806907378336 0.5056497175141242 0.609105180533752 0.5028248587570622 0.6098901098901099 0.5020177562550444 0.6130298273155416
0 0.5916061339790153 0.804552590266876 0.5068603712671509 0.804552590266876 0.506456820016142 0.6106750392464678 0.5056497175141242 0.609105180533752 0.5056497175141242 0.5478806907378336 0.510088781275222 0.5470957613814756 0.5104923325262308 0.4740973312401884 0.5916061339790153 0.47331240188383045 0.5920096852300242 0.8037676609105181 0.5916061339790153 0.804552590266876
0 0.6376109765940274 0.6114599686028257 0.5956416464891041 0.6114599686028257 0.5952380952380952 0.4740973312401884 0.6376109765940274 0.47331240188383045 0.6380145278450363 0.6106750392464678 0.6376109765940274 0.6114599686028257
0 0.9128329297820823 0.804552590266876 0.8288942695722357 0.804552590266876 0.8284907183212268 0.6122448979591837 0.8087167070217918 0.6114599686028257 0.8083131557707829 0.5353218210361067 0.8091202582728007 0.533751962323391 0.8099273607748184 0.5306122448979592 0.811541565778854 0.5259026687598116 0.8123486682808717 0.5227629513343799 0.8131557707828895 0.5196232339089482 0.8139628732849071 0.5164835164835165 0.8147699757869249 0.5133437990580848 0.8163841807909604 0.5086342229199372 0.8163841807909604 0.5054945054945055 0.817998385794996 0.5023547880690737 0.8188054882970137 0.49921507064364207 0.8188054882970137 0.49607535321821034 0.8204196933010492 0.49293563579277866 0.821226795803067 0.4897959183673469 0.8220338983050848 0.48665620094191525 0.8236481033091203 0.48194662480376765 0.8236481033091203 0.478806907378336 0.8252623083131557 0.47566718995290425 0.8256658595641646 0.47331240188383045 0.9071832122679581 0.47331240188383045 0.9075867635189669 0.6106750392464678 0.8886198547215496 0.6114599686028257 0.8882163034705408 0.6232339089481946 0.9128329297820823 0.6240188383045526 0.9132364810330912 0.8037676609105181 0.9128329297820823 0.804552590266876
0 0.9588377723970944 0.6114599686028257 0.910411622276029 0.6114599686028257 0.9100080710250201 0.4740973312401884 0.9588377723970944 0.47331240188383045 0.9592413236481033 0.6106750392464678 0.9588377723970944 0.6114599686028257
0 0.3131557707828894 0.6224489795918368 0.2397094430992736 0.6224489795918368 0.23930589184826473 0.5102040816326531 0.3131557707828894 0.5094191522762951 0.3135593220338983 0.6216640502354788 0.3131557707828894 0.6224489795918368
0 0.8030669895076675 0.6114599686028257 0.6836158192090396 0.6114599686028257 0.6832122679580307 0.5463108320251178 0.8030669895076675 0.5455259026687598 0.8034705407586763 0.6106750392464678 0.8030669895076675 0.6114599686028257
0 0.5020177562550444 0.804552590266876 0.41081517352703795 0.804552590266876 0.41041162227602906 0.6138147566718996 0.5020177562550444 0.6130298273155416 0.5024213075060533 0.8037676609105181 0.5020177562550444 0.804552590266876
0 0.1824051654560129 0.826530612244898 0.09200968523002422 0.826530612244898 0.09160613397901533 0.6624803767660911 0.1824051654560129 0.6616954474097331 0.18280871670702178 0.82574568288854 0.1824051654560129 0.826530612244898
0 0.27280064568200163 0.826530612244898 0.18886198547215496 0.826530612244898 0.18845843422114608 0.6624803767660911 0.27280064568200163 0.6616954474097331 0.2732041969330105 0.82574568288854 0.27280064568200163 0.826530612244898