0 0.11998456790123457 0.22415865384615385 0.023148148148148147 0.22415865384615385 0.022955246913580248 0.08092948717948718 0.11998456790123457 0.08072916666666667 0.12017746913580248 0.22395833333333334 0.11998456790123457 0.22415865384615385
0 0.21489197530864199 0.16446314102564102 0.12268518518518519 0.16446314102564102 0.12249228395061729 0.08092948717948718 0.21489197530864199 0.08072916666666667 0.21508487654320987 0.1642628205128205 0.21489197530864199 0.16446314102564102
0 0.16165123456790123 0.2249599358974359 0.12268518518518519 0.2249599358974359 0.12249228395061729 0.16706730769230768 0.1875 0.16686698717948717 0.1876929012345679 0.2091346153846154 0.16203703703703703 0.2093349358974359 0.16184413580246915 0.2247596153846154 0.16165123456790123 0.2249599358974359
0 0.21489197530864199 0.2093349358974359 0.19020061728395063 0.2093349358974359 0.1900077160493827 0.16706730769230768 0.21489197530864199 0.16686698717948717 0.21508487654320987 0.2091346153846154 0.21489197530864199 0.2093349358974359
0 0.21334876543209877 0.2562099358974359 0.16550925925925927 0.2562099358974359 0.16531635802469136 0.2127403846153846 0.21334876543209877 0.2125400641025641 0.21354166666666666 0.25600961538461536 0.21334876543209877 0.2562099358974359
0 0.07484567901234568 0.3151041666666667 0.023148148148148147 0.3151041666666667 0.022955246913580248 0.22435897435897437 0.07484567901234568 0.22415865384615385 0.07503858024691358 0.31490384615384615 0.07484567901234568 0.3151041666666667
0 0.11998456790123457 0.2858573717948718 0.07523148148148148 0.2858573717948718 0.07503858024691358 0.22435897435897437 0.11998456790123457 0.22415865384615385 0.12017746913580248 0.28565705128205127 0.11998456790123457 0.2858573717948718
0 0.16165123456790123 0.257411858974359 0.12268518518518519 0.257411858974359 0.12249228395061729 0.22796474358974358 0.16165123456790123 0.22776442307692307 0.16184413580246915 0.25721153846153844 0.16165123456790123 0.257411858974359
0 0.21489197530864199 0.3151041666666667 0.12268518518518519 0.3151041666666667 0.12249228395061729 0.26001602564102566 0.21489197530864199 0.2598157051282051 0.21508487654320987 0.31490384615384615 0.21489197530864199 0.3151041666666667
0 0.11998456790123457 0.3151041666666667 0.09220679012345678 0.3151041666666667 0.0920138888888889 0.3108974358974359 0.0779320987654321 0.31069711538461536 0.0777391975308642 0.28846153846153844 0.11998456790123457 0.28826121794871795 0.12017746913580248 0.31490384615384615 0.11998456790123457 0.3151041666666667
0 0.21489197530864199 0.3547676282051282 0.16705246913580246 0.3547676282051282 0.16685956790123457 0.32211538461538464 0.21489197530864199 0.3219150641025641 0.21508487654320987 0.3545673076923077 0.21489197530864199 0.3547676282051282