0 0.6937354988399071 0.40914221218961627 0.4988399071925754 0.40914221218961627 0.4980665119876257 0.40801354401805867 0.36736272235112144 0.40801354401805867 0.36697602474864655 0.32505643340857787 0.5212683681361175 0.3244920993227991 0.5216550657385924 0.0835214446952596 0.674400618716164 0.08295711060948081 0.6751740139211136 0.08182844243792325 0.6755607115235885 0.11060948081264109 0.6937354988399071 0.11117381489841986 0.694122196442382 0.40857787810383744 0.6937354988399071 0.40914221218961627
0 0.3565351894818252 0.458803611738149 0.18793503480278423 0.458803611738149 0.18754833720030936 0.0835214446952596 0.3565351894818252 0.08295711060948081 0.35692188708430006 0.4582392776523702 0.3565351894818252 0.458803611738149
0 0.51430781129157 0.31094808126410833 0.36736272235112144 0.31094808126410833 0.36697602474864655 0.0835214446952596 0.51430781129157 0.08295711060948081 0.5146945088940449 0.31038374717832956 0.51430781129157 0.31094808126410833
0 0.6937354988399071 0.760158013544018 0.5390564578499614 0.760158013544018 0.5382830626450116 0.7590293453724605 0.5050270688321732 0.7590293453724605 0.5046403712296984 0.7099322799097065 0.5382830626450116 0.7093679458239278 0.5386697602474865 0.7020316027088036 0.49961330239752516 0.7014672686230248 0.49922660479505027 0.590293453724605 0.5320959010054138 0.5897291196388262 0.5324825986078886 0.5349887133182845 0.49961330239752516 0.5344243792325056 0.49922660479505027 0.40970654627539504 0.6937354988399071 0.40914221218961627 0.694122196442382 0.7595936794582393 0.6937354988399071 0.760158013544018
0 0.494199535962877 0.5344243792325056 0.36736272235112144 0.5344243792325056 0.36697602474864655 0.4142212189616253 0.494199535962877 0.4136568848758465 0.4945862335653519 0.5338600451467269 0.494199535962877 0.5344243792325056
0 0.2536736272235112 0.5942437923250564 0.18793503480278423 0.5942437923250564 0.18754833720030936 0.4683972911963883 0.2536736272235112 0.46783295711060946 0.25406032482598606 0.5936794582392777 0.2536736272235112 0.5942437923250564
0 0.3518948182521268 0.5942437923250564 0.26063418406805877 0.5942437923250564 0.26024748646558393 0.4683972911963883 0.3518948182521268 0.46783295711060946 0.3522815158546017 0.5936794582392777 0.3518948182521268 0.5942437923250564
0 0.494199535962877 0.6100451467268623 0.36736272235112144 0.6100451467268623 0.36697602474864655 0.5395033860045146 0.494199535962877 0.5389390519187359 0.4945862335653519 0.6094808126410836 0.494199535962877 0.6100451467268623
0 0.494199535962877 0.760158013544018 0.36736272235112144 0.760158013544018 0.36697602474864655 0.6207674943566591 0.4980665119876257 0.6202031602708804 0.49845320959010053 0.590293453724605 0.49922660479505027 0.590293453724605 0.49922660479505027 0.7584650112866818 0.49497293116782676 0.7590293453724605 0.494199535962877 0.760158013544018
0 0.3565351894818252 0.760158013544018 0.18793503480278423 0.760158013544018 0.18754833720030936 0.600451467268623 0.33410672853828305 0.5998871331828443 0.33449342614075794 0.654627539503386 0.3565351894818252 0.6551918735891648 0.35692188708430006 0.7595936794582393 0.3565351894818252 0.760158013544018
0 0.6937354988399071 0.9610609480812641 0.5050270688321732 0.9610609480812641 0.5046403712296984 0.8081264108352144 0.5274555297757154 0.8075620767494357 0.5278422273781903 0.7753950338600452 0.5382830626450116 0.7748306997742663 0.5386697602474865 0.7607223476297968 0.6774941995359629 0.760158013544018 0.6778808971384377 0.7731376975169301 0.6937354988399071 0.7737020316027088 0.694122196442382 0.9604966139954854 0.6937354988399071 0.9610609480812641