0 0.8168103448275862 0.15060851926977686 0.17995689655172414 0.15060851926977686 0.17941810344827586 0.0821501014198783 0.8168103448275862 0.08164300202839757 0.8173491379310345 0.15010141987829614 0.8168103448275862 0.15060851926977686
0 0.3728448275862069 0.3240365111561866 0.17995689655172414 0.3240365111561866 0.17941810344827586 0.1612576064908722 0.3728448275862069 0.16075050709939148 0.3733836206896552 0.3235294117647059 0.3728448275862069 0.3240365111561866
0 0.6163793103448276 0.4011156186612576 0.5743534482758621 0.4011156186612576 0.5738146551724138 0.24949290060851928 0.5 0.24898580121703853 0.4994612068965517 0.3235294117647059 0.37823275862068967 0.3240365111561866 0.3776939655172414 0.1612576064908722 0.6163793103448276 0.16075050709939148 0.6169181034482759 0.40060851926977686 0.6163793103448276 0.4011156186612576
0 0.8168103448275862 0.3240365111561866 0.6217672413793104 0.3240365111561866 0.6212284482758621 0.1612576064908722 0.8168103448275862 0.16075050709939148 0.8173491379310345 0.3235294117647059 0.8168103448275862 0.3240365111561866
0 0.5700431034482759 0.3240365111561866 0.5043103448275862 0.3240365111561866 0.5037715517241379 0.2525354969574036 0.5700431034482759 0.25202839756592293 0.5705818965517241 0.3235294117647059 0.5700431034482759 0.3240365111561866
0 0.5657327586206896 0.4011156186612576 0.17995689655172414 0.4011156186612576 0.17941810344827586 0.3316430020283976 0.5657327586206896 0.33113590263691683 0.5662715517241379 0.40060851926977686 0.5657327586206896 0.4011156186612576
0 0.8168103448275862 0.4011156186612576 0.625 0.4011156186612576 0.6244612068965517 0.3316430020283976 0.8168103448275862 0.33113590263691683 0.8173491379310345 0.40060851926977686 0.8168103448275862 0.4011156186612576
0 0.5743534482758621 0.6871196754563894 0.375 0.6871196754563894 0.3744612068965517 0.6754563894523327 0.35560344827586204 0.6749492900608519 0.3550646551724138 0.6318458417849898 0.17672413793103448 0.6313387423935092 0.17618534482758622 0.486815415821501 0.5700431034482759 0.48630831643002026 0.5705818965517241 0.6328600405679513 0.5743534482758621 0.6333671399594321 0.5748922413793104 0.6866125760649088 0.5743534482758621 0.6871196754563894
0 0.6422413793103449 0.5633874239350912 0.5743534482758621 0.5633874239350912 0.5738146551724138 0.486815415821501 0.6422413793103449 0.48630831643002026 0.6427801724137931 0.5628803245436106 0.6422413793103449 0.5633874239350912
0 0.8168103448275862 0.6303245436105477 0.646551724137931 0.6303245436105477 0.6460129310344828 0.486815415821501 0.8168103448275862 0.48630831643002026 0.8173491379310345 0.6298174442190669 0.8168103448275862 0.6303245436105477
0 0.6422413793103449 0.6303245436105477 0.5743534482758621 0.6303245436105477 0.5738146551724138 0.5669371196754563 0.6422413793103449 0.5664300202839757 0.6427801724137931 0.6298174442190669 0.6422413793103449 0.6303245436105477
0 0.25646551724137934 0.7317444219066938 0.17672413793103448 0.7317444219066938 0.17618534482758622 0.6338742393509128 0.25646551724137934 0.6333671399594321 0.25700431034482757 0.731237322515213 0.25646551724137934 0.7317444219066938
0 0.35129310344827586 0.7074036511156186 0.2607758620689655 0.7074036511156186 0.26023706896551724 0.6338742393509128 0.35129310344827586 0.6333671399594321 0.35183189655172414 0.7068965517241379 0.35129310344827586 0.7074036511156186
0 0.6896551724137931 0.8057809330628803 0.5743534482758621 0.8057809330628803 0.5738146551724138 0.6876267748478702 0.5748922413793104 0.6866125760649088 0.5748922413793104 0.6338742393509128 0.7165948275862069 0.6333671399594321 0.7171336206896551 0.6866125760649088 0.6907327586206896 0.6871196754563894 0.6901939655172413 0.7515212981744422 0.6174568965517241 0.7520283975659229 0.6169181034482759 0.7545638945233266 0.6896551724137931 0.7550709939148073 0.6901939655172413 0.8052738336713996 0.6896551724137931 0.8057809330628803
0 0.8168103448275862 0.8057809330628803 0.6939655172413793 0.8057809330628803 0.693426724137931 0.6896551724137931 0.7198275862068966 0.6891480730223124 0.7203663793103449 0.6338742393509128 0.8168103448275862 0.6333671399594321 0.8173491379310345 0.8052738336713996 0.8168103448275862 0.8057809330628803
0 0.5700431034482759 0.8057809330628803 0.35560344827586204 0.8057809330628803 0.3550646551724138 0.7099391480730223 0.3739224137931034 0.7094320486815415 0.3744612068965517 0.6876267748478702 0.5700431034482759 0.6871196754563894 0.5705818965517241 0.8052738336713996 0.5700431034482759 0.8057809330628803
0 0.35129310344827586 0.8057809330628803 0.17672413793103448 0.8057809330628803 0.17618534482758622 0.7352941176470589 0.25969827586206895 0.7347870182555781 0.26023706896551724 0.7099391480730223 0.35129310344827586 0.7094320486815415 0.35183189655172414 0.8052738336713996 0.35129310344827586 0.8057809330628803