0 0.6235431235431236 0.5485584218512898 0.5081585081585082 0.5485584218512898 0.5075757575757576 0.07283763277693475 0.6235431235431236 0.07207890743550835 0.6241258741258742 0.4764795144157815 0.627039627039627 0.4772382397572079 0.6276223776223776 0.5189681335356601 0.6247086247086248 0.5197268588770865 0.6241258741258742 0.5477996965098634 0.6235431235431236 0.5485584218512898
0 0.6923076923076923 0.11608497723823975 0.6282051282051282 0.11608497723823975 0.6276223776223776 0.07283763277693475 0.6923076923076923 0.07207890743550835 0.6928904428904429 0.11532625189681335 0.6923076923076923 0.11608497723823975
0 0.6923076923076923 0.19954476479514416 0.6282051282051282 0.19954476479514416 0.6276223776223776 0.12139605462822459 0.6923076923076923 0.12063732928679818 0.6928904428904429 0.19878603945371776 0.6923076923076923 0.19954476479514416
0 0.6923076923076923 0.27845220030349016 0.6282051282051282 0.27845220030349016 0.6276223776223776 0.20485584218512898 0.6923076923076923 0.20409711684370258 0.6928904428904429 0.27769347496206376 0.6923076923076923 0.27845220030349016
0 0.6923076923076923 0.34218512898330805 0.6282051282051282 0.34218512898330805 0.6276223776223776 0.283763277693475 0.6923076923076923 0.2830045523520486 0.6928904428904429 0.34142640364188165 0.6923076923076923 0.34218512898330805
0 0.6655011655011654 0.5197268588770865 0.6282051282051282 0.5197268588770865 0.6276223776223776 0.34749620637329287 0.6923076923076923 0.34673748103186647 0.6928904428904429 0.45220030349013657 0.6666666666666666 0.45295902883156297 0.666083916083916 0.5189681335356601 0.6655011655011654 0.5197268588770865
0 0.6923076923076923 0.5197268588770865 0.6701631701631702 0.5197268588770865 0.6695804195804196 0.4582701062215478 0.6923076923076923 0.4575113808801214 0.6928904428904429 0.5189681335356601 0.6923076923076923 0.5197268588770865
0 0.16666666666666666 0.6396054628224582 0.05244755244755245 0.6396054628224582 0.051864801864801864 0.5250379362670713 0.16666666666666666 0.5242792109256449 0.16724941724941725 0.6388467374810318 0.16666666666666666 0.6396054628224582
0 0.36013986013986016 0.7549317147192717 0.31585081585081587 0.7549317147192717 0.3152680652680653 0.6403641881638846 0.17132867132867133 0.6396054628224582 0.17074592074592074 0.5250379362670713 0.36013986013986016 0.5242792109256449 0.36072261072261075 0.7541729893778453 0.36013986013986016 0.7549317147192717
0 0.46853146853146854 0.7549317147192717 0.36480186480186483 0.7549317147192717 0.36421911421911424 0.5250379362670713 0.46853146853146854 0.5242792109256449 0.46911421911421913 0.7541729893778453 0.46853146853146854 0.7549317147192717
0 0.7948717948717948 0.7549317147192717 0.6282051282051282 0.7549317147192717 0.6276223776223776 0.5250379362670713 0.9195804195804196 0.5242792109256449 0.9201631701631702 0.6874051593323217 0.796037296037296 0.6881638846737481 0.7954545454545454 0.7541729893778453 0.7948717948717948 0.7549317147192717
0 0.5932400932400932 0.6836115326251897 0.5081585081585082 0.6836115326251897 0.5075757575757576 0.5538694992412747 0.6235431235431236 0.5531107738998483 0.6241258741258742 0.6267071320182094 0.5944055944055944 0.6274658573596358 0.5938228438228438 0.6828528072837633 0.5932400932400932 0.6836115326251897
0 0.6235431235431236 0.6836115326251897 0.5979020979020979 0.6836115326251897 0.5973193473193473 0.6327769347496206 0.6235431235431236 0.6320182094081942 0.6241258741258742 0.6828528072837633 0.6235431235431236 0.6836115326251897
0 0.16666666666666666 0.838391502276176 0.05244755244755245 0.838391502276176 0.051864801864801864 0.644916540212443 0.16666666666666666 0.6441578148710166 0.16724941724941725 0.8376327769347496 0.16666666666666666 0.838391502276176
0 0.20396270396270397 0.7033383915022762 0.17132867132867133 0.7033383915022762 0.17074592074592074 0.644916540212443 0.20396270396270397 0.6441578148710166 0.20454545454545456 0.7025796661608498 0.20396270396270397 0.7033383915022762
0 0.2762237762237762 0.838391502276176 0.17132867132867133 0.838391502276176 0.17074592074592074 0.708649468892261 0.20745920745920746 0.7078907435508346 0.20804195804195805 0.644916540212443 0.3111888111888112 0.6441578148710166 0.3117715617715618 0.7283763277693475 0.2773892773892774 0.7291350531107739 0.2768065268065268 0.8376327769347496 0.2762237762237762 0.838391502276176
0 0.6235431235431236 0.8368740515933232 0.5081585081585082 0.8368740515933232 0.5075757575757576 0.6889226100151745 0.5932400932400932 0.6881638846737481 0.5938228438228438 0.7587253414264037 0.6235431235431236 0.7594840667678301 0.6241258741258742 0.8361153262518968 0.6235431235431236 0.8368740515933232
0 0.6235431235431236 0.7549317147192717 0.5979020979020979 0.7549317147192717 0.5973193473193473 0.6889226100151745 0.6235431235431236 0.6881638846737481 0.6241258741258742 0.7541729893778453 0.6235431235431236 0.7549317147192717
0 0.9195804195804196 0.8368740515933232 0.7995337995337995 0.8368740515933232 0.798951048951049 0.6919575113808801 0.9195804195804196 0.6911987860394537 0.9201631701631702 0.8361153262518968 0.9195804195804196 0.8368740515933232
0 0.3111888111888112 0.7534142640364189 0.28088578088578087 0.7534142640364189 0.2803030303030303 0.7344461305007587 0.3111888111888112 0.7336874051593323 0.3117715617715618 0.7526555386949925 0.3111888111888112 0.7534142640364189
0 0.3111888111888112 0.838391502276176 0.28088578088578087 0.838391502276176 0.2803030303030303 0.7587253414264037 0.3111888111888112 0.7579666160849773 0.3117715617715618 0.8376327769347496 0.3111888111888112 0.838391502276176
0 0.662004662004662 0.8368740515933232 0.6282051282051282 0.8368740515933232 0.6276223776223776 0.7602427921092565 0.662004662004662 0.7594840667678301 0.6625874125874126 0.8361153262518968 0.662004662004662 0.8368740515933232
0 0.7062937062937062 0.8368740515933232 0.6666666666666666 0.8368740515933232 0.666083916083916 0.7602427921092565 0.7062937062937062 0.7594840667678301 0.7068764568764568 0.8361153262518968 0.7062937062937062 0.8368740515933232
0 0.7948717948717948 0.8368740515933232 0.710955710955711 0.8368740515933232 0.7103729603729604 0.7602427921092565 0.7948717948717948 0.7594840667678301 0.7954545454545454 0.8361153262518968 0.7948717948717948 0.8368740515933232