0 0.36739659367396593 0.6136690647482015 0.08759124087591241 0.6136690647482015 0.08637469586374696 0.22302158273381295 0.4744525547445255 0.2223021582733813 0.47566909975669097 0.6071942446043166 0.36982968369829683 0.6079136690647482 0.3686131386861314 0.6129496402877698 0.36739659367396593 0.6136690647482015
0 0.9440389294403893 0.40215827338129495 0.5523114355231143 0.40215827338129495 0.551094890510949 0.22446043165467625 0.9440389294403893 0.2237410071942446 0.9452554744525548 0.4014388489208633 0.9440389294403893 0.40215827338129495
0 0.6472019464720195 0.541726618705036 0.5523114355231143 0.541726618705036 0.551094890510949 0.41007194244604317 0.6472019464720195 0.4093525179856115 0.648418491484185 0.5410071942446043 0.6472019464720195 0.541726618705036
0 0.8442822384428224 0.6107913669064748 0.7177615571776156 0.6107913669064748 0.7165450121654501 0.5424460431654676 0.6593673965936739 0.541726618705036 0.6581508515815085 0.41007194244604317 0.9440389294403893 0.4093525179856115 0.9452554744525548 0.6028776978417266 0.8467153284671532 0.6035971223021582 0.8454987834549879 0.6100719424460431 0.8442822384428224 0.6107913669064748
0 0.7055961070559611 0.6971223021582734 0.5523114355231143 0.6971223021582734 0.551094890510949 0.5482014388489208 0.7055961070559611 0.5474820143884892 0.7068126520681265 0.6964028776978417 0.7055961070559611 0.6971223021582734
0 0.9440389294403893 0.7964028776978417 0.7177615571776156 0.7964028776978417 0.7165450121654501 0.6115107913669064 0.9440389294403893 0.6107913669064748 0.9452554744525548 0.7956834532374101 0.9440389294403893 0.7964028776978417
0 0.26520681265206814 0.797841726618705 0.08759124087591241 0.797841726618705 0.08637469586374696 0.6143884892086331 0.26520681265206814 0.6136690647482015 0.2664233576642336 0.7971223021582734 0.26520681265206814 0.797841726618705
0 0.4744525547445255 0.797841726618705 0.26763990267639903 0.797841726618705 0.2664233576642336 0.6143884892086331 0.36739659367396593 0.6136690647482015 0.3686131386861314 0.7223021582733813 0.4744525547445255 0.7230215827338129 0.47566909975669097 0.7971223021582734 0.4744525547445255 0.797841726618705
0 0.4744525547445255 0.7143884892086331 0.3795620437956204 0.7143884892086331 0.37834549878345497 0.6172661870503597 0.4744525547445255 0.616546762589928 0.47566909975669097 0.7136690647482015 0.4744525547445255 0.7143884892086331
0 0.7055961070559611 0.7964028776978417 0.5523114355231143 0.7964028776978417 0.551094890510949 0.7035971223021583 0.7055961070559611 0.7028776978417266 0.7068126520681265 0.7956834532374101 0.7055961070559611 0.7964028776978417
0 0.20194647201946472 0.9517985611510792 0.07785888077858881 0.9517985611510792 0.07664233576642336 0.818705035971223 0.20194647201946472 0.8179856115107914 0.20316301703163017 0.9510791366906475 0.20194647201946472 0.9517985611510792