0 0.8602409638554217 0.5095 0.5662650602409639 0.5095 0.4831325301204819 0.475 0.4831325301204819 0.383 0.30120481927710846 0.3825 0.3 0.207 0.08674698795180723 0.2065 0.0855421686746988 0.062 0.8602409638554217 0.0615 0.8614457831325302 0.509 0.8602409638554217 0.5095
0 0.27951807228915665 0.3845 0.08674698795180723 0.3845 0.0855421686746988 0.215 0.27951807228915665 0.2145 0.28072289156626506 0.384 0.27951807228915665 0.3845
0 0.5518072289156627 0.6545 0.42650602409638555 0.6545 0.42530120481927713 0.617 0.08674698795180723 0.6165 0.0855421686746988 0.391 0.46265060240963857 0.3905 0.463855421686747 0.479 0.553012048192771 0.516 0.553012048192771 0.654 0.5518072289156627 0.6545
0 0.8602409638554217 0.6825 0.5686746987951807 0.6825 0.5674698795180723 0.654 0.5542168674698795 0.6535 0.553012048192771 0.517 0.5590361445783133 0.5185 0.8602409638554217 0.5185 0.8614457831325302 0.682 0.8602409638554217 0.6825
0 0.4072289156626506 0.7015 0.29397590361445786 0.7015 0.25903614457831325 0.687 0.22409638554216868 0.6715 0.08674698795180723 0.6715 0.0855421686746988 0.623 0.4072289156626506 0.6225 0.40843373493975904 0.701 0.4072289156626506 0.7015
0 0.5518072289156627 0.8705 0.42650602409638555 0.8705 0.42530120481927713 0.655 0.5518072289156627 0.6545 0.553012048192771 0.688 0.6240963855421687 0.6885 0.6253012048192771 0.754 0.5542168674698795 0.7545 0.553012048192771 0.87 0.5518072289156627 0.8705
0 0.2746987951807229 0.7545 0.08674698795180723 0.7545 0.0855421686746988 0.679 0.21445783132530122 0.6785 0.24457831325301205 0.691 0.26506024096385544 0.7005 0.26867469879518074 0.701 0.27590361445783135 0.705 0.27590361445783135 0.754 0.2746987951807229 0.7545
0 0.8602409638554217 0.7545 0.6409638554216868 0.7545 0.6397590361445783 0.689 0.8602409638554217 0.6885 0.8614457831325302 0.754 0.8602409638554217 0.7545
0 0.4072289156626506 0.7545 0.29397590361445786 0.7545 0.2927710843373494 0.708 0.4072289156626506 0.7075 0.40843373493975904 0.754 0.4072289156626506 0.7545
0 0.4072289156626506 0.9175 0.08674698795180723 0.9175 0.0855421686746988 0.762 0.4072289156626506 0.7615 0.40843373493975904 0.917 0.4072289156626506 0.9175
0 0.8602409638554217 0.9175 0.5710843373493976 0.9175 0.5698795180722892 0.762 0.8602409638554217 0.7615 0.8614457831325302 0.917 0.8602409638554217 0.9175
0 0.5518072289156627 0.9175 0.42650602409638555 0.9175 0.42530120481927713 0.877 0.5518072289156627 0.8765 0.553012048192771 0.917 0.5518072289156627 0.9175