0 0.5479838709677419 0.5481893356144854 0.5475806451612903 0.5481893356144854 0.5474798387096774 0.45651554034787567 0.4122983870967742 0.45637296834901625 0.41219758064516127 0.2298260621613915 0.5479838709677419 0.2296834901625321 0.5480846774193548 0.12859994297120045 0.755241935483871 0.12845737097234103 0.7553427419354839 0.45737097234103224 0.7508064516129033 0.45751354433989166 0.7507056451612903 0.5181066438551468 0.7078629032258065 0.5182492158540063 0.7077620967741935 0.5246649558026804 0.6334677419354838 0.5248075278015398 0.633366935483871 0.5306529797547762 0.5481854838709678 0.5307955517536356 0.5480846774193548 0.5480467636156259 0.5479838709677419 0.5481893356144854
0 0.9316532258064516 0.4104647847162817 0.834274193548387 0.4104647847162817 0.8341733870967742 0.36897633304818933 0.759475806451613 0.3688337610493299 0.759375 0.12859994297120045 0.9316532258064516 0.12845737097234103 0.9317540322580645 0.4103222127174223 0.9316532258064516 0.4104647847162817
0 0.4080645161290323 0.44981465640148277 0.24717741935483872 0.44981465640148277 0.2470766129032258 0.2298260621613915 0.4080645161290323 0.2296834901625321 0.40816532258064514 0.44967208440262335 0.4080645161290323 0.44981465640148277
0 0.8300403225806452 0.45095523239235813 0.759475806451613 0.45095523239235813 0.759375 0.3746792130025663 0.8300403225806452 0.37453664100370687 0.8301411290322581 0.4508126603934987 0.8300403225806452 0.45095523239235813
0 0.9292338709677419 0.5496150556030795 0.8574596774193548 0.5496150556030795 0.8573588709677419 0.5483319076133447 0.8569556451612903 0.5480467636156259 0.8569556451612903 0.5471913316224694 0.8564516129032258 0.5470487596236099 0.8563508064516129 0.5457656116338752 0.8559475806451613 0.5454804676361562 0.8559475806451613 0.5446250356429997 0.8555443548387097 0.5443398916452808 0.8555443548387097 0.5431993156544055 0.8550403225806451 0.543056743655546 0.8549395161290323 0.5420587396635301 0.8545362903225806 0.5417735956658112 0.8545362903225806 0.5406330196749358 0.854133064516129 0.540347875677217 0.854133064516129 0.5392072996863416 0.8537298387096774 0.5389221556886228 0.8537298387096774 0.5380667236954663 0.853225806451613 0.5379241516966068 0.853125 0.5372112917023096 0.8527217741935483 0.5369261477045908 0.8527217741935483 0.5360707157114343 0.8523185483870968 0.5357855717137154 0.8523185483870968 0.5346449957228401 0.8518145161290323 0.5345024237239806 0.8517137096774193 0.5335044197319646 0.8513104838709677 0.5332192757342458 0.8513104838709677 0.5320786997433704 0.8509072580645162 0.5317935557456516 0.8509072580645162 0.530938123752495 0.8505040322580645 0.5306529797547762 0.8505040322580645 0.5295124037639007 0.85 0.5293698317650414 0.849899193548387 0.5280866837753065 0.8494959677419355 0.5278015397775877 0.8494959677419355 0.5269461077844312 0.8490927419354839 0.5266609637867123 0.848991935483871 0.526233247790134 0.8485887096774194 0.526233247790134 0.8484879032258065 0.5249500998003992 0.8480846774193549 0.5246649558026804 0.8480846774193549 0.523524379811805 0.8476814516129032 0.5232392358140862 0.8476814516129032 0.5223838038209295 0.8472782258064516 0.5220986598232107 0.8472782258064516 0.5209580838323353 0.8467741935483871 0.5208155118334759 0.8466733870967742 0.51981750784146 0.8462701612903226 0.5195323638437411 0.8462701612903226 0.5183917878528657 0.8458669354838709 0.5181066438551468 0.8458669354838709 0.5172512118619903 0.8453629032258064 0.5171086398631308 0.8452620967741935 0.5158254918733961 0.8448588709677419 0.5155403478756773 0.8448588709677419 0.5143997718848018 0.8444556451612903 0.514114627887083 0.8443548387096774 0.5136869118905047 0.8440524193548387 0.5135443398916453 0.8440524193548387 0.5124037639007699 0.8435483870967742 0.5122611919019104 0.8434475806451613 0.5112631879098944 0.8430443548387097 0.5109780439121756 0.8430443548387097 0.5098374679213002 0.8426411290322581 0.5095523239235814 0.8426411290322581 0.5086968919304249 0.8421370967741936 0.5085543199315654 0.8420362903225806 0.5072711719418306 0.8416330645161291 0.5069860279441117 0.8416330645161291 0.5061305959509552 0.8412298387096774 0.5058454519532364 0.8412298387096774 0.504704875962361 0.8407258064516129 0.5045623039635015 0.840625 0.5032791559737667 0.8402217741935484 0.5029940119760479 0.8401209677419355 0.5025662959794697 0.8398185483870968 0.5024237239806102 0.8398185483870968 0.5015682919874537 0.8394153225806451 0.5012831479897348 0.8394153225806451 0.5001425719988595 0.8389112903225806 0.5 0.8388104838709678 0.49871685201026517 0.8384072580645161 0.4984317080125463 0.8384072580645161 0.4975762760193898 0.8380040322580645 0.49729113202167097 0.8380040322580645 0.49615055603079555 0.8375 0.49600798403193613 0.8373991935483871 0.49500998003992014 0.8369959677419355 0.4947248360422013 0.8369959677419355 0.49358426005132594 0.8365927419354838 0.49329911605360705 0.8365927419354838 0.4924436840604505 0.8361895161290323 0.4921585400627317 0.8361895161290323 0.491588252067294 0.8356854838709677 0.4914456800684346 0.8355846774193548 0.41916167664670656 0.9292338709677419 0.41901910464784714 0.9293346774193548 0.5494724836042202 0.9292338709677419 0.5496150556030795
0 0.3318548387096774 0.5436270316509837 0.24717741935483872 0.5436270316509837 0.2470766129032258 0.45566010835471915 0.3318548387096774 0.45551753635585973 0.33195564516129034 0.5434844596521243 0.3318548387096774 0.5436270316509837
0 0.54375 0.7520672939834616 0.44193548387096776 0.7520672939834616 0.44183467741935484 0.5962360992301112 0.4414314516129032 0.5959509552323924 0.4414314516129032 0.5953806672369547 0.4409274193548387 0.5952380952380952 0.4407258064516129 0.5946678072426576 0.4404233870967742 0.5945252352437981 0.4403225806451613 0.5940975192472199 0.44002016129032256 0.5939549472483604 0.44002016129032256 0.5933846592529227 0.439616935483871 0.5930995152552039 0.43951612903225806 0.5926717992586256 0.43911290322580643 0.5926717992586256 0.43891129032258064 0.5921015112631879 0.4386088709677419 0.5919589392643285 0.4386088709677419 0.5913886512688908 0.43820564516129035 0.5911035072711719 0.4381048387096774 0.5906757912745937 0.4377016129032258 0.5906757912745937 0.4375 0.590105503279156 0.4371975806451613 0.5899629312802965 0.43709677419354837 0.5895352152837183 0.43679435483870965 0.5893926432848589 0.43679435483870965 0.5888223552894212 0.43629032258064515 0.5886797832905617 0.43608870967741936 0.588109495295124 0.43578629032258065 0.5879669232962647 0.4356854838709677 0.5875392072996863 0.435383064516129 0.5873966353008269 0.435383064516129 0.5868263473053892 0.43497983870967744 0.5865412033076703 0.4348790322580645 0.5861134873110921 0.4344758064516129 0.5861134873110921 0.4342741935483871 0.5855431993156544 0.4339717741935484 0.585400627316795 0.4338709677419355 0.5849729113202167 0.4335685483870968 0.5848303393213573 0.4335685483870968 0.5842600513259196 0.43306451612903224 0.5841174793270602 0.43286290322580645 0.5835471913316225 0.43256048387096774 0.583404619332763 0.4324596774193548 0.5829769033361848 0.4321572580645161 0.5828343313373253 0.4321572580645161 0.5822640433418876 0.4317540322580645 0.5819788993441688 0.4316532258064516 0.5815511833475905 0.43125 0.5815511833475905 0.4310483870967742 0.5809808953521528 0.43074596774193546 0.5808383233532934 0.4306451612903226 0.5804106073567151 0.4303427419354839 0.5802680353578558 0.4303427419354839 0.579697747362418 0.42983870967741933 0.5795551753635586 0.42963709677419354 0.5789848873681209 0.4293346774193548 0.5788423153692615 0.42923387096774196 0.5784145993726832 0.42893145161290325 0.5782720273738238 0.42893145161290325 0.5777017393783861 0.4285282258064516 0.5774165953806673 0.4284274193548387 0.5769888793840889 0.4280241935483871 0.5769888793840889 0.42782258064516127 0.5764185913886513 0.42752016129032255 0.5762760193897919 0.4274193548387097 0.5758483033932136 0.427116935483871 0.5757057313943541 0.427116935483871 0.5751354433989164 0.4266129032258065 0.5749928714000571 0.4264112903225806 0.5744225834046194 0.4261088709677419 0.5742800114057599 0.42600806451612905 0.5738522954091816 0.42570564516129034 0.5737097234103222 0.42570564516129034 0.5731394354148845 0.4253024193548387 0.5728542914171657 0.42520161290322583 0.5724265754205874 0.4247983870967742 0.5724265754205874 0.4245967741935484 0.5718562874251497 0.4242943548387097 0.5717137154262902 0.4241935483870968 0.571285999429712 0.42389112903225806 0.5711434274308526 0.42389112903225806 0.5705731394354149 0.42338709677419356 0.5704305674365555 0.4231854838709677 0.5698602794411177 0.42288306451612906 0.5697177074422584 0.42278225806451614 0.56928999144568 0.4224798387096774 0.5691474194468207 0.4224798387096774 0.568577131451383 0.4220766129032258 0.568291987453664 0.4219758064516129 0.5678642714570858 0.4215725806451613 0.5678642714570858 0.4213709677419355 0.5672939834616482 0.4210685483870968 0.5671514114627887 0.4210685483870968 0.566581123467351 0.42066532258064515 0.5662959794696322 0.4205645161290323 0.5658682634730539 0.42016129032258065 0.5658682634730539 0.41995967741935486 0.5652979754776162 0.41965725806451615 0.5651554034787568 0.4195564516129032 0.5647276874821785 0.4192540322580645 0.564585115483319 0.4192540322580645 0.5640148274878813 0.41875 0.563872255489022 0.41854838709677417 0.5633019674935843 0.4182459677419355 0.5631593954947248 0.4181451612903226 0.5627316794981465 0.4178427419354839 0.5625891074992871 0.4178427419354839 0.5620188195038495 0.41743951612903224 0.5617336755061306 0.4173387096774194 0.5613059595095523 0.41693548387096774 0.5613059595095523 0.41673387096774195 0.5607356715141146 0.41643145161290324 0.5605930995152552 0.4163306451612903 0.560165383518677 0.4160282258064516 0.5600228115198175 0.4160282258064516 0.5594525235243798 0.4155241935483871 0.5593099515255204 0.4153225806451613 0.5587396635300826 0.4150201612903226 0.5585970915312233 0.4149193548387097 0.558169375534645 0.41461693548387096 0.5580268035357856 0.41461693548387096 0.5574565155403479 0.41421370967741933 0.5571713715426291 0.41411290322580646 0.5567436555460508 0.4137096774193548 0.5567436555460508 0.41350806451612904 0.5561733675506131 0.4132056451612903 0.5560307955517536 0.4131048387096774 0.5556030795551754 0.4128024193548387 0.5554605075563159 0.4128024193548387 0.5548902195608783 0.4122983870967742 0.5547476475620188 0.4120967741935484 0.5541773595665811 0.4117943548387097 0.5540347875677217 0.41169354838709676 0.5536070715711434 0.41139112903225805 0.553464499572284 0.41139112903225805 0.5528942115768463 0.4109879032258065 0.5526090675791274 0.41088709677419355 0.5521813515825492 0.4104838709677419 0.5521813515825492 0.4102822580645161 0.5516110635871115 0.4099798387096774 0.5514684915882521 0.4098790322580645 0.5510407755916737 0.40957661290322583 0.5508982035928144 0.40957661290322583 0.5503279155973767 0.4090725806451613 0.5501853435985172 0.4088709677419355 0.5496150556030795 0.4085685483870968 0.5494724836042202 0.40846774193548385 0.5490447676076419 0.40816532258064514 0.5489021956087824 0.40816532258064514 0.5483319076133447 0.40776209677419356 0.5480467636156259 0.40766129032258064 0.5476190476190477 0.40725806451612906 0.5476190476190477 0.4070564516129032 0.5470487596236099 0.4067540322580645 0.5469061876247505 0.40665322580645163 0.5464784716281722 0.4063508064516129 0.5463358996293128 0.4063508064516129 0.5457656116338752 0.40584677419354837 0.5456230396350157 0.4056451612903226 0.545052751639578 0.40534274193548386 0.5449101796407185 0.40524193548387094 0.5444824636441403 0.4049395161290323 0.5443398916452808 0.4049395161290323 0.5437696036498432 0.3362903225806452 0.5436270316509837 0.33618951612903225 0.45566010835471915 0.4120967741935484 0.45551753635585973 0.41219758064516127 0.45623039635015683 0.5473790322580645 0.45637296834901625 0.5474798387096774 0.5489021956087824 0.5439516129032258 0.5490447676076419 0.5438508064516129 0.7519247219846023 0.54375 0.7520672939834616
0 0.8536290322580645 0.6437125748502994 0.759475806451613 0.6437125748502994 0.759375 0.45708582834331335 0.8300403225806452 0.45694325634445393 0.8301411290322581 0.4938694040490448 0.8305443548387097 0.4941545480467636 0.8305443548387097 0.49529512403763903 0.8309475806451613 0.4955802680353579 0.8309475806451613 0.49672084402623323 0.8314516129032258 0.49686341602509265 0.8315524193548387 0.49786142001710865 0.8319556451612903 0.4981465640148275 0.8319556451612903 0.4992871400057029 0.832358870967742 0.49957228400342174 0.832358870967742 0.5004277159965783 0.8328629032258065 0.5005702879954377 0.8329637096774194 0.5018534359851725 0.833366935483871 0.5021385799828914 0.833366935483871 0.5029940119760479 0.8337701612903226 0.5032791559737667 0.8337701612903226 0.5044197319646422 0.8341733870967742 0.504704875962361 0.8341733870967742 0.5058454519532364 0.8346774193548387 0.5059880239520959 0.8347782258064517 0.5069860279441117 0.8351814516129032 0.5072711719418306 0.8351814516129032 0.508411747932706 0.8355846774193548 0.5086968919304249 0.8355846774193548 0.5095523239235814 0.8360887096774193 0.5096948959224409 0.8361895161290323 0.5109780439121756 0.8365927419354838 0.5112631879098944 0.8365927419354838 0.5121186199030511 0.8369959677419355 0.5124037639007699 0.8369959677419355 0.5135443398916453 0.8373991935483871 0.5138294838893641 0.8375 0.5142571998859424 0.8379032258064516 0.5142571998859424 0.8380040322580645 0.5155403478756773 0.8384072580645161 0.5158254918733961 0.8384072580645161 0.5169660678642715 0.8388104838709678 0.5172512118619903 0.8388104838709678 0.5181066438551468 0.8393145161290323 0.5182492158540063 0.8394153225806451 0.5195323638437411 0.8398185483870968 0.51981750784146 0.8398185483870968 0.5206729398346165 0.8402217741935484 0.5209580838323353 0.8402217741935484 0.5220986598232107 0.840625 0.5223838038209295 0.840625 0.5232392358140862 0.8411290322580646 0.5233818078129455 0.8412298387096774 0.5246649558026804 0.8416330645161291 0.5249500998003992 0.8416330645161291 0.5260906757912746 0.8420362903225806 0.5263758197889934 0.8420362903225806 0.52723125178215 0.8425403225806452 0.5273738237810094 0.8426411290322581 0.5286569717707442 0.8430443548387097 0.5289421157684631 0.8430443548387097 0.5297975477616196 0.8434475806451613 0.5300826917593384 0.8434475806451613 0.5312232677502139 0.8439516129032258 0.5313658397490733 0.8440524193548387 0.5323638437410892 0.8444556451612903 0.5326489877388081 0.8444556451612903 0.5337895637296834 0.8448588709677419 0.5340747077274023 0.8448588709677419 0.5352152837182778 0.8452620967741935 0.5355004277159966 0.8453629032258064 0.5359281437125748 0.8457661290322581 0.5359281437125748 0.8458669354838709 0.5369261477045908 0.8462701612903226 0.5372112917023096 0.8462701612903226 0.5383518676931851 0.8466733870967742 0.5386370116909039 0.8466733870967742 0.5397775876817793 0.8471774193548387 0.5399201596806387 0.8472782258064516 0.5409181636726547 0.8476814516129032 0.5412033076703735 0.8476814516129032 0.542343883661249 0.8480846774193549 0.5426290276589678 0.8480846774193549 0.5434844596521243 0.8484879032258065 0.5437696036498432 0.8484879032258065 0.5449101796407185 0.848991935483871 0.545052751639578 0.8490927419354839 0.5463358996293128 0.8494959677419355 0.5466210436270317 0.8494959677419355 0.5474764756201882 0.849899193548387 0.547761619617907 0.849899193548387 0.5489021956087824 0.8504032258064517 0.5490447676076419 0.8505040322580645 0.5500427715996579 0.8509072580645162 0.5503279155973767 0.8509072580645162 0.5514684915882521 0.8513104838709677 0.5517536355859709 0.8513104838709677 0.5526090675791274 0.8517137096774193 0.5528942115768463 0.8517137096774193 0.5540347875677217 0.8522177419354838 0.5541773595665811 0.8523185483870968 0.5554605075563159 0.8527217741935483 0.5557456515540348 0.8527217741935483 0.5566010835471913 0.853125 0.5568862275449101 0.853225806451613 0.5573139435414884 0.8536290322580645 0.5573139435414884 0.8537298387096774 0.64357000285144 0.8536290322580645 0.6437125748502994
0 0.755241935483871 0.8356144853150841 0.5481854838709678 0.8356144853150841 0.5480846774193548 0.5491873396065012 0.5475806451612903 0.5490447676076419 0.5474798387096774 0.5483319076133447 0.5479838709677419 0.5481893356144854 0.5480846774193548 0.530938123752495 0.755241935483871 0.5307955517536356 0.7553427419354839 0.8354719133162247 0.755241935483871 0.8356144853150841
0 0.4375 0.7520672939834616 0.24717741935483872 0.7520672939834616 0.2470766129032258 0.549757627601939 0.40241935483870966 0.5496150556030795 0.4026209677419355 0.5501853435985172 0.4030241935483871 0.5501853435985172 0.403125 0.5508982035928144 0.4035282258064516 0.5511833475905332 0.4036290322580645 0.5516110635871115 0.4039314516129032 0.5517536355859709 0.40403225806451615 0.5521813515825492 0.40433467741935486 0.5523239235814086 0.4044354838709677 0.5527516395779869 0.40483870967741936 0.5527516395779869 0.4049395161290323 0.553464499572284 0.40534274193548386 0.5537496435700029 0.4054435483870968 0.5541773595665811 0.4057459677419355 0.5543199315654406 0.40584677419354837 0.5547476475620188 0.40625 0.5547476475620188 0.4063508064516129 0.5554605075563159 0.4067540322580645 0.5557456515540348 0.4068548387096774 0.5561733675506131 0.40715725806451614 0.5563159395494724 0.40725806451612906 0.5567436555460508 0.40766129032258064 0.5567436555460508 0.40786290322580643 0.5573139435414884 0.40816532258064514 0.5574565155403479 0.40816532258064514 0.5580268035357856 0.4085685483870968 0.5583119475335044 0.4086693548387097 0.5587396635300826 0.4089717741935484 0.5588822355289421 0.4090725806451613 0.5593099515255204 0.4094758064516129 0.5593099515255204 0.40957661290322583 0.5600228115198175 0.4099798387096774 0.5603079555175363 0.41008064516129034 0.5607356715141146 0.41038306451612905 0.5608782435129741 0.4104838709677419 0.5613059595095523 0.41088709677419355 0.5613059595095523 0.41108870967741934 0.56187624750499 0.41139112903225805 0.5620188195038495 0.41139112903225805 0.5625891074992871 0.4117943548387097 0.562874251497006 0.41189516129032255 0.5633019674935843 0.41219758064516127 0.5634445394924437 0.4122983870967742 0.563872255489022 0.4127016129032258 0.563872255489022 0.4128024193548387 0.564585115483319 0.4132056451612903 0.564870259481038 0.41330645161290325 0.5652979754776162 0.41360887096774196 0.5654405474764757 0.4137096774193548 0.5658682634730539 0.41411290322580646 0.5658682634730539 0.41431451612903225 0.5664385514684915 0.41461693548387096 0.566581123467351 0.41461693548387096 0.5671514114627887 0.4150201612903226 0.5674365554605075 0.41512096774193546 0.5678642714570858 0.4154233870967742 0.5680068434559452 0.4155241935483871 0.5684345594525235 0.41592741935483873 0.5684345594525235 0.4160282258064516 0.5691474194468207 0.41643145161290324 0.5694325634445395 0.4165322580645161 0.5698602794411177 0.4168346774193548 0.5700028514399772 0.41693548387096774 0.5704305674365555 0.4173387096774194 0.5704305674365555 0.41743951612903224 0.5711434274308526 0.4178427419354839 0.5714285714285714 0.4179435483870968 0.5718562874251497 0.4182459677419355 0.5719988594240091 0.4183467741935484 0.5724265754205874 0.4186491935483871 0.5725691474194469 0.41875 0.5729968634160251 0.4191532258064516 0.5729968634160251 0.4192540322580645 0.5737097234103222 0.41965725806451615 0.5739948674080411 0.419758064516129 0.5744225834046194 0.4200604838709677 0.5745651554034787 0.42016129032258065 0.5749928714000571 0.4205645161290323 0.5749928714000571 0.42066532258064515 0.5757057313943541 0.4210685483870968 0.5759908753920729 0.42116935483870965 0.5764185913886513 0.42147177419354837 0.5765611633875107 0.4215725806451613 0.5769888793840889 0.4219758064516129 0.5769888793840889 0.4221774193548387 0.5775591673795266 0.4224798387096774 0.5777017393783861 0.4224798387096774 0.5782720273738238 0.42288306451612906 0.5785571713715426 0.4229838709677419 0.5789848873681209 0.42328629032258064 0.5791274593669803 0.42338709677419356 0.5795551753635586 0.42379032258064514 0.5795551753635586 0.42389112903225806 0.5802680353578558 0.4242943548387097 0.5805531793555746 0.42439516129032256 0.5809808953521528 0.4246975806451613 0.5811234673510123 0.4247983870967742 0.5815511833475905 0.42520161290322583 0.5815511833475905 0.4254032258064516 0.5821214713430283 0.42570564516129034 0.5822640433418876 0.42570564516129034 0.5828343313373253 0.4261088709677419 0.5831194753350442 0.42620967741935484 0.5835471913316225 0.42651209677419355 0.583689763330482 0.4266129032258065 0.5841174793270602 0.42701612903225805 0.5841174793270602 0.427116935483871 0.5848303393213573 0.42752016129032255 0.5851154833190761 0.4276209677419355 0.5855431993156544 0.4279233870967742 0.5856857713145138 0.4280241935483871 0.5861134873110921 0.4284274193548387 0.5861134873110921 0.42862903225806454 0.5866837753065298 0.42893145161290325 0.5868263473053892 0.42893145161290325 0.5873966353008269 0.4293346774193548 0.5876817792985458 0.42943548387096775 0.588109495295124 0.42973790322580646 0.5882520672939835 0.42983870967741933 0.5886797832905617 0.43024193548387096 0.5886797832905617 0.4303427419354839 0.5893926432848589 0.43074596774193546 0.5896777872825777 0.4308467741935484 0.590105503279156 0.4311491935483871 0.5902480752780154 0.43125 0.5906757912745937 0.4316532258064516 0.5906757912745937 0.43185483870967745 0.5912460792700314 0.4321572580645161 0.5913886512688908 0.4321572580645161 0.5919589392643285 0.43256048387096774 0.5922440832620474 0.43266129032258066 0.5926717992586256 0.4329637096774194 0.592814371257485 0.43306451612903224 0.5932420872540634 0.4334677419354839 0.5932420872540634 0.4335685483870968 0.5939549472483604 0.4339717741935484 0.5942400912460792 0.4340725806451613 0.5946678072426576 0.434375 0.5948103792415169 0.4344758064516129 0.5952380952380952 0.4348790322580645 0.5952380952380952 0.43497983870967744 0.5959509552323924 0.435383064516129 0.5962360992301112 0.43548387096774194 0.5966638152266894 0.43578629032258065 0.5968063872255489 0.43588709677419357 0.5972341032221272 0.4361895161290323 0.5973766752209866 0.43629032258064515 0.5978043912175649 0.4366935483870968 0.5978043912175649 0.43679435483870965 0.598517251211862 0.4371975806451613 0.5988023952095808 0.4372983870967742 0.5992301112061591 0.4376008064516129 0.5993726832050186 0.4376008064516129 0.7519247219846023 0.4375 0.7520672939834616
0 0.9316532258064516 0.6437125748502994 0.8578629032258065 0.6437125748502994 0.8577620967741936 0.5594525235243798 0.9316532258064516 0.5593099515255204 0.9317540322580645 0.64357000285144 0.9316532258064516 0.6437125748502994
0 0.9316532258064516 0.8356144853150841 0.759475806451613 0.8356144853150841 0.759375 0.6495580268035358 0.9316532258064516 0.6494154548046763 0.9317540322580645 0.8354719133162247 0.9316532258064516 0.8356144853150841