0 0.1901840490797546 0.2574013157894737 0.044989775051124746 0.2574013157894737 0.04447852760736196 0.047697368421052634 0.1901840490797546 0.046875 0.19069529652351738 0.2565789473684211 0.1901840490797546 0.2574013157894737
0 0.24028629856850717 0.2574013157894737 0.19734151329243355 0.2574013157894737 0.19683026584867075 0.047697368421052634 0.24028629856850717 0.046875 0.24079754601226994 0.2565789473684211 0.24028629856850717 0.2574013157894737
0 0.39570552147239263 0.31332236842105265 0.27096114519427406 0.31332236842105265 0.27044989775051126 0.2582236842105263 0.24642126789366053 0.2574013157894737 0.24591002044989774 0.047697368421052634 0.39570552147239263 0.046875 0.3962167689161554 0.3125 0.39570552147239263 0.31332236842105265
0 0.5347648261758691 0.31332236842105265 0.3967280163599182 0.31332236842105265 0.3962167689161554 0.047697368421052634 0.5347648261758691 0.046875 0.5352760736196319 0.3125 0.5347648261758691 0.31332236842105265
0 0.6983640081799591 0.31332236842105265 0.5408997955010225 0.31332236842105265 0.5403885480572597 0.047697368421052634 0.6983640081799591 0.046875 0.6988752556237219 0.3125 0.6983640081799591 0.31332236842105265
0 0.8701431492842536 0.3988486842105263 0.7055214723926381 0.3988486842105263 0.7050102249488752 0.047697368421052634 0.8701431492842536 0.046875 0.8706543967280164 0.3980263157894737 0.8701431492842536 0.3988486842105263
0 0.9427402862985685 0.19983552631578946 0.876278118609407 0.19983552631578946 0.8757668711656442 0.047697368421052634 0.9427402862985685 0.046875 0.9432515337423313 0.19901315789473684 0.9427402862985685 0.19983552631578946
0 0.9427402862985685 0.3988486842105263 0.876278118609407 0.3988486842105263 0.8757668711656442 0.20888157894736842 0.9427402862985685 0.2080592105263158 0.9432515337423313 0.3980263157894737 0.9427402862985685 0.3988486842105263
0 0.3374233128834356 0.4597039473684211 0.13190184049079753 0.4597039473684211 0.13139059304703476 0.26644736842105265 0.26482617586912066 0.265625 0.26533742331288346 0.3207236842105263 0.3374233128834356 0.3215460526315789 0.3379345603271984 0.4588815789473684 0.3374233128834356 0.4597039473684211
0 0.7044989775051125 0.6225328947368421 0.5572597137014315 0.6225328947368421 0.556237218813906 0.6192434210526315 0.4570552147239264 0.6192434210526315 0.4565439672801636 0.48355263157894735 0.37321063394683024 0.48273026315789475 0.3726993865030675 0.4605263157894737 0.3425357873210634 0.4597039473684211 0.34202453987730064 0.3223684210526316 0.6983640081799591 0.3215460526315789 0.6988752556237219 0.4588815789473684 0.7044989775051125 0.4597039473684211 0.7050102249488752 0.6217105263157895 0.7044989775051125 0.6225328947368421
0 0.9427402862985685 0.6225328947368421 0.7055214723926381 0.6225328947368421 0.7050102249488752 0.40789473684210525 0.9427402862985685 0.40707236842105265 0.9432515337423313 0.6217105263157895 0.9427402862985685 0.6225328947368421
0 0.2249488752556237 0.6192434210526315 0.13190184049079753 0.6192434210526315 0.13139059304703476 0.46875 0.2249488752556237 0.46792763157894735 0.2254601226993865 0.618421052631579 0.2249488752556237 0.6192434210526315
0 0.3670756646216769 0.6192434210526315 0.2310838445807771 0.6192434210526315 0.2305725971370143 0.46875 0.3670756646216769 0.46792763157894735 0.3675869120654397 0.618421052631579 0.3670756646216769 0.6192434210526315
0 0.450920245398773 0.6192434210526315 0.37321063394683024 0.6192434210526315 0.3726993865030675 0.4917763157894737 0.450920245398773 0.4909539473684211 0.4514314928425358 0.618421052631579 0.450920245398773 0.6192434210526315
0 0.9427402862985685 0.9449013157894737 0.5572597137014315 0.9449013157894737 0.5567484662576687 0.6233552631578947 0.9212678936605317 0.6225328947368421 0.9217791411042945 0.6299342105263158 0.9427402862985685 0.6307565789473685 0.9432515337423313 0.944078947368421 0.9427402862985685 0.9449013157894737