0 0.30265486725663715 0.29483122362869196 0.15663716814159293 0.29483122362869196 0.1561946902654867 0.05379746835443038 0.1570796460176991 0.052742616033755275 0.1570796460176991 0.05063291139240506 0.1579646017699115 0.049578059071729956 0.16194690265486725 0.04377637130801688 0.16460176991150444 0.041666666666666664 0.1663716814159292 0.04061181434599156 0.168141592920354 0.04061181434599156 0.16902654867256636 0.03955696202531646 0.17345132743362832 0.03955696202531646 0.1743362831858407 0.03850210970464135 0.28407079646017697 0.03850210970464135 0.2849557522123894 0.03955696202531646 0.28761061946902655 0.03955696202531646 0.2884955752212389 0.04061181434599156 0.2902654867256637 0.04061181434599156 0.2911504424778761 0.041666666666666664 0.2929203539823009 0.04272151898734177 0.297787610619469 0.04746835443037975 0.29867256637168144 0.049578059071729956 0.2995575221238938 0.05168776371308017 0.2995575221238938 0.05379746835443038 0.3004424778761062 0.05485232067510549 0.3004424778761062 0.12658227848101267 0.4389380530973451 0.1271097046413502 0.4393805309734513 0.2879746835443038 0.30796460176991153 0.28850210970464135 0.3075221238938053 0.25843881856540085 0.3035398230088496 0.2579113924050633 0.3030973451327434 0.29430379746835444 0.30265486725663715 0.29483122362869196
0 0.8185840707964602 0.2979957805907173 0.6743362831858407 0.2979957805907173 0.6738938053097345 0.10548523206751055 0.8185840707964602 0.10495780590717299 0.8190265486725664 0.2974683544303797 0.8185840707964602 0.2979957805907173
0 0.1504424778761062 0.45938818565400846 0.019469026548672566 0.45938818565400846 0.01902654867256637 0.3470464135021097 0.04336283185840708 0.34651898734177217 0.04380530973451328 0.30063291139240506 0.05663716814159292 0.30010548523206754 0.05707964601769912 0.29535864978902954 0.019469026548672566 0.29483122362869196 0.01902654867256637 0.12763713080168776 0.1504424778761062 0.1271097046413502 0.1508849557522124 0.29430379746835444 0.11504424778761062 0.29483122362869196 0.11460176991150442 0.29957805907172996 0.12831858407079647 0.30010548523206754 0.12876106194690265 0.3459915611814346 0.1504424778761062 0.34651898734177217 0.1508849557522124 0.4588607594936709 0.1504424778761062 0.45938818565400846
0 0.6690265486725664 0.2209915611814346 0.5380530973451327 0.2209915611814346 0.5376106194690266 0.1308016877637131 0.6690265486725664 0.13027426160337552 0.6694690265486726 0.22046413502109705 0.6690265486725664 0.2209915611814346
0 0.9584070796460177 0.21677215189873417 0.8247787610619469 0.21677215189873417 0.8243362831858407 0.1308016877637131 0.9584070796460177 0.13027426160337552 0.9588495575221239 0.21624472573839662 0.9584070796460177 0.21677215189873417
0 0.6300884955752213 0.3686708860759494 0.5380530973451327 0.3686708860759494 0.5376106194690266 0.22679324894514769 0.5486725663716814 0.22626582278481014 0.5491150442477876 0.22151898734177214 0.6690265486725664 0.2209915611814346 0.6694690265486726 0.2974683544303797 0.6309734513274337 0.2979957805907173 0.6305309734513275 0.3681434599156118 0.6300884955752213 0.3686708860759494
0 0.9584070796460177 0.375 0.8486725663716814 0.375 0.8482300884955752 0.2879746835443038 0.8247787610619469 0.28744725738396626 0.8243362831858407 0.22257383966244726 0.9584070796460177 0.2220464135021097 0.9588495575221239 0.3744725738396624 0.9584070796460177 0.375
0 0.4389380530973451 0.32964135021097046 0.36106194690265486 0.32964135021097046 0.3606194690265487 0.2921940928270042 0.4389380530973451 0.2916666666666667 0.4393805309734513 0.3291139240506329 0.4389380530973451 0.32964135021097046
0 0.3548672566371681 0.3201476793248945 0.32654867256637166 0.3201476793248945 0.32610619469026547 0.29535864978902954 0.3548672566371681 0.29483122362869196 0.35530973451327436 0.31962025316455694 0.3548672566371681 0.3201476793248945
0 0.03893805309734513 0.3401898734177215 0.019469026548672566 0.3401898734177215 0.01902654867256637 0.30063291139240506 0.03893805309734513 0.30010548523206754 0.03938053097345133 0.339662447257384 0.03893805309734513 0.3401898734177215
0 0.1504424778761062 0.3401898734177215 0.1336283185840708 0.3401898734177215 0.1331858407079646 0.30063291139240506 0.1504424778761062 0.30010548523206754 0.1508849557522124 0.339662447257384 0.1504424778761062 0.3401898734177215
0 0.268141592920354 0.4171940928270042 0.18849557522123894 0.4171940928270042 0.18805309734513273 0.3818565400843882 0.184070796460177 0.3813291139240506 0.1836283185840708 0.3860759493670886 0.15663716814159293 0.3866033755274262 0.1561946902654867 0.30063291139240506 0.268141592920354 0.30010548523206754 0.2685840707964602 0.4166666666666667 0.268141592920354 0.4171940928270042
0 0.6690265486725664 0.3686708860759494 0.6353982300884956 0.3686708860759494 0.6349557522123894 0.3037974683544304 0.6690265486725664 0.3032700421940928 0.6694690265486726 0.3681434599156118 0.6690265486725664 0.3686708860759494
0 0.7008849557522124 0.46044303797468356 0.6743362831858407 0.46044303797468356 0.6738938053097345 0.3037974683544304 0.7876106194690266 0.3032700421940928 0.7876106194690266 0.3043248945147679 0.7522123893805309 0.3043248945147679 0.7517699115044247 0.3069620253164557 0.7876106194690266 0.30748945147679324 0.7880530973451327 0.3470464135021097 0.7061946902654868 0.34757383966244726 0.7057522123893806 0.3333333333333333 0.7017699115044248 0.3328059071729958 0.7013274336283186 0.459915611814346 0.7008849557522124 0.46044303797468356
0 0.8185840707964602 0.34757383966244726 0.7929203539823009 0.34757383966244726 0.7924778761061947 0.3080168776371308 0.8141592920353983 0.30748945147679324 0.8146017699115045 0.3048523206751055 0.7929203539823009 0.3043248945147679 0.7929203539823009 0.3032700421940928 0.8185840707964602 0.3032700421940928 0.8190265486725664 0.3470464135021097 0.8185840707964602 0.34757383966244726
0 0.2991150442477876 0.3507383966244726 0.2752212389380531 0.3507383966244726 0.27477876106194693 0.3048523206751055 0.2991150442477876 0.3043248945147679 0.2995575221238938 0.350210970464135 0.2991150442477876 0.3507383966244726
0 0.40176991150442476 0.45938818565400846 0.30796460176991153 0.45938818565400846 0.3075221238938053 0.3291139240506329 0.3256637168141593 0.32858649789029537 0.32610619469026547 0.32489451476793246 0.3548672566371681 0.32436708860759494 0.35530973451327436 0.33544303797468356 0.40176991150442476 0.3359704641350211 0.402212389380531 0.4588607594936709 0.40176991150442476 0.45938818565400846
0 0.8424778761061947 0.375 0.8265486725663717 0.375 0.8261061946902655 0.33544303797468356 0.8424778761061947 0.334915611814346 0.8429203539823009 0.3744725738396624 0.8424778761061947 0.375
0 0.42743362831858406 0.39609704641350213 0.40707964601769914 0.39609704641350213 0.4066371681415929 0.33649789029535865 0.42743362831858406 0.3359704641350211 0.42787610619469024 0.39556962025316456 0.42743362831858406 0.39609704641350213
0 0.7876106194690266 0.46044303797468356 0.7061946902654868 0.46044303797468356 0.7057522123893806 0.35337552742616035 0.7876106194690266 0.3528481012658228 0.7880530973451327 0.459915611814346 0.7876106194690266 0.46044303797468356
0 0.30265486725663715 0.39609704641350213 0.2734513274336283 0.39609704641350213 0.27300884955752214 0.3575949367088608 0.30265486725663715 0.3570675105485232 0.3030973451327434 0.39556962025316456 0.30265486725663715 0.39609704641350213
0 0.4814159292035398 0.43723628691983124 0.4026548672566372 0.43723628691983124 0.402212389380531 0.399789029535865 0.43097345132743364 0.3992616033755274 0.4314159292035398 0.370253164556962 0.4814159292035398 0.3697257383966245 0.481858407079646 0.43670886075949367 0.4814159292035398 0.43723628691983124
0 0.6044247787610619 0.46044303797468356 0.5380530973451327 0.46044303797468356 0.5376106194690266 0.3744725738396624 0.6044247787610619 0.3739451476793249 0.6048672566371681 0.459915611814346 0.6044247787610619 0.46044303797468356
0 0.6690265486725664 0.46044303797468356 0.6097345132743363 0.46044303797468356 0.6092920353982301 0.3744725738396624 0.672566371681416 0.3739451476793249 0.6730088495575222 0.4040084388185654 0.6699115044247788 0.4045358649789029 0.6694690265486726 0.459915611814346 0.6690265486725664 0.46044303797468356
0 0.8230088495575221 0.40664556962025317 0.7929203539823009 0.40664556962025317 0.7924778761061947 0.37763713080168776 0.8230088495575221 0.3771097046413502 0.8234513274336284 0.4061181434599156 0.8230088495575221 0.40664556962025317
0 0.9584070796460177 0.46044303797468356 0.7929203539823009 0.46044303797468356 0.7924778761061947 0.41244725738396626 0.827433628318584 0.4119198312236287 0.8278761061946903 0.3808016877637131 0.9584070796460177 0.3802742616033755 0.9588495575221239 0.459915611814346 0.9584070796460177 0.46044303797468356
0 0.268141592920354 0.45938818565400846 0.15663716814159293 0.45938818565400846 0.1561946902654867 0.3924050632911392 0.1831858407079646 0.3918776371308017 0.1836283185840708 0.4219409282700422 0.268141592920354 0.4224683544303797 0.2685840707964602 0.4588607594936709 0.268141592920354 0.45938818565400846
0 0.30265486725663715 0.45938818565400846 0.2734513274336283 0.45938818565400846 0.27300884955752214 0.40189873417721517 0.30265486725663715 0.40137130801687765 0.3030973451327434 0.4588607594936709 0.30265486725663715 0.45938818565400846
0 0.4389380530973451 0.45938818565400846 0.40707964601769914 0.45938818565400846 0.4066371681415929 0.4430379746835443 0.4389380530973451 0.44251054852320676 0.4393805309734513 0.4588607594936709 0.4389380530973451 0.45938818565400846
0 0.5539823008849557 0.665084388185654 0.5026548672566372 0.665084388185654 0.5022123893805309 0.5453586497890295 0.5030973451327434 0.5443037974683544 0.5030973451327434 0.5411392405063291 0.5039823008849558 0.540084388185654 0.5048672566371681 0.5379746835443038 0.5057522123893805 0.5358649789029536 0.5106194690265486 0.5290084388185654 0.5123893805309735 0.5290084388185654 0.5132743362831859 0.5279535864978903 0.5168141592920354 0.5279535864978903 0.5176991150442478 0.5268987341772152 0.5539823008849557 0.5268987341772152 0.554424778761062 0.6645569620253164 0.5539823008849557 0.665084388185654
0 0.6176991150442478 0.945675105485232 0.5292035398230088 0.945675105485232 0.5287610619469026 0.8829113924050633 0.49911504424778763 0.8823839662447257 0.4986725663716814 0.8523206751054853 0.5035398230088496 0.8517932489451476 0.5039823008849558 0.7225738396624473 0.5238938053097345 0.7220464135021097 0.5243362831858407 0.6708860759493671 0.5584070796460177 0.6703586497890295 0.5588495575221238 0.5274261603375527 0.6079646017699115 0.5268987341772152 0.6084070796460177 0.6139240506329114 0.6469026548672566 0.614451476793249 0.6473451327433628 0.7141350210970464 0.5991150442477876 0.7146624472573839 0.5986725663716814 0.7911392405063291 0.6123893805309735 0.7916666666666666 0.6128318584070797 0.859704641350211 0.6504424778761062 0.8602320675105485 0.6508849557522124 0.8871308016877637 0.6185840707964602 0.8876582278481012 0.618141592920354 0.9451476793248945 0.6176991150442478 0.945675105485232
0 0.6469026548672566 0.6091772151898734 0.6123893805309735 0.6091772151898734 0.6119469026548673 0.5274261603375527 0.6345132743362832 0.5268987341772152 0.6353982300884956 0.5279535864978903 0.6371681415929203 0.5279535864978903 0.6407079646017699 0.5321729957805907 0.6420353982300885 0.5327004219409283 0.6455752212389381 0.5379746835443038 0.6464601769911504 0.540084388185654 0.6464601769911504 0.5421940928270043 0.6473451327433628 0.5432489451476793 0.6473451327433628 0.6086497890295358 0.6469026548672566 0.6091772151898734
0 0.44601769911504424 0.6967299578059072 0.3663716814159292 0.6967299578059072 0.365929203539823 0.6149789029535865 0.46194690265486726 0.614451476793249 0.46238938053097345 0.6635021097046413 0.46061946902654866 0.6656118143459916 0.4597345132743363 0.6677215189873418 0.4579646017699115 0.6708860759493671 0.4570796460176991 0.6729957805907173 0.45530973451327433 0.6761603375527426 0.45442477876106196 0.6782700421940928 0.45353982300884954 0.680379746835443 0.4517699115044248 0.6835443037974683 0.4508849557522124 0.6856540084388185 0.45 0.6877637130801688 0.4482300884955752 0.6909282700421941 0.44734513274336285 0.6930379746835443 0.4464601769911504 0.6951476793248945 0.44601769911504424 0.6967299578059072
0 0.4929203539823009 0.665084388185654 0.4672566371681416 0.665084388185654 0.4668141592920354 0.6149789029535865 0.4929203539823009 0.614451476793249 0.49336283185840707 0.6645569620253164 0.4929203539823009 0.665084388185654
0 0.7867256637168142 0.7790084388185654 0.6566371681415929 0.7790084388185654 0.6561946902654867 0.6149789029535865 0.7619469026548673 0.614451476793249 0.7623893805309735 0.6645569620253164 0.7867256637168142 0.665084388185654 0.7871681415929204 0.7784810126582279 0.7867256637168142 0.7790084388185654
0 0.7867256637168142 0.6619198312236287 0.7646017699115044 0.6619198312236287 0.7641592920353982 0.6149789029535865 0.7867256637168142 0.614451476793249 0.7871681415929204 0.6613924050632911 0.7867256637168142 0.6619198312236287
0 0.4946902654867257 0.7790084388185654 0.4265486725663717 0.7790084388185654 0.4261061946902655 0.7025316455696202 0.4486725663716814 0.7020042194092827 0.45 0.6993670886075949 0.4508849557522124 0.6972573839662447 0.4526548672566372 0.6940928270042194 0.45353982300884954 0.6919831223628692 0.45442477876106196 0.689873417721519 0.4561946902654867 0.6867088607594937 0.4570796460176991 0.6845991561181435 0.4579646017699115 0.6824894514767933 0.4588495575221239 0.680379746835443 0.46061946902654866 0.6772151898734177 0.4615044247787611 0.6751054852320675 0.4632743362831858 0.6719409282700421 0.46371681415929206 0.6703586497890295 0.4823008849557522 0.6703586497890295 0.4827433628318584 0.7215189873417721 0.4946902654867257 0.7220464135021097 0.49513274336283186 0.7784810126582279 0.4946902654867257 0.7790084388185654
0 0.42123893805309737 0.7790084388185654 0.3663716814159292 0.7790084388185654 0.365929203539823 0.7025316455696202 0.42123893805309737 0.7020042194092827 0.42168141592920355 0.7784810126582279 0.42123893805309737 0.7790084388185654
0 0.6513274336283186 0.7863924050632911 0.6035398230088496 0.7863924050632911 0.6030973451327434 0.7204641350210971 0.6513274336283186 0.7199367088607594 0.6517699115044248 0.7858649789029536 0.6513274336283186 0.7863924050632911
0 0.4946902654867257 0.945675105485232 0.4265486725663717 0.945675105485232 0.4261061946902655 0.9261603375527426 0.42212389380530974 0.9256329113924051 0.42168141592920355 0.9451476793248945 0.3663716814159292 0.945675105485232 0.365929203539823 0.7848101265822784 0.4946902654867257 0.7842827004219409 0.49513274336283186 0.9451476793248945 0.4946902654867257 0.945675105485232
0 0.7867256637168142 0.8876582278481012 0.7530973451327434 0.8876582278481012 0.7526548672566372 0.8248945147679325 0.7008849557522124 0.8243670886075949 0.7004424778761061 0.8871308016877637 0.6557522123893805 0.8876582278481012 0.6553097345132743 0.7858649789029536 0.6561946902654867 0.7858649789029536 0.6561946902654867 0.8238396624472574 0.6707964601769911 0.8243670886075949 0.6712389380530973 0.7858649789029536 0.7867256637168142 0.7853375527426161 0.7871681415929204 0.8871308016877637 0.7867256637168142 0.8876582278481012
0 0.647787610619469 0.8496835443037974 0.620353982300885 0.8496835443037974 0.6199115044247787 0.79957805907173 0.647787610619469 0.7990506329113924 0.6482300884955752 0.8491561181434599 0.647787610619469 0.8496835443037974
0 0.7867256637168142 0.945675105485232 0.6557522123893805 0.945675105485232 0.6553097345132743 0.8934599156118144 0.7044247787610619 0.8929324894514767 0.7048672566371681 0.830168776371308 0.7477876106194691 0.8296413502109705 0.7482300884955753 0.8924050632911392 0.7867256637168142 0.8929324894514767 0.7871681415929204 0.9451476793248945 0.7867256637168142 0.945675105485232
0 0.5238938053097345 0.945675105485232 0.49911504424778763 0.945675105485232 0.4986725663716814 0.8871308016877637 0.5238938053097345 0.8866033755274262 0.5243362831858407 0.9451476793248945 0.5238938053097345 0.945675105485232
0 0.6504424778761062 0.945675105485232 0.6230088495575221 0.945675105485232 0.6225663716814159 0.8934599156118144 0.6504424778761062 0.8929324894514767 0.6508849557522124 0.9451476793248945 0.6504424778761062 0.945675105485232