0 0.2527932960893855 0.3871165644171779 0.07541899441340782 0.3871165644171779 0.07472067039106145 0.15460122699386503 0.2527932960893855 0.1539877300613497 0.2534916201117318 0.38650306748466257 0.2527932960893855 0.3871165644171779
0 0.49441340782122906 0.4214723926380368 0.33798882681564246 0.4214723926380368 0.3372905027932961 0.38773006134969323 0.2639664804469274 0.3871165644171779 0.263268156424581 0.15460122699386503 0.49441340782122906 0.1539877300613497 0.49511173184357543 0.4208588957055215 0.49441340782122906 0.4214723926380368
0 0.9608938547486033 0.38588957055214723 0.5432960893854749 0.38588957055214723 0.5425977653631285 0.1570552147239264 0.9608938547486033 0.15644171779141106 0.9615921787709497 0.3852760736196319 0.9608938547486033 0.38588957055214723
0 0.797486033519553 0.6141104294478528 0.7067039106145251 0.6141104294478528 0.7060055865921788 0.5141104294478528 0.5432960893854749 0.5134969325153375 0.5425977653631285 0.39631901840490796 0.7164804469273743 0.39570552147239263 0.7171787709497207 0.38650306748466257 0.797486033519553 0.38588957055214723 0.7981843575418994 0.6134969325153374 0.797486033519553 0.6141104294478528
0 0.9608938547486033 0.5625766871165644 0.7988826815642458 0.5625766871165644 0.7981843575418994 0.38650306748466257 0.9608938547486033 0.38588957055214723 0.9608938547486033 0.3871165644171779 0.9162011173184358 0.3871165644171779 0.9155027932960894 0.40613496932515336 0.9608938547486033 0.4067484662576687 0.9615921787709497 0.561963190184049 0.9608938547486033 0.5625766871165644
0 0.3254189944134078 0.5184049079754601 0.07541899441340782 0.5184049079754601 0.07472067039106145 0.39754601226993863 0.3254189944134078 0.3969325153374233 0.3261173184357542 0.5177914110429448 0.3254189944134078 0.5184049079754601
0 0.49441340782122906 0.5184049079754601 0.33798882681564246 0.5184049079754601 0.3372905027932961 0.4294478527607362 0.49441340782122906 0.4288343558282209 0.49511173184357543 0.5177914110429448 0.49441340782122906 0.5184049079754601
0 0.696927374301676 0.6141104294478528 0.5432960893854749 0.6141104294478528 0.5425977653631285 0.5214723926380368 0.696927374301676 0.5208588957055215 0.6976256983240223 0.6134969325153374 0.696927374301676 0.6141104294478528
0 0.9608938547486033 0.7049079754601227 0.7988826815642458 0.7049079754601227 0.7981843575418994 0.5631901840490797 0.9608938547486033 0.5625766871165644 0.9615921787709497 0.7042944785276074 0.9608938547486033 0.7049079754601227
0 0.696927374301676 0.7049079754601227 0.5418994413407822 0.7049079754601227 0.5412011173184358 0.6220858895705521 0.696927374301676 0.6214723926380368 0.6976256983240223 0.7042944785276074 0.696927374301676 0.7049079754601227
0 0.7891061452513967 0.7049079754601227 0.7067039106145251 0.7049079754601227 0.7060055865921788 0.6220858895705521 0.7891061452513967 0.6214723926380368 0.789804469273743 0.7042944785276074 0.7891061452513967 0.7049079754601227
0 0.7891061452513967 0.9687116564417177 0.6662011173184358 0.9687116564417177 0.6655027932960894 0.9214723926380368 0.6641061452513967 0.9202453987730062 0.6641061452513967 0.8257668711656442 0.7891061452513967 0.8251533742331288 0.789804469273743 0.9680981595092024 0.7891061452513967 0.9687116564417177