0 0.16887417218543047 0.523728813559322 0.052980132450331126 0.523728813559322 0.052428256070640174 0.207909604519774 0.05132450331125828 0.20677966101694914 0.2130242825607064 0.2062146892655367 0.21357615894039736 0.4689265536723164 0.20750551876379691 0.4694915254237288 0.20584988962472406 0.4711864406779661 0.20253863134657837 0.47570621468926555 0.20033112582781457 0.47909604519774013 0.19812362030905079 0.4824858757062147 0.19591611479028698 0.4858757062146893 0.19536423841059603 0.48757062146892655 0.19370860927152317 0.488135593220339 0.1926048565121413 0.4903954802259887 0.18929359823399558 0.49491525423728816 0.1870860927152318 0.49830508474576274 0.1837748344370861 0.5028248587570622 0.1804635761589404 0.5073446327683616 0.1782560706401766 0.5107344632768361 0.1771523178807947 0.5129943502824859 0.17660044150110377 0.5146892655367231 0.1749448123620309 0.5152542372881356 0.173841059602649 0.5175141242937853 0.17328918322295805 0.5192090395480226 0.1716335540838852 0.519774011299435 0.16887417218543047 0.523728813559322
0 0.41721854304635764 0.4694915254237288 0.22075055187637968 0.4694915254237288 0.22019867549668873 0.20677966101694914 0.41721854304635764 0.2062146892655367 0.4177704194260486 0.4689265536723164 0.41721854304635764 0.4694915254237288
0 0.7516556291390728 0.6141242937853107 0.6843267108167771 0.6141242937853107 0.6837748344370861 0.607909604519774 0.6357615894039735 0.6073446327683616 0.6352097130242825 0.6135593220338983 0.5165562913907285 0.6141242937853107 0.5160044150110376 0.207909604519774 0.8830022075055187 0.20734463276836157 0.8835540838852097 0.46779661016949153 0.7527593818984547 0.46836158192090394 0.7522075055187638 0.4745762711864407 0.8830022075055187 0.4751412429378531 0.8835540838852097 0.607909604519774 0.7527593818984547 0.6084745762711864 0.7522075055187638 0.6135593220338983 0.7516556291390728 0.6141242937853107
0 0.41721854304635764 0.6096045197740113 0.17218543046357615 0.6096045197740113 0.1716335540838852 0.5322033898305085 0.173841059602649 0.5310734463276836 0.1749448123620309 0.5288135593220339 0.17549668874172186 0.5271186440677966 0.1771523178807947 0.5265536723163842 0.1782560706401766 0.5242937853107345 0.1804635761589404 0.5209039548022599 0.1837748344370861 0.5163841807909605 0.18432671081677704 0.5146892655367231 0.1859823399558499 0.5141242937853108 0.1870860927152318 0.511864406779661 0.18929359823399558 0.5084745762711864 0.19370860927152317 0.5028248587570622 0.19591611479028698 0.4994350282485876 0.19922737306843266 0.49491525423728816 0.20253863134657837 0.4903954802259887 0.20474613686534215 0.48700564971751414 0.20805739514348787 0.4824858757062147 0.20916114790286977 0.480225988700565 0.2097130242825607 0.47853107344632767 0.2119205298013245 0.4774011299435028 0.41721854304635764 0.4774011299435028 0.4177704194260486 0.6090395480225989 0.41721854304635764 0.6096045197740113
0 0.16445916114790288 0.8163841807909604 0.052980132450331126 0.8163841807909604 0.052428256070640174 0.5310734463276836 0.16445916114790288 0.5305084745762711 0.16501103752759383 0.8158192090395481 0.16445916114790288 0.8163841807909604
0 0.6766004415011038 0.8163841807909604 0.5165562913907285 0.8163841807909604 0.5160044150110376 0.6146892655367232 0.6346578366445916 0.6141242937853107 0.6352097130242825 0.631638418079096 0.6766004415011038 0.6322033898305085 0.6771523178807947 0.8158192090395481 0.6766004415011038 0.8163841807909604
0 0.8830022075055187 0.7237288135593221 0.6843267108167771 0.7237288135593221 0.6837748344370861 0.6146892655367232 0.7516556291390728 0.6141242937853107 0.7527593818984547 0.6152542372881356 0.8576158940397351 0.6152542372881356 0.858167770419426 0.6361581920903955 0.8830022075055187 0.6367231638418079 0.8835540838852097 0.7231638418079096 0.8830022075055187 0.7237288135593221
0 0.2891832229580574 0.8163841807909604 0.17218543046357615 0.8163841807909604 0.1716335540838852 0.6418079096045197 0.2152317880794702 0.6412429378531074 0.21578366445916114 0.6180790960451977 0.39624724061810157 0.6175141242937853 0.39679911699779247 0.6361581920903955 0.41721854304635764 0.6367231638418079 0.4177704194260486 0.6949152542372882 0.336644591611479 0.6954802259887005 0.3322295805739514 0.7 0.3305739514348786 0.7005649717514124 0.32891832229580575 0.7033898305084746 0.3272626931567329 0.703954802259887 0.32229580573951433 0.7101694915254237 0.304635761589404 0.7271186440677966 0.3018763796909492 0.7288135593220338 0.30132450331125826 0.7305084745762712 0.2996688741721854 0.7310734463276836 0.2980132450331126 0.7338983050847457 0.29635761589403975 0.7344632768361582 0.2958057395143488 0.7361581920903955 0.29304635761589404 0.7378531073446327 0.2924944812362031 0.7395480225988701 0.2897350993377483 0.7412429378531074 0.2897350993377483 0.8158192090395481 0.2891832229580574 0.8163841807909604
0 0.41721854304635764 0.8163841807909604 0.30242825607064017 0.8163841807909604 0.3018763796909492 0.7468926553672316 0.32229580573951433 0.7271186440677966 0.3239514348785872 0.7265536723163842 0.32450331125827814 0.7248587570621469 0.3272626931567329 0.7231638418079096 0.32781456953642385 0.7214689265536723 0.3305739514348786 0.7197740112994351 0.33112582781456956 0.7180790960451977 0.33278145695364236 0.7175141242937854 0.3333333333333333 0.715819209039548 0.3360927152317881 0.7141242937853107 0.336644591611479 0.7124293785310735 0.3394039735099338 0.7107344632768362 0.33995584988962474 0.7090395480225988 0.34216335540838855 0.707909604519774 0.41721854304635764 0.707909604519774 0.4177704194260486 0.8158192090395481 0.41721854304635764 0.8163841807909604
0 0.7582781456953642 0.8163841807909604 0.6887417218543046 0.8163841807909604 0.6881898454746137 0.7310734463276836 0.7582781456953642 0.7305084745762712 0.7588300220750552 0.8158192090395481 0.7582781456953642 0.8163841807909604
0 0.8830022075055187 0.8163841807909604 0.7671081677704195 0.8163841807909604 0.7665562913907285 0.7310734463276836 0.8830022075055187 0.7305084745762712 0.8835540838852097 0.8158192090395481 0.8830022075055187 0.8163841807909604
0 0.6721854304635762 0.9598870056497175 0.5143487858719646 0.9598870056497175 0.5137969094922737 0.8282485875706215 0.6721854304635762 0.827683615819209 0.6727373068432672 0.9593220338983051 0.6721854304635762 0.9598870056497175