0 0.966804979253112 0.25035260930888575 0.791701244813278 0.25035260930888575 0.7912863070539419 0.12693935119887165 0.966804979253112 0.12623413258110014 0.9672199170124481 0.24964739069111425 0.966804979253112 0.25035260930888575
0 0.37178423236514524 0.4393511988716502 0.2107883817427386 0.4393511988716502 0.2103734439834025 0.4217207334273625 0.048132780082987554 0.421015514809591 0.04771784232365145 0.1325811001410437 0.37178423236514524 0.1318758815232722 0.37219917012448134 0.4386459802538787 0.37178423236514524 0.4393511988716502
0 0.5020746887966805 0.5705218617771509 0.37261410788381744 0.5705218617771509 0.37219917012448134 0.27080394922425954 0.5020746887966805 0.27009873060648804 0.5024896265560166 0.5698166431593794 0.5020746887966805 0.5705218617771509
0 0.5775933609958506 0.5705218617771509 0.5070539419087137 0.5705218617771509 0.5066390041493776 0.27080394922425954 0.5775933609958506 0.27009873060648804 0.5780082987551867 0.5698166431593794 0.5775933609958506 0.5705218617771509
0 0.6605809128630705 0.40409026798307474 0.583402489626556 0.40409026798307474 0.58298755186722 0.27080394922425954 0.6605809128630705 0.27009873060648804 0.6609958506224066 0.4033850493653032 0.6605809128630705 0.40409026798307474
0 0.7883817427385892 0.8244005641748943 0.6663900414937759 0.8244005641748943 0.6659751037344398 0.4795486600846262 0.6630705394190871 0.4788434414668547 0.662655601659751 0.5698166431593794 0.5825726141078839 0.5705218617771509 0.5821576763485478 0.41889985895627646 0.6655601659751037 0.41819464033850495 0.6659751037344398 0.27080394922425954 0.7883817427385892 0.27009873060648804 0.7887966804979253 0.8236953455571228 0.7883817427385892 0.8244005641748943
0 0.9643153526970955 0.4788434414668547 0.7950207468879668 0.4788434414668547 0.7946058091286307 0.27080394922425954 0.9643153526970955 0.27009873060648804 0.9647302904564315 0.4781382228490832 0.9643153526970955 0.4788434414668547
0 0.20580912863070538 0.6847672778561354 0.048132780082987554 0.6847672778561354 0.04771784232365145 0.4287729196050776 0.20580912863070538 0.42806770098730607 0.20622406639004148 0.6840620592383639 0.20580912863070538 0.6847672778561354
0 0.37178423236514524 0.5705218617771509 0.2107883817427386 0.5705218617771509 0.2103734439834025 0.4400564174894217 0.37178423236514524 0.4393511988716502 0.37219917012448134 0.5698166431593794 0.37178423236514524 0.5705218617771509
0 0.966804979253112 0.8286318758815233 0.8016597510373444 0.8286318758815233 0.8012448132780083 0.4992947813822285 0.966804979253112 0.498589562764457 0.9672199170124481 0.8279266572637518 0.966804979253112 0.8286318758815233
0 0.2730290456431535 0.6847672778561354 0.2107883817427386 0.6847672778561354 0.2103734439834025 0.5782792665726375 0.2730290456431535 0.577574047954866 0.27344398340248965 0.6840620592383639 0.2730290456431535 0.6847672778561354
0 0.33112033195020746 0.6847672778561354 0.27800829875518673 0.6847672778561354 0.27759336099585064 0.5782792665726375 0.33112033195020746 0.577574047954866 0.33153526970954356 0.6840620592383639 0.33112033195020746 0.6847672778561354
0 0.5020746887966805 0.8244005641748943 0.3360995850622407 0.8244005641748943 0.33568464730290454 0.5782792665726375 0.5020746887966805 0.577574047954866 0.5024896265560166 0.8236953455571228 0.5020746887966805 0.8244005641748943
0 0.6622406639004149 0.8244005641748943 0.5070539419087137 0.8244005641748943 0.5066390041493776 0.5782792665726375 0.5775933609958506 0.577574047954866 0.5780082987551867 0.7165021156558533 0.5817427385892117 0.7172073342736248 0.5821576763485478 0.5782792665726375 0.6622406639004149 0.577574047954866 0.662655601659751 0.8236953455571228 0.6622406639004149 0.8244005641748943
0 0.33112033195020746 0.8244005641748943 0.27800829875518673 0.8244005641748943 0.27759336099585064 0.692524682651622 0.33112033195020746 0.6918194640338505 0.33153526970954356 0.8236953455571228 0.33112033195020746 0.8244005641748943