0 0.4297774366845741 0.5814663951120163 0.34535686876438987 0.5814663951120163 0.3449731389102072 0.4134419551934827 0.3054489639293937 0.4124236252545825 0.3050652340752111 0.38289205702647655 0.3016116653875672 0.3818737270875764 0.3012279355333845 0.43584521384928715 0.19800460475825019 0.43686354378818737 0.19762087490406754 0.07739307535641547 0.37145049884881043 0.07637474541751528 0.3718342287029931 0.4073319755600815 0.3522640061396777 0.40835030549898166 0.351880276285495 0.4195519348268839 0.4297774366845741 0.42057026476578413 0.4301611665387567 0.5804480651731161 0.4297774366845741 0.5814663951120163
0 0.48810437452033767 0.40835030549898166 0.3760552570990023 0.40835030549898166 0.37567152724481967 0.07739307535641547 0.48810437452033767 0.07637474541751528 0.48848810437452034 0.4073319755600815 0.48810437452033767 0.40835030549898166
0 0.10897927858787414 0.23319755600814665 0.052187260168841135 0.23319755600814665 0.05180353031465848 0.0835030549898167 0.10897927858787414 0.0824847250509165 0.10936300844205679 0.23217922606924643 0.10897927858787414 0.23319755600814665
0 0.19339984650805833 0.2861507128309572 0.113584036838066 0.2861507128309572 0.11320030698388335 0.08961303462321792 0.19339984650805833 0.08859470468431772 0.19378357636224097 0.285132382892057 0.19339984650805833 0.2861507128309572
0 0.09669992325402917 0.5692464358452138 0.05065234075211052 0.5692464358452138 0.050268610897927855 0.24439918533604887 0.10897927858787414 0.24338085539714868 0.10936300844205679 0.2953156822810591 0.19339984650805833 0.29633401221995925 0.19378357636224097 0.40325865580448067 0.09746738296239447 0.40427698574338083 0.09708365310821182 0.5682281059063137 0.09669992325402917 0.5692464358452138
0 0.6968534151957022 0.4938900203665988 0.5249424405218726 0.4938900203665988 0.52455871066769 0.2769857433808554 0.6968534151957022 0.2759674134419552 0.6972371450498849 0.49287169042769857 0.6968534151957022 0.4938900203665988
0 0.8495778971603991 0.7932790224032586 0.8188795088257866 0.7932790224032586 0.818495778971604 0.5437881873727087 0.7735993860322333 0.5427698574338086 0.77168073676132 0.5376782077393075 0.7712970069071374 0.5346232179226069 0.7693783576362241 0.5315682281059063 0.7689946277820414 0.5285132382892057 0.7678434382194935 0.5274949083503055 0.7578664620107445 0.4989816700610998 0.7574827321565618 0.4959266802443992 0.7559478127398311 0.4938900203665988 0.7006907137375288 0.4938900203665988 0.7003069838833461 0.2769857433808554 0.8495778971603991 0.2759674134419552 0.8499616270145818 0.7922606924643585 0.8495778971603991 0.7932790224032586
0 0.9600920951650038 0.709775967413442 0.8534151957022257 0.709775967413442 0.853031465848043 0.2769857433808554 0.9600920951650038 0.2759674134419552 0.9604758250191865 0.7087576374745418 0.9600920951650038 0.709775967413442
0 0.34458940905602453 0.9012219959266803 0.19800460475825019 0.9012219959266803 0.19762087490406754 0.4480651731160896 0.3046815042210284 0.4470468431771894 0.3050652340752111 0.4134419551934827 0.34458940905602453 0.4124236252545825 0.3449731389102072 0.90020366598778 0.34458940905602453 0.9012219959266803
0 0.19339984650805833 0.5692464358452138 0.10130468150422103 0.5692464358452138 0.10092095165003838 0.4154786150712831 0.19339984650805833 0.41446028513238287 0.19378357636224097 0.5682281059063137 0.19339984650805833 0.5692464358452138
0 0.48810437452033767 0.5814663951120163 0.4328472755180353 0.5814663951120163 0.43246354566385264 0.4215885947046843 0.48810437452033767 0.42057026476578413 0.48848810437452034 0.5804480651731161 0.48810437452033767 0.5814663951120163
0 0.7697620874904068 0.709775967413442 0.5249424405218726 0.709775967413442 0.52455871066769 0.5010183299389002 0.7551803530314658 0.5 0.7647735993860323 0.5254582484725051 0.7651573292402148 0.5285132382892057 0.7670759785111282 0.5315682281059063 0.7674597083653109 0.5346232179226069 0.7693783576362241 0.5376782077393075 0.7697620874904068 0.5407331975560081 0.7709132770529548 0.5417515274949084 0.7701458173445894 0.5437881873727087 0.7701458173445894 0.7087576374745418 0.7697620874904068 0.709775967413442
0 0.8165771297006907 0.709775967413442 0.7735993860322333 0.709775967413442 0.7732156561780507 0.5498981670061099 0.8165771297006907 0.5488798370672098 0.8169608595548734 0.7087576374745418 0.8165771297006907 0.709775967413442
0 0.19339984650805833 0.9012219959266803 0.05065234075211052 0.9012219959266803 0.050268610897927855 0.5804480651731161 0.19339984650805833 0.5794297352342159 0.19378357636224097 0.90020366598778 0.19339984650805833 0.9012219959266803
0 0.48810437452033767 0.785132382892057 0.34919416730621644 0.785132382892057 0.3488104374520338 0.5906313645621182 0.48810437452033767 0.5896130346232179 0.48848810437452034 0.7841140529531568 0.48810437452033767 0.785132382892057