0 0.1861152141802068 0.4001560062402496 0.059084194977843424 0.4001560062402496 0.058345642540620385 0.24960998439937598 0.1861152141802068 0.24882995319812792 0.18685376661742983 0.3993759750390016 0.1861152141802068 0.4001560062402496
0 0.361890694239291 0.4875195007800312 0.1935007385524372 0.4875195007800312 0.19276218611521417 0.24960998439937598 0.4564254062038405 0.24882995319812792 0.4571639586410635 0.34321372854914195 0.36336779911373707 0.34399375975039004 0.362629246676514 0.48673946957878317 0.361890694239291 0.4875195007800312
0 0.7710487444608567 0.49375975039001563 0.4638109305760709 0.49375975039001563 0.4630723781388479 0.24960998439937598 0.7710487444608567 0.24882995319812792 0.7717872968980798 0.49297971918876754 0.7710487444608567 0.49375975039001563
0 0.9423929098966026 0.5140405616224649 0.7784342688330872 0.5140405616224649 0.7776957163958641 0.24960998439937598 0.9423929098966026 0.24882995319812792 0.9431314623338257 0.5132605304212169 0.9423929098966026 0.5140405616224649
0 0.4564254062038405 0.4875195007800312 0.36927621861152143 0.4875195007800312 0.3685376661742984 0.35257410296411856 0.4564254062038405 0.35179407176287053 0.4571639586410635 0.48673946957878317 0.4564254062038405 0.4875195007800312
0 0.1861152141802068 0.4875195007800312 0.059084194977843424 0.4875195007800312 0.058345642540620385 0.40717628705148207 0.1861152141802068 0.40639625585023403 0.18685376661742983 0.48673946957878317 0.1861152141802068 0.4875195007800312
0 0.1861152141802068 0.671606864274571 0.059084194977843424 0.671606864274571 0.058345642540620385 0.49297971918876754 0.1861152141802068 0.4921996879875195 0.18685376661742983 0.6708268330733229 0.1861152141802068 0.671606864274571
0 0.3353028064992615 0.7870514820592823 0.1935007385524372 0.7870514820592823 0.19276218611521417 0.49297971918876754 0.37370753323485967 0.4921996879875195 0.3744460856720827 0.5616224648985959 0.33677991137370755 0.5624024960998439 0.3360413589364845 0.7862714508580343 0.3353028064992615 0.7870514820592823
0 0.4564254062038405 0.7870514820592823 0.34268833087149186 0.7870514820592823 0.3419497784342688 0.5694227769110765 0.37961595273264404 0.5686427457098284 0.3803545051698671 0.49297971918876754 0.4564254062038405 0.4921996879875195 0.4571639586410635 0.7862714508580343 0.4564254062038405 0.7870514820592823
0 0.7710487444608567 0.7870514820592823 0.465288035450517 0.7870514820592823 0.46454948301329396 0.5959438377535101 0.45790251107828656 0.5951638065522621 0.4571639586410635 0.49297971918876754 0.4623338257016248 0.4921996879875195 0.4638109305760709 0.49375975039001563 0.7710487444608567 0.49375975039001563 0.7717872968980798 0.7862714508580343 0.7710487444608567 0.7870514820592823
0 0.9423929098966026 0.7870514820592823 0.7784342688330872 0.7870514820592823 0.7776957163958641 0.5210608424336973 0.9423929098966026 0.5202808112324493 0.9431314623338257 0.7862714508580343 0.9423929098966026 0.7870514820592823
0 0.1861152141802068 0.7870514820592823 0.059084194977843424 0.7870514820592823 0.058345642540620385 0.6786271450858035 0.1861152141802068 0.6778471138845554 0.18685376661742983 0.7862714508580343 0.1861152141802068 0.7870514820592823
0 0.21270310192023634 0.9212168486739469 0.05760709010339734 0.9212168486739469 0.0568685376661743 0.7987519500780031 0.21270310192023634 0.7979719188767551 0.21344165435745938 0.9204368174726989 0.21270310192023634 0.9212168486739469