0 0.5204835460040296 0.28858625162127105 0.43720617864338485 0.28858625162127105 0.4368703828072532 0.13748378728923477 0.5204835460040296 0.13683527885862518 0.5208193418401612 0.28793774319066145 0.5204835460040296 0.28858625162127105
0 0.5896574882471457 0.48573281452658884 0.5251846877098724 0.48573281452658884 0.5248488918737407 0.13748378728923477 0.6440564137004701 0.13683527885862518 0.6443922095366017 0.45395590142671854 0.6064472800537274 0.45460440985732814 0.6004029550033579 0.4662775616083009 0.599395567494963 0.4669260700389105 0.5957018132975151 0.47535667963683526 0.5896574882471457 0.48573281452658884
0 0.674278038952317 0.19649805447470817 0.6494291470785762 0.19649805447470817 0.6490933512424446 0.13748378728923477 0.674278038952317 0.13683527885862518 0.6746138347884486 0.19584954604409857 0.674278038952317 0.19649805447470817
0 0.9126930826057756 0.45460440985732814 0.6494291470785762 0.45460440985732814 0.6490933512424446 0.20492866407263294 0.6776359973136333 0.20428015564202334 0.677971793149765 0.13748378728923477 0.9126930826057756 0.13683527885862518 0.9130288784419073 0.45395590142671854 0.9126930826057756 0.45460440985732814
0 0.20819341840161182 0.2444876783398184 0.11215580926796508 0.2444876783398184 0.11182001343183344 0.13878080415045396 0.20819341840161182 0.13813229571984437 0.20852921423774345 0.2438391699092088 0.20819341840161182 0.2444876783398184
0 0.2397582269979852 0.43255512321660183 0.11282740094022835 0.43255512321660183 0.11249160510409671 0.4059662775616083 0.11114842175957018 0.4046692607003891 0.11081262592343855 0.4027237354085603 0.10644728005372733 0.3955901426718547 0.1061114842175957 0.39364461738002593 0.1051040967092008 0.39299610894941633 0.10476830087306917 0.39105058365758755 0.10376091336467427 0.39040207522697795 0.10342511752854265 0.38845654993514916 0.10040295500335795 0.383916990920882 0.10006715916722633 0.38197146562905315 0.09905977165883142 0.38132295719844356 0.0987239758226998 0.37937743190661477 0.09771658831430491 0.3787289234760052 0.09738079247817327 0.3767833981841764 0.09637340496977838 0.3761348897535668 0.09637340496977838 0.3086900129701686 0.10376091336467427 0.29442282749675747 0.10409670920080591 0.2924773022049287 0.1051040967092008 0.2918287937743191 0.1091336467427804 0.2827496757457847 0.10946944257891202 0.2808041504539559 0.11182001343183344 0.2775616083009079 0.11182001343183344 0.251621271076524 0.2397582269979852 0.2509727626459144 0.24009402283411685 0.43190661478599224 0.2397582269979852 0.43255512321660183
0 0.3210208193418402 0.3780804150453956 0.24378777703156482 0.3780804150453956 0.24345198119543318 0.25680933852140075 0.3210208193418402 0.25616083009079116 0.3213566151779718 0.377431906614786 0.3210208193418402 0.3780804150453956
0 0.3875083948959033 0.3547341115434501 0.32505036937541976 0.3547341115434501 0.3247145735392881 0.25680933852140075 0.3875083948959033 0.25616083009079116 0.3878441907320349 0.3540856031128405 0.3875083948959033 0.3547341115434501
0 0.38817998656816655 0.4597924773022049 0.36265950302216254 0.4597924773022049 0.3623237071860309 0.3631647211413748 0.39086635325721963 0.36251621271076523 0.39120214909335127 0.25680933852140075 0.4331766286098052 0.25616083009079116 0.43351242444593685 0.4085603112840467 0.3888515782404298 0.4092088197146563 0.3885157824042982 0.4591439688715953 0.38817998656816655 0.4597924773022049
0 0.42780389523169915 0.7671854734111544 0.3794492948287441 0.7671854734111544 0.3791134989926125 0.669260700389105 0.37541974479516454 0.6686121919584954 0.3750839489590329 0.6070038910505836 0.37877770315648085 0.606355382619974 0.3791134989926125 0.5603112840466926 0.37541974479516454 0.559662775616083 0.3750839489590329 0.4669260700389105 0.39153794492948285 0.4662775616083009 0.3918737407656145 0.4163424124513619 0.4365345869711216 0.4156939040207523 0.4368703828072532 0.29571984435797666 0.5204835460040296 0.29507133592736706 0.5208193418401612 0.48508430609597925 0.42847548690396237 0.48573281452658884 0.4281396910678308 0.7665369649805448 0.42780389523169915 0.7671854734111544
0 0.35862995298858297 0.4597924773022049 0.32505036937541976 0.4597924773022049 0.3247145735392881 0.3631647211413748 0.35862995298858297 0.36251621271076523 0.35896574882471455 0.4591439688715953 0.35862995298858297 0.4597924773022049
0 0.2592343854936199 0.43255512321660183 0.24378777703156482 0.43255512321660183 0.24345198119543318 0.3865110246433204 0.2592343854936199 0.3858625162127108 0.2595701813297515 0.43190661478599224 0.2592343854936199 0.43255512321660183
0 0.2921423774345198 0.4597924773022049 0.26326393552719946 0.4597924773022049 0.2629281396910678 0.3865110246433204 0.2921423774345198 0.3858625162127108 0.29247817327065145 0.4591439688715953 0.2921423774345198 0.4597924773022049
0 0.3210208193418402 0.4597924773022049 0.2961719274680994 0.4597924773022049 0.29583613163196776 0.3865110246433204 0.3210208193418402 0.3858625162127108 0.3213566151779718 0.4591439688715953 0.3210208193418402 0.4597924773022049
0 0.2592343854936199 0.8320363164721142 0.11417058428475486 0.8320363164721142 0.11383478844862324 0.6796368352788587 0.11014103425117529 0.6725032425421531 0.1091336467427804 0.6718547341115434 0.10879785090664876 0.6699092088197146 0.10779046339825386 0.669260700389105 0.10275352585627938 0.6582360570687419 0.10174613834788448 0.6575875486381323 0.10141034251175285 0.6556420233463035 0.10040295500335795 0.6549935149156939 0.09704499664204164 0.6472114137483788 0.09704499664204164 0.522697795071336 0.09771658831430491 0.5214007782101168 0.09805238415043653 0.519455252918288 0.09905977165883142 0.5188067444876784 0.1051040967092008 0.5058365758754864 0.10543989254533244 0.5038910505836576 0.10644728005372733 0.503242542153048 0.11249160510409671 0.490272373540856 0.11249160510409671 0.4396887159533074 0.2592343854936199 0.4390402075226978 0.2595701813297515 0.5590142671854734 0.25453324378777703 0.559662775616083 0.2541974479516454 0.6057068741893644 0.2585627938213566 0.606355382619974 0.25889858965748824 0.5680933852140078 0.2595701813297515 0.5680933852140078 0.2595701813297515 0.8313878080415046 0.2592343854936199 0.8320363164721142
0 0.3747481531229013 0.559662775616083 0.25990597716588315 0.559662775616083 0.2595701813297515 0.4876783398184176 0.2625923438549362 0.48702983138780803 0.2629281396910678 0.4669260700389105 0.3747481531229013 0.4662775616083009 0.3750839489590329 0.5590142671854734 0.3747481531229013 0.559662775616083
0 0.46809939556749497 0.6673151750972762 0.432505036937542 0.6673151750972762 0.43216924110141036 0.49286640726329445 0.5386165211551377 0.49221789883268485 0.5389523169912693 0.6173800259403373 0.46877098723975824 0.6180285343709468 0.4684351914036266 0.6666666666666666 0.46809939556749497 0.6673151750972762
0 0.37877770315648085 0.606355382619974 0.37541974479516454 0.606355382619974 0.3750839489590329 0.5680933852140078 0.2592343854936199 0.5674448767833982 0.25889858965748824 0.6057068741893644 0.25453324378777703 0.606355382619974 0.2541974479516454 0.5603112840466926 0.37877770315648085 0.559662775616083 0.3791134989926125 0.6057068741893644 0.37877770315648085 0.606355382619974
0 0.3445265278710544 0.8631647211413749 0.2921423774345198 0.8631647211413749 0.27602417730020146 0.8320363164721142 0.25990597716588315 0.8320363164721142 0.2595701813297515 0.5680933852140078 0.3747481531229013 0.5674448767833982 0.3750839489590329 0.833981841763943 0.3593015446608462 0.8346303501945526 0.3445265278710544 0.8631647211413749
0 0.5386165211551377 0.6673151750972762 0.4714573539288113 0.6673151750972762 0.47112155809267964 0.6238651102464332 0.5386165211551377 0.6232166018158236 0.5389523169912693 0.6666666666666666 0.5386165211551377 0.6673151750972762
0 0.5386165211551377 0.8346303501945526 0.432505036937542 0.8346303501945526 0.43216924110141036 0.6757457846952011 0.5386165211551377 0.6750972762645915 0.5389523169912693 0.833981841763943 0.5386165211551377 0.8346303501945526
0 0.42780389523169915 0.8346303501945526 0.3794492948287441 0.8346303501945526 0.3791134989926125 0.77431906614786 0.42780389523169915 0.7736705577172504 0.4281396910678308 0.833981841763943 0.42780389523169915 0.8346303501945526