0 0.6557591623036649 0.12960954446854664 0.24214659685863874 0.12960954446854664 0.24149214659685864 0.027114967462039046 0.9293193717277487 0.026572668112798264 0.9299738219895288 0.12689804772234273 0.7735602094240838 0.12744034707158353 0.7729057591623036 0.08459869848156182 0.6570680628272252 0.08405639913232105 0.6564136125654451 0.12906724511930587 0.6557591623036649 0.12960954446854664
0 0.8154450261780105 0.3063991323210412 0.4280104712041885 0.3063991323210412 0.4273560209424084 0.279826464208243 0.443717277486911 0.27928416485900215 0.4443717277486911 0.22342733188720174 0.42277486910994766 0.22288503253796096 0.42212041884816753 0.30585683297180044 0.24214659685863874 0.3063991323210412 0.24149214659685864 0.1399132321041215 0.4214659685863874 0.1393709327548807 0.42212041884816753 0.18329718004338394 0.42670157068062825 0.18383947939262474 0.4273560209424084 0.1399132321041215 0.6649214659685864 0.1393709327548807 0.6655759162303665 0.09544468546637744 0.7604712041884817 0.09490238611713665 0.7611256544502618 0.17462039045553146 0.7630890052356021 0.1762472885032538 0.7657068062827225 0.17733188720173534 0.768324607329843 0.17841648590021691 0.7709424083769634 0.17950108459869848 0.774869109947644 0.1816702819956616 0.7774869109947644 0.1816702819956616 0.7801047120418848 0.18383947939262474 0.7827225130890052 0.18492407809110628 0.7866492146596858 0.18709327548806942 0.7892670157068062 0.18709327548806942 0.7905759162303665 0.18817787418655096 0.7931937172774869 0.18926247288503253 0.7971204188481675 0.19143167028199568 0.7997382198952879 0.19251626898047722 0.8036649214659686 0.19468546637744036 0.806282722513089 0.19468546637744036 0.8075916230366492 0.1957700650759219 0.8115183246073299 0.19793926247288504 0.8141361256544503 0.19902386117136658 0.8160994764397905 0.19956616052060738 0.8160994764397905 0.30585683297180044 0.8154450261780105 0.3063991323210412
0 0.9293193717277487 0.1936008676789588 0.8180628272251309 0.1936008676789588 0.8167539267015707 0.19251626898047722 0.8141361256544503 0.19143167028199568 0.8102094240837696 0.18926247288503253 0.8075916230366492 0.18926247288503253 0.8049738219895288 0.18709327548806942 0.8023560209424084 0.18709327548806942 0.7997382198952879 0.18492407809110628 0.7971204188481675 0.18383947939262474 0.7931937172774869 0.1816702819956616 0.7905759162303665 0.1816702819956616 0.7879581151832461 0.17950108459869848 0.7853403141361257 0.17841648590021691 0.7827225130890052 0.17733188720173534 0.7787958115183246 0.17516268980477223 0.7761780104712042 0.17407809110629066 0.7735602094240838 0.17299349240780912 0.7709424083769634 0.17190889370932755 0.768979057591623 0.17136659436008678 0.768979057591623 0.13774403470715835 0.9293193717277487 0.13720173535791758 0.9299738219895288 0.19305856832971802 0.9293193717277487 0.1936008676789588
0 0.9293193717277487 0.2413232104121475 0.8219895287958116 0.2413232104121475 0.8213350785340314 0.19956616052060738 0.9293193717277487 0.19902386117136658 0.9299738219895288 0.24078091106290672 0.9293193717277487 0.2413232104121475
0 0.9293193717277487 0.3063991323210412 0.8219895287958116 0.3063991323210412 0.8213350785340314 0.2472885032537961 0.9293193717277487 0.24674620390455532 0.9299738219895288 0.30585683297180044 0.9293193717277487 0.3063991323210412
0 0.9293193717277487 0.4148590021691974 0.24214659685863874 0.4148590021691974 0.24149214659685864 0.31670281995661603 0.9293193717277487 0.31616052060737526 0.9299738219895288 0.41431670281995664 0.9293193717277487 0.4148590021691974
0 0.42277486910994766 0.6317787418655098 0.24214659685863874 0.6317787418655098 0.24149214659685864 0.46637744034707157 0.42277486910994766 0.4658351409978308 0.42342931937172773 0.631236442516269 0.42277486910994766 0.6317787418655098
0 0.6544502617801047 0.6599783080260304 0.4306282722513089 0.6599783080260304 0.42997382198952877 0.46637744034707157 0.6557591623036649 0.4658351409978308 0.6564136125654451 0.6160520607375272 0.6551047120418848 0.6171366594360087 0.6551047120418848 0.6594360086767896 0.6544502617801047 0.6599783080260304
0 0.7643979057591623 0.6165943600867679 0.6570680628272252 0.6165943600867679 0.6564136125654451 0.46637744034707157 0.7643979057591623 0.4658351409978308 0.7650523560209425 0.6160520607375272 0.7643979057591623 0.6165943600867679
0 0.930628272251309 0.6588937093275488 0.7722513089005235 0.6588937093275488 0.7715968586387435 0.46637744034707157 0.930628272251309 0.4658351409978308 0.931282722513089 0.658351409978308 0.930628272251309 0.6588937093275488
0 0.7643979057591623 0.8584598698481561 0.6557591623036649 0.8584598698481561 0.6551047120418848 0.7277657266811279 0.6564136125654451 0.7266811279826464 0.6564136125654451 0.6605206073752712 0.6551047120418848 0.6594360086767896 0.6551047120418848 0.6171366594360087 0.7643979057591623 0.6165943600867679 0.7650523560209425 0.7874186550976139 0.7081151832460733 0.7879609544468547 0.7074607329842932 0.7928416485900217 0.7643979057591623 0.7933839479392625 0.7650523560209425 0.8579175704989154 0.7643979057591623 0.8584598698481561
0 0.3180628272251309 0.688177874186551 0.24214659685863874 0.688177874186551 0.24149214659685864 0.6377440347071583 0.3180628272251309 0.6372017353579176 0.318717277486911 0.6876355748373102 0.3180628272251309 0.688177874186551
0 0.42277486910994766 0.7174620390455532 0.35471204188481675 0.7174620390455532 0.3488219895287958 0.7125813449023861 0.3481675392670157 0.7109544468546638 0.3462041884816754 0.710412147505423 0.33965968586387435 0.7039045553145337 0.3390052356020942 0.7022776572668112 0.3370418848167539 0.7017353579175705 0.3318062827225131 0.6963123644251626 0.325261780104712 0.6898047722342733 0.325261780104712 0.6377440347071583 0.42277486910994766 0.6372017353579176 0.42342931937172773 0.7169197396963124 0.42277486910994766 0.7174620390455532
0 0.6492146596858639 0.8584598698481561 0.4306282722513089 0.8584598698481561 0.42997382198952877 0.7190889370932755 0.44502617801047123 0.7185466377440347 0.4456806282722513 0.665943600867679 0.4306282722513089 0.6654013015184381 0.42997382198952877 0.6605206073752712 0.6557591623036649 0.6599783080260304 0.6564136125654451 0.7266811279826464 0.650523560209424 0.7272234273318872 0.649869109947644 0.8579175704989154 0.6492146596858639 0.8584598698481561
0 0.849476439790576 0.7163774403470716 0.7722513089005235 0.7163774403470716 0.7715968586387435 0.665943600867679 0.849476439790576 0.6654013015184381 0.850130890052356 0.7158351409978309 0.849476439790576 0.7163774403470716
0 0.930628272251309 0.7163774403470716 0.856020942408377 0.7163774403470716 0.8553664921465969 0.665943600867679 0.930628272251309 0.6654013015184381 0.931282722513089 0.7158351409978309 0.930628272251309 0.7163774403470716
0 0.42277486910994766 0.7575921908893709 0.24607329842931938 0.7575921908893709 0.24541884816753926 0.693058568329718 0.3193717277486911 0.6925162689804772 0.325261780104712 0.6973969631236443 0.3331151832460733 0.7049891540130152 0.33965968586387435 0.7114967462039046 0.3462041884816754 0.7180043383947939 0.35209424083769636 0.7239696312364425 0.42277486910994766 0.7239696312364425 0.42342931937172773 0.7570498915401301 0.42277486910994766 0.7575921908893709
0 0.930628272251309 0.8584598698481561 0.7722513089005235 0.8584598698481561 0.7715968586387435 0.7223427331887202 0.930628272251309 0.7218004338394793 0.931282722513089 0.8579175704989154 0.930628272251309 0.8584598698481561
0 0.42277486910994766 0.8584598698481561 0.24214659685863874 0.8584598698481561 0.24149214659685864 0.764642082429501 0.42277486910994766 0.7640997830802603 0.42342931937172773 0.8579175704989154 0.42277486910994766 0.8584598698481561