0 0.5150911161731208 0.3082661290322581 0.32915717539863326 0.3082661290322581 0.32901480637813213 0.12741935483870967 0.5150911161731208 0.12721774193548388 0.5152334851936219 0.30806451612903224 0.5150911161731208 0.3082661290322581
0 0.6386674259681093 0.3304435483870968 0.518507972665148 0.3304435483870968 0.5183656036446469 0.12741935483870967 0.6386674259681093 0.12721774193548388 0.6388097949886105 0.330241935483871 0.6386674259681093 0.3304435483870968
0 0.47238041002277903 0.4969758064516129 0.32915717539863326 0.4969758064516129 0.32901480637813213 0.3084677419354839 0.4755125284738041 0.3082661290322581 0.47565489749430523 0.3350806451612903 0.47266514806378135 0.3352822580645161 0.47252277904328016 0.4967741935483871 0.47238041002277903 0.4969758064516129
0 0.5150911161731208 0.6389112903225806 0.45529612756264237 0.6389112903225806 0.45515375854214124 0.6072580645161291 0.42084282460136674 0.6070564516129032 0.4207004555808656 0.5024193548387097 0.47238041002277903 0.5022177419354839 0.47252277904328016 0.5314516129032258 0.4755125284738041 0.5316532258064516 0.47565489749430523 0.3084677419354839 0.5150911161731208 0.3082661290322581 0.5152334851936219 0.6387096774193548 0.5150911161731208 0.6389112903225806
0 0.6386674259681093 0.48245967741935486 0.518507972665148 0.48245967741935486 0.5183656036446469 0.3350806451612903 0.6386674259681093 0.33487903225806454 0.6388097949886105 0.482258064516129 0.6386674259681093 0.48245967741935486
0 0.5757403189066059 0.5502016129032258 0.518507972665148 0.5502016129032258 0.5183656036446469 0.4870967741935484 0.5757403189066059 0.48689516129032256 0.5758826879271071 0.55 0.5757403189066059 0.5502016129032258
0 0.6386674259681093 0.5502016129032258 0.5791571753986332 0.5502016129032258 0.5790148063781321 0.4870967741935484 0.6386674259681093 0.48689516129032256 0.6388097949886105 0.55 0.6386674259681093 0.5502016129032258
0 0.47238041002277903 0.49778225806451615 0.32915717539863326 0.49778225806451615 0.32901480637813213 0.4971774193548387 0.47238041002277903 0.4969758064516129 0.47252277904328016 0.4975806451612903 0.47238041002277903 0.49778225806451615
0 0.41771070615034167 0.6070564516129032 0.32915717539863326 0.6070564516129032 0.32901480637813213 0.5024193548387097 0.41771070615034167 0.5022177419354839 0.4178530751708428 0.6068548387096774 0.41771070615034167 0.6070564516129032
0 0.6386674259681093 0.7014112903225806 0.518507972665148 0.7014112903225806 0.5183656036446469 0.5548387096774193 0.6386674259681093 0.5546370967741936 0.6388097949886105 0.7012096774193548 0.6386674259681093 0.7014112903225806
0 0.40632118451025057 0.7014112903225806 0.32915717539863326 0.7014112903225806 0.32901480637813213 0.6112903225806452 0.40632118451025057 0.6110887096774194 0.4064635535307517 0.7012096774193548 0.40632118451025057 0.7014112903225806
0 0.45187927107061504 0.7014112903225806 0.40945330296127563 0.7014112903225806 0.4093109339407745 0.6112903225806452 0.45187927107061504 0.6110887096774194 0.4520216400911162 0.7012096774193548 0.45187927107061504 0.7014112903225806
0 0.5150911161731208 0.7014112903225806 0.45529612756264237 0.7014112903225806 0.45515375854214124 0.6435483870967742 0.5150911161731208 0.6433467741935484 0.5152334851936219 0.7012096774193548 0.5150911161731208 0.7014112903225806
0 0.525626423690205 0.9465725806451613 0.3183371298405467 0.9465725806451613 0.31819476082004555 0.7923387096774194 0.3184794988610478 0.7923387096774194 0.31862186788154895 0.7929435483870968 0.525626423690205 0.7929435483870968 0.5257687927107062 0.9463709677419355 0.525626423690205 0.9465725806451613
0 0.6446469248291572 0.9465725806451613 0.5313211845102506 0.9465725806451613 0.5311788154897494 0.8004032258064516 0.6446469248291572 0.8002016129032258 0.6447892938496583 0.9463709677419355 0.6446469248291572 0.9465725806451613