0 0.3416058394160584 0.19395711500974658 0.17956204379562044 0.19395711500974658 0.17883211678832117 0.06237816764132553 0.3416058394160584 0.06140350877192982 0.34233576642335767 0.19298245614035087 0.3416058394160584 0.19395711500974658
0 0.27445255474452557 0.7124756335282652 0.23065693430656933 0.7124756335282652 0.22992700729927007 0.7056530214424951 0.19854014598540146 0.7046783625730995 0.1978102189781022 0.5769980506822612 0.06423357664233577 0.5760233918128655 0.06350364963503649 0.21052631578947367 0.3343065693430657 0.20955165692007796 0.335036496350365 0.7037037037037037 0.2759124087591241 0.7046783625730995 0.2751824817518248 0.7115009746588694 0.27445255474452557 0.7124756335282652
0 0.6467153284671533 0.5818713450292398 0.37518248175182484 0.5818713450292398 0.37445255474452555 0.5730994152046783 0.381021897810219 0.5721247563352827 0.38175182481751824 0.5536062378167641 0.37664233576642336 0.5526315789473685 0.3759124087591241 0.21637426900584794 0.6467153284671533 0.21539961013645223 0.6474452554744525 0.580896686159844 0.6467153284671533 0.5818713450292398
0 0.8875912408759125 0.4902534113060429 0.7868613138686131 0.4902534113060429 0.7861313868613139 0.442495126705653 0.691970802919708 0.4415204678362573 0.6912408759124088 0.21832358674463936 0.962043795620438 0.21734892787524365 0.9627737226277372 0.442495126705653 0.8890510948905109 0.44346978557504874 0.8883211678832117 0.48927875243664715 0.8875912408759125 0.4902534113060429
0 0.7795620437956204 0.6578947368421053 0.6905109489051094 0.6578947368421053 0.6897810218978102 0.4522417153996101 0.7781021897810219 0.4512670565302144 0.7788321167883212 0.49902534113060426 0.8934306569343066 0.5 0.8941605839416058 0.45419103313840153 0.962043795620438 0.45321637426900585 0.9627737226277372 0.5769980506822612 0.8700729927007299 0.5779727095516569 0.8693430656934307 0.571150097465887 0.781021897810219 0.5701754385964912 0.7802919708029197 0.6569200779727096 0.7795620437956204 0.6578947368421053
0 0.962043795620438 0.804093567251462 0.8029197080291971 0.804093567251462 0.8021897810218979 0.6588693957115009 0.7868613138686131 0.6578947368421053 0.7861313868613139 0.5789473684210527 0.962043795620438 0.5779727095516569 0.9627737226277372 0.8031189083820662 0.962043795620438 0.804093567251462
0 0.6467153284671533 0.804093567251462 0.37518248175182484 0.804093567251462 0.37445255474452555 0.5828460038986355 0.6467153284671533 0.5818713450292398 0.6474452554744525 0.8031189083820662 0.6467153284671533 0.804093567251462
0 0.1897810218978102 0.7046783625730995 0.06423357664233577 0.7046783625730995 0.06350364963503649 0.5847953216374269 0.1897810218978102 0.5838206627680312 0.1905109489051095 0.7037037037037037 0.1897810218978102 0.7046783625730995
0 0.7970802919708029 0.804093567251462 0.6905109489051094 0.804093567251462 0.6897810218978102 0.6666666666666666 0.7970802919708029 0.665692007797271 0.7978102189781022 0.8031189083820662 0.7970802919708029 0.804093567251462
0 0.1678832116788321 0.804093567251462 0.06423357664233577 0.804093567251462 0.06350364963503649 0.7134502923976608 0.1678832116788321 0.7124756335282652 0.1686131386861314 0.8031189083820662 0.1678832116788321 0.804093567251462
0 0.3343065693430657 0.804093567251462 0.1781021897810219 0.804093567251462 0.17737226277372262 0.7134502923976608 0.3343065693430657 0.7124756335282652 0.335036496350365 0.8031189083820662 0.3343065693430657 0.804093567251462