0 0.2864137086903305 0.4726315789473684 0.05997552019583843 0.4726315789473684 0.05936352509179926 0.14105263157894737 0.2864137086903305 0.14 0.28702570379436965 0.47157894736842104 0.2864137086903305 0.4726315789473684
0 0.6523867809057528 0.36526315789473685 0.5091799265605875 0.36526315789473685 0.5085679314565483 0.26526315789473687 0.4455324357405141 0.26421052631578945 0.4449204406364749 0.3642105263157895 0.2974296205630355 0.36526315789473685 0.2968176254589963 0.14105263157894737 0.6523867809057528 0.14 0.652998776009792 0.3642105263157895 0.6523867809057528 0.36526315789473685
0 0.7503059975520195 0.23473684210526316 0.6609547123623011 0.23473684210526316 0.6603427172582619 0.14105263157894737 0.7503059975520195 0.14 0.7509179926560587 0.2336842105263158 0.7503059975520195 0.23473684210526316
0 0.9400244798041616 0.828421052631579 0.7600979192166463 0.828421052631579 0.7594859241126071 0.14105263157894737 0.8837209302325582 0.14 0.8843329253365974 0.27157894736842103 0.883108935128519 0.2736842105263158 0.9400244798041616 0.27473684210526317 0.9406364749082007 0.8273684210526315 0.9400244798041616 0.828421052631579
0 0.9400244798041616 0.27473684210526317 0.8837209302325582 0.27473684210526317 0.8843329253365974 0.14105263157894737 0.9400244798041616 0.14 0.9406364749082007 0.2736842105263158 0.9400244798041616 0.27473684210526317
0 0.7503059975520195 0.46842105263157896 0.6609547123623011 0.46842105263157896 0.6603427172582619 0.2463157894736842 0.7503059975520195 0.24526315789473685 0.7509179926560587 0.4673684210526316 0.7503059975520195 0.46842105263157896
0 0.5030599755201959 0.36526315789473685 0.4504283965728274 0.36526315789473685 0.44981640146878826 0.27578947368421053 0.5030599755201959 0.27473684210526317 0.503671970624235 0.3642105263157895 0.5030599755201959 0.36526315789473685
0 0.5287637698898409 0.7189473684210527 0.3929008567931457 0.7189473684210527 0.3922888616891065 0.47368421052631576 0.2937576499388005 0.4726315789473684 0.29314565483476135 0.37684210526315787 0.6523867809057528 0.3757894736842105 0.652998776009792 0.4673684210526316 0.5532435740514076 0.46842105263157896 0.5526315789473685 0.6231578947368421 0.5299877600979193 0.6242105263157894 0.5293757649938801 0.7178947368421053 0.5287637698898409 0.7189473684210527
0 0.6389228886168911 0.6242105263157894 0.5605875152998776 0.6242105263157894 0.5599755201958384 0.48210526315789476 0.6523867809057528 0.48105263157894734 0.652998776009792 0.5263157894736842 0.6401468788249693 0.5273684210526316 0.6395348837209303 0.6231578947368421 0.6389228886168911 0.6242105263157894
0 0.7466340269277846 0.6242105263157894 0.6658506731946144 0.6242105263157894 0.6652386780905752 0.48210526315789476 0.7466340269277846 0.48105263157894734 0.7472460220318238 0.6231578947368421 0.7466340269277846 0.6242105263157894
0 0.23623011015911874 0.828421052631579 0.05997552019583843 0.828421052631579 0.05936352509179926 0.4842105263157895 0.23133414932680538 0.4831578947368421 0.23194614443084455 0.5894736842105263 0.20930232558139536 0.5905263157894737 0.2086903304773562 0.6884210526315789 0.23623011015911874 0.6894736842105263 0.23684210526315788 0.8273684210526315 0.23623011015911874 0.828421052631579
0 0.386780905752754 0.828421052631579 0.23745410036719705 0.828421052631579 0.23684210526315788 0.6905263157894737 0.20930232558139536 0.6894736842105263 0.2086903304773562 0.5915789473684211 0.23745410036719705 0.5905263157894737 0.23806609547123622 0.4842105263157895 0.386780905752754 0.4831578947368421 0.3873929008567931 0.8273684210526315 0.386780905752754 0.828421052631579
0 0.6523867809057528 0.7863157894736842 0.5373317013463892 0.7863157894736842 0.5367197062423501 0.6378947368421053 0.6523867809057528 0.6368421052631579 0.652998776009792 0.7852631578947369 0.6523867809057528 0.7863157894736842
0 0.7503059975520195 0.828421052631579 0.6609547123623011 0.828421052631579 0.6603427172582619 0.6378947368421053 0.7503059975520195 0.6368421052631579 0.7509179926560587 0.8273684210526315 0.7503059975520195 0.828421052631579
0 0.45532435740514077 0.8178947368421052 0.39412484700122397 0.8178947368421052 0.3935128518971848 0.7326315789473684 0.45532435740514077 0.7315789473684211 0.4559363525091799 0.8168421052631579 0.45532435740514077 0.8178947368421052
0 0.5287637698898409 0.7863157894736842 0.4675642594859241 0.7863157894736842 0.4669522643818849 0.7326315789473684 0.5287637698898409 0.7315789473684211 0.5293757649938801 0.7852631578947369 0.5287637698898409 0.7863157894736842