0 0.7116465863453815 0.4678675754625122 0.5477911646586345 0.4678675754625122 0.5473895582329317 0.03700097370983447 0.8618473895582329 0.0365141187925998 0.8622489959839358 0.3291139240506329 0.7124497991967872 0.3296007789678676 0.7120481927710843 0.4673807205452775 0.7116465863453815 0.4678675754625122
0 0.15823293172690764 0.22151898734177214 0.03775100401606426 0.22151898734177214 0.03734939759036145 0.03894839337877313 0.1646586345381526 0.038461538461538464 0.1650602409638554 0.1966893865628043 0.15903614457831325 0.19717624148003896 0.15863453815261044 0.22103213242453748 0.15823293172690764 0.22151898734177214
0 0.3646586345381526 0.33544303797468356 0.21285140562248997 0.33544303797468356 0.21244979919678714 0.2638753651411879 0.21044176706827308 0.26338851022395326 0.21004016064257028 0.10516066212268745 0.1718875502008032 0.10467380720545277 0.1714859437751004 0.03894839337877313 0.3646586345381526 0.038461538461538464 0.3650602409638554 0.3349561830574489 0.3646586345381526 0.33544303797468356
0 0.21204819277108433 0.4036027263875365 0.12289156626506025 0.4036027263875365 0.12248995983935743 0.3748782862706913 0.03775100401606426 0.37439143135345665 0.03734939759036145 0.22200584225900682 0.15823293172690764 0.22151898734177214 0.15863453815261044 0.1976630963972736 0.1646586345381526 0.19717624148003896 0.1650602409638554 0.10516066212268745 0.20963855421686747 0.10467380720545277 0.21004016064257028 0.2629016553067186 0.21204819277108433 0.26338851022395326 0.21244979919678714 0.40311587147030187 0.21204819277108433 0.4036027263875365
0 0.12248995983935743 0.36806231742940604 0.12248995983935743 0.22882181110029212 0.04497991967871486 0.22833495618305744 0.04457831325301205 0.36806231742940604 0.12208835341365462 0.3685491723466407 0.12248995983935743 0.36806231742940604
0 0.12208835341365462 0.3685491723466407 0.04497991967871486 0.3685491723466407 0.04457831325301205 0.22882181110029212 0.12208835341365462 0.22833495618305744 0.12248995983935743 0.36806231742940604 0.12208835341365462 0.3685491723466407
0 0.8618473895582329 0.4678675754625122 0.7164658634538152 0.4678675754625122 0.7160642570281125 0.33787731256085685 0.8618473895582329 0.3373904576436222 0.8622489959839358 0.4673807205452775 0.8618473895582329 0.4678675754625122
0 0.3646586345381526 0.4678675754625122 0.21285140562248997 0.4678675754625122 0.21244979919678714 0.34371957156767285 0.3646586345381526 0.3432327166504382 0.3650602409638554 0.4673807205452775 0.3646586345381526 0.4678675754625122
0 0.11967871485943775 0.46592015579357354 0.04096385542168675 0.46592015579357354 0.040562248995983936 0.3777994157740993 0.11967871485943775 0.37731256085686465 0.12008032128514057 0.46543330087633883 0.11967871485943775 0.46592015579357354
0 0.20803212851405622 0.4678675754625122 0.12610441767068273 0.4678675754625122 0.12570281124497992 0.4079844206426485 0.20803212851405622 0.40749756572541385 0.20843373493975903 0.4673807205452775 0.20803212851405622 0.4678675754625122
0 0.46907630522088356 0.9537487828627069 0.3108433734939759 0.9537487828627069 0.3104417670682731 0.5296981499513145 0.46907630522088356 0.5292112950340798 0.46947791164658637 0.9532619279454723 0.46907630522088356 0.9537487828627069
0 0.6329317269076306 0.9537487828627069 0.4755020080321285 0.9537487828627069 0.4751004016064257 0.5296981499513145 0.6329317269076306 0.5292112950340798 0.6333333333333333 0.9532619279454723 0.6329317269076306 0.9537487828627069