0 0.7179054054054054 0.5747588424437299 0.5717905405405406 0.5747588424437299 0.5713682432432432 0.40353697749196143 0.6072635135135135 0.40273311897106107 0.6076858108108109 0.3954983922829582 0.5717905405405406 0.3946945337620579 0.5713682432432432 0.13987138263665594 0.6934121621621622 0.13906752411575563 0.6938344594594594 0.3520900321543408 0.65625 0.3528938906752412 0.6558277027027027 0.39389067524115756 0.6224662162162162 0.3946945337620579 0.622043918918919 0.40192926045016075 0.6587837837837838 0.40273311897106107 0.659206081081081 0.3617363344051447 0.6934121621621622 0.3609324758842444 0.6938344594594594 0.4212218649517685 0.7179054054054054 0.4220257234726688 0.7183277027027027 0.5739549839228296 0.7179054054054054 0.5747588424437299
0 0.8403716216216216 0.4139871382636656 0.6984797297297297 0.4139871382636656 0.6980574324324325 0.13987138263665594 0.8403716216216216 0.13906752411575563 0.840793918918919 0.41318327974276525 0.8403716216216216 0.4139871382636656
0 0.9586148648648649 0.3512861736334405 0.8454391891891891 0.3512861736334405 0.8450168918918919 0.13987138263665594 0.9586148648648649 0.13906752411575563 0.9590371621621622 0.3504823151125402 0.9586148648648649 0.3512861736334405
0 0.24493243243243243 0.5827974276527331 0.13766891891891891 0.5827974276527331 0.13724662162162163 0.1414790996784566 0.34121621621621623 0.14067524115755628 0.3416385135135135 0.29260450160771706 0.24577702702702703 0.2934083601286174 0.24535472972972974 0.5819935691318328 0.24493243243243243 0.5827974276527331
0 0.375 0.295016077170418 0.34628378378378377 0.295016077170418 0.3458614864864865 0.1414790996784566 0.40878378378378377 0.14067524115755628 0.4092060810810811 0.2861736334405145 0.38006756756756754 0.2869774919614148 0.3796452702702703 0.19935691318327975 0.37584459459459457 0.1985530546623794 0.3754222972972973 0.2942122186495177 0.375 0.295016077170418
0 0.5253378378378378 0.2869774919614148 0.41385135135135137 0.2869774919614148 0.41342905405405406 0.1414790996784566 0.5253378378378378 0.14067524115755628 0.5257601351351351 0.2861736334405145 0.5253378378378378 0.2869774919614148
0 0.34121621621621623 0.5827974276527331 0.24577702702702703 0.5827974276527331 0.24535472972972974 0.2942122186495177 0.34459459459459457 0.2934083601286174 0.3450168918918919 0.47266881028938906 0.3420608108108108 0.4734726688102894 0.3416385135135135 0.5819935691318328 0.34121621621621623 0.5827974276527331
0 0.40878378378378377 0.5827974276527331 0.34628378378378377 0.5827974276527331 0.3458614864864865 0.4742765273311897 0.3450168918918919 0.47266881028938906 0.3450168918918919 0.2942122186495177 0.375 0.295016077170418 0.37584459459459457 0.2934083601286174 0.4577702702702703 0.2934083601286174 0.45819256756756754 0.4405144694533762 0.41300675675675674 0.4413183279742765 0.4125844594594595 0.4067524115755627 0.4096283783783784 0.4059485530546624 0.4092060810810811 0.5819935691318328 0.40878378378378377 0.5827974276527331
0 0.5253378378378378 0.4557877813504823 0.46283783783783783 0.4557877813504823 0.4624155405405405 0.2942122186495177 0.5253378378378378 0.2934083601286174 0.5257601351351351 0.454983922829582 0.5253378378378378 0.4557877813504823
0 0.9586148648648649 0.5747588424437299 0.8454391891891891 0.5747588424437299 0.8450168918918919 0.36012861736334406 0.9586148648648649 0.35932475884244375 0.9590371621621622 0.5739549839228296 0.9586148648648649 0.5747588424437299
0 0.12753378378378377 0.5940514469453376 0.01266891891891892 0.5940514469453376 0.012246621621621621 0.36816720257234725 0.12753378378378377 0.36736334405144694 0.12795608108108109 0.5932475884244373 0.12753378378378377 0.5940514469453376
0 0.78125 0.5747588424437299 0.722972972972973 0.5747588424437299 0.7225506756756757 0.4228295819935691 0.78125 0.4220257234726688 0.7816722972972973 0.5739549839228296 0.78125 0.5747588424437299
0 0.8403716216216216 0.5747588424437299 0.785472972972973 0.5747588424437299 0.7850506756756757 0.4228295819935691 0.8403716216216216 0.4220257234726688 0.840793918918919 0.5739549839228296 0.8403716216216216 0.5747588424437299
0 0.4577702702702703 0.5827974276527331 0.41300675675675674 0.5827974276527331 0.4125844594594595 0.45016077170418006 0.4577702702702703 0.44935691318327975 0.45819256756756754 0.5819935691318328 0.4577702702702703 0.5827974276527331
0 0.5253378378378378 0.5827974276527331 0.46283783783783783 0.5827974276527331 0.4624155405405405 0.4646302250803859 0.5253378378378378 0.4638263665594855 0.5257601351351351 0.5819935691318328 0.5253378378378378 0.5827974276527331
0 0.5337837837837838 0.8802250803858521 0.34290540540540543 0.8802250803858521 0.3424831081081081 0.6993569131832797 0.33952702702702703 0.6985530546623794 0.3391047297297297 0.594855305466238 0.5337837837837838 0.5940514469453376 0.534206081081081 0.8794212218649518 0.5337837837837838 0.8802250803858521
0 0.33952702702702703 0.8737942122186495 0.26182432432432434 0.8737942122186495 0.26140202702702703 0.7057877813504824 0.33952702702702703 0.704983922829582 0.33994932432432434 0.8729903536977492 0.33952702702702703 0.8737942122186495