0 0.24310915104740904 0.3331533477321814 0.139470782800441 0.3331533477321814 0.13919514884233739 0.17278617710583152 0.24310915104740904 0.1722462203023758 0.24338478500551267 0.3326133909287257 0.24310915104740904 0.3331533477321814
0 0.2982359426681367 0.3331533477321814 0.24751929437706727 0.3331533477321814 0.24724366041896362 0.17278617710583152 0.3638368246968026 0.1722462203023758 0.36411245865490627 0.33153347732181426 0.298787210584344 0.33207343412526996 0.2982359426681367 0.3331533477321814
0 0.6361631753031973 0.3093952483801296 0.5325248070562293 0.3093952483801296 0.5322491730981257 0.17818574514038876 0.6361631753031973 0.17764578833693304 0.636438809261301 0.30885529157667385 0.6361631753031973 0.3093952483801296
0 0.6664829106945975 0.6020518358531317 0.6532524807056229 0.6020518358531317 0.6527012127894156 0.6009719222462203 0.6515986769570011 0.5998920086393088 0.6504961411245865 0.5988120950323974 0.6488423373759648 0.5988120950323974 0.6477398015435502 0.5966522678185745 0.6449834619625138 0.5923326133909287 0.6441565600882029 0.591792656587473 0.642502756339581 0.5874730021598272 0.6414002205071665 0.5842332613390929 0.6408489525909592 0.58207343412527 0.6408489525909592 0.5788336933045356 0.6402976846747519 0.5777537796976242 0.6402976846747519 0.17818574514038876 0.7574421168687983 0.17764578833693304 0.7577177508269018 0.34017278617710583 0.782800441014333 0.34071274298056153 0.7830760749724366 0.4524838012958963 0.743109151047409 0.453023758099352 0.7428335170893055 0.39092872570194387 0.7056229327453142 0.3903887688984881 0.704244762954796 0.3930885529157667 0.7039691289966924 0.39470842332613393 0.7025909592061742 0.3963282937365011 0.7023153252480706 0.39794816414686823 0.6984564498346196 0.40442764578833695 0.6976295479603087 0.40496760259179265 0.695148842337376 0.4109071274298056 0.6879823594266814 0.423866090712743 0.6871554575523704 0.4244060475161987 0.6868798235942668 0.42602591792656586 0.6855016538037486 0.42764578833693306 0.685226019845645 0.4292656587473002 0.6805402425578831 0.4373650107991361 0.6805402425578831 0.5658747300215983 0.6799889746416758 0.5669546436285097 0.6799889746416758 0.5701943844492441 0.6794377067254685 0.5712742980561555 0.6788864388092613 0.5734341252699784 0.6788864388092613 0.5755939524838013 0.6783351708930541 0.5766738660907127 0.6783351708930541 0.5799136069114471 0.6766813671444322 0.5831533477321814 0.6755788313120177 0.5863930885529157 0.6744762954796031 0.5896328293736501 0.6714443219404631 0.5966522678185745 0.6697905181918412 0.5988120950323974 0.6686879823594267 0.5988120950323974 0.6681367144432194 0.5998920086393088 0.6664829106945975 0.6020518358531317
0 0.5650496141124587 0.3558315334773218 0.5325248070562293 0.3558315334773218 0.5322491730981257 0.31533477321814257 0.5650496141124587 0.3147948164146868 0.5653252480705623 0.35529157667386607 0.5650496141124587 0.3558315334773218
0 0.5948180815876516 0.3806695464362851 0.5683572216097024 0.3806695464362851 0.5680815876515987 0.31533477321814257 0.5948180815876516 0.3147948164146868 0.5950937155457552 0.3801295896328294 0.5948180815876516 0.3806695464362851
0 0.6400220507166483 0.48326133909287255 0.6389195148842337 0.4821814254859611 0.6378169790518192 0.4821814254859611 0.6372657111356119 0.4811015118790497 0.6361631753031973 0.48002159827213825 0.6350606394707828 0.48002159827213825 0.6345093715545755 0.4789416846652268 0.6334068357221609 0.47786177105831534 0.6323042998897465 0.4767818574514039 0.6312017640573319 0.4767818574514039 0.6300992282249173 0.474622030237581 0.6289966923925028 0.474622030237581 0.6284454244762955 0.47354211663066953 0.6273428886438809 0.4724622030237581 0.6262403528114664 0.4724622030237581 0.6256890848952591 0.4713822894168467 0.6245865490628445 0.4703023758099352 0.62348401323043 0.46922246220302377 0.6223814773980154 0.46922246220302377 0.6218302094818081 0.4681425485961123 0.6207276736493936 0.46706263498920086 0.619625137816979 0.4659827213822894 0.6185226019845645 0.46490280777537796 0.61742006615215 0.4638228941684665 0.6163175303197354 0.4638228941684665 0.6157662624035282 0.46274298056155505 0.6146637265711136 0.46274298056155505 0.6141124586549063 0.46166306695464365 0.6130099228224918 0.4605831533477322 0.6119073869900772 0.45950323974082075 0.6108048511576626 0.45950323974082075 0.6102535832414554 0.4584233261339093 0.6091510474090408 0.45734341252699784 0.6080485115766262 0.4562634989200864 0.6069459757442117 0.45518358531317493 0.6058434399117971 0.45518358531317493 0.6052921719955898 0.4541036717062635 0.6041896361631753 0.453023758099352 0.6030871003307607 0.4519438444924406 0.6019845644983461 0.4519438444924406 0.601433296582139 0.4508639308855292 0.6003307607497244 0.4497840172786177 0.5992282249173098 0.44870410367170627 0.5981256890848953 0.44870410367170627 0.5978500551267916 0.31533477321814257 0.6361631753031973 0.3147948164146868 0.636438809261301 0.39092872570194387 0.6400220507166483 0.39146868250539957 0.6402976846747519 0.48272138228941686 0.6400220507166483 0.48326133909287255
0 0.2723263506063947 0.5998920086393088 0.2613009922822492 0.5998920086393088 0.2607497243660419 0.5988120950323974 0.25964718853362734 0.5988120950323974 0.25909592061742004 0.597732181425486 0.2579933847850055 0.5966522678185745 0.25689084895259096 0.5966522678185745 0.25633958103638366 0.5955723542116631 0.2533076074972437 0.5907127429805615 0.2505512679162073 0.5842332613390929 0.24944873208379273 0.5809935205183585 0.24889746416758546 0.5788336933045356 0.2477949283351709 0.5755939524838013 0.2477949283351709 0.5734341252699784 0.24724366041896362 0.572354211663067 0.24724366041896362 0.33369330453563717 0.2982359426681367 0.3331533477321814 0.29244762954796033 0.34557235421166305 0.2921719955898567 0.34719222462203025 0.29134509371554573 0.34773218142548595 0.28858875413450935 0.3542116630669546 0.28858875413450935 0.5615550755939525 0.2880374862183021 0.562634989200864 0.2880374862183021 0.5680345572354212 0.2874862183020948 0.5691144708423326 0.2874862183020948 0.572354211663067 0.28693495038588757 0.5734341252699784 0.28693495038588757 0.5755939524838013 0.28638368246968027 0.5766738660907127 0.28583241455347297 0.5788336933045356 0.2852811466372657 0.5809935205183585 0.2847298787210584 0.5831533477321814 0.2841786108048512 0.5853131749460043 0.2822491730981257 0.5901727861771058 0.278941565600882 0.5955723542116631 0.27783902976846747 0.5966522678185745 0.27618522601984563 0.5966522678185745 0.2756339581036384 0.597732181425486 0.2745314222712238 0.5988120950323974 0.272877618522602 0.5988120950323974 0.2723263506063947 0.5998920086393088
0 0.34178610804851156 0.44870410367170627 0.29051819184123484 0.44870410367170627 0.2902425578831312 0.3563714902807775 0.2952039691289967 0.3466522678185745 0.2960308710033076 0.3439524838012959 0.2968577728776185 0.3434125269978402 0.29988974641675853 0.3363930885529158 0.34178610804851156 0.3363930885529158 0.3420617420066152 0.4481641468682505 0.34178610804851156 0.44870410367170627
0 0.38919514884233736 0.44870410367170627 0.3461962513781698 0.44870410367170627 0.34592061742006613 0.3369330453563715 0.38919514884233736 0.3363930885529158 0.389470782800441 0.4481641468682505 0.38919514884233736 0.44870410367170627
0 0.24310915104740904 0.44114470842332615 0.139470782800441 0.44114470842332615 0.13919514884233739 0.3390928725701944 0.24310915104740904 0.3385529157667387 0.24338478500551267 0.4406047516198704 0.24310915104740904 0.44114470842332615
0 0.5948180815876516 0.5286177105831533 0.5325248070562293 0.5286177105831533 0.5322491730981257 0.36069114470842334 0.5650496141124587 0.3601511879049676 0.5653252480705623 0.3855291576673866 0.5948180815876516 0.38606911447084236 0.5950937155457552 0.5280777537796977 0.5948180815876516 0.5286177105831533
0 0.523704520396913 0.6128509719222462 0.448180815876516 0.6128509719222462 0.44790518191841233 0.541036717062635 0.4498346196251378 0.5404967602591793 0.45011025358324147 0.37688984881209503 0.523704520396913 0.37634989200863933 0.5239801543550165 0.6123110151187905 0.523704520396913 0.6128509719222462
0 0.756890848952591 0.5653347732181425 0.6835722160970231 0.5653347732181425 0.6832965821389195 0.4794816414686825 0.6808158765159867 0.4789416846652268 0.6805402425578831 0.4373650107991361 0.6846747519294377 0.4292656587473002 0.6855016538037486 0.4287257019438445 0.6863285556780595 0.42602591792656586 0.6871554575523704 0.42548596112311016 0.6874310915104741 0.423866090712743 0.6945975744211687 0.4109071274298056 0.6976295479603087 0.4060475161987041 0.6979051819184123 0.40442764578833695 0.7017640573318633 0.39794816414686823 0.7025909592061742 0.39740820734341253 0.7034178610804851 0.39470842332613393 0.704244762954796 0.3941684665226782 0.7056229327453142 0.3903887688984881 0.7425578831312017 0.3903887688984881 0.7428335170893055 0.4524838012958963 0.756890848952591 0.453023758099352 0.7571664829106945 0.5647948164146869 0.756890848952591 0.5653347732181425
0 0.24310915104740904 0.5242980561555075 0.139470782800441 0.5242980561555075 0.13919514884233739 0.4470842332613391 0.24310915104740904 0.44654427645788336 0.24338478500551267 0.5237580993520519 0.24310915104740904 0.5242980561555075
0 0.6350606394707828 0.5286177105831533 0.5981256890848953 0.5286177105831533 0.5978500551267916 0.4535637149028078 0.5986769570011026 0.453023758099352 0.5992282249173098 0.4541036717062635 0.6003307607497244 0.4541036717062635 0.6008820286659317 0.45518358531317493 0.6019845644983461 0.4562634989200864 0.6030871003307607 0.45734341252699784 0.6041896361631753 0.45734341252699784 0.6052921719955898 0.45950323974082075 0.6063947078280044 0.45950323974082075 0.6069459757442117 0.4605831533477322 0.6080485115766262 0.4605831533477322 0.6085997794928335 0.46166306695464365 0.6097023153252481 0.46274298056155505 0.6108048511576626 0.4638228941684665 0.6119073869900772 0.4638228941684665 0.6124586549062845 0.46490280777537796 0.613561190738699 0.4659827213822894 0.6146637265711136 0.46706263498920086 0.6157662624035282 0.4681425485961123 0.6168687982359427 0.4681425485961123 0.61742006615215 0.46922246220302377 0.6185226019845645 0.46922246220302377 0.619625137816979 0.4713822894168467 0.6207276736493936 0.4713822894168467 0.6212789415656009 0.4724622030237581 0.6223814773980154 0.47354211663066953 0.62348401323043 0.474622030237581 0.6245865490628445 0.474622030237581 0.6256890848952591 0.4767818574514039 0.6267916207276737 0.4767818574514039 0.6273428886438809 0.47786177105831534 0.6284454244762955 0.47786177105831534 0.6289966923925028 0.4789416846652268 0.6300992282249173 0.48002159827213825 0.6312017640573319 0.4811015118790497 0.6323042998897465 0.4821814254859611 0.6334068357221609 0.4821814254859611 0.6339581036383682 0.48326133909287255 0.6353362734288864 0.48488120950323976 0.6353362734288864 0.5280777537796977 0.6350606394707828 0.5286177105831533
0 0.3632855567805954 0.5620950323974082 0.3202866593164278 0.5620950323974082 0.32001102535832415 0.4946004319654428 0.2927232635060639 0.49406047516198703 0.29244762954796033 0.45464362850971923 0.3632855567805954 0.4541036717062635 0.363561190738699 0.5615550755939525 0.3632855567805954 0.5620950323974082
0 0.3169790518191841 0.5620950323974082 0.2927232635060639 0.5620950323974082 0.29244762954796033 0.5 0.3169790518191841 0.4994600431965443 0.31725468577728777 0.5615550755939525 0.3169790518191841 0.5620950323974082