0 0.25826446280991733 0.4383408071748879 0.07644628099173553 0.4383408071748879 0.07541322314049587 0.2757847533632287 0.25826446280991733 0.27466367713004486 0.259297520661157 0.437219730941704 0.25826446280991733 0.4383408071748879
0 0.49173553719008267 0.6334080717488789 0.32231404958677684 0.6334080717488789 0.3212809917355372 0.5605381165919282 0.2665289256198347 0.5594170403587444 0.265495867768595 0.2757847533632287 0.49173553719008267 0.27466367713004486 0.4927685950413223 0.6322869955156951 0.49173553719008267 0.6334080717488789
0 0.6528925619834711 0.4899103139013453 0.5 0.4899103139013453 0.4989669421487603 0.2757847533632287 0.6528925619834711 0.27466367713004486 0.6539256198347108 0.48878923766816146 0.6528925619834711 0.4899103139013453
0 0.7892561983471075 0.3755605381165919 0.6632231404958677 0.3755605381165919 0.6621900826446281 0.2757847533632287 0.7892561983471075 0.27466367713004486 0.7902892561983471 0.3744394618834081 0.7892561983471075 0.3755605381165919
0 0.9648760330578512 0.6872197309417041 0.7995867768595041 0.6872197309417041 0.7985537190082644 0.27802690582959644 0.9648760330578512 0.2769058295964126 0.9659090909090909 0.3542600896860987 0.8760330578512396 0.35538116591928254 0.875 0.3609865470852018 0.9648760330578512 0.36210762331838564 0.9659090909090909 0.6860986547085202 0.9648760330578512 0.6872197309417041
0 0.7892561983471075 0.4899103139013453 0.6632231404958677 0.4899103139013453 0.6621900826446281 0.38565022421524664 0.7892561983471075 0.3845291479820628 0.7902892561983471 0.48878923766816146 0.7892561983471075 0.4899103139013453
0 0.2024793388429752 0.5930493273542601 0.07644628099173553 0.5930493273542601 0.07541322314049587 0.4461883408071749 0.25826446280991733 0.44506726457399104 0.259297520661157 0.5582959641255605 0.20454545454545456 0.5594170403587444 0.20351239669421486 0.5919282511210763 0.2024793388429752 0.5930493273542601
0 0.6818181818181818 0.7679372197309418 0.5 0.7679372197309418 0.4989669421487603 0.6434977578475336 0.4927685950413223 0.6390134529147982 0.4927685950413223 0.4977578475336323 0.6528925619834711 0.4966367713004484 0.6539256198347108 0.6390134529147982 0.6818181818181818 0.6401345291479821 0.6828512396694215 0.7668161434977578 0.6818181818181818 0.7679372197309418
0 0.7892561983471075 0.7679372197309418 0.6921487603305785 0.7679372197309418 0.6911157024793388 0.6345291479820628 0.6632231404958677 0.6334080717488789 0.6621900826446281 0.5829596412556054 0.6900826446280992 0.5818385650224215 0.6911157024793388 0.57847533632287 0.6632231404958677 0.577354260089686 0.6621900826446281 0.4977578475336323 0.7355371900826446 0.4966367713004484 0.7365702479338843 0.5807174887892377 0.7892561983471075 0.5818385650224215 0.7902892561983471 0.7668161434977578 0.7892561983471075 0.7679372197309418
0 0.7892561983471075 0.577354260089686 0.743801652892562 0.577354260089686 0.7427685950413223 0.4977578475336323 0.7892561983471075 0.4966367713004484 0.7902892561983471 0.5762331838565022 0.7892561983471075 0.577354260089686
0 0.3119834710743802 0.6692825112107623 0.2128099173553719 0.6692825112107623 0.21177685950413222 0.5695067264573991 0.3119834710743802 0.5683856502242153 0.3130165289256198 0.6681614349775785 0.3119834710743802 0.6692825112107623
0 0.2024793388429752 0.6692825112107623 0.07644628099173553 0.6692825112107623 0.07541322314049587 0.6031390134529148 0.2024793388429752 0.602017937219731 0.20351239669421486 0.6681614349775785 0.2024793388429752 0.6692825112107623
0 0.3884297520661157 0.8531390134529148 0.2665289256198347 0.8531390134529148 0.265495867768595 0.679372197309417 0.3202479338842975 0.6782511210762332 0.3212809917355372 0.6412556053811659 0.3884297520661157 0.6401345291479821 0.3894628099173554 0.852017937219731 0.3884297520661157 0.8531390134529148
0 0.493801652892562 0.7679372197309418 0.39669421487603307 0.7679372197309418 0.3956611570247934 0.6412556053811659 0.493801652892562 0.6401345291479821 0.49483471074380164 0.7668161434977578 0.493801652892562 0.7679372197309418
0 0.25826446280991733 0.8531390134529148 0.07644628099173553 0.8531390134529148 0.07541322314049587 0.679372197309417 0.25826446280991733 0.6782511210762332 0.259297520661157 0.852017937219731 0.25826446280991733 0.8531390134529148