0 0.490521327014218 0.5047095761381476 0.42417061611374407 0.5047095761381476 0.42298578199052134 0.42543171114599687 0.1895734597156398 0.42464678178963894 0.18838862559241706 0.23390894819466249 0.6516587677725119 0.23312401883830455 0.6528436018957346 0.33437990580847726 0.4928909952606635 0.33516483516483514 0.49170616113744076 0.5039246467817896 0.490521327014218 0.5047095761381476
0 0.8246445497630331 0.336734693877551 0.6658767772511849 0.336734693877551 0.6646919431279621 0.23390894819466249 0.8246445497630331 0.23312401883830455 0.8258293838862559 0.3359497645211931 0.8246445497630331 0.336734693877551
0 0.5118483412322274 0.5047095761381476 0.4928909952606635 0.5047095761381476 0.49170616113744076 0.3359497645211931 0.6516587677725119 0.33516483516483514 0.6528436018957346 0.49921507064364207 0.5213270142180095 0.5 0.5201421800947867 0.47095761381475665 0.514218009478673 0.47017268445839877 0.5130331753554502 0.5039246467817896 0.5118483412322274 0.5047095761381476
0 0.8246445497630331 0.41836734693877553 0.6658767772511849 0.41836734693877553 0.6646919431279621 0.34222919937205654 0.8246445497630331 0.3414442700156986 0.8258293838862559 0.4175824175824176 0.8246445497630331 0.41836734693877553
0 0.8246445497630331 0.5 0.6658767772511849 0.5 0.6646919431279621 0.423861852433281 0.8246445497630331 0.4230769230769231 0.8258293838862559 0.49921507064364207 0.8246445497630331 0.5
0 0.2985781990521327 0.5015698587127159 0.1895734597156398 0.5015698587127159 0.18838862559241706 0.4317111459968603 0.2985781990521327 0.43092621664050235 0.29976303317535546 0.5007849293563579 0.2985781990521327 0.5015698587127159
0 0.41232227488151657 0.5015698587127159 0.3104265402843602 0.5015698587127159 0.30924170616113744 0.4317111459968603 0.41232227488151657 0.43092621664050235 0.41350710900473936 0.5007849293563579 0.41232227488151657 0.5015698587127159
0 0.54739336492891 0.6114599686028257 0.42417061611374407 0.6114599686028257 0.42298578199052134 0.5054945054945055 0.54739336492891 0.5047095761381476 0.5485781990521327 0.6106750392464678 0.54739336492891 0.6114599686028257
0 0.8246445497630331 0.6664050235478807 0.5592417061611374 0.6664050235478807 0.5580568720379147 0.5054945054945055 0.8246445497630331 0.5047095761381476 0.8258293838862559 0.6656200941915228 0.8246445497630331 0.6664050235478807
0 0.41232227488151657 0.6664050235478807 0.1895734597156398 0.6664050235478807 0.18838862559241706 0.5070643642072213 0.41232227488151657 0.5062794348508635 0.41350710900473936 0.6656200941915228 0.41232227488151657 0.6664050235478807
0 0.54739336492891 0.6664050235478807 0.42417061611374407 0.6664050235478807 0.42298578199052134 0.6169544740973313 0.54739336492891 0.6161695447409733 0.5485781990521327 0.6656200941915228 0.54739336492891 0.6664050235478807
0 0.8246445497630331 0.945839874411303 0.7109004739336493 0.945839874411303 0.7097156398104265 0.8100470957613815 0.8246445497630331 0.8092621664050236 0.8258293838862559 0.945054945054945 0.8246445497630331 0.945839874411303