0 0.7952961672473867 0.4311460258780037 0.20209059233449478 0.4311460258780037 0.20165505226480837 0.09981515711645102 0.7952961672473867 0.09935304990757855 0.7957317073170732 0.1645101663585952 0.5531358885017421 0.16497227356746766 0.5527003484320557 0.2828096118299446 0.5182926829268293 0.283271719038817 0.5178571428571429 0.36229205175600737 0.7952961672473867 0.36275415896487984 0.7957317073170732 0.43068391866913125 0.7952961672473867 0.4311460258780037
0 0.695993031358885 0.3525878003696858 0.5278745644599303 0.3525878003696858 0.5274390243902439 0.2929759704251386 0.5609756097560976 0.29251386321626616 0.561411149825784 0.17375231053604437 0.695993031358885 0.1732902033271719 0.6964285714285714 0.3521256931608133 0.695993031358885 0.3525878003696858
0 0.7003484320557491 0.3525878003696858 0.6968641114982579 0.3525878003696858 0.6964285714285714 0.17375231053604437 0.7003484320557491 0.1732902033271719 0.7007839721254355 0.3521256931608133 0.7003484320557491 0.3525878003696858
0 0.7952961672473867 0.3525878003696858 0.7012195121951219 0.3525878003696858 0.7007839721254355 0.17375231053604437 0.7952961672473867 0.1732902033271719 0.7957317073170732 0.3521256931608133 0.7952961672473867 0.3525878003696858
0 0.32752613240418116 0.5623844731977818 0.20209059233449478 0.5623844731977818 0.20165505226480837 0.4787430683918669 0.32752613240418116 0.47828096118299446 0.3279616724738676 0.5619223659889094 0.32752613240418116 0.5623844731977818
0 0.5017421602787456 0.6289279112754159 0.44686411149825783 0.6289279112754159 0.44642857142857145 0.6247689463955638 0.3318815331010453 0.6243068391866913 0.3314459930313589 0.4787430683918669 0.5209059233449478 0.47828096118299446 0.5213414634146342 0.6238447319778189 0.5026132404181185 0.6243068391866913 0.502177700348432 0.6284658040665434 0.5017421602787456 0.6289279112754159
0 0.6367595818815331 0.6243068391866913 0.524390243902439 0.6243068391866913 0.5239547038327527 0.4787430683918669 0.6367595818815331 0.47828096118299446 0.6371951219512195 0.6238447319778189 0.6367595818815331 0.6243068391866913
0 0.7412891986062717 0.6243068391866913 0.64198606271777 0.6243068391866913 0.6415505226480837 0.4787430683918669 0.7412891986062717 0.47828096118299446 0.7417247386759582 0.6238447319778189 0.7412891986062717 0.6243068391866913
0 0.7918118466898955 0.6243068391866913 0.7465156794425087 0.6243068391866913 0.7460801393728222 0.4787430683918669 0.7918118466898955 0.47828096118299446 0.7922473867595818 0.6238447319778189 0.7918118466898955 0.6243068391866913
0 0.2665505226480836 0.6261552680221811 0.22822299651567945 0.6261552680221811 0.22778745644599302 0.621996303142329 0.20209059233449478 0.6215341959334566 0.20165505226480837 0.5656192236598891 0.2665505226480836 0.5651571164510166 0.26698606271777003 0.6256931608133087 0.2665505226480836 0.6261552680221811
0 0.32752613240418116 0.6363216266173752 0.27177700348432055 0.6363216266173752 0.27134146341463417 0.5656192236598891 0.32752613240418116 0.5651571164510166 0.3279616724738676 0.6358595194085028 0.32752613240418116 0.6363216266173752
0 0.2761324041811847 0.6769870609981515 0.20209059233449478 0.6769870609981515 0.20165505226480837 0.6256931608133087 0.2273519163763066 0.6252310536044362 0.22822299651567945 0.6261552680221811 0.2665505226480836 0.6261552680221811 0.26698606271777003 0.6404805914972274 0.2761324041811847 0.6409426987060998 0.27656794425087106 0.6765249537892791 0.2761324041811847 0.6769870609981515
0 0.5200348432055749 0.8100739371534196 0.3318815331010453 0.8100739371534196 0.3314459930313589 0.6293900184842883 0.5209059233449478 0.6289279112754159 0.5213414634146342 0.7079482439926063 0.5204703832752613 0.7088724584103512 0.5204703832752613 0.8096118299445472 0.5200348432055749 0.8100739371534196
0 0.6750871080139372 0.7296672828096118 0.524390243902439 0.7296672828096118 0.5239547038327527 0.7088724584103512 0.5217770034843205 0.7084103512014788 0.5213414634146342 0.6293900184842883 0.6750871080139372 0.6289279112754159 0.6755226480836237 0.7292051756007394 0.6750871080139372 0.7296672828096118
0 0.5209059233449478 0.8100739371534196 0.5204703832752613 0.7088724584103512 0.5213414634146342 0.7088724584103512 0.5213414634146342 0.8096118299445472 0.5209059233449478 0.8100739371534196
0 0.725609756097561 0.6899260628465804 0.6794425087108014 0.6899260628465804 0.679006968641115 0.6293900184842883 0.725609756097561 0.6289279112754159 0.7260452961672473 0.6894639556377079 0.725609756097561 0.6899260628465804
0 0.7918118466898955 0.6899260628465804 0.7299651567944251 0.6899260628465804 0.7295296167247387 0.6293900184842883 0.7918118466898955 0.6289279112754159 0.7922473867595818 0.6894639556377079 0.7918118466898955 0.6899260628465804
0 0.32752613240418116 0.6769870609981515 0.2770034843205575 0.6769870609981515 0.27656794425087106 0.6571164510166358 0.27961672473867594 0.6566543438077634 0.28005226480836237 0.6414048059149723 0.32752613240418116 0.6409426987060998 0.3279616724738676 0.6765249537892791 0.32752613240418116 0.6769870609981515
0 0.32752613240418116 0.8100739371534196 0.20209059233449478 0.8100739371534196 0.20165505226480837 0.6811460258780037 0.32752613240418116 0.6806839186691312 0.3279616724738676 0.8096118299445472 0.32752613240418116 0.8100739371534196
0 0.7918118466898955 0.8100739371534196 0.6933797909407665 0.8100739371534196 0.6929442508710801 0.7301293900184843 0.6794425087108014 0.7296672828096118 0.679006968641115 0.6940850277264325 0.7918118466898955 0.69362292051756 0.7922473867595818 0.8096118299445472 0.7918118466898955 0.8100739371534196
0 0.5505226480836237 0.8100739371534196 0.5252613240418118 0.8100739371534196 0.5248257839721254 0.7338262476894639 0.5505226480836237 0.7333641404805915 0.5509581881533101 0.8096118299445472 0.5505226480836237 0.8100739371534196
0 0.6245644599303136 0.8100739371534196 0.5548780487804879 0.8100739371534196 0.5544425087108014 0.7338262476894639 0.6245644599303136 0.7333641404805915 0.625 0.8096118299445472 0.6245644599303136 0.8100739371534196
0 0.6890243902439024 0.8100739371534196 0.6280487804878049 0.8100739371534196 0.6276132404181185 0.7338262476894639 0.6890243902439024 0.7333641404805915 0.6894599303135889 0.8096118299445472 0.6890243902439024 0.8100739371534196