0 0.6189889025893958 0.33596491228070174 0.4956843403205919 0.33596491228070174 0.49506781750924783 0.056140350877192984 0.6584463625154131 0.05526315789473684 0.659062885326757 0.21754385964912282 0.6202219482120839 0.21842105263157896 0.6196054254007398 0.3350877192982456 0.6189889025893958 0.33596491228070174
0 0.7139334155363748 0.21842105263157896 0.6646115906288532 0.21842105263157896 0.6639950678175093 0.056140350877192984 0.7139334155363748 0.05526315789473684 0.7145499383477188 0.21754385964912282 0.7139334155363748 0.21842105263157896
0 0.8372379778051788 0.21842105263157896 0.7213316892725031 0.21842105263157896 0.7207151664611591 0.056140350877192984 0.8372379778051788 0.05526315789473684 0.8378545006165228 0.21754385964912282 0.8372379778051788 0.21842105263157896
0 0.938347718865598 0.21842105263157896 0.843403205918619 0.21842105263157896 0.842786683107275 0.056140350877192984 0.938347718865598 0.05526315789473684 0.938964241676942 0.21754385964912282 0.938347718865598 0.21842105263157896
0 0.2157829839704069 0.3868421052631579 0.15166461159062886 0.3868421052631579 0.15104808877928483 0.22807017543859648 0.2157829839704069 0.22719298245614036 0.21639950678175093 0.38596491228070173 0.2157829839704069 0.3868421052631579
0 0.2688039457459926 0.3447368421052632 0.2219482120838471 0.3447368421052632 0.22133168927250307 0.22807017543859648 0.2688039457459926 0.22719298245614036 0.26942046855733665 0.34385964912280703 0.2688039457459926 0.3447368421052632
0 0.3526510480887793 0.3868421052631579 0.2749691738594328 0.3868421052631579 0.27435265104808876 0.22807017543859648 0.3526510480887793 0.22719298245614036 0.3532675709001233 0.38596491228070173 0.3526510480887793 0.3868421052631579
0 0.3526510480887793 0.5587719298245614 0.15166461159062886 0.5587719298245614 0.15104808877928483 0.39473684210526316 0.22071516646115907 0.393859649122807 0.22133168927250307 0.3526315789473684 0.2688039457459926 0.35175438596491226 0.26942046855733665 0.3929824561403509 0.3526510480887793 0.393859649122807 0.3532675709001233 0.5578947368421052 0.3526510480887793 0.5587719298245614
0 0.20098643649815043 0.8447368421052631 0.06165228113440197 0.8447368421052631 0.06103575832305795 0.5684210526315789 0.20098643649815043 0.5675438596491228 0.20160295930949446 0.843859649122807 0.20098643649815043 0.8447368421052631
0 0.5585696670776819 0.8447368421052631 0.20838471023427868 0.8447368421052631 0.20776818742293465 0.5684210526315789 0.5585696670776819 0.5675438596491228 0.5591861898890259 0.843859649122807 0.5585696670776819 0.8447368421052631
0 0.7114673242909988 0.8447368421052631 0.5647348951911221 0.8447368421052631 0.564118372379778 0.5684210526315789 0.7114673242909988 0.5675438596491228 0.7120838471023427 0.843859649122807 0.7114673242909988 0.8447368421052631