0 0.5076601671309192 0.30648648648648646 0.27019498607242337 0.30648648648648646 0.2698467966573816 0.18162162162162163 0.5076601671309192 0.1810810810810811 0.508008356545961 0.30594594594594593 0.5076601671309192 0.30648648648648646
0 0.6420612813370473 0.8708108108108108 0.4505571030640669 0.8708108108108108 0.45020891364902504 0.4627027027027027 0.46866295264623953 0.46216216216216216 0.46901114206128136 0.3956756756756757 0.5111420612813371 0.39513513513513515 0.5114902506963789 0.18162162162162163 0.628133704735376 0.1810810810810811 0.6284818941504178 0.29405405405405405 0.6420612813370473 0.2945945945945946 0.6424094707520891 0.8702702702702703 0.6420612813370473 0.8708108108108108
0 0.7221448467966574 0.43945945945945947 0.6483286908077994 0.43945945945945947 0.6479805013927576 0.39675675675675676 0.6434540389972145 0.3962162162162162 0.6431058495821727 0.43891891891891893 0.6424094707520891 0.43891891891891893 0.6424094707520891 0.2951351351351351 0.6288300835654597 0.2945945945945946 0.6284818941504178 0.18162162162162163 0.7513927576601671 0.1810810810810811 0.7517409470752089 0.43783783783783786 0.7228412256267409 0.4383783783783784 0.7221448467966574 0.43945945945945947
0 0.9080779944289693 0.4383783783783784 0.7555710306406686 0.4383783783783784 0.7552228412256268 0.18162162162162163 0.9080779944289693 0.1810810810810811 0.9084261838440112 0.43783783783783786 0.9080779944289693 0.4383783783783784
0 0.3551532033426184 0.45675675675675675 0.27019498607242337 0.45675675675675675 0.2698467966573816 0.3124324324324324 0.3551532033426184 0.31189189189189187 0.3555013927576602 0.4562162162162162 0.3551532033426184 0.45675675675675675
0 0.44637883008356544 0.45675675675675675 0.3593314763231198 0.45675675675675675 0.358983286908078 0.3124324324324324 0.44637883008356544 0.31189189189189187 0.44672701949860727 0.4562162162162162 0.44637883008356544 0.45675675675675675
0 0.5076601671309192 0.38972972972972975 0.4505571030640669 0.38972972972972975 0.45020891364902504 0.3124324324324324 0.5076601671309192 0.31189189189189187 0.508008356545961 0.3891891891891892 0.5076601671309192 0.38972972972972975
0 0.6740947075208914 0.48702702702702705 0.6434540389972145 0.48702702702702705 0.6431058495821727 0.39675675675675676 0.6476323119777159 0.3962162162162162 0.6479805013927576 0.43891891891891893 0.6740947075208914 0.43945945945945947 0.6744428969359332 0.4864864864864865 0.6740947075208914 0.48702702702702705
0 0.7520891364902507 0.6967567567567567 0.6462395543175488 0.6967567567567567 0.645891364902507 0.5891891891891892 0.6427576601671309 0.5886486486486486 0.6424094707520891 0.44 0.6431058495821727 0.44 0.6431058495821727 0.4864864864864865 0.6740947075208914 0.48702702702702705 0.6744428969359332 0.44 0.7221448467966574 0.43945945945945947 0.7224930362116991 0.44324324324324327 0.8064066852367688 0.4437837837837838 0.8067548746518106 0.5362162162162162 0.724233983286908 0.5367567567567567 0.7238857938718662 0.5416216216216216 0.7520891364902507 0.5421621621621622 0.7524373259052924 0.6962162162162162 0.7520891364902507 0.6967567567567567
0 0.9080779944289693 0.5367567567567567 0.8112813370473537 0.5367567567567567 0.810933147632312 0.44432432432432434 0.9080779944289693 0.4437837837837838 0.9084261838440112 0.5362162162162162 0.9080779944289693 0.5367567567567567
0 0.44637883008356544 0.7 0.27019498607242337 0.7 0.2698467966573816 0.4627027027027027 0.44637883008356544 0.46216216216216216 0.44672701949860727 0.6994594594594594 0.44637883008356544 0.7
0 0.9080779944289693 0.78 0.7562674094707521 0.78 0.7559192200557103 0.5427027027027027 0.9080779944289693 0.5421621621621622 0.9084261838440112 0.7794594594594595 0.9080779944289693 0.78
0 0.7520891364902507 0.78 0.6462395543175488 0.78 0.645891364902507 0.7027027027027027 0.7520891364902507 0.7021621621621622 0.7524373259052924 0.7794594594594595 0.7520891364902507 0.78