0 0.6221899927483684 0.35325264750378216 0.542422044960116 0.35325264750378216 0.5420594633792604 0.14674735249621784 0.6287164612037709 0.1459909228441755 0.6290790427846266 0.3358547655068079 0.6229151559100797 0.33661119515885024 0.6225525743292241 0.3524962178517398 0.6221899927483684 0.35325264750378216
0 0.7643219724437998 0.40468986384266264 0.7164612037708484 0.40468986384266264 0.7160986221899928 0.3540090771558245 0.6323422770123278 0.35325264750378216 0.631979695431472 0.14674735249621784 0.7643219724437998 0.1459909228441755 0.7646845540246555 0.4039334341906203 0.7643219724437998 0.40468986384266264
0 0.8788977519941987 0.3547655068078669 0.7686729514140682 0.3547655068078669 0.7683103698332124 0.14674735249621784 0.8788977519941987 0.1459909228441755 0.8792603335750544 0.3540090771558245 0.8788977519941987 0.3547655068078669
0 0.2683103698332125 0.38502269288956126 0.10007251631617115 0.38502269288956126 0.09970993473531545 0.1573373676248109 0.2683103698332125 0.15658093797276854 0.26867295141406816 0.3842662632375189 0.2683103698332125 0.38502269288956126
0 0.34517766497461927 0.47881996974281393 0.2726613488034808 0.47881996974281393 0.2722987672226251 0.1573373676248109 0.3205221174764322 0.15658093797276854 0.3208846990572879 0.29652042360060515 0.34517766497461927 0.2972768532526475 0.345540246555475 0.47806354009077157 0.34517766497461927 0.47881996974281393
0 0.43364757070340826 0.29122541603630864 0.3248730964467005 0.29122541603630864 0.3245105148658448 0.1573373676248109 0.43364757070340826 0.15658093797276854 0.434010152284264 0.29046898638426627 0.43364757070340826 0.29122541603630864
0 0.369108049311095 0.3744326777609682 0.3488034807831762 0.3744326777609682 0.3484408992023205 0.29954614220877457 0.369108049311095 0.2987897125567322 0.3694706308919507 0.37367624810892586 0.369108049311095 0.3744326777609682
0 0.43292240754169686 0.4606656580937973 0.3488034807831762 0.4606656580937973 0.3484408992023205 0.3827534039334342 0.40971718636693255 0.38199697428139184 0.4100797679477883 0.29954614220877457 0.43292240754169686 0.2987897125567322 0.4332849891225526 0.4599092284417549 0.43292240754169686 0.4606656580937973
0 0.40609137055837563 0.3729198184568835 0.3734590282813633 0.3729198184568835 0.3730964467005076 0.30257186081694404 0.40609137055837563 0.30181543116490167 0.4064539521392313 0.3721633888048411 0.40609137055837563 0.3729198184568835
0 0.7121102248005802 0.5680786686838124 0.542422044960116 0.5680786686838124 0.5420594633792604 0.3630862329803328 0.6221899927483684 0.36232980332829046 0.6225525743292241 0.3767019667170953 0.6316171138506164 0.3774583963691377 0.631979695431472 0.3630862329803328 0.7121102248005802 0.36232980332829046 0.7124728063814358 0.56732223903177 0.7121102248005802 0.5680786686838124
0 0.8788977519941987 0.5680786686838124 0.7686729514140682 0.5680786686838124 0.7683103698332124 0.3630862329803328 0.8788977519941987 0.36232980332829046 0.8792603335750544 0.56732223903177 0.8788977519941987 0.5680786686838124
0 0.24075416968817984 0.5771558245083207 0.10007251631617115 0.5771558245083207 0.09970993473531545 0.3918305597579425 0.2683103698332125 0.39107413010590014 0.26867295141406816 0.47806354009077157 0.24147933284989123 0.47881996974281393 0.24111675126903553 0.5763993948562783 0.24075416968817984 0.5771558245083207
0 0.7643219724437998 0.5680786686838124 0.7164612037708484 0.5680786686838124 0.7160986221899928 0.4114977307110439 0.7606961566352429 0.41074130105900153 0.7610587382160986 0.43116490166414523 0.7643219724437998 0.4319213313161876 0.7646845540246555 0.4583963691376702 0.7556200145032632 0.45915279878971255 0.7552574329224075 0.4886535552193646 0.7643219724437998 0.48940998487140697 0.7646845540246555 0.56732223903177 0.7643219724437998 0.5680786686838124
0 0.43509789702683105 0.5771558245083207 0.3488034807831762 0.5771558245083207 0.3484408992023205 0.4689863842662632 0.43509789702683105 0.4682299546142209 0.4354604786076867 0.5763993948562783 0.43509789702683105 0.5771558245083207
0 0.2683103698332125 0.5771558245083207 0.24510514865844815 0.5771558245083207 0.24474256707759245 0.4856278366111952 0.2683103698332125 0.4848714069591528 0.26867295141406816 0.5763993948562783 0.2683103698332125 0.5771558245083207
0 0.29949238578680204 0.5771558245083207 0.2726613488034808 0.5771558245083207 0.2722987672226251 0.49319213313161875 0.27991298042059465 0.4924357034795764 0.2802755620014503 0.4856278366111952 0.29949238578680204 0.4848714069591528 0.2998549673676577 0.5763993948562783 0.29949238578680204 0.5771558245083207
0 0.34517766497461927 0.5771558245083207 0.30384336475707036 0.5771558245083207 0.30348078317621463 0.4856278366111952 0.34517766497461927 0.4848714069591528 0.345540246555475 0.5763993948562783 0.34517766497461927 0.5771558245083207
0 0.39231327048585934 0.6119515885022693 0.3567802755620014 0.6119515885022693 0.35641769398114576 0.5869894099848714 0.39231327048585934 0.586232980332829 0.392675852066715 0.6111951588502269 0.39231327048585934 0.6119515885022693
0 0.47280638143582304 0.9296520423600605 0.3567802755620014 0.9296520423600605 0.35641769398114576 0.6187594553706506 0.3944887599709935 0.6180030257186082 0.39485134155184914 0.5869894099848714 0.47280638143582304 0.586232980332829 0.47316896301667877 0.9288956127080181 0.47280638143582304 0.9296520423600605