0 0.7007672634271099 0.38683274021352315 0.6086956521739131 0.38683274021352315 0.6074168797953964 0.3861209964412811 0.6048593350383632 0.3861209964412811 0.6035805626598465 0.38540925266903914 0.59846547314578 0.38540925266903914 0.5971867007672634 0.38469750889679716 0.5869565217391305 0.38469750889679716 0.5856777493606138 0.3839857651245552 0.5805626598465473 0.3839857651245552 0.5792838874680307 0.38327402135231314 0.5754475703324808 0.38327402135231314 0.5741687979539642 0.38256227758007116 0.5703324808184144 0.38256227758007116 0.5690537084398977 0.3818505338078292 0.5588235294117647 0.3818505338078292 0.5575447570332481 0.3811387900355872 0.5524296675191815 0.3811387900355872 0.551150895140665 0.38042704626334517 0.5460358056265985 0.38042704626334517 0.5447570332480819 0.3797153024911032 0.5421994884910486 0.3797153024911032 0.540920716112532 0.3790035587188612 0.5294117647058824 0.3790035587188612 0.5281329923273658 0.37829181494661923 0.5242966751918159 0.37829181494661923 0.5230179028132992 0.3775800711743772 0.5179028132992327 0.3775800711743772 0.5166240409207161 0.3768683274021352 0.5127877237851662 0.3768683274021352 0.5115089514066496 0.37615658362989324 0.5012787723785166 0.37615658362989324 0.5 0.37544483985765126 0.4961636828644501 0.37544483985765126 0.4948849104859335 0.3747330960854093 0.489769820971867 0.3747330960854093 0.4884910485933504 0.37402135231316724 0.4833759590792839 0.37402135231316724 0.4820971867007673 0.37330960854092526 0.4731457800511509 0.37330960854092526 0.4718670076726343 0.3725978647686833 0.46675191815856776 0.3725978647686833 0.46547314578005117 0.3718861209964413 0.4616368286445013 0.3718861209964413 0.46035805626598464 0.37117437722419927 0.45012787723785164 0.37117437722419927 0.44884910485933505 0.3704626334519573 0.44501278772378516 0.3704626334519573 0.4437340153452685 0.3697508896797153 0.43861892583120204 0.3697508896797153 0.4373401534526854 0.36903914590747333 0.4322250639386189 0.36903914590747333 0.4309462915601023 0.3683274021352313 0.42071611253196933 0.3683274021352313 0.4194373401534527 0.3676156583629893 0.4156010230179028 0.3676156583629893 0.4143222506393862 0.36690391459074734 0.41048593350383633 0.36690391459074734 0.4092071611253197 0.36619217081850536 0.4040920716112532 0.36619217081850536 0.40281329923273657 0.3654804270462633 0.39258312020460356 0.3654804270462633 0.391304347826087 0.36476868327402134 0.3874680306905371 0.36476868327402134 0.38618925831202044 0.36405693950177936 0.38235294117647056 0.36405693950177936 0.38107416879795397 0.3633451957295374 0.37595907928388744 0.3633451957295374 0.37468030690537085 0.36263345195729535 0.36445012787723785 0.36263345195729535 0.3631713554987212 0.36192170818505337 0.35805626598465473 0.36192170818505337 0.3567774936061381 0.3612099644128114 0.35294117647058826 0.3612099644128114 0.3516624040920716 0.3604982206405694 0.3414322250639386 0.3604982206405694 0.340153452685422 0.3597864768683274 0.3350383631713555 0.3597864768683274 0.3337595907928389 0.3590747330960854 0.329923273657289 0.3590747330960854 0.32864450127877237 0.3583629893238434 0.3248081841432225 0.3583629893238434 0.3235294117647059 0.35765124555160144 0.3132992327365729 0.35765124555160144 0.31202046035805625 0.35693950177935946 0.3069053708439898 0.35693950177935946 0.30562659846547313 0.3562277580071174 0.30179028132992325 0.3562277580071174 0.30051150895140666 0.35551601423487544 0.29539641943734013 0.35551601423487544 0.29411764705882354 0.35480427046263346 0.2851662404092072 0.35480427046263346 0.28388746803069054 0.3540925266903915 0.27877237851662406 0.3540925266903915 0.2774936061381074 0.35338078291814945 0.27237851662404094 0.35338078291814945 0.2710997442455243 0.35266903914590747 0.2672634271099744 0.35266903914590747 0.2659846547314578 0.3519572953736655 0.2557544757033248 0.3519572953736655 0.2544757033248082 0.3512455516014235 0.2506393861892583 0.3512455516014235 0.24936061381074168 0.3505338078291815 0.2442455242966752 0.3505338078291815 0.24296675191815856 0.3498220640569395 0.23785166240409208 0.3498220640569395 0.23657289002557544 0.3491103202846975 0.22762148337595908 0.3491103202846975 0.22634271099744246 0.34839857651245554 0.22122762148337596 0.34839857651245554 0.22186700767263426 0.3416370106761566 0.2231457800511509 0.3409252669039146 0.2231457800511509 0.33807829181494664 0.22442455242966752 0.3373665480427046 0.22442455242966752 0.33451957295373663 0.22570332480818414 0.33380782918149465 0.22570332480818414 0.3309608540925267 0.22698209718670076 0.3302491103202847 0.22698209718670076 0.32455516014234875 0.22826086956521738 0.3238434163701068 0.22826086956521738 0.3209964412811388 0.22953964194373402 0.3202846975088968 0.22953964194373402 0.31743772241992885 0.23081841432225064 0.3167259786476868 0.23081841432225064 0.3145907473309609 0.23209718670076726 0.31387900355871884 0.23209718670076726 0.3074733096085409 0.23337595907928388 0.30676156583629893 0.23337595907928388 0.30391459074733096 0.23465473145780052 0.303202846975089 0.23465473145780052 0.301067615658363 0.23593350383631714 0.300355871886121 0.23593350383631714 0.29750889679715303 0.23721227621483376 0.29679715302491105 0.23721227621483376 0.29039145907473307 0.23849104859335038 0.2896797153024911 0.23849104859335038 0.2875444839857651 0.239769820971867 0.2868327402135231 0.239769820971867 0.28398576512455515 0.24104859335038364 0.28327402135231317 0.24104859335038364 0.2775800711743772 0.24232736572890026 0.27686832740213524 0.24232736572890026 0.27402135231316727 0.24360613810741688 0.2733096085409253 0.24360613810741688 0.2704626334519573 0.2448849104859335 0.2697508896797153 0.2448849104859335 0.2669039145907473 0.24616368286445012 0.2661921708185053 0.24616368286445012 0.2604982206405694 0.24744245524296676 0.2597864768683274 0.24744245524296676 0.2569395017793594 0.24872122762148338 0.25622775800711745 0.24872122762148338 0.25338078291814947 0.25 0.2526690391459075 0.25 0.2498220640569395 0.25127877237851665 0.2491103202846975 0.25127877237851665 0.24270462633451959 0.25255754475703324 0.24199288256227758 0.25255754475703324 0.2398576512455516 0.2538363171355499 0.2391459074733096 0.2538363171355499 0.23629893238434163 0.2551150895140665 0.23558718861209965 0.2551150895140665 0.23274021352313168 0.2563938618925831 0.23202846975088967 0.2563938618925831 0.22633451957295372 0.25767263427109977 0.22562277580071174 0.25767263427109977 0.22277580071174377 0.25895140664961636 0.2220640569395018 0.25895140664961636 0.21921708185053382 0.260230179028133 0.2185053380782918 0.260230179028133 0.21281138790035586 0.2615089514066496 0.21209964412811388 0.2615089514066496 0.2092526690391459 0.26278772378516624 0.2085409252669039 0.26278772378516624 0.20569395017793593 0.2640664961636829 0.20498220640569395 0.2640664961636829 0.20213523131672598 0.2653452685421995 0.201423487544484 0.2653452685421995 0.19572953736654805 0.2666240409207161 0.19501779359430604 0.2666240409207161 0.19217081850533807 0.2679028132992327 0.1914590747330961 0.2679028132992327 0.18861209964412812 0.26918158567774936 0.1879003558718861 0.26918158567774936 0.18576512455516014 0.270460358056266 0.18505338078291814 0.270460358056266 0.1786476868327402 0.2717391304347826 0.17793594306049823 0.2717391304347826 0.17508896797153026 0.27301790281329924 0.17437722419928825 0.27301790281329924 0.17224199288256228 0.27429667519181583 0.17153024911032028 0.27429667519181583 0.1686832740213523 0.2755754475703325 0.16797153024911032 0.2755754475703325 0.1615658362989324 0.2768542199488491 0.1608540925266904 0.2768542199488491 0.15800711743772242 0.7007672634271099 0.15765124555160143 0.7014066496163683 0.38647686832740213 0.7007672634271099 0.38683274021352315
0 0.9450127877237852 0.38683274021352315 0.710997442455243 0.38683274021352315 0.7103580562659847 0.15800711743772242 0.9450127877237852 0.15765124555160143 0.9456521739130435 0.38647686832740213 0.9450127877237852 0.38683274021352315
0 0.6086956521739131 0.5398576512455516 0.6023017902813299 0.5398576512455516 0.6010230179028133 0.5391459074733096 0.5946291560102301 0.5391459074733096 0.5933503836317136 0.5384341637010677 0.5856777493606138 0.5384341637010677 0.5843989769820972 0.5377224199288256 0.5703324808184144 0.5377224199288256 0.5690537084398977 0.5370106761565836 0.5613810741687979 0.5370106761565836 0.5601023017902813 0.5362989323843417 0.5537084398976982 0.5362989323843417 0.5524296675191815 0.5355871886120996 0.5460358056265985 0.5355871886120996 0.5447570332480819 0.5348754448398576 0.5294117647058824 0.5348754448398576 0.5281329923273658 0.5341637010676157 0.5217391304347826 0.5341637010676157 0.520460358056266 0.5334519572953736 0.5127877237851662 0.5334519572953736 0.5115089514066496 0.5327402135231317 0.5051150895140665 0.5327402135231317 0.5038363171355499 0.5320284697508897 0.4884910485933504 0.5320284697508897 0.48721227621483376 0.5313167259786477 0.48081841432225064 0.5313167259786477 0.479539641943734 0.5306049822064057 0.4744245524296675 0.5306049822064057 0.4731457800511509 0.5298932384341637 0.4616368286445013 0.5298932384341637 0.46035805626598464 0.5291814946619217 0.45524296675191817 0.5291814946619217 0.4539641943734015 0.5284697508896797 0.45012787723785164 0.5284697508896797 0.44884910485933505 0.5277580071174377 0.4424552429667519 0.5277580071174377 0.4411764705882353 0.5270462633451958 0.4309462915601023 0.5270462633451958 0.4296675191815857 0.5263345195729537 0.42455242966751916 0.5263345195729537 0.42327365728900257 0.5256227758007117 0.41815856777493604 0.5256227758007117 0.41687979539641945 0.5249110320284698 0.4117647058823529 0.5249110320284698 0.41048593350383633 0.5241992882562277 0.3989769820971867 0.5241992882562277 0.3976982097186701 0.5234875444839857 0.39258312020460356 0.5234875444839857 0.391304347826087 0.5227758007117438 0.3874680306905371 0.5227758007117438 0.38618925831202044 0.5220640569395018 0.38107416879795397 0.5220640569395018 0.3797953964194373 0.5213523131672598 0.36828644501278773 0.5213523131672598 0.3670076726342711 0.5206405693950178 0.3618925831202046 0.5206405693950178 0.36061381074168797 0.5199288256227758 0.3554987212276215 0.5199288256227758 0.35421994884910485 0.5192170818505338 0.3491048593350384 0.5192170818505338 0.34782608695652173 0.5185053380782918 0.33631713554987214 0.5185053380782918 0.3350383631713555 0.5177935943060499 0.32864450127877237 0.5177935943060499 0.3273657289002558 0.5170818505338078 0.3235294117647059 0.5170818505338078 0.32225063938618925 0.5163701067615658 0.309462915601023 0.5163701067615658 0.30818414322250637 0.5156583629893239 0.30434782608695654 0.5156583629893239 0.3030690537084399 0.5149466192170818 0.2979539641943734 0.5149466192170818 0.2966751918158568 0.5142348754448398 0.29028132992327366 0.5142348754448398 0.289002557544757 0.5135231316725979 0.2774936061381074 0.5135231316725979 0.27621483375959077 0.5128113879003559 0.2710997442455243 0.5128113879003559 0.26982097186700765 0.5120996441281139 0.2659846547314578 0.5120996441281139 0.2647058823529412 0.5113879003558719 0.25831202046035806 0.5113879003558719 0.2570332480818414 0.5106761565836299 0.24680306905370844 0.5106761565836299 0.24552429667519182 0.5099644128113879 0.2391304347826087 0.5099644128113879 0.23785166240409208 0.5092526690391459 0.23273657289002558 0.5092526690391459 0.23145780051150894 0.5085409252669039 0.22634271099744246 0.5085409252669039 0.22506393861892582 0.5078291814946619 0.21355498721227623 0.5078291814946619 0.21227621483375958 0.5071174377224199 0.2071611253196931 0.5071174377224199 0.20588235294117646 0.506405693950178 0.20076726342711 0.506405693950178 0.19948849104859334 0.505693950177936 0.18797953964194372 0.505693950177936 0.1867007672634271 0.5049822064056939 0.1815856777493606 0.5049822064056939 0.18030690537084398 0.504270462633452 0.17391304347826086 0.504270462633452 0.1745524296675192 0.500355871886121 0.1758312020460358 0.499644128113879 0.1758312020460358 0.49750889679715304 0.17710997442455242 0.496797153024911 0.17710997442455242 0.49395017793594304 0.17838874680306904 0.49323843416370106 0.17838874680306904 0.48683274021352313 0.1796675191815857 0.48612099644128115 0.1796675191815857 0.48398576512455516 0.1809462915601023 0.4832740213523132 0.1809462915601023 0.4804270462633452 0.18222506393861893 0.4797153024911032 0.18222506393861893 0.47686832740213525 0.18350383631713554 0.4761565836298932 0.18350383631713554 0.47046263345195727 0.18478260869565216 0.4697508896797153 0.18478260869565216 0.4669039145907473 0.1860613810741688 0.46619217081850534 0.1860613810741688 0.46334519572953736 0.18734015345268543 0.4626334519572954 0.18734015345268543 0.4597864768683274 0.18861892583120204 0.45907473309608543 0.18861892583120204 0.4533807829181495 0.18989769820971866 0.45266903914590745 0.18989769820971866 0.4498220640569395 0.19117647058823528 0.4491103202846975 0.19117647058823528 0.4462633451957295 0.19245524296675193 0.44555160142348754 0.19245524296675193 0.44341637010676155 0.19373401534526855 0.44270462633451957 0.19373401534526855 0.43629893238434164 0.19501278772378516 0.43558718861209966 0.19501278772378516 0.43345195729537367 0.19629156010230178 0.4327402135231317 0.19629156010230178 0.4298932384341637 0.19757033248081843 0.4291814946619217 0.19757033248081843 0.42277580071174375 0.19884910485933505 0.4220640569395018 0.19884910485933505 0.4199288256227758 0.20012787723785166 0.4192170818505338 0.20012787723785166 0.41637010676156583 0.20140664961636828 0.41565836298932385 0.20140664961636828 0.4128113879003559 0.2026854219948849 0.4120996441281139 0.2026854219948849 0.40640569395017795 0.20396419437340155 0.40569395017793597 0.20396419437340155 0.402846975088968 0.20524296675191817 0.40213523131672596 0.20524296675191817 0.399288256227758 0.20652173913043478 0.398576512455516 0.20652173913043478 0.39572953736654803 0.2078005115089514 0.39501779359430605 0.2078005115089514 0.3893238434163701 0.20907928388746802 0.38861209964412813 0.20907928388746802 0.38576512455516015 0.21035805626598467 0.3850533807829182 0.21035805626598467 0.3822064056939502 0.21163682864450128 0.38149466192170817 0.21163682864450128 0.37935943060498223 0.2129156010230179 0.3786476868327402 0.2129156010230179 0.37224199288256227 0.21419437340153452 0.3715302491103203 0.21419437340153452 0.3686832740213523 0.21547314578005114 0.36797153024911033 0.21547314578005114 0.36583629893238434 0.21675191815856779 0.36512455516014236 0.21675191815856779 0.35871886120996443 0.2180306905370844 0.3580071174377224 0.2180306905370844 0.3551601423487544 0.21930946291560102 0.35444839857651245 0.21930946291560102 0.35231316725978645 0.22058823529411764 0.3516014234875445 0.22058823529411764 0.3487544483985765 0.22634271099744246 0.34839857651245554 0.22762148337595908 0.3491103202846975 0.23657289002557544 0.3491103202846975 0.23785166240409208 0.3498220640569395 0.24296675191815856 0.3498220640569395 0.2442455242966752 0.3505338078291815 0.24936061381074168 0.3505338078291815 0.2506393861892583 0.3512455516014235 0.2544757033248082 0.3512455516014235 0.2557544757033248 0.3519572953736655 0.2659846547314578 0.3519572953736655 0.2672634271099744 0.35266903914590747 0.2710997442455243 0.35266903914590747 0.27237851662404094 0.35338078291814945 0.2774936061381074 0.35338078291814945 0.27877237851662406 0.3540925266903915 0.28388746803069054 0.3540925266903915 0.2851662404092072 0.35480427046263346 0.29411764705882354 0.35480427046263346 0.29539641943734013 0.35551601423487544 0.30051150895140666 0.35551601423487544 0.30179028132992325 0.3562277580071174 0.30562659846547313 0.3562277580071174 0.3069053708439898 0.35693950177935946 0.31202046035805625 0.35693950177935946 0.3132992327365729 0.35765124555160144 0.3235294117647059 0.35765124555160144 0.3248081841432225 0.3583629893238434 0.32864450127877237 0.3583629893238434 0.329923273657289 0.3590747330960854 0.3337595907928389 0.3590747330960854 0.3350383631713555 0.3597864768683274 0.340153452685422 0.3597864768683274 0.3414322250639386 0.3604982206405694 0.3516624040920716 0.3604982206405694 0.35294117647058826 0.3612099644128114 0.3567774936061381 0.3612099644128114 0.35805626598465473 0.36192170818505337 0.3631713554987212 0.36192170818505337 0.36445012787723785 0.36263345195729535 0.37468030690537085 0.36263345195729535 0.37595907928388744 0.3633451957295374 0.38107416879795397 0.3633451957295374 0.38235294117647056 0.36405693950177936 0.38618925831202044 0.36405693950177936 0.3874680306905371 0.36476868327402134 0.391304347826087 0.36476868327402134 0.39258312020460356 0.3654804270462633 0.40281329923273657 0.3654804270462633 0.4040920716112532 0.36619217081850536 0.4092071611253197 0.36619217081850536 0.41048593350383633 0.36690391459074734 0.4143222506393862 0.36690391459074734 0.4156010230179028 0.3676156583629893 0.4194373401534527 0.3676156583629893 0.42071611253196933 0.3683274021352313 0.4309462915601023 0.3683274021352313 0.4322250639386189 0.36903914590747333 0.4373401534526854 0.36903914590747333 0.43861892583120204 0.3697508896797153 0.4437340153452685 0.3697508896797153 0.44501278772378516 0.3704626334519573 0.44884910485933505 0.3704626334519573 0.45012787723785164 0.37117437722419927 0.46035805626598464 0.37117437722419927 0.4616368286445013 0.3718861209964413 0.46547314578005117 0.3718861209964413 0.46675191815856776 0.3725978647686833 0.4718670076726343 0.3725978647686833 0.4731457800511509 0.37330960854092526 0.4820971867007673 0.37330960854092526 0.4833759590792839 0.37402135231316724 0.4884910485933504 0.37402135231316724 0.489769820971867 0.3747330960854093 0.4948849104859335 0.3747330960854093 0.4961636828644501 0.37544483985765126 0.5 0.37544483985765126 0.5012787723785166 0.37615658362989324 0.5115089514066496 0.37615658362989324 0.5127877237851662 0.3768683274021352 0.5166240409207161 0.3768683274021352 0.5179028132992327 0.3775800711743772 0.5230179028132992 0.3775800711743772 0.5242966751918159 0.37829181494661923 0.5281329923273658 0.37829181494661923 0.5294117647058824 0.3790035587188612 0.540920716112532 0.3790035587188612 0.5421994884910486 0.3797153024911032 0.5447570332480819 0.3797153024911032 0.5460358056265985 0.38042704626334517 0.551150895140665 0.38042704626334517 0.5524296675191815 0.3811387900355872 0.5575447570332481 0.3811387900355872 0.5588235294117647 0.3818505338078292 0.5690537084398977 0.3818505338078292 0.5703324808184144 0.38256227758007116 0.5741687979539642 0.38256227758007116 0.5754475703324808 0.38327402135231314 0.5792838874680307 0.38327402135231314 0.5805626598465473 0.3839857651245552 0.5856777493606138 0.3839857651245552 0.5869565217391305 0.38469750889679716 0.5971867007672634 0.38469750889679716 0.59846547314578 0.38540925266903914 0.6035805626598465 0.38540925266903914 0.6048593350383632 0.3861209964412811 0.6074168797953964 0.3861209964412811 0.6093350383631714 0.3871886120996441 0.6093350383631714 0.5395017793594306 0.6086956521739131 0.5398576512455516
0 0.7659846547314578 0.5526690391459075 0.618925831202046 0.5526690391459075 0.6182864450127877 0.3921708185053381 0.9450127877237852 0.39181494661921706 0.9456521739130435 0.46334519572953736 0.8375959079283888 0.4637010676156584 0.8024296675191815 0.4832740213523132 0.7838874680306905 0.49430604982206405 0.7819693094629157 0.49466192170818507 0.7666240409207161 0.5039145907473309 0.7666240409207161 0.5523131672597865 0.7659846547314578 0.5526690391459075
0 0.9360613810741688 0.5512455516014235 0.7800511508951407 0.5512455516014235 0.7794117647058824 0.5081850533807829 0.7819693094629157 0.5067615658362989 0.782608695652174 0.505693950177936 0.7870843989769821 0.5039145907473309 0.7877237851662404 0.5028469750889679 0.7921994884910486 0.501067615658363 0.7928388746803069 0.5 0.7973145780051151 0.498220640569395 0.7979539641943734 0.497153024911032 0.8024296675191815 0.49537366548042705 0.80306905370844 0.49430604982206405 0.8062659846547314 0.49323843416370106 0.8069053708439897 0.49217081850533806 0.8113810741687979 0.4903914590747331 0.8433503836317136 0.4718861209964413 0.8439897698209718 0.4708185053380783 0.9360613810741688 0.4708185053380783 0.9367007672634271 0.5508896797153024 0.9360613810741688 0.5512455516014235
0 0.30562659846547313 0.593238434163701 0.30434782608695654 0.5925266903914591 0.30051150895140666 0.5925266903914591 0.29923273657289 0.5918149466192171 0.29411764705882354 0.5918149466192171 0.2928388746803069 0.591103202846975 0.2813299232736573 0.591103202846975 0.28005115089514065 0.5903914590747331 0.27621483375959077 0.5903914590747331 0.2749360613810742 0.5896797153024911 0.26982097186700765 0.5896797153024911 0.26854219948849106 0.5889679715302492 0.2570332480818414 0.5889679715302492 0.2557544757033248 0.5882562277580071 0.25191815856777494 0.5882562277580071 0.2506393861892583 0.5875444839857651 0.24552429667519182 0.5875444839857651 0.2442455242966752 0.5868327402135232 0.2391304347826087 0.5868327402135232 0.23785166240409208 0.5861209964412811 0.22634271099744246 0.5861209964412811 0.22506393861892582 0.5854092526690391 0.21994884910485935 0.5854092526690391 0.2186700767263427 0.5846975088967972 0.21355498721227623 0.5846975088967972 0.21227621483375958 0.5839857651245551 0.20843989769820973 0.5839857651245551 0.2071611253196931 0.5832740213523132 0.1956521739130435 0.5832740213523132 0.19437340153452684 0.5825622775800712 0.18925831202046037 0.5825622775800712 0.18797953964194372 0.5818505338078291 0.18414322250639387 0.5818505338078291 0.18286445012787725 0.5811387900355872 0.17774936061381075 0.5811387900355872 0.17647058823529413 0.5804270462633452 0.1649616368286445 0.5804270462633452 0.1636828644501279 0.5797153024911033 0.159846547314578 0.5797153024911033 0.1585677749360614 0.5790035587188612 0.15217391304347827 0.5790035587188612 0.15281329923273657 0.5758007117437722 0.15409207161125318 0.5750889679715302 0.15409207161125318 0.5686832740213523 0.15537084398976983 0.5679715302491103 0.15537084398976983 0.5651245551601424 0.15664961636828645 0.5644128113879003 0.15664961636828645 0.5622775800711743 0.15792838874680307 0.5615658362989324 0.15792838874680307 0.5587188612099644 0.15920716112531969 0.5580071174377225 0.15920716112531969 0.5516014234875445 0.1604859335038363 0.5508896797153024 0.1604859335038363 0.5487544483985766 0.16176470588235295 0.5480427046263345 0.16176470588235295 0.5451957295373665 0.16304347826086957 0.5444839857651246 0.16304347826086957 0.5416370106761565 0.16432225063938619 0.5409252669039146 0.16432225063938619 0.5352313167259787 0.1656010230179028 0.5345195729537366 0.1656010230179028 0.5316725978647687 0.16687979539641945 0.5309608540925267 0.16687979539641945 0.5281138790035588 0.16815856777493607 0.5274021352313167 0.16815856777493607 0.5245551601423487 0.1694373401534527 0.5238434163701068 0.1694373401534527 0.5181494661921708 0.1707161125319693 0.5174377224199288 0.1707161125319693 0.5145907473309609 0.17199488491048592 0.5138790035587188 0.17199488491048592 0.5110320284697509 0.17774936061381075 0.5106761565836299 0.17902813299232737 0.5113879003558719 0.18542199488491048 0.5113879003558719 0.1867007672634271 0.5120996441281139 0.1918158567774936 0.5120996441281139 0.19309462915601022 0.5128113879003559 0.19820971867007672 0.5128113879003559 0.19948849104859334 0.5135231316725979 0.21227621483375958 0.5135231316725979 0.21355498721227623 0.5142348754448398 0.21739130434782608 0.5142348754448398 0.2186700767263427 0.5149466192170818 0.22506393861892582 0.5149466192170818 0.22634271099744246 0.5156583629893239 0.23145780051150894 0.5156583629893239 0.23273657289002558 0.5163701067615658 0.2442455242966752 0.5163701067615658 0.24552429667519182 0.5170818505338078 0.2506393861892583 0.5170818505338078 0.25191815856777494 0.5177935943060499 0.2570332480818414 0.5177935943060499 0.25831202046035806 0.5185053380782918 0.2710997442455243 0.5185053380782918 0.27237851662404094 0.5192170818505338 0.2774936061381074 0.5192170818505338 0.27877237851662406 0.5199288256227758 0.28388746803069054 0.5199288256227758 0.2851662404092072 0.5206405693950178 0.289002557544757 0.5206405693950178 0.29028132992327366 0.5213523131672598 0.3030690537084399 0.5213523131672598 0.30434782608695654 0.5220640569395018 0.30818414322250637 0.5220640569395018 0.309462915601023 0.5227758007117438 0.3145780051150895 0.5227758007117438 0.31585677749360613 0.5234875444839857 0.3209718670076726 0.5234875444839857 0.32225063938618925 0.5241992882562277 0.3273657289002558 0.5241992882562277 0.3280051150895141 0.5266903914590747 0.32672634271099743 0.5274021352313167 0.32672634271099743 0.5302491103202847 0.32544757033248084 0.5309608540925267 0.32544757033248084 0.5330960854092527 0.3241687979539642 0.5338078291814946 0.3241687979539642 0.5395017793594306 0.32289002557544755 0.5402135231316726 0.32289002557544755 0.5423487544483986 0.32161125319693096 0.5430604982206406 0.32161125319693096 0.5451957295373665 0.3203324808184143 0.5459074733096085 0.3203324808184143 0.5487544483985766 0.3190537084398977 0.5494661921708185 0.3190537084398977 0.5551601423487544 0.3177749360613811 0.5558718861209965 0.3177749360613811 0.5587188612099644 0.31649616368286443 0.5594306049822064 0.31649616368286443 0.5615658362989324 0.31521739130434784 0.5622775800711743 0.31521739130434784 0.5644128113879003 0.3139386189258312 0.5651245551601424 0.3139386189258312 0.5708185053380783 0.3126598465473146 0.5715302491103202 0.3126598465473146 0.5736654804270462 0.31138107416879796 0.5743772241992883 0.31138107416879796 0.5772241992882562 0.3101023017902813 0.5779359430604982 0.3101023017902813 0.5800711743772242 0.3088235294117647 0.5807829181494661 0.3088235294117647 0.5857651245551602 0.3075447570332481 0.5864768683274021 0.3075447570332481 0.5893238434163701 0.3062659846547315 0.5900355871886122 0.3062659846547315 0.5928825622775801 0.30562659846547313 0.593238434163701
0 0.4680306905370844 0.607473309608541 0.4616368286445013 0.607473309608541 0.46035805626598464 0.6067615658362989 0.45524296675191817 0.6067615658362989 0.4539641943734015 0.6060498220640569 0.45012787723785164 0.6060498220640569 0.44884910485933505 0.605338078291815 0.4437340153452685 0.605338078291815 0.4424552429667519 0.6046263345195729 0.4309462915601023 0.6046263345195729 0.4296675191815857 0.603914590747331 0.42455242966751916 0.603914590747331 0.42327365728900257 0.603202846975089 0.41815856777493604 0.603202846975089 0.41687979539641945 0.6024911032028469 0.40664961636828645 0.6024911032028469 0.4053708439897698 0.601779359430605 0.40025575447570333 0.601779359430605 0.3989769820971867 0.601067615658363 0.39258312020460356 0.601067615658363 0.391304347826087 0.600355871886121 0.3874680306905371 0.600355871886121 0.38618925831202044 0.599644128113879 0.37468030690537085 0.599644128113879 0.3734015345268542 0.598932384341637 0.36828644501278773 0.598932384341637 0.3670076726342711 0.5982206405693951 0.3631713554987212 0.5982206405693951 0.3618925831202046 0.597508896797153 0.3554987212276215 0.597508896797153 0.35421994884910485 0.596797153024911 0.34398976982097185 0.596797153024911 0.34271099744245526 0.5960854092526691 0.3375959079283887 0.5960854092526691 0.33631713554987214 0.595373665480427 0.3312020460358056 0.595373665480427 0.329923273657289 0.5946619217081851 0.3248081841432225 0.5946619217081851 0.3235294117647059 0.5939501779359431 0.319693094629156 0.5939501779359431 0.3190537084398977 0.5879003558718862 0.3203324808184143 0.5871886120996441 0.3203324808184143 0.5850533807829181 0.32161125319693096 0.5843416370106762 0.32161125319693096 0.5814946619217082 0.32289002557544755 0.5807829181494661 0.32289002557544755 0.5786476868327403 0.3241687979539642 0.5779359430604982 0.3241687979539642 0.5729537366548043 0.32544757033248084 0.5722419928825623 0.32544757033248084 0.5693950177935944 0.32672634271099743 0.5686832740213523 0.32672634271099743 0.5665480427046263 0.3280051150895141 0.5658362989323843 0.3280051150895141 0.5594306049822064 0.32928388746803067 0.5587188612099644 0.32928388746803067 0.5565836298932384 0.3305626598465473 0.5558718861209965 0.3305626598465473 0.5537366548042705 0.33184143222506396 0.5530249110320284 0.33184143222506396 0.5508896797153024 0.33312020460358055 0.5501779359430605 0.33312020460358055 0.5444839857651246 0.3343989769820972 0.5437722419928825 0.3343989769820972 0.5409252669039146 0.3356777493606138 0.5402135231316726 0.3356777493606138 0.5380782918149466 0.33695652173913043 0.5373665480427047 0.33695652173913043 0.5352313167259787 0.3382352941176471 0.5345195729537366 0.3382352941176471 0.5288256227758007 0.33951406649616367 0.5281138790035588 0.33951406649616367 0.5252669039145907 0.34654731457800514 0.5256227758007117 0.34782608695652173 0.5263345195729537 0.3516624040920716 0.5263345195729537 0.35294117647058826 0.5270462633451958 0.36445012787723785 0.5270462633451958 0.3657289002557545 0.5277580071174377 0.37084398976982097 0.5277580071174377 0.3721227621483376 0.5284697508896797 0.37595907928388744 0.5284697508896797 0.3772378516624041 0.5291814946619217 0.38235294117647056 0.5291814946619217 0.3836317135549872 0.5298932384341637 0.39514066496163686 0.5298932384341637 0.39641943734015345 0.5306049822064057 0.40025575447570333 0.5306049822064057 0.40153452685422 0.5313167259786477 0.40664961636828645 0.5313167259786477 0.4079283887468031 0.5320284697508897 0.4194373401534527 0.5320284697508897 0.42071611253196933 0.5327402135231317 0.42455242966751916 0.5327402135231317 0.4258312020460358 0.5334519572953736 0.4309462915601023 0.5334519572953736 0.4322250639386189 0.5341637010676157 0.4373401534526854 0.5341637010676157 0.43861892583120204 0.5348754448398576 0.44884910485933505 0.5348754448398576 0.45012787723785164 0.5355871886120996 0.45524296675191817 0.5355871886120996 0.45652173913043476 0.5362989323843417 0.4616368286445013 0.5362989323843417 0.4629156010230179 0.5370106761565836 0.4680306905370844 0.5370106761565836 0.4686700767263427 0.6071174377224199 0.4680306905370844 0.607473309608541
0 0.6675191815856778 0.7170818505338078 0.479539641943734 0.7170818505338078 0.4789002557544757 0.6149466192170818 0.48017902813299235 0.6142348754448399 0.48017902813299235 0.6092526690391459 0.4789002557544757 0.608540925266904 0.4789002557544757 0.5309608540925267 0.48721227621483376 0.5313167259786477 0.4884910485933504 0.5320284697508897 0.5038363171355499 0.5320284697508897 0.5051150895140665 0.5327402135231317 0.5115089514066496 0.5327402135231317 0.5127877237851662 0.5334519572953736 0.520460358056266 0.5334519572953736 0.5217391304347826 0.5341637010676157 0.5281329923273658 0.5341637010676157 0.5294117647058824 0.5348754448398576 0.5447570332480819 0.5348754448398576 0.5460358056265985 0.5355871886120996 0.5524296675191815 0.5355871886120996 0.5537084398976982 0.5362989323843417 0.5601023017902813 0.5362989323843417 0.5613810741687979 0.5370106761565836 0.5690537084398977 0.5370106761565836 0.5703324808184144 0.5377224199288256 0.5843989769820972 0.5377224199288256 0.5856777493606138 0.5384341637010677 0.5933503836317136 0.5384341637010677 0.5946291560102301 0.5391459074733096 0.6010230179028133 0.5391459074733096 0.6023017902813299 0.5398576512455516 0.6086956521739131 0.5398576512455516 0.6093350383631714 0.6476868327402135 0.6675191815856778 0.6480427046263345 0.6681585677749361 0.7167259786476868 0.6675191815856778 0.7170818505338078
0 0.9450127877237852 0.7740213523131673 0.6777493606138107 0.7740213523131673 0.6771099744245525 0.6434163701067616 0.618925831202046 0.6430604982206406 0.6182864450127877 0.5580071174377225 0.9450127877237852 0.5576512455516014 0.9456521739130435 0.7736654804270463 0.9450127877237852 0.7740213523131673
0 0.4680306905370844 0.7740213523131673 0.09462915601023018 0.7740213523131673 0.09526854219948849 0.7701067615658364 0.09654731457800511 0.7693950177935943 0.09654731457800511 0.7637010676156584 0.09782608695652174 0.7629893238434163 0.09782608695652174 0.7601423487544484 0.09910485933503836 0.7594306049822064 0.09910485933503836 0.7565836298932385 0.100383631713555 0.7558718861209964 0.100383631713555 0.7530249110320285 0.10166240409207161 0.7523131672597865 0.10166240409207161 0.7466192170818505 0.10294117647058823 0.7459074733096085 0.10294117647058823 0.7430604982206406 0.10421994884910486 0.7423487544483985 0.10421994884910486 0.7395017793594306 0.10549872122762148 0.7387900355871886 0.10549872122762148 0.7359430604982207 0.10677749360613811 0.7352313167259786 0.10677749360613811 0.7288256227758008 0.10805626598465473 0.7281138790035587 0.10805626598465473 0.7259786476868327 0.10933503836317135 0.7252669039145907 0.10933503836317135 0.7224199288256228 0.11061381074168798 0.7217081850533807 0.11061381074168798 0.7153024911032029 0.1118925831202046 0.7145907473309608 0.1118925831202046 0.7124555160142348 0.11317135549872123 0.7117437722419929 0.11317135549872123 0.7088967971530249 0.11445012787723785 0.708185053380783 0.11445012787723785 0.7053380782918149 0.11572890025575447 0.7046263345195729 0.11572890025575447 0.698220640569395 0.1170076726342711 0.697508896797153 0.1170076726342711 0.6946619217081851 0.11828644501278772 0.693950177935943 0.11828644501278772 0.6911032028469751 0.11956521739130435 0.6903914590747331 0.11956521739130435 0.6882562277580071 0.12084398976982097 0.6875444839857652 0.12084398976982097 0.6811387900355872 0.1221227621483376 0.6804270462633452 0.1221227621483376 0.6775800711743772 0.12340153452685422 0.6768683274021352 0.12340153452685422 0.6747330960854092 0.12468030690537084 0.6740213523131673 0.12468030690537084 0.6711743772241993 0.12595907928388747 0.6704626334519573 0.12595907928388747 0.6640569395017794 0.1272378516624041 0.6633451957295373 0.1272378516624041 0.6604982206405694 0.1285166240409207 0.6597864768683274 0.1285166240409207 0.6569395017793594 0.12979539641943735 0.6562277580071174 0.12979539641943735 0.6505338078291815 0.13107416879795397 0.6498220640569395 0.13107416879795397 0.6469750889679715 0.1323529411764706 0.6462633451957296 0.1323529411764706 0.6434163701067616 0.1336317135549872 0.6427046263345195 0.1336317135549872 0.6398576512455516 0.13491048593350383 0.6391459074733096 0.13491048593350383 0.6334519572953736 0.13618925831202047 0.6327402135231317 0.13618925831202047 0.6298932384341637 0.1374680306905371 0.6291814946619217 0.1374680306905371 0.6270462633451958 0.1387468030690537 0.6263345195729537 0.1387468030690537 0.6227758007117438 0.14002557544757033 0.6220640569395017 0.14002557544757033 0.6156583629893239 0.14130434782608695 0.6149466192170818 0.14130434782608695 0.6128113879003558 0.1425831202046036 0.6120996441281139 0.1425831202046036 0.6092526690391459 0.1438618925831202 0.608540925266904 0.1438618925831202 0.6056939501779359 0.14514066496163683 0.604982206405694 0.14514066496163683 0.599288256227758 0.14641943734015345 0.598576512455516 0.14641943734015345 0.595729537366548 0.14769820971867006 0.5950177935943061 0.14769820971867006 0.592170818505338 0.1489769820971867 0.5914590747330961 0.1489769820971867 0.5893238434163701 0.15025575447570333 0.5886120996441281 0.15025575447570333 0.5857651245551602 0.1547314578005115 0.5854092526690391 0.15601023017902813 0.5861209964412811 0.16751918158567775 0.5861209964412811 0.16879795396419436 0.5868327402135232 0.17263427109974425 0.5868327402135232 0.17391304347826086 0.5875444839857651 0.17902813299232737 0.5875444839857651 0.18030690537084398 0.5882562277580071 0.18542199488491048 0.5882562277580071 0.1867007672634271 0.5889679715302492 0.1969309462915601 0.5889679715302492 0.19820971867007672 0.5896797153024911 0.2020460358056266 0.5896797153024911 0.20332480818414322 0.5903914590747331 0.20843989769820973 0.5903914590747331 0.20971867007672634 0.591103202846975 0.22122762148337596 0.591103202846975 0.22250639386189258 0.5918149466192171 0.22634271099744246 0.5918149466192171 0.22762148337595908 0.5925266903914591 0.23273657289002558 0.5925266903914591 0.2340153452685422 0.593238434163701 0.23785166240409208 0.593238434163701 0.2391304347826087 0.5939501779359431 0.2506393861892583 0.5939501779359431 0.25191815856777494 0.5946619217081851 0.2557544757033248 0.5946619217081851 0.2570332480818414 0.595373665480427 0.26214833759590794 0.595373665480427 0.26342710997442453 0.5960854092526691 0.26854219948849106 0.5960854092526691 0.26982097186700765 0.596797153024911 0.28005115089514065 0.596797153024911 0.2813299232736573 0.597508896797153 0.2851662404092072 0.597508896797153 0.2864450127877238 0.5982206405693951 0.2915601023017903 0.5982206405693951 0.2928388746803069 0.598932384341637 0.2979539641943734 0.598932384341637 0.29923273657289 0.599644128113879 0.309462915601023 0.599644128113879 0.31074168797953966 0.600355871886121 0.31585677749360613 0.600355871886121 0.3171355498721228 0.601067615658363 0.32225063938618925 0.601067615658363 0.3235294117647059 0.601779359430605 0.3273657289002558 0.601779359430605 0.32864450127877237 0.6024911032028469 0.3414322250639386 0.6024911032028469 0.34271099744245526 0.603202846975089 0.34654731457800514 0.603202846975089 0.34782608695652173 0.603914590747331 0.35294117647058826 0.603914590747331 0.35421994884910485 0.6046263345195729 0.3670076726342711 0.6046263345195729 0.36828644501278773 0.605338078291815 0.3721227621483376 0.605338078291815 0.3734015345268542 0.6060498220640569 0.37851662404092073 0.6060498220640569 0.3797953964194373 0.6067615658362989 0.38491048593350385 0.6067615658362989 0.38618925831202044 0.607473309608541 0.3976982097186701 0.607473309608541 0.3989769820971867 0.6081850533807829 0.4040920716112532 0.6081850533807829 0.4053708439897698 0.6088967971530249 0.41048593350383633 0.6088967971530249 0.4117647058823529 0.609608540925267 0.41687979539641945 0.609608540925267 0.41815856777493604 0.6103202846975089 0.4296675191815857 0.6103202846975089 0.4309462915601023 0.6110320284697509 0.43478260869565216 0.6110320284697509 0.4360613810741688 0.6117437722419928 0.4424552429667519 0.6117437722419928 0.4437340153452685 0.6124555160142349 0.44884910485933505 0.6124555160142349 0.45012787723785164 0.6131672597864769 0.46035805626598464 0.6131672597864769 0.4616368286445013 0.6138790035587188 0.4680306905370844 0.6138790035587188 0.4686700767263427 0.7736654804270463 0.4680306905370844 0.7740213523131673
0 0.6675191815856778 0.7740213523131673 0.479539641943734 0.7740213523131673 0.4789002557544757 0.7231316725978648 0.6675191815856778 0.7227758007117437 0.6681585677749361 0.7736654804270463 0.6675191815856778 0.7740213523131673
0 0.9450127877237852 0.9348754448398576 0.8273657289002557 0.9348754448398576 0.8267263427109974 0.7886120996441282 0.9450127877237852 0.7882562277580071 0.9456521739130435 0.9345195729537367 0.9450127877237852 0.9348754448398576