0 0.12094557449147883 0.2886666666666667 0.06816932380428807 0.2886666666666667 0.06789444749862562 0.16933333333333334 0.12094557449147883 0.16866666666666666 0.12122045079714129 0.288 0.12094557449147883 0.2886666666666667
0 0.17757009345794392 0.2886666666666667 0.12369433754810336 0.2886666666666667 0.1234194612424409 0.16933333333333334 0.17757009345794392 0.16866666666666666 0.17784496976360636 0.288 0.17757009345794392 0.2886666666666667
0 0.7361187465640462 0.5166666666666667 0.679494227597581 0.5166666666666667 0.6792193512919187 0.2866666666666667 0.7757009345794392 0.286 0.7759758108851017 0.45066666666666666 0.7614073666849918 0.4513333333333333 0.7550852116547554 0.4666666666666667 0.7548103353490929 0.4686666666666667 0.7539857064321056 0.4693333333333333 0.7531610775151182 0.4726666666666667 0.7523364485981309 0.47333333333333333 0.7484881803188566 0.484 0.7482133040131941 0.486 0.7465640461792193 0.4886666666666667 0.7454645409565696 0.48733333333333334 0.7446399120395822 0.48933333333333334 0.7429906542056075 0.49466666666666664 0.7413413963716328 0.5 0.7391423859263332 0.5066666666666667 0.7380428807036833 0.5106666666666667 0.7361187465640462 0.5166666666666667
0 0.8185816382627817 0.4513333333333333 0.7784496976360638 0.4513333333333333 0.7781748213304013 0.2866666666666667 0.8185816382627817 0.286 0.8188565145684442 0.45066666666666666 0.8185816382627817 0.4513333333333333
0 0.9593183067619572 0.49 0.8576140736668499 0.49 0.8573391973611875 0.46266666666666667 0.8471687740516768 0.462 0.8468938977460143 0.452 0.8207806487080813 0.4513333333333333 0.820505772402419 0.2866666666666667 0.9593183067619572 0.286 0.9595931830676195 0.48933333333333334 0.9593183067619572 0.49
0 0.3238042880703683 0.39666666666666667 0.28532160527762507 0.39666666666666667 0.2850467289719626 0.288 0.3238042880703683 0.28733333333333333 0.3240791643760308 0.396 0.3238042880703683 0.39666666666666667
0 0.3677844969763606 0.394 0.3276525563496427 0.394 0.3273776800439802 0.288 0.3677844969763606 0.28733333333333333 0.3680593732820231 0.3933333333333333 0.3677844969763606 0.394
0 0.41066520065970313 0.402 0.3727322704782848 0.402 0.3724573941726223 0.288 0.41066520065970313 0.28733333333333333 0.4109400769653656 0.4013333333333333 0.41066520065970313 0.402
0 0.45409565695437054 0.49133333333333334 0.42935678944474986 0.49133333333333334 0.4290819131390874 0.484 0.41506322155030234 0.48333333333333334 0.4147883452446399 0.288 0.4958768554150632 0.28733333333333333 0.4961517317207257 0.46266666666666667 0.45464540956569544 0.4633333333333333 0.45437053326003296 0.49066666666666664 0.45409565695437054 0.49133333333333334
0 0.5684442001099506 0.4633333333333333 0.4964266080263881 0.4633333333333333 0.4961517317207257 0.288 0.5684442001099506 0.28733333333333333 0.5687190764156129 0.46266666666666667 0.5684442001099506 0.4633333333333333
0 0.18196811434854315 0.63 0.06542056074766354 0.63 0.0651456844420011 0.3 0.18251786695986805 0.29933333333333334 0.1822429906542056 0.6293333333333333 0.18196811434854315 0.63
0 0.3523914238592633 0.53 0.28532160527762507 0.53 0.2850467289719626 0.4026666666666667 0.36558548653106104 0.402 0.36586036283672346 0.408 0.3798790544255085 0.4086666666666667 0.380153930731171 0.484 0.36998350742166025 0.4846666666666667 0.36311159978009894 0.5013333333333333 0.3559648158328752 0.52 0.35349092908191315 0.5273333333333333 0.3526663001649258 0.528 0.3523914238592633 0.53
0 0.41231445849367787 0.4846666666666667 0.38207806487080814 0.4846666666666667 0.38180318856514567 0.408 0.41231445849367787 0.4073333333333333 0.4125893347993403 0.484 0.41231445849367787 0.4846666666666667
0 0.8427707531610775 0.722 0.7647058823529411 0.722 0.7644310060472788 0.516 0.7630566245189665 0.514 0.7608576140736668 0.51 0.759758108851017 0.5086666666666667 0.7586586036283672 0.5073333333333333 0.7570093457943925 0.5046666666666667 0.7553600879604178 0.502 0.7537108301264431 0.49933333333333335 0.7520615722924684 0.49666666666666665 0.7509620670698186 0.49533333333333335 0.7493128092358439 0.49266666666666664 0.7482133040131941 0.49133333333333334 0.7468389224848818 0.48933333333333334 0.7476635514018691 0.486 0.7484881803188566 0.48533333333333334 0.7523364485981309 0.4746666666666667 0.7526113249037933 0.4726666666666667 0.7539857064321056 0.4706666666666667 0.754260582737768 0.4686666666666667 0.7550852116547554 0.468 0.7608576140736668 0.45266666666666666 0.7611324903793293 0.45866666666666667 0.8427707531610775 0.4593333333333333 0.84304562946674 0.7213333333333334 0.8427707531610775 0.722
0 0.5684442001099506 0.722 0.4518966465090709 0.722 0.4516217702034085 0.5226666666666666 0.46893897746014296 0.522 0.4692138537658054 0.4706666666666667 0.5684442001099506 0.47 0.5687190764156129 0.7213333333333334 0.5684442001099506 0.722
0 0.451346893897746 0.722 0.3727322704782848 0.722 0.3724573941726223 0.5786666666666667 0.3683342495876855 0.5686666666666667 0.3675096206706982 0.568 0.3589884551951622 0.546 0.35816382627817483 0.5453333333333333 0.3543155579989005 0.5346666666666666 0.3548653106102254 0.5333333333333333 0.35514018691588783 0.5313333333333333 0.3565145684442001 0.5293333333333333 0.35678944474986257 0.5273333333333333 0.35761407366684994 0.5266666666666666 0.3642111050027488 0.5093333333333333 0.371632765255635 0.49 0.42880703683342497 0.49 0.42935678944474986 0.49133333333333334 0.4518966465090709 0.49133333333333334 0.4521715228147334 0.5133333333333333 0.45107201759208354 0.5146666666666667 0.45107201759208354 0.5213333333333333 0.4516217702034085 0.5226666666666666 0.4516217702034085 0.7213333333333334 0.451346893897746 0.722
0 0.9593183067619572 0.722 0.8471687740516768 0.722 0.8468938977460143 0.49733333333333335 0.9593183067619572 0.49666666666666665 0.9595931830676195 0.7213333333333334 0.9593183067619572 0.722
0 0.7614073666849918 0.722 0.679494227597581 0.722 0.6792193512919187 0.524 0.7383177570093458 0.5233333333333333 0.7391423859263332 0.5213333333333333 0.7418911489829577 0.5133333333333333 0.7435404068169323 0.508 0.745739417262232 0.5013333333333333 0.7465640461792193 0.498 0.7476635514018691 0.5006666666666667 0.7493128092358439 0.5033333333333333 0.7509620670698186 0.506 0.7526113249037933 0.5086666666666667 0.7537108301264431 0.51 0.7553600879604178 0.5126666666666667 0.7564595931830677 0.514 0.7586586036283672 0.518 0.759758108851017 0.518 0.7616822429906542 0.5226666666666666 0.7616822429906542 0.7213333333333334 0.7614073666849918 0.722
0 0.36943375481033536 0.722 0.28532160527762507 0.722 0.2850467289719626 0.5373333333333333 0.3512919186366135 0.5366666666666666 0.3697086311159978 0.5813333333333334 0.3697086311159978 0.7213333333333334 0.36943375481033536 0.722