0 0.7979139504563233 0.16395112016293278 0.7959582790091264 0.1629327902240326 0.7966101694915254 0.159877800407332 0.7985658409387223 0.16089613034623218 0.7979139504563233 0.16395112016293278
0 0.9791395045632334 0.37780040733197556 0.8083441981747066 0.37780040733197556 0.8076923076923077 0.16089613034623218 0.9791395045632334 0.159877800407332 0.9797913950456323 0.37678207739307534 0.9791395045632334 0.37780040733197556
0 0.7966101694915254 0.37780040733197556 0.6949152542372882 0.37780040733197556 0.6942633637548892 0.23828920570264767 0.7079530638852672 0.23727087576374745 0.7086049543676662 0.164969450101833 0.7966101694915254 0.16395112016293278 0.7972620599739244 0.37678207739307534 0.7966101694915254 0.37780040733197556
0 0.22685788787483702 0.4429735234215886 0.027379400260756193 0.4429735234215886 0.026727509778357236 0.1710794297352342 0.22685788787483702 0.17006109979633402 0.227509778357236 0.4419551934826884 0.22685788787483702 0.4429735234215886
0 0.48370273794002605 0.5672097759674134 0.26988265971316816 0.5672097759674134 0.2692307692307692 0.45417515274949083 0.2333767926988266 0.4531568228105906 0.23272490221642764 0.1710794297352342 0.485006518904824 0.17006109979633402 0.48565840938722293 0.47046843177189407 0.47327249022164275 0.4714867617107943 0.4726205997392438 0.5254582484725051 0.48370273794002605 0.5264765784114053 0.48435462842242505 0.5661914460285132 0.48370273794002605 0.5672097759674134
0 0.6883963494132985 0.4714867617107943 0.4863102998696219 0.4714867617107943 0.48565840938722293 0.23828920570264767 0.6883963494132985 0.23727087576374745 0.6890482398956975 0.47046843177189407 0.6883963494132985 0.4714867617107943
0 0.7966101694915254 0.5366598778004074 0.6949152542372882 0.5366598778004074 0.6942633637548892 0.3890020366598778 0.7966101694915254 0.3879837067209776 0.7972620599739244 0.5356415478615071 0.7966101694915254 0.5366598778004074
0 0.9778357235984355 0.8503054989816701 0.8148631029986962 0.8503054989816701 0.8142112125162972 0.3971486761710794 0.9778357235984355 0.39613034623217924 0.9784876140808344 0.8492871690427699 0.9778357235984355 0.8503054989816701
0 0.08083441981747067 0.5610997963340122 0.027379400260756193 0.5610997963340122 0.026727509778357236 0.45417515274949083 0.08083441981747067 0.4531568228105906 0.08148631029986962 0.560081466395112 0.08083441981747067 0.5610997963340122
0 0.14341590612777053 0.5610997963340122 0.08735332464146023 0.5610997963340122 0.08670143415906127 0.45417515274949083 0.14341590612777053 0.4531568228105906 0.1440677966101695 0.560081466395112 0.14341590612777053 0.5610997963340122
0 0.2685788787483703 0.7281059063136456 0.15123859191655803 0.7281059063136456 0.15058670143415906 0.45417515274949083 0.2685788787483703 0.4531568228105906 0.2692307692307692 0.7270875763747454 0.2685788787483703 0.7281059063136456
0 0.5880052151238592 0.6221995926680245 0.5097783572359843 0.6221995926680245 0.5091264667535854 0.48065173116089616 0.5880052151238592 0.47963340122199594 0.5886571056062582 0.6211812627291242 0.5880052151238592 0.6221995926680245
0 0.6883963494132985 0.6221995926680245 0.5958279009126467 0.6221995926680245 0.5951760104302477 0.48065173116089616 0.6883963494132985 0.47963340122199594 0.6890482398956975 0.6211812627291242 0.6883963494132985 0.6221995926680245
0 0.4641460234680574 0.8910386965376782 0.3350717079530639 0.8910386965376782 0.33376792698826596 0.8890020366598778 0.3318122555410691 0.8879837067209776 0.3285528031290743 0.8808553971486762 0.32659713168187743 0.879837067209776 0.32333767926988266 0.8727087576374746 0.3213820078226858 0.8716904276985743 0.3194263363754889 0.8665987780040734 0.30378096479791394 0.8441955193482689 0.27640156453715775 0.8441955193482689 0.2757496740547588 0.5682281059063137 0.48370273794002605 0.5672097759674134 0.48435462842242505 0.5274949083503055 0.5032594524119948 0.5264765784114053 0.5039113428943938 0.8431771894093686 0.49282920469361147 0.8441955193482689 0.49022164276401564 0.8503054989816701 0.4869621903520209 0.8533604887983707 0.485006518904824 0.8584521384928717 0.4817470664928292 0.8615071283095723 0.47979139504563234 0.8665987780040734 0.47783572359843546 0.8676171079429735 0.4641460234680574 0.8910386965376782
0 0.1760104302477184 0.8441955193482689 0.027379400260756193 0.8441955193482689 0.026727509778357236 0.5723014256619144 0.14341590612777053 0.5712830957230143 0.1440677966101695 0.7352342158859471 0.1760104302477184 0.7362525458248472 0.17666232073011734 0.8431771894093686 0.1760104302477184 0.8441955193482689
0 0.6936114732724902 0.8441955193482689 0.5097783572359843 0.8441955193482689 0.5091264667535854 0.6313645621181263 0.5880052151238592 0.630346232179226 0.5886571056062582 0.7067209775967414 0.6936114732724902 0.7077393075356415 0.6942633637548892 0.8431771894093686 0.6936114732724902 0.8441955193482689
0 0.6883963494132985 0.6995926680244399 0.5958279009126467 0.6995926680244399 0.5951760104302477 0.6313645621181263 0.6883963494132985 0.630346232179226 0.6890482398956975 0.6985743380855397 0.6883963494132985 0.6995926680244399
0 0.2685788787483703 0.8441955193482689 0.18383311603650587 0.8441955193482689 0.1831812255541069 0.7372708757637475 0.2685788787483703 0.7362525458248472 0.2692307692307692 0.8431771894093686 0.2685788787483703 0.8441955193482689