0 0.614963503649635 0.40263459335624285 0.3905109489051095 0.40263459335624285 0.3895985401459854 0.30011454753722794 0.614963503649635 0.2995418098510882 0.6158759124087592 0.4020618556701031 0.614963503649635 0.40263459335624285
0 0.8193430656934306 0.39690721649484534 0.6259124087591241 0.39690721649484534 0.625 0.30011454753722794 0.8193430656934306 0.2995418098510882 0.8202554744525548 0.3963344788087056 0.8193430656934306 0.39690721649484534
0 0.5182481751824818 0.6030927835051546 0.39233576642335766 0.6030927835051546 0.3914233576642336 0.4054982817869416 0.3895985401459854 0.4043528064146621 0.3905109489051095 0.40263459335624285 0.6751824817518248 0.40263459335624285 0.676094890510949 0.5967926689576174 0.5291970802919708 0.5973654066437571 0.5282846715328468 0.563573883161512 0.5200729927007299 0.5630011454753723 0.5191605839416058 0.6025200458190149 0.5182481751824818 0.6030927835051546
0 0.8156934306569343 0.497709049255441 0.6861313868613139 0.497709049255441 0.6852189781021898 0.4032073310423826 0.8156934306569343 0.40263459335624285 0.8166058394160584 0.49713631156930127 0.8156934306569343 0.497709049255441
0 0.3905109489051095 0.6030927835051546 0.38503649635036497 0.6030927835051546 0.3841240875912409 0.6002290950744559 0.13686131386861314 0.5996563573883161 0.13594890510948904 0.4054982817869416 0.3905109489051095 0.40492554410080184 0.3914233576642336 0.6025200458190149 0.3905109489051095 0.6030927835051546
0 0.8156934306569343 0.5962199312714777 0.6897810218978102 0.5962199312714777 0.6888686131386861 0.5063001145475372 0.8156934306569343 0.5057273768613975 0.8166058394160584 0.5956471935853379 0.8156934306569343 0.5962199312714777
0 0.5875912408759124 0.7691867124856816 0.45255474452554745 0.7691867124856816 0.4516423357664234 0.6895761741122566 0.31204379562043794 0.6890034364261168 0.31113138686131386 0.6048109965635738 0.38321167883211676 0.6042382588774341 0.38503649635036497 0.6030927835051546 0.5875912408759124 0.6030927835051546 0.5885036496350365 0.7686139747995419 0.5875912408759124 0.7691867124856816
0 0.822992700729927 0.8470790378006873 0.5985401459854015 0.8470790378006873 0.5976277372262774 0.6036655211912944 0.822992700729927 0.6030927835051546 0.823905109489051 0.8465063001145475 0.822992700729927 0.8470790378006873
0 0.3010948905109489 0.6890034364261168 0.13686131386861314 0.6890034364261168 0.13594890510948904 0.6048109965635738 0.3010948905109489 0.6042382588774341 0.30200729927007297 0.6884306987399771 0.3010948905109489 0.6890034364261168
0 0.4416058394160584 0.8470790378006873 0.13686131386861314 0.8470790378006873 0.13594890510948904 0.695303550973654 0.4416058394160584 0.6947308132875143 0.4425182481751825 0.8465063001145475 0.4416058394160584 0.8470790378006873
0 0.5875912408759124 0.8470790378006873 0.45255474452554745 0.8470790378006873 0.4516423357664234 0.7754868270332188 0.5875912408759124 0.7749140893470791 0.5885036496350365 0.8465063001145475 0.5875912408759124 0.8470790378006873