0 0.31137724550898205 0.4602822580645161 0.08126603934987169 0.4602822580645161 0.08112346735101227 0.30120967741935484 0.31137724550898205 0.30100806451612905 0.31151981750784147 0.4600806451612903 0.31137724550898205 0.4602822580645161
0 0.5608782435129741 0.5199596774193549 0.31850584545195326 0.5199596774193549 0.3183632734530938 0.30120967741935484 0.5608782435129741 0.30100806451612905 0.5610208155118335 0.519758064516129 0.5608782435129741 0.5199596774193549
0 0.5642999714856002 0.6340725806451613 0.5637296834901625 0.6340725806451613 0.5635871114913031 0.6221774193548387 0.5642999714856002 0.6219758064516129 0.5644425434844597 0.5278225806451613 0.5662959794696322 0.5276209677419355 0.5664385514684915 0.30120967741935484 0.7556315939549473 0.30100806451612905 0.7557741659538066 0.3016129032258065 0.755203877958369 0.30201612903225805 0.755203877958369 0.6334677419354838 0.564585115483319 0.6336693548387097 0.5642999714856002 0.6340725806451613
0 0.2013116623895067 0.7965725806451613 0.08098089535215283 0.7965725806451613 0.08112346735101227 0.46975806451612906 0.2013116623895067 0.4695564516129032 0.20145423438836613 0.7963709677419355 0.2013116623895067 0.7965725806451613
0 0.31137724550898205 0.623991935483871 0.20644425434844596 0.623991935483871 0.20630168234958654 0.46975806451612906 0.31137724550898205 0.4695564516129032 0.31151981750784147 0.6237903225806452 0.31137724550898205 0.623991935483871
0 0.5585970915312233 0.7030241935483871 0.4870259481037924 0.7030241935483871 0.486883376104933 0.6233870967741936 0.44339891645280866 0.6231854838709677 0.44325634445394924 0.5278225806451613 0.5642999714856002 0.5276209677419355 0.5644425434844597 0.6217741935483871 0.5625891074992871 0.6219758064516129 0.5623039635015683 0.6227822580645161 0.5605930995152552 0.6227822580645161 0.5603079555175363 0.6231854838709677 0.5588822355289421 0.6231854838709677 0.5587396635300826 0.7028225806451613 0.5585970915312233 0.7030241935483871
0 0.3644140290846878 0.6231854838709677 0.31850584545195326 0.6231854838709677 0.3183632734530938 0.5282258064516129 0.3644140290846878 0.5280241935483871 0.3645566010835472 0.6229838709677419 0.3644140290846878 0.6231854838709677
0 0.4368406045052752 0.6231854838709677 0.36926147704590817 0.6231854838709677 0.36911890504704875 0.5282258064516129 0.4368406045052752 0.5280241935483871 0.4369831765041346 0.6229838709677419 0.4368406045052752 0.6231854838709677
0 0.31137724550898205 0.7965725806451613 0.20644425434844596 0.7965725806451613 0.20630168234958654 0.6310483870967742 0.31137724550898205 0.6308467741935484 0.31151981750784147 0.7963709677419355 0.31137724550898205 0.7965725806451613
0 0.4810379241516966 0.7965725806451613 0.31850584545195326 0.7965725806451613 0.3183632734530938 0.6310483870967742 0.4810379241516966 0.6308467741935484 0.481180496150556 0.7963709677419355 0.4810379241516966 0.7965725806451613
0 0.7556315939549473 0.7965725806451613 0.564585115483319 0.7965725806451613 0.5644425434844597 0.6338709677419355 0.6315939549472483 0.6336693548387097 0.6318790989449672 0.6340725806451613 0.6934702024522383 0.6340725806451613 0.6937553464499572 0.6348790322580645 0.7550613059595096 0.6348790322580645 0.7553464499572284 0.6356854838709678 0.7557741659538066 0.6358870967741935 0.7557741659538066 0.7963709677419355 0.7556315939549473 0.7965725806451613
0 0.7556315939549473 0.6356854838709678 0.755203877958369 0.635483870967742 0.7550613059595096 0.6348790322580645 0.6937553464499572 0.6348790322580645 0.6934702024522383 0.6340725806451613 0.6318790989449672 0.6340725806451613 0.6318790989449672 0.6336693548387097 0.7556315939549473 0.6336693548387097 0.7557741659538066 0.635483870967742 0.7556315939549473 0.6356854838709678
0 0.5585970915312233 0.7965725806451613 0.48674080410607357 0.7965725806451613 0.48659823210721415 0.7100806451612903 0.5585970915312233 0.7098790322580645 0.5587396635300826 0.7963709677419355 0.5585970915312233 0.7965725806451613