0 0.3409090909090909 0.46638655462184875 0.2904040404040404 0.46638655462184875 0.28914141414141414 0.4647058823529412 0.2474747474747475 0.4647058823529412 0.24684343434343434 0.4117647058823529 0.22601010101010102 0.41092436974789914 0.22537878787878787 0.20672268907563024 0.38257575757575757 0.20588235294117646 0.3832070707070707 0.4638655462184874 0.3421717171717172 0.4647058823529412 0.3409090909090909 0.46638655462184875
0 0.49747474747474746 0.46638655462184875 0.4621212121212121 0.46638655462184875 0.46085858585858586 0.4647058823529412 0.38762626262626265 0.4647058823529412 0.3869949494949495 0.20672268907563024 0.6502525252525253 0.20588235294117646 0.6508838383838383 0.44201680672268906 0.49873737373737376 0.44285714285714284 0.4981060606060606 0.46554621848739497 0.49747474747474746 0.46638655462184875
0 0.827020202020202 0.4394957983193277 0.6553030303030303 0.4394957983193277 0.6546717171717171 0.20672268907563024 0.827020202020202 0.20588235294117646 0.8276515151515151 0.43865546218487395 0.827020202020202 0.4394957983193277
0 0.22095959595959597 0.4260504201680672 0.12626262626262627 0.4260504201680672 0.12563131313131312 0.3042016806722689 0.22095959595959597 0.3033613445378151 0.2215909090909091 0.42521008403361343 0.22095959595959597 0.4260504201680672
0 0.9267676767676768 0.4394957983193277 0.8282828282828283 0.4394957983193277 0.8276515151515151 0.3865546218487395 0.8308080808080808 0.38571428571428573 0.8314393939393939 0.3058823529411765 0.9267676767676768 0.3050420168067227 0.92739898989899 0.43865546218487395 0.9267676767676768 0.4394957983193277
0 0.22095959595959597 0.5739495798319327 0.12626262626262627 0.5739495798319327 0.12563131313131312 0.4319327731092437 0.22095959595959597 0.43109243697478994 0.2215909090909091 0.4638655462184874 0.22474747474747475 0.4647058823529412 0.22537878787878787 0.4689075630252101 0.28535353535353536 0.46974789915966386 0.2859848484848485 0.5361344537815126 0.2222222222222222 0.5369747899159664 0.2215909090909091 0.573109243697479 0.22095959595959597 0.5739495798319327
0 0.6161616161616161 0.6831932773109244 0.49873737373737376 0.6831932773109244 0.4981060606060606 0.4436974789915966 0.6502525252525253 0.44285714285714284 0.6515151515151515 0.4445378151260504 0.827020202020202 0.4445378151260504 0.8276515151515151 0.5394957983193277 0.6174242424242424 0.5403361344537815 0.6167929292929293 0.6823529411764706 0.6161616161616161 0.6831932773109244
0 0.9267676767676768 0.5403361344537815 0.8320707070707071 0.5403361344537815 0.8314393939393939 0.44537815126050423 0.9267676767676768 0.4445378151260504 0.92739898989899 0.5394957983193277 0.9267676767676768 0.5403361344537815
0 0.49242424242424243 0.780672268907563 0.2904040404040404 0.780672268907563 0.2897727272727273 0.4672268907563025 0.3409090909090909 0.46638655462184875 0.3421717171717172 0.46974789915966386 0.46085858585858586 0.46974789915966386 0.4621212121212121 0.46638655462184875 0.49747474747474746 0.46638655462184875 0.4981060606060606 0.6823529411764706 0.49684343434343436 0.6823529411764706 0.49684343434343436 0.5932773109243697 0.46464646464646464 0.592436974789916 0.4640151515151515 0.5966386554621849 0.49242424242424243 0.5974789915966386 0.4930555555555556 0.7798319327731092 0.49242424242424243 0.780672268907563
0 0.28535353535353536 0.6109243697478992 0.22601010101010102 0.6109243697478992 0.22537878787878787 0.5411764705882353 0.28535353535353536 0.5403361344537815 0.2859848484848485 0.6100840336134454 0.28535353535353536 0.6109243697478992
0 0.7714646464646465 0.780672268907563 0.6224747474747475 0.780672268907563 0.6218434343434344 0.5478991596638656 0.7714646464646465 0.5470588235294118 0.7720959595959596 0.7798319327731092 0.7714646464646465 0.780672268907563
0 0.9267676767676768 0.780672268907563 0.7765151515151515 0.780672268907563 0.7758838383838383 0.5478991596638656 0.9267676767676768 0.5470588235294118 0.92739898989899 0.7798319327731092 0.9267676767676768 0.780672268907563
0 0.28535353535353536 0.780672268907563 0.12626262626262627 0.780672268907563 0.12563131313131312 0.5798319327731093 0.22095959595959597 0.5789915966386555 0.2215909090909091 0.6151260504201681 0.28535353535353536 0.6159663865546219 0.2859848484848485 0.7798319327731092 0.28535353535353536 0.780672268907563
0 0.6161616161616161 0.780672268907563 0.49747474747474746 0.780672268907563 0.49684343434343436 0.6890756302521008 0.6161616161616161 0.6882352941176471 0.6167929292929293 0.7798319327731092 0.6161616161616161 0.780672268907563