0 0.5933917734322319 0.3790035587188612 0.48954821308159135 0.3790035587188612 0.4892110586648685 0.18149466192170818 0.5933917734322319 0.18090154211150652 0.5937289278489548 0.37841043890865955 0.5933917734322319 0.3790035587188612
0 0.7639919082939987 0.6115065243179122 0.650708024275118 0.6115065243179122 0.6503708698583951 0.46144721233689207 0.6486850977747809 0.4608540925266904 0.6480107889413351 0.4596678529062871 0.5967633175994606 0.4596678529062871 0.5964261631827377 0.18149466192170818 0.7639919082939987 0.18090154211150652 0.7643290627107215 0.3499406880189798 0.7525286581254215 0.3505338078291815 0.7521915037086986 0.3902728351126928 0.7639919082939987 0.39086595492289444 0.7643290627107215 0.6109134045077106 0.7639919082939987 0.6115065243179122
0 0.8624409979770735 0.34341637010676157 0.7673634524612273 0.34341637010676157 0.7670262980445044 0.18149466192170818 0.8624409979770735 0.18090154211150652 0.8627781523937964 0.3428232502965599 0.8624409979770735 0.34341637010676157
0 0.20161834120026972 0.49644128113879005 0.10654079568442347 0.49644128113879005 0.10620364126770061 0.33451957295373663 0.20161834120026972 0.333926453143535 0.20195549561699258 0.4958481613285884 0.20161834120026972 0.49644128113879005
0 0.31827376938637897 0.7621589561091341 0.20498988536749832 0.7621589561091341 0.20465273095077546 0.5432977461447213 0.2157788267026298 0.5427046263345195 0.21611598111935265 0.501779359430605 0.20498988536749832 0.5011862396204033 0.20465273095077546 0.33451957295373663 0.3722184760620364 0.333926453143535 0.3725556304787593 0.6109134045077106 0.3189480782198247 0.6115065243179122 0.3186109238031018 0.7615658362989324 0.31827376938637897 0.7621589561091341
0 0.480782198246797 0.5308422301304864 0.375590020229265 0.5308422301304864 0.37525286581254214 0.33451957295373663 0.480782198246797 0.333926453143535 0.4811193526635199 0.5302491103202847 0.480782198246797 0.5308422301304864
0 0.8624409979770735 0.48695136417556345 0.7673634524612273 0.48695136417556345 0.7670262980445044 0.3487544483985765 0.7977073499662846 0.34816132858837484 0.7980445043830074 0.4033214709371293 0.8017532029669588 0.4098457888493476 0.8027646662171275 0.41043890865954924 0.8031018206338503 0.4122182680901542 0.8064733648010789 0.4169632265717675 0.8105192178017532 0.42289442467378413 0.8145650708024275 0.4288256227758007 0.8155765340525961 0.4294187425860024 0.815913688469319 0.43119810201660735 0.8199595414699933 0.43712930011862394 0.8219824679703304 0.4395017793594306 0.8624409979770735 0.4395017793594306 0.8627781523937964 0.4863582443653618 0.8624409979770735 0.48695136417556345
0 0.8624409979770735 0.4347568208778173 0.8226567768037761 0.4347568208778173 0.8192852326365475 0.4288256227758007 0.8152393796358732 0.42289442467378413 0.811193526635199 0.4169632265717675 0.8064733648010789 0.4098457888493476 0.8024275118004046 0.40391459074733094 0.8007417397167903 0.40213523131672596 0.8007417397167903 0.3487544483985765 0.8624409979770735 0.34816132858837484 0.8627781523937964 0.43416370106761565 0.8624409979770735 0.4347568208778173
0 0.528658125421443 0.44661921708185054 0.48954821308159135 0.44661921708185054 0.4892110586648685 0.38434163701067614 0.528658125421443 0.3837485172004745 0.5289952798381659 0.4460260972716489 0.528658125421443 0.44661921708185054
0 0.5933917734322319 0.44661921708185054 0.5313553607552259 0.44661921708185054 0.531018206338503 0.38434163701067614 0.5933917734322319 0.3837485172004745 0.5937289278489548 0.4460260972716489 0.5933917734322319 0.44661921708185054
0 0.5933917734322319 0.6115065243179122 0.48954821308159135 0.6115065243179122 0.4892110586648685 0.45195729537366547 0.5933917734322319 0.4513641755634638 0.5937289278489548 0.6109134045077106 0.5933917734322319 0.6115065243179122
0 0.6480107889413351 0.5462633451957295 0.5967633175994606 0.5462633451957295 0.5964261631827377 0.46026097271648875 0.6480107889413351 0.4596678529062871 0.648347943358058 0.5456702253855279 0.6480107889413351 0.5462633451957295
0 0.8624409979770735 0.6115065243179122 0.7673634524612273 0.6115065243179122 0.7670262980445044 0.49110320284697506 0.8624409979770735 0.4905100830367734 0.8627781523937964 0.6109134045077106 0.8624409979770735 0.6115065243179122
0 0.14565070802427513 0.5865954922894425 0.10654079568442347 0.5865954922894425 0.10620364126770061 0.501779359430605 0.16790289952798382 0.5011862396204033 0.16824005394470667 0.5551601423487544 0.16453135536075522 0.5604982206405694 0.16115981119352663 0.5652431791221827 0.15846257585974377 0.5688018979833926 0.15745111260957517 0.5693950177935944 0.15711395819285232 0.5711743772241993 0.15441672285906946 0.5747330960854092 0.15104517869184086 0.5794780545670225 0.14767363452461227 0.5842230130486358 0.14565070802427513 0.5865954922894425
0 0.20161834120026972 0.6376037959667853 0.10654079568442347 0.6376037959667853 0.10620364126770061 0.5919335705812574 0.14699932569116655 0.5913404507710558 0.14969656102494944 0.5865954922894425 0.1523937963587323 0.5830367734282325 0.15509103169251517 0.5794780545670225 0.15610249494268374 0.5788849347568209 0.1564396493594066 0.5771055753262159 0.15846257585974377 0.5747330960854092 0.16250842886041808 0.5688018979833926 0.1665542818610924 0.5628706998813761 0.16925151719487525 0.5593119810201661 0.17026298044504384 0.5587188612099644 0.17026298044504384 0.501779359430605 0.20161834120026972 0.5011862396204033 0.20195549561699258 0.6370106761565836 0.20161834120026972 0.6376037959667853
0 0.43762643290627107 0.5984578884934757 0.375590020229265 0.5984578884934757 0.37525286581254214 0.5361803084223014 0.43762643290627107 0.5355871886120996 0.43796358732299395 0.597864768683274 0.43762643290627107 0.5984578884934757
0 0.480782198246797 0.5984578884934757 0.4403236682400539 0.5984578884934757 0.4399865138233311 0.5361803084223014 0.480782198246797 0.5355871886120996 0.4811193526635199 0.597864768683274 0.480782198246797 0.5984578884934757
0 0.6480107889413351 0.6115065243179122 0.5967633175994606 0.6115065243179122 0.5964261631827377 0.5516014234875445 0.6480107889413351 0.5510083036773428 0.648347943358058 0.6109134045077106 0.6480107889413351 0.6115065243179122
0 0.480782198246797 0.7621589561091341 0.375590020229265 0.7621589561091341 0.37525286581254214 0.6037959667852907 0.480782198246797 0.603202846975089 0.4811193526635199 0.7615658362989324 0.480782198246797 0.7621589561091341
0 0.3722184760620364 0.6981020166073547 0.32164531355360754 0.6981020166073547 0.3213081591368847 0.6120996441281139 0.3722184760620364 0.6115065243179122 0.3725556304787593 0.697508896797153 0.3722184760620364 0.6981020166073547
0 0.6864463924477411 0.7170818505338078 0.5866486850977748 0.7170818505338078 0.5863115306810519 0.6263345195729537 0.6864463924477411 0.6257413997627521 0.686783546864464 0.7164887307236062 0.6864463924477411 0.7170818505338078
0 0.20161834120026972 0.7621589561091341 0.10654079568442347 0.7621589561091341 0.10620364126770061 0.6429418742586003 0.20161834120026972 0.6423487544483986 0.20195549561699258 0.7615658362989324 0.20161834120026972 0.7621589561091341
0 0.3722184760620364 0.7621589561091341 0.32164531355360754 0.7621589561091341 0.3213081591368847 0.7034400948991696 0.3722184760620364 0.702846975088968 0.3725556304787593 0.7615658362989324 0.3722184760620364 0.7621589561091341
0 0.38165879973027644 0.8677342823250297 0.2818610923803102 0.8677342823250297 0.2815239379635873 0.7769869513641756 0.38165879973027644 0.7763938315539739 0.38199595414699933 0.867141162514828 0.38165879973027644 0.8677342823250297