0 0.8805058874836459 0.2770537124802528 0.7902311382468382 0.2770537124802528 0.7900130832969908 0.19865718799368087 0.8805058874836459 0.19845971563981044 0.8807239424334933 0.2768562401263823 0.8805058874836459 0.2770537124802528
0 0.785870039249891 0.2770537124802528 0.6450065416484955 0.2770537124802528 0.6447884866986481 0.20221169036334913 0.785870039249891 0.20201421800947866 0.7860880941997384 0.2768562401263823 0.785870039249891 0.2770537124802528
0 0.7099869167030092 0.3240521327014218 0.6397732228521588 0.3240521327014218 0.6395551679023114 0.28080568720379145 0.7099869167030092 0.280608214849921 0.7102049716528566 0.32385466034755134 0.7099869167030092 0.3240521327014218
0 0.785870039249891 0.3240521327014218 0.7143480156999564 0.3240521327014218 0.714129960750109 0.28080568720379145 0.785870039249891 0.280608214849921 0.7860880941997384 0.32385466034755134 0.785870039249891 0.3240521327014218
0 0.8805058874836459 0.3240521327014218 0.7902311382468382 0.3240521327014218 0.7900130832969908 0.28080568720379145 0.8805058874836459 0.280608214849921 0.8807239424334933 0.32385466034755134 0.8805058874836459 0.3240521327014218
0 0.7666812036633232 0.492693522906793 0.6942869603139992 0.492693522906793 0.6940689053641518 0.4881516587677725 0.6633231574356738 0.48795418641390204 0.6631051024858264 0.4924960505529226 0.5617095508068033 0.492693522906793 0.5614914958569559 0.39928909952606634 0.5684692542520715 0.3929699842022117 0.579590056694287 0.3825039494470774 0.5880941997383341 0.37519747235387046 0.5996511120802442 0.36433649289099523 0.6077191452245966 0.35742496050552924 0.6197121674662015 0.34616903633491314 0.6273440907108592 0.33965244865718797 0.6395551679023114 0.3281990521327014 0.6397732228521588 0.32760663507109006 0.7239424334932403 0.32760663507109006 0.7241604884430877 0.4537914691943128 0.7354993458351504 0.4640600315955766 0.7396423898822503 0.4682069510268562 0.755124291321413 0.48183254344391785 0.7597034452682075 0.4863744075829384 0.7668992586131705 0.4924960505529226 0.7666812036633232 0.492693522906793
0 0.8805058874836459 0.48795418641390204 0.7679895333624073 0.48795418641390204 0.7616659398168338 0.4822274881516588 0.7601395551679023 0.48045023696682465 0.7420409943305714 0.46445497630331756 0.7400784997819451 0.4622827804107425 0.7287396423898822 0.4524091627172196 0.7280854775403401 0.45221169036334913 0.7280854775403401 0.3278041074249605 0.8805058874836459 0.32760663507109006 0.8807239424334933 0.48775671406003157 0.8805058874836459 0.48795418641390204
0 0.3990405582206716 0.8678909952606635 0.06672481465329264 0.8678909952606635 0.06650675970344527 0.6737756714060031 0.06694286960313998 0.6733807266982622 0.06694286960313998 0.47906793048973145 0.21456607064980376 0.478870458135861 0.2147841255996511 0.6619273301737757 0.3724378543392935 0.6621248025276462 0.3726559092891409 0.7938388625592417 0.3990405582206716 0.7940363349131122 0.399258613170519 0.867693522906793 0.3990405582206716 0.8678909952606635
0 0.3815961622328827 0.648696682464455 0.22982991713911904 0.648696682464455 0.2296118621892717 0.4928909952606635 0.3815961622328827 0.492693522906793 0.38181421718273006 0.6484992101105845 0.3815961622328827 0.648696682464455
0 0.5050152638464893 0.780608214849921 0.38770170082860883 0.780608214849921 0.38748364587876144 0.4928909952606635 0.662887047535979 0.492693522906793 0.6631051024858264 0.6406003159557662 0.5050152638464893 0.6407977883096366 0.5047972088966419 0.7085308056872038 0.5052333187963367 0.7089257503949447 0.5052333187963367 0.7804107424960506 0.5050152638464893 0.780608214849921
0 0.8805058874836459 0.6372432859399684 0.6672481465329263 0.6372432859399684 0.6670300915830789 0.4928909952606635 0.8805058874836459 0.492693522906793 0.8807239424334933 0.6370458135860979 0.8805058874836459 0.6372432859399684
0 0.8006977758395115 0.7087282780410743 0.5050152638464893 0.7087282780410743 0.5047972088966419 0.6409952606635071 0.8006977758395115 0.6407977883096366 0.8009158307893589 0.7085308056872038 0.8006977758395115 0.7087282780410743
0 0.8805058874836459 0.7087282780410743 0.8050588748364588 0.7087282780410743 0.8048408198866114 0.6409952606635071 0.8805058874836459 0.6407977883096366 0.8807239424334933 0.7085308056872038 0.8805058874836459 0.7087282780410743
0 0.5904928041866551 0.8311611374407583 0.5800261665939817 0.8220774091627172 0.5789358918447449 0.8214849921011058 0.5604012211077192 0.8043048973143759 0.5593109463584823 0.8037124802527646 0.5403401657217619 0.7861374407582938 0.5396860008722199 0.7859399684044234 0.5342346271260358 0.780608214849921 0.5093763628434366 0.780608214849921 0.5091583078935892 0.7124802527646129 0.6096816397732229 0.7122827804107424 0.6098996947230703 0.8131911532385466 0.6011774967291758 0.8210900473933649 0.6003052769297863 0.8222748815165877 0.6000872219799389 0.8228672985781991 0.5904928041866551 0.8311611374407583
0 0.7256868730920192 0.8544628751974723 0.615787178368949 0.8544628751974723 0.6000872219799389 0.8402448657187994 0.5989969472307022 0.839652448657188 0.5933275185346707 0.8341232227488151 0.5996511120802442 0.8283965244865719 0.6037941561273441 0.8250394944707741 0.6072830353249019 0.8214849921011058 0.6138246838203227 0.8151658767772512 0.6138246838203227 0.7124802527646129 0.7522895769733973 0.7122827804107424 0.7525076319232447 0.7815955766192733 0.726122982991714 0.7817930489731437 0.7259049280418666 0.8542654028436019 0.7256868730920192 0.8544628751974723
0 0.8805058874836459 0.8544628751974723 0.7300479720889664 0.8544628751974723 0.729829917139119 0.7855450236966824 0.7562145660706499 0.785347551342812 0.7564326210204971 0.7124802527646129 0.8805058874836459 0.7122827804107424 0.8807239424334933 0.8542654028436019 0.8805058874836459 0.8544628751974723