0 0.6571146245059288 0.35358255451713394 0.5938735177865613 0.35358255451713394 0.5933794466403162 0.06542056074766354 0.6571146245059288 0.06386292834890965 0.657608695652174 0.35202492211838005 0.6571146245059288 0.35358255451713394
0 0.766798418972332 0.19781931464174454 0.66600790513834 0.19781931464174454 0.6655138339920948 0.06542056074766354 0.766798418972332 0.06386292834890965 0.767292490118577 0.19626168224299065 0.766798418972332 0.19781931464174454
0 0.8764822134387352 0.2538940809968847 0.7737154150197628 0.2538940809968847 0.7732213438735178 0.06542056074766354 0.8764822134387352 0.06386292834890965 0.8769762845849802 0.2523364485981308 0.8764822134387352 0.2538940809968847
0 0.9456521739130435 0.6464174454828661 0.7707509881422925 0.6464174454828661 0.7702569169960475 0.4485981308411215 0.7806324110671937 0.4470404984423676 0.7811264822134387 0.2897196261682243 0.775691699604743 0.2881619937694704 0.775197628458498 0.27414330218068533 0.9199604743083004 0.27258566978193144 0.9204545454545454 0.1557632398753894 0.9150197628458498 0.1542056074766355 0.9145256916996047 0.2523364485981308 0.883399209486166 0.2538940809968847 0.8829051383399209 0.06542056074766354 0.9456521739130435 0.06386292834890965 0.9461462450592886 0.6448598130841121 0.9456521739130435 0.6464174454828661
0 0.1541501976284585 0.43457943925233644 0.08399209486166008 0.43457943925233644 0.08349802371541502 0.06853582554517133 0.1541501976284585 0.06697819314641744 0.15464426877470355 0.18691588785046728 0.12055335968379446 0.18847352024922118 0.12005928853754941 0.1526479750778816 0.11758893280632411 0.15109034267912771 0.11709486166007906 0.2772585669781931 0.11956521739130435 0.278816199376947 0.12005928853754941 0.20249221183800623 0.1541501976284585 0.20093457943925233 0.15464426877470355 0.43302180685358255 0.1541501976284585 0.43457943925233644
0 0.24802371541501977 0.43457943925233644 0.15810276679841898 0.43457943925233644 0.15760869565217392 0.06853582554517133 0.2608695652173913 0.06697819314641744 0.26136363636363635 0.29283489096573206 0.2490118577075099 0.29439252336448596 0.24851778656126483 0.43302180685358255 0.24802371541501977 0.43457943925233644
0 0.325098814229249 0.43457943925233644 0.2737154150197628 0.43457943925233644 0.27322134387351776 0.29595015576323985 0.26679841897233203 0.29439252336448596 0.266304347826087 0.06853582554517133 0.3685770750988142 0.06697819314641744 0.36907114624505927 0.3052959501557632 0.32608695652173914 0.3068535825545171 0.3255928853754941 0.43302180685358255 0.325098814229249 0.43457943925233644
0 0.4357707509881423 0.43457943925233644 0.37450592885375494 0.43457943925233644 0.3740118577075099 0.06853582554517133 0.4357707509881423 0.06697819314641744 0.43626482213438733 0.43302180685358255 0.4357707509881423 0.43457943925233644
0 0.07509881422924901 0.29439252336448596 0.022727272727272728 0.29439252336448596 0.022233201581027668 0.205607476635514 0.07509881422924901 0.20404984423676012 0.07559288537549406 0.29283489096573206 0.07509881422924901 0.29439252336448596
0 0.5009881422924901 0.29439252336448596 0.44466403162055335 0.29439252336448596 0.4441699604743083 0.205607476635514 0.5009881422924901 0.20404984423676012 0.5014822134387352 0.29283489096573206 0.5009881422924901 0.29439252336448596
0 0.7094861660079052 0.43457943925233644 0.6620553359683794 0.43457943925233644 0.6615612648221344 0.22741433021806853 0.7094861660079052 0.22585669781931464 0.7099802371541502 0.43302180685358255 0.7094861660079052 0.43457943925233644
0 0.7569169960474308 0.43457943925233644 0.7164031620553359 0.43457943925233644 0.7159090909090909 0.22741433021806853 0.7648221343873518 0.22585669781931464 0.7653162055335968 0.2866043613707165 0.7579051383399209 0.2881619937694704 0.7574110671936759 0.43302180685358255 0.7569169960474308 0.43457943925233644
0 0.3685770750988142 0.43457943925233644 0.3300395256916996 0.43457943925233644 0.32954545454545453 0.32087227414330216 0.3685770750988142 0.31931464174454827 0.36907114624505927 0.43302180685358255 0.3685770750988142 0.43457943925233644
0 0.7094861660079052 0.8613707165109035 0.5938735177865613 0.8613707165109035 0.5933794466403162 0.6635514018691588 0.616600790513834 0.661993769470405 0.6170948616600791 0.6479750778816199 0.5938735177865613 0.6464174454828661 0.5933794466403162 0.367601246105919 0.6571146245059288 0.3660436137071651 0.657608695652174 0.4454828660436137 0.7648221343873518 0.4470404984423676 0.7653162055335968 0.6448598130841121 0.6946640316205533 0.6464174454828661 0.6941699604743083 0.660436137071651 0.7094861660079052 0.661993769470405 0.7099802371541502 0.8598130841121495 0.7094861660079052 0.8613707165109035
0 0.4357707509881423 0.8644859813084113 0.2618577075098814 0.8644859813084113 0.26136363636363635 0.6853582554517134 0.25691699604743085 0.6838006230529595 0.2564229249011858 0.8629283489096573 0.08399209486166008 0.8644859813084113 0.08349802371541502 0.4517133956386293 0.25592885375494073 0.4501557632398754 0.2564229249011858 0.5794392523364486 0.2608695652173913 0.5809968847352025 0.26136363636363635 0.4517133956386293 0.4357707509881423 0.4501557632398754 0.43626482213438733 0.8629283489096573 0.4357707509881423 0.8644859813084113
0 0.9456521739130435 0.8613707165109035 0.7183794466403162 0.8613707165109035 0.7178853754940712 0.6728971962616822 0.9456521739130435 0.6713395638629284 0.9461462450592886 0.8598130841121495 0.9456521739130435 0.8613707165109035