0 0.22686230248307 0.27512776831345825 0.05981941309255079 0.27512776831345825 0.05925507900677201 0.10902896081771721 0.22686230248307 0.10817717206132879 0.22742663656884876 0.27427597955706984 0.22686230248307 0.27512776831345825
0 0.5079006772009029 0.38245315161839866 0.23702031602708803 0.38245315161839866 0.23645598194130926 0.10902896081771721 0.5079006772009029 0.10817717206132879 0.5084650112866818 0.38160136286201024 0.5079006772009029 0.38245315161839866
0 0.7618510158013544 0.38245315161839866 0.5090293453724605 0.38245315161839866 0.5084650112866818 0.10902896081771721 0.7618510158013544 0.10817717206132879 0.7624153498871332 0.38160136286201024 0.7618510158013544 0.38245315161839866
0 0.22686230248307 0.42163543441226575 0.05981941309255079 0.42163543441226575 0.05925507900677201 0.27597955706984667 0.22686230248307 0.27512776831345825 0.22742663656884876 0.42078364565587734 0.22686230248307 0.42163543441226575
0 0.9424379232505643 0.5255536626916525 0.7686230248306998 0.5255536626916525 0.768058690744921 0.3100511073253833 0.9424379232505643 0.3091993185689949 0.9430022573363431 0.524701873935264 0.9424379232505643 0.5255536626916525
0 0.8250564334085779 0.833901192504259 0.5112866817155757 0.833901192504259 0.5107223476297968 0.5536626916524702 0.3013544018058691 0.5528109028960818 0.3007900677200903 0.39182282793867124 0.40970654627539504 0.3909710391822828 0.4102708803611738 0.3833049403747871 0.7618510158013544 0.38245315161839866 0.7624153498871332 0.5400340715502555 0.7957110609480813 0.540885860306644 0.79627539503386 0.6354344122657581 0.8205417607223476 0.6362862010221465 0.8211060948081265 0.7001703577512777 0.7652370203160271 0.7010221465076661 0.7646726862302483 0.7155025553662692 0.8250564334085779 0.7163543441226575 0.8256207674943566 0.8330494037478705 0.8250564334085779 0.833901192504259
0 0.29571106094808125 0.5528109028960818 0.23702031602708803 0.5528109028960818 0.23645598194130926 0.39182282793867124 0.29571106094808125 0.3909710391822828 0.29627539503386 0.5519591141396933 0.29571106094808125 0.5528109028960818
0 0.21896162528216703 0.833901192504259 0.05417607223476298 0.833901192504259 0.0536117381489842 0.4514480408858603 0.21896162528216703 0.4505962521294719 0.21952595936794583 0.8330494037478705 0.21896162528216703 0.833901192504259
0 0.9424379232505643 0.7010221465076661 0.8295711060948081 0.7010221465076661 0.8290067720090294 0.5417376490630323 0.9424379232505643 0.540885860306644 0.9430022573363431 0.7001703577512777 0.9424379232505643 0.7010221465076661
0 0.4198645598194131 0.833901192504259 0.23702031602708803 0.833901192504259 0.23645598194130926 0.565587734241908 0.4198645598194131 0.5647359454855196 0.4204288939051919 0.8330494037478705 0.4198645598194131 0.833901192504259
0 0.5022573363431151 0.6754684838160137 0.4288939051918736 0.6754684838160137 0.4283295711060948 0.565587734241908 0.5022573363431151 0.5647359454855196 0.5028216704288939 0.6746166950596252 0.5022573363431151 0.6754684838160137
0 0.5022573363431151 0.833901192504259 0.4288939051918736 0.833901192504259 0.4283295711060948 0.686541737649063 0.5022573363431151 0.6856899488926746 0.5028216704288939 0.8330494037478705 0.5022573363431151 0.833901192504259
0 0.9424379232505643 0.833901192504259 0.8261851015801355 0.833901192504259 0.8256207674943566 0.717206132879046 0.9424379232505643 0.7163543441226575 0.9430022573363431 0.8330494037478705 0.9424379232505643 0.833901192504259