0 0.4906690942193901 0.23021739130434782 0.12744651797906237 0.23021739130434782 0.12721893491124261 0.08304347826086957 0.4906690942193901 0.08282608695652174 0.4908966772872098 0.23 0.4906690942193901 0.23021739130434782
0 0.8406918525261721 0.7358695652173913 0.5025034137460173 0.7358695652173913 0.5022758306781976 0.7039130434782609 0.49567592171142466 0.703695652173913 0.49544833864360494 0.23478260869565218 0.5011379153390988 0.23456521739130434 0.5013654984069186 0.23043478260869565 0.49567592171142466 0.23021739130434782 0.49544833864360494 0.08304347826086957 0.5798816568047337 0.08282608695652174 0.5801092398725535 0.29782608695652174 0.6126536185707784 0.2980434782608696 0.612881201638598 0.4330434782608696 0.7856167501137915 0.43326086956521737 0.7858443331816113 0.4582608695652174 0.8406918525261721 0.4584782608695652 0.8409194355939918 0.7356521739130435 0.8406918525261721 0.7358695652173913
0 0.706417842512517 0.1623913043478261 0.5844333181611289 0.1623913043478261 0.5842057350933091 0.08304347826086957 0.706417842512517 0.08282608695652174 0.7066454255803368 0.16217391304347825 0.706417842512517 0.1623913043478261
0 0.8406918525261721 0.23021739130434782 0.7141556668183887 0.23021739130434782 0.7139280837505689 0.08304347826086957 0.8406918525261721 0.08282608695652174 0.8409194355939918 0.23 0.8406918525261721 0.23021739130434782
0 0.6513427401001366 0.23021739130434782 0.5844333181611289 0.23021739130434782 0.5842057350933091 0.1673913043478261 0.6513427401001366 0.16717391304347826 0.6515703231679563 0.23 0.6513427401001366 0.23021739130434782
0 0.706417842512517 0.23021739130434782 0.6568047337278107 0.23021739130434782 0.6565771506599909 0.1673913043478261 0.706417842512517 0.16717391304347826 0.7066454255803368 0.23 0.706417842512517 0.23021739130434782
0 0.35639508420573507 0.703695652173913 0.12744651797906237 0.703695652173913 0.12721893491124261 0.23478260869565218 0.4906690942193901 0.23456521739130434 0.4908966772872098 0.6121739130434782 0.3568502503413746 0.6123913043478261 0.35662266727355485 0.7034782608695652 0.35639508420573507 0.703695652173913
0 0.6513427401001366 0.29891304347826086 0.6131087847064178 0.29891304347826086 0.6126536185707784 0.2980434782608696 0.5803368229403733 0.2980434782608696 0.5801092398725535 0.2382608695652174 0.6513427401001366 0.23804347826086958 0.6515703231679563 0.29869565217391303 0.6513427401001366 0.29891304347826086
0 0.8406918525261721 0.45413043478260867 0.7906235776058261 0.45413043478260867 0.7903959945380064 0.4291304347826087 0.6181156121984525 0.42891304347826087 0.6178880291306327 0.3034782608695652 0.6563495675921711 0.3032608695652174 0.6565771506599909 0.2382608695652174 0.8406918525261721 0.23804347826086958 0.8409194355939918 0.4539130434782609 0.8406918525261721 0.45413043478260867
0 0.9726900318616295 0.6080434782608696 0.868456986800182 0.6080434782608696 0.8682294037323623 0.5878260869565217 0.9726900318616295 0.5876086956521739 0.9729176149294493 0.6078260869565217 0.9726900318616295 0.6080434782608696
0 0.9726900318616295 0.7271739130434782 0.868456986800182 0.7271739130434782 0.8682294037323623 0.6156521739130435 0.9726900318616295 0.6154347826086957 0.9729176149294493 0.7269565217391304 0.9726900318616295 0.7271739130434782
0 0.4906690942193901 0.703695652173913 0.3609467455621302 0.703695652173913 0.3607191624943104 0.6165217391304347 0.4906690942193901 0.616304347826087 0.4908966772872098 0.7034782608695652 0.4906690942193901 0.703695652173913
0 0.8456986800182067 0.933695652173913 0.5025034137460173 0.933695652173913 0.5022758306781976 0.7556521739130435 0.8456986800182067 0.7554347826086957 0.8459262630860264 0.9334782608695652 0.8456986800182067 0.933695652173913