0 0.7590861889927311 0.34544253632760896 0.6105919003115264 0.34544253632760896 0.6100726895119418 0.3368560105680317 0.5815160955347871 0.33619550858652575 0.5809968847352025 0.17701453104359313 0.7590861889927311 0.1763540290620872 0.7596053997923157 0.34478203434610305 0.7590861889927311 0.34544253632760896
0 0.9418483904465212 0.34544253632760896 0.7663551401869159 0.34544253632760896 0.7658359293873312 0.17701453104359313 0.9418483904465212 0.1763540290620872 0.942367601246106 0.34478203434610305 0.9418483904465212 0.34544253632760896
0 0.49117341640706125 0.32694848084544254 0.363447559709242 0.32694848084544254 0.3629283489096573 0.1809775429326288 0.49117341640706125 0.18031704095112286 0.4916926272066459 0.32628797886393657 0.49117341640706125 0.32694848084544254
0 0.13395638629283488 0.33883751651254956 0.13343717549325027 0.18229854689564068 0.22637590861889928 0.18163804491413474 0.2268951194184839 0.332892998678996 0.13499480789200416 0.333553500660502 0.13447559709241952 0.3381770145310436 0.13395638629283488 0.33883751651254956
0 0.3011422637590862 0.33883751651254956 0.23468328141225336 0.33883751651254956 0.23416407061266875 0.18626155878467635 0.304257528556594 0.1856010568031704 0.3047767393561786 0.32628797886393657 0.30218068535825543 0.32694848084544254 0.3016614745586708 0.3381770145310436 0.3011422637590862 0.33883751651254956
0 0.3582554517133956 0.32694848084544254 0.3052959501557632 0.32694848084544254 0.3047767393561786 0.22324966974900926 0.308411214953271 0.22258916776750332 0.3089304257528557 0.19154557463672392 0.31879543094496365 0.19088507265521795 0.31931464174454827 0.18626155878467635 0.3582554517133956 0.1856010568031704 0.3587746625129803 0.32628797886393657 0.3582554517133956 0.32694848084544254
0 0.49117341640706125 0.5462351387054161 0.3146417445482866 0.5462351387054161 0.31412253374870197 0.5429326287978864 0.3130841121495327 0.5416116248348745 0.3130841121495327 0.3579920739762219 0.31412253374870197 0.35667107001321 0.31412253374870197 0.332892998678996 0.49117341640706125 0.3322324966974901 0.4916926272066459 0.5455746367239102 0.49117341640706125 0.5462351387054161
0 0.3073727933541018 0.749669749009247 0.13499480789200416 0.749669749009247 0.13447559709241952 0.34610303830911493 0.3032191069574247 0.34544253632760896 0.3037383177570093 0.35667107001321 0.3125649013499481 0.357331571994716 0.3130841121495327 0.5416116248348745 0.304257528556594 0.5422721268163805 0.3037383177570093 0.52443857331572 0.26895119418483904 0.5237780713342141 0.2684319833852544 0.5468956406869221 0.3073727933541018 0.547556142668428 0.3078920041536864 0.655217965653897 0.3068535825545171 0.6565389696169088 0.3068535825545171 0.6605019815059445 0.3078920041536864 0.6618229854689565 0.3078920041536864 0.7490092470277411 0.3073727933541018 0.749669749009247
0 0.7133956386292835 0.5330250990752973 0.5815160955347871 0.5330250990752973 0.5809968847352025 0.5191545574636723 0.6105919003115264 0.5184940554821664 0.6111111111111112 0.5019815059445178 0.5815160955347871 0.5013210039630119 0.5809968847352025 0.35402906208718626 0.7133956386292835 0.3533685601056803 0.7139148494288681 0.5323645970937912 0.7133956386292835 0.5330250990752973
0 0.9418483904465212 0.6439894319682959 0.9075804776739356 0.6439894319682959 0.907061266874351 0.5957727873183619 0.7725856697819314 0.595112285336856 0.7720664589823468 0.5336856010568032 0.7601246105919003 0.5330250990752973 0.7596053997923157 0.5204755614266843 0.7185877466251298 0.5198150594451784 0.7180685358255452 0.35402906208718626 0.833852544132918 0.3533685601056803 0.8343717549325026 0.5455746367239102 0.9418483904465212 0.5462351387054161 0.942367601246106 0.6433289299867899 0.9418483904465212 0.6439894319682959
0 0.9418483904465212 0.41677675033025097 0.838006230529595 0.41677675033025097 0.8374870197300104 0.35402906208718626 0.9418483904465212 0.3533685601056803 0.942367601246106 0.41611624834874505 0.9418483904465212 0.41677675033025097
0 0.9418483904465212 0.5409511228533685 0.838006230529595 0.5409511228533685 0.8374870197300104 0.4227212681638045 0.9418483904465212 0.42206076618229854 0.942367601246106 0.5402906208718626 0.9418483904465212 0.5409511228533685
0 0.6105919003115264 0.5184940554821664 0.5815160955347871 0.5184940554821664 0.5809968847352025 0.5019815059445178 0.6105919003115264 0.5013210039630119 0.6111111111111112 0.5178335535006605 0.6105919003115264 0.5184940554821664
0 0.7653167185877466 0.7430647291941875 0.5815160955347871 0.7430647291941875 0.5809968847352025 0.5416116248348745 0.7653167185877466 0.5409511228533685 0.7658359293873312 0.7424042272126816 0.7653167185877466 0.7430647291941875
0 0.49117341640706125 0.6558784676354029 0.3146417445482866 0.6558784676354029 0.31412253374870197 0.5468956406869221 0.49117341640706125 0.5462351387054161 0.49117341640706125 0.547556142668428 0.37590861889927313 0.547556142668428 0.37538940809968846 0.5521796565389696 0.49117341640706125 0.5528401585204755 0.4916926272066459 0.655217965653897 0.49117341640706125 0.6558784676354029
0 0.9418483904465212 0.7430647291941875 0.7725856697819314 0.7430647291941875 0.7720664589823468 0.6050198150594451 0.9003115264797508 0.6043593130779392 0.9008307372793354 0.6512549537648613 0.9418483904465212 0.6519154557463672 0.942367601246106 0.7424042272126816 0.9418483904465212 0.7430647291941875
0 0.387331256490135 0.749669749009247 0.3146417445482866 0.749669749009247 0.31412253374870197 0.6618229854689565 0.387331256490135 0.6611624834874504 0.3878504672897196 0.7490092470277411 0.387331256490135 0.749669749009247
0 0.49117341640706125 0.749669749009247 0.3925233644859813 0.749669749009247 0.3920041536863967 0.6618229854689565 0.49117341640706125 0.6611624834874504 0.4916926272066459 0.7490092470277411 0.49117341640706125 0.749669749009247