0 0.741822429906542 0.3141509433962264 0.616822429906542 0.3141509433962264 0.6162383177570093 0.08679245283018867 0.741822429906542 0.08584905660377358 0.7424065420560748 0.3132075471698113 0.741822429906542 0.3141509433962264
0 0.8761682242990654 0.3877358490566038 0.75 0.3877358490566038 0.7494158878504673 0.08679245283018867 0.8761682242990654 0.08584905660377358 0.8767523364485982 0.3867924528301887 0.8761682242990654 0.3877358490566038
0 0.3212616822429907 0.4990566037735849 0.19158878504672897 0.4990566037735849 0.19100467289719625 0.08867924528301886 0.4485981308411215 0.08773584905660377 0.4491822429906542 0.3283018867924528 0.32242990654205606 0.3292452830188679 0.32184579439252337 0.4981132075471698 0.3212616822429907 0.4990566037735849
0 0.741822429906542 0.8216981132075472 0.616822429906542 0.8216981132075472 0.6162383177570093 0.32264150943396225 0.741822429906542 0.32169811320754715 0.7424065420560748 0.8207547169811321 0.741822429906542 0.8216981132075472
0 0.4485981308411215 0.4990566037735849 0.32242990654205606 0.4990566037735849 0.32184579439252337 0.330188679245283 0.4485981308411215 0.3292452830188679 0.4491822429906542 0.4981132075471698 0.4485981308411215 0.4990566037735849
0 0.7827102803738317 0.559433962264151 0.75 0.559433962264151 0.7494158878504673 0.39622641509433965 0.8165887850467289 0.39528301886792455 0.8171728971962616 0.5415094339622641 0.7838785046728972 0.5424528301886793 0.7832943925233645 0.5584905660377358 0.7827102803738317 0.559433962264151
0 0.8761682242990654 0.559433962264151 0.8294392523364486 0.559433962264151 0.8288551401869159 0.5433962264150943 0.822429906542056 0.5424528301886793 0.8218457943925234 0.39622641509433965 0.8761682242990654 0.39528301886792455 0.8767523364485982 0.5584905660377358 0.8761682242990654 0.559433962264151
0 0.316588785046729 0.7518867924528302 0.19158878504672897 0.7518867924528302 0.19100467289719625 0.5037735849056604 0.2675233644859813 0.5028301886792453 0.2675233644859813 0.5009433962264151 0.19158878504672897 0.5009433962264151 0.19158878504672897 0.4990566037735849 0.4485981308411215 0.4990566037735849 0.4491822429906542 0.5415094339622641 0.32242990654205606 0.5424528301886793 0.32184579439252337 0.5037735849056604 0.3177570093457944 0.5028301886792453 0.3171728971962617 0.7509433962264151 0.316588785046729 0.7518867924528302
0 0.3820093457943925 0.6858490566037736 0.32242990654205606 0.6858490566037736 0.32184579439252337 0.5509433962264151 0.3820093457943925 0.55 0.38259345794392524 0.6849056603773584 0.3820093457943925 0.6858490566037736
0 0.4485981308411215 0.6858490566037736 0.3878504672897196 0.6858490566037736 0.3872663551401869 0.569811320754717 0.4030373831775701 0.5688679245283019 0.4036214953271028 0.5509433962264151 0.4485981308411215 0.55 0.4491822429906542 0.6849056603773584 0.4485981308411215 0.6858490566037736
0 0.8761682242990654 0.8216981132075472 0.75 0.8216981132075472 0.7494158878504673 0.5679245283018868 0.8761682242990654 0.5669811320754717 0.8767523364485982 0.8207547169811321 0.8761682242990654 0.8216981132075472
0 0.17873831775700935 0.8330188679245283 0.10747663551401869 0.8330188679245283 0.10689252336448599 0.6415094339622641 0.17873831775700935 0.6405660377358491 0.17932242990654207 0.8320754716981132 0.17873831775700935 0.8330188679245283
0 0.3820093457943925 0.8235849056603773 0.32242990654205606 0.8235849056603773 0.32184579439252337 0.6943396226415094 0.3820093457943925 0.6933962264150944 0.38259345794392524 0.8226415094339623 0.3820093457943925 0.8235849056603773
0 0.4485981308411215 0.8235849056603773 0.3878504672897196 0.8235849056603773 0.3872663551401869 0.6943396226415094 0.4485981308411215 0.6933962264150944 0.4491822429906542 0.8226415094339623 0.4485981308411215 0.8235849056603773
0 0.2651869158878505 0.8235849056603773 0.19158878504672897 0.8235849056603773 0.19100467289719625 0.7603773584905661 0.2651869158878505 0.7594339622641509 0.2657710280373832 0.8226415094339623 0.2651869158878505 0.8235849056603773
0 0.316588785046729 0.8235849056603773 0.27102803738317754 0.8235849056603773 0.27044392523364486 0.7603773584905661 0.316588785046729 0.7594339622641509 0.3171728971962617 0.8226415094339623 0.316588785046729 0.8235849056603773