0 0.257183908045977 0.3070652173913043 0.1752873563218391 0.3070652173913043 0.17456896551724138 0.07789855072463768 0.2959770114942529 0.0769927536231884 0.29669540229885055 0.23731884057971014 0.25862068965517243 0.23822463768115942 0.2579022988505747 0.3061594202898551 0.257183908045977 0.3070652173913043
0 0.47270114942528735 0.22192028985507245 0.3232758620689655 0.22192028985507245 0.3225574712643678 0.17391304347826086 0.3017241379310345 0.17300724637681159 0.3010057471264368 0.07789855072463768 0.47270114942528735 0.0769927536231884 0.4734195402298851 0.2210144927536232 0.47270114942528735 0.22192028985507245
0 0.8117816091954023 0.1403985507246377 0.7830459770114943 0.1403985507246377 0.7823275862068966 0.1068840579710145 0.8074712643678161 0.10597826086956522 0.8081896551724138 0.1322463768115942 0.8117816091954023 0.1331521739130435 0.8125 0.13949275362318841 0.8117816091954023 0.1403985507246377
0 0.75 0.296195652173913 0.6709770114942529 0.296195652173913 0.6702586206896551 0.13405797101449277 0.7772988505747126 0.1331521739130435 0.7780172413793104 0.1431159420289855 0.8117816091954023 0.14402173913043478 0.8125 0.18478260869565216 0.7887931034482759 0.18568840579710144 0.7880747126436781 0.2463768115942029 0.7514367816091954 0.24728260869565216 0.7507183908045977 0.29528985507246375 0.75 0.296195652173913
0 0.9669540229885057 0.36684782608695654 0.8189655172413793 0.36684782608695654 0.8182471264367817 0.13405797101449277 0.9669540229885057 0.1331521739130435 0.9676724137931034 0.36594202898550726 0.9669540229885057 0.36684782608695654
0 0.47270114942528735 0.4067028985507246 0.3017241379310345 0.4067028985507246 0.3010057471264368 0.2554347826086957 0.3218390804597701 0.2545289855072464 0.3225574712643678 0.22826086956521738 0.47270114942528735 0.22735507246376813 0.4734195402298851 0.4057971014492754 0.47270114942528735 0.4067028985507246
0 0.1336206896551724 0.348731884057971 0.07040229885057471 0.348731884057971 0.06968390804597702 0.23731884057971014 0.16954022988505746 0.23641304347826086 0.17025862068965517 0.28804347826086957 0.10344827586206896 0.28894927536231885 0.10272988505747127 0.29528985507246375 0.1336206896551724 0.296195652173913 0.1343390804597701 0.34782608695652173 0.1336206896551724 0.348731884057971
0 0.2959770114942529 0.3070652173913043 0.2614942528735632 0.3070652173913043 0.2607758620689655 0.2463768115942029 0.2959770114942529 0.24547101449275363 0.29669540229885055 0.3061594202898551 0.2959770114942529 0.3070652173913043
0 0.8103448275862069 0.296195652173913 0.7543103448275862 0.296195652173913 0.7535919540229885 0.2536231884057971 0.7873563218390804 0.25271739130434784 0.7880747126436781 0.2608695652173913 0.8103448275862069 0.2617753623188406 0.8110632183908046 0.29528985507246375 0.8103448275862069 0.296195652173913
0 0.16954022988505746 0.4067028985507246 0.13505747126436782 0.4067028985507246 0.1343390804597701 0.3532608695652174 0.13936781609195403 0.3523550724637681 0.1400862068965517 0.3496376811594203 0.1372126436781609 0.34782608695652173 0.1372126436781609 0.2971014492753623 0.16954022988505746 0.296195652173913 0.17025862068965517 0.4057971014492754 0.16954022988505746 0.4067028985507246
0 0.6853448275862069 0.35597826086956524 0.5603448275862069 0.35597826086956524 0.5596264367816092 0.30434782608695654 0.6853448275862069 0.30344202898550726 0.6860632183908046 0.35507246376811596 0.6853448275862069 0.35597826086956524
0 0.8103448275862069 0.36684782608695654 0.7212643678160919 0.36684782608695654 0.7205459770114943 0.35688405797101447 0.6910919540229885 0.35597826086956524 0.6903735632183908 0.30434782608695654 0.8103448275862069 0.30344202898550726 0.8110632183908046 0.36594202898550726 0.8103448275862069 0.36684782608695654
0 0.2959770114942529 0.4067028985507246 0.1752873563218391 0.4067028985507246 0.17456896551724138 0.3134057971014493 0.2959770114942529 0.3125 0.29669540229885055 0.4057971014492754 0.2959770114942529 0.4067028985507246
0 0.1307471264367816 0.4067028985507246 0.07040229885057471 0.4067028985507246 0.06968390804597702 0.3532608695652174 0.1307471264367816 0.3523550724637681 0.1314655172413793 0.4057971014492754 0.1307471264367816 0.4067028985507246
0 0.6623563218390804 0.40307971014492755 0.5603448275862069 0.40307971014492755 0.5596264367816092 0.36231884057971014 0.6623563218390804 0.36141304347826086 0.6630747126436781 0.40217391304347827 0.6623563218390804 0.40307971014492755
0 0.7169540229885057 0.40307971014492755 0.6681034482758621 0.40307971014492755 0.6673850574712644 0.36231884057971014 0.7169540229885057 0.36141304347826086 0.7176724137931034 0.40217391304347827 0.7169540229885057 0.40307971014492755
0 0.5373563218390804 0.6784420289855072 0.46551724137931033 0.6784420289855072 0.46479885057471265 0.592391304347826 0.5373563218390804 0.5914855072463768 0.5380747126436781 0.677536231884058 0.5373563218390804 0.6784420289855072
0 0.5775862068965517 0.7110507246376812 0.5445402298850575 0.7110507246376812 0.5438218390804598 0.592391304347826 0.6020114942528736 0.5914855072463768 0.6027298850574713 0.677536231884058 0.5790229885057471 0.6784420289855072 0.5783045977011494 0.7101449275362319 0.5775862068965517 0.7110507246376812
0 0.6767241379310345 0.7436594202898551 0.6120689655172413 0.7436594202898551 0.6113505747126436 0.592391304347826 0.6767241379310345 0.5914855072463768 0.6774425287356322 0.7427536231884058 0.6767241379310345 0.7436594202898551
0 0.7543103448275862 0.7436594202898551 0.6839080459770115 0.7436594202898551 0.6831896551724138 0.592391304347826 0.7543103448275862 0.5914855072463768 0.7550287356321839 0.7427536231884058 0.7543103448275862 0.7436594202898551
0 0.7543103448275862 0.904891304347826 0.6063218390804598 0.904891304347826 0.6056034482758621 0.8188405797101449 0.46551724137931033 0.8179347826086957 0.46479885057471265 0.7789855072463768 0.5086206896551724 0.7780797101449275 0.5093390804597702 0.769927536231884 0.46551724137931033 0.7690217391304348 0.46479885057471265 0.6793478260869565 0.5373563218390804 0.6784420289855072 0.5380747126436781 0.7771739130434783 0.5431034482758621 0.7780797101449275 0.5438218390804598 0.717391304347826 0.5775862068965517 0.7164855072463768 0.5783045977011494 0.7518115942028986 0.7543103448275862 0.7527173913043478 0.7550287356321839 0.9039855072463768 0.7543103448275862 0.904891304347826
0 0.45545977011494254 0.904891304347826 0.35919540229885055 0.904891304347826 0.3584770114942529 0.8641304347826086 0.4238505747126437 0.8632246376811594 0.4245689655172414 0.8586956521739131 0.35919540229885055 0.8577898550724637 0.3584770114942529 0.75 0.45545977011494254 0.7490942028985508 0.4561781609195402 0.9039855072463768 0.45545977011494254 0.904891304347826
0 0.5287356321839081 0.904891304347826 0.4698275862068966 0.904891304347826 0.46910919540229884 0.8297101449275363 0.5287356321839081 0.8288043478260869 0.5294540229885057 0.9039855072463768 0.5287356321839081 0.904891304347826
0 0.5962643678160919 0.904891304347826 0.5359195402298851 0.904891304347826 0.5352011494252874 0.8297101449275363 0.5962643678160919 0.8288043478260869 0.5969827586206896 0.9039855072463768 0.5962643678160919 0.904891304347826