0 0.509159823120657 0.4167604049493813 0.25963360707517374 0.4167604049493813 0.2593177511054959 0.10123734533183353 0.5382185723310171 0.10067491563554555 0.5385344283006949 0.40719910011248595 0.5097915350600126 0.4077615298087739 0.5094756790903348 0.4161979752530934 0.509159823120657 0.4167604049493813
0 0.7201516108654453 0.4043869516310461 0.5432722678458622 0.4043869516310461 0.5429564118761845 0.10123734533183353 0.7201516108654453 0.10067491563554555 0.7204674668351232 0.40382452193475815 0.7201516108654453 0.4043869516310461
0 0.9058749210360075 0.4043869516310461 0.7245735944409349 0.4043869516310461 0.7242577384712571 0.10123734533183353 0.9058749210360075 0.10067491563554555 0.9061907770056854 0.40382452193475815 0.9058749210360075 0.4043869516310461
0 0.10170562223626027 0.3863892013498313 0.04674668351231838 0.3863892013498313 0.04643082754264056 0.23509561304836896 0.10170562223626027 0.23453318335208098 0.1020214782059381 0.3858267716535433 0.10170562223626027 0.3863892013498313
0 0.2545799115603285 0.45725534308211474 0.17687934301958308 0.45725534308211474 0.173404927353127 0.45106861642294716 0.17308907138344914 0.44938132733408326 0.16708780795957043 0.4398200224971879 0.16677195198989261 0.438132733408324 0.1651926721415035 0.4364454443194601 0.16487681617182565 0.4347581552305962 0.16361339229311433 0.43363329583802024 0.16266582438408086 0.4330708661417323 0.16234996841440302 0.4313835770528684 0.1607706885660139 0.4296962879640045 0.16045483259633608 0.4280089988751406 0.15887555274794693 0.4263217097862767 0.15792798483891346 0.4235095613048369 0.15634870499052433 0.421822272215973 0.1560328490208465 0.4201349831271091 0.15445356917245737 0.4184476940382452 0.15413771320277952 0.4167604049493813 0.1525584333543904 0.4150731158605174 0.15161086544535693 0.41226096737907764 0.15003158559696778 0.41057367829021374 0.14971572962728996 0.40888638920134984 0.14845230574857865 0.40888638920134984 0.14718888186986734 0.40551181102362205 0.14624131396083387 0.4049493813273341 0.14276689829437778 0.39763779527559057 0.14181933038534428 0.39707536557930256 0.1408717624763108 0.3942632170978628 0.1399241945672773 0.3937007874015748 0.13897662665824384 0.390888638920135 0.13802905874921037 0.39032620922384703 0.13644977890082122 0.3863892013498313 0.10739102969046115 0.3863892013498313 0.10707517372078332 0.23509561304836896 0.2545799115603285 0.23453318335208098 0.2548957675300063 0.4566929133858268 0.2545799115603285 0.45725534308211474
0 0.16803537586860393 0.623734533183352 0.05180037902716361 0.623734533183352 0.051484523057485784 0.3948256467941507 0.13202779532533165 0.3942632170978628 0.14466203411244472 0.4167604049493813 0.14624131396083387 0.4184476940382452 0.14655716993051168 0.4201349831271091 0.1481364497789008 0.421822272215973 0.14845230574857865 0.4235095613048369 0.15003158559696778 0.4251968503937008 0.15097915350600127 0.4280089988751406 0.1525584333543904 0.4296962879640045 0.1528742893240682 0.4313835770528684 0.15445356917245737 0.4330708661417323 0.15476942514213518 0.4347581552305962 0.1572962728995578 0.438132733408324 0.15887555274794693 0.4398200224971879 0.15982312065698043 0.44263217097862767 0.1607706885660139 0.4431946006749156 0.16171825647504737 0.44600674915635546 0.16266582438408086 0.4465691788526434 0.16361339229311433 0.44938132733408326 0.1651926721415035 0.45106861642294716 0.16614024005053696 0.45388076490438695 0.16708780795957043 0.4544431946006749 0.16835123183828174 0.4578177727784027 0.16835123183828174 0.6231721034870641 0.16803537586860393 0.623734533183352
0 0.5243209096651926 0.8667041619797525 0.25963360707517374 0.8667041619797525 0.2593177511054959 0.41732283464566927 0.5426405559065066 0.4167604049493813 0.5429564118761845 0.5399325084364455 0.5249526216045484 0.5404949381327334 0.5246367656348705 0.8661417322834646 0.5243209096651926 0.8667041619797525
0 0.7725837018319647 0.5404949381327334 0.5432722678458622 0.5404949381327334 0.5429564118761845 0.41732283464566927 0.7725837018319647 0.4167604049493813 0.7728995578016424 0.5399325084364455 0.7725837018319647 0.5404949381327334
0 0.9058749210360075 0.7305961754780652 0.7353126974099811 0.7305961754780652 0.7349968414403032 0.5545556805399325 0.7770056854074542 0.5539932508436446 0.777321541377132 0.41732283464566927 0.9058749210360075 0.4167604049493813 0.9061907770056854 0.7300337457817773 0.9058749210360075 0.7305961754780652
0 0.25142135186355025 0.6271091113610798 0.17561591914087177 0.6271091113610798 0.17530006317119393 0.46906636670416196 0.25142135186355025 0.468503937007874 0.25173720783322806 0.6265466816647919 0.25142135186355025 0.6271091113610798
0 0.638660770688566 0.7305961754780652 0.5293746051800379 0.7305961754780652 0.5290587492103601 0.5545556805399325 0.638660770688566 0.5539932508436446 0.6389766266582438 0.7300337457817773 0.638660770688566 0.7305961754780652
0 0.7289955780164246 0.7305961754780652 0.6437144662034112 0.7305961754780652 0.6433986102337335 0.5545556805399325 0.7289955780164246 0.5539932508436446 0.7293114339861023 0.7300337457817773 0.7289955780164246 0.7305961754780652
0 0.2545799115603285 0.8667041619797525 0.04674668351231838 0.8667041619797525 0.04643082754264056 0.6445444319460067 0.2545799115603285 0.6439820022497188 0.2548957675300063 0.8661417322834646 0.2545799115603285 0.8667041619797525