0 0.2595419847328244 0.4235218508997429 0.05820610687022901 0.4235218508997429 0.057729007633587785 0.2069408740359897 0.2595419847328244 0.20629820051413883 0.26001908396946566 0.42287917737789205 0.2595419847328244 0.4235218508997429
0 0.27576335877862596 0.21143958868894602 0.2738549618320611 0.20758354755784061 0.2724236641221374 0.2069408740359897 0.27576335877862596 0.20629820051413883 0.2762404580152672 0.21079691516709512 0.27576335877862596 0.21143958868894602
0 0.4599236641221374 0.4466580976863753 0.2767175572519084 0.4466580976863753 0.2762404580152672 0.2120822622107969 0.4599236641221374 0.21143958868894602 0.4604007633587786 0.44601542416452444 0.4599236641221374 0.4466580976863753
0 0.683206106870229 0.4839331619537275 0.48282442748091603 0.4839331619537275 0.4823473282442748 0.4473007712082262 0.46564885496183206 0.4466580976863753 0.4651717557251908 0.2120822622107969 0.7566793893129771 0.21143958868894602 0.7571564885496184 0.46272493573264784 0.6841603053435115 0.4633676092544987 0.6836832061068703 0.4832904884318766 0.683206106870229 0.4839331619537275
0 0.9561068702290076 0.4556555269922879 0.7624045801526718 0.4556555269922879 0.7619274809160306 0.2120822622107969 0.9561068702290076 0.21143958868894602 0.9565839694656488 0.455012853470437 0.9561068702290076 0.4556555269922879
0 0.37213740458015265 0.6484575835475579 0.2814885496183206 0.6484575835475579 0.2810114503816794 0.45758354755784064 0.37213740458015265 0.4569408740359897 0.3726145038167939 0.6478149100257069 0.37213740458015265 0.6484575835475579
0 0.4751908396946565 0.5906169665809768 0.3797709923664122 0.5906169665809768 0.37929389312977096 0.45758354755784064 0.4751908396946565 0.4569408740359897 0.4756679389312977 0.589974293059126 0.4751908396946565 0.5906169665809768
0 0.7843511450381679 0.7281491002570694 0.6841603053435115 0.7281491002570694 0.6836832061068703 0.4640102827763496 0.8158396946564885 0.4633676092544987 0.8163167938931297 0.6349614395886889 0.7853053435114504 0.6356041131105399 0.7848282442748091 0.7275064267352185 0.7843511450381679 0.7281491002570694
0 0.898854961832061 0.5571979434447301 0.8215648854961832 0.5571979434447301 0.8210877862595419 0.4640102827763496 0.898854961832061 0.4633676092544987 0.8993320610687023 0.5565552699228792 0.898854961832061 0.5571979434447301
0 0.9561068702290076 0.5571979434447301 0.9045801526717557 0.5571979434447301 0.9041030534351145 0.4640102827763496 0.9561068702290076 0.4633676092544987 0.9565839694656488 0.5565552699228792 0.9561068702290076 0.5571979434447301
0 0.6774809160305344 0.7911311053984575 0.48282442748091603 0.7911311053984575 0.4823473282442748 0.4845758354755784 0.683206106870229 0.4839331619537275 0.6836832061068703 0.5462724935732648 0.6784351145038168 0.5469151670951157 0.6779580152671756 0.7904884318766067 0.6774809160305344 0.7911311053984575
0 0.9561068702290076 0.7911311053984575 0.7900763358778626 0.7911311053984575 0.7895992366412213 0.6465295629820051 0.8206106870229007 0.6458868894601543 0.8210877862595419 0.5655526992287918 0.9561068702290076 0.5649100257069408 0.9565839694656488 0.7904884318766067 0.9561068702290076 0.7911311053984575
0 0.4751908396946565 0.7911311053984575 0.2767175572519084 0.7911311053984575 0.2762404580152672 0.6593830334190232 0.3788167938931298 0.6587403598971723 0.37929389312977096 0.609254498714653 0.4751908396946565 0.6086118251928021 0.4756679389312977 0.7904884318766067 0.4751908396946565 0.7911311053984575
0 0.7843511450381679 0.7911311053984575 0.6841603053435115 0.7911311053984575 0.6836832061068703 0.7352185089974294 0.7843511450381679 0.7345758354755784 0.7848282442748091 0.7904884318766067 0.7843511450381679 0.7911311053984575