0 0.4311594202898551 0.4265536723163842 0.10024154589371981 0.4265536723163842 0.09963768115942029 0.08286252354048965 0.4311594202898551 0.08192090395480225 0.43176328502415456 0.4256120527306968 0.4311594202898551 0.4265536723163842
0 0.13828502415458938 0.2937853107344633 0.13828502415458938 0.21468926553672316 0.10144927536231885 0.2137476459510358 0.10084541062801933 0.2937853107344633 0.13768115942028986 0.2947269303201507 0.13828502415458938 0.2937853107344633
0 0.6545893719806763 0.3625235404896422 0.4420289855072464 0.3625235404896422 0.4414251207729469 0.08286252354048965 0.6545893719806763 0.08192090395480225 0.6551932367149759 0.3615819209039548 0.6545893719806763 0.3625235404896422
0 0.9444444444444444 0.4472693032015066 0.8164251207729468 0.4472693032015066 0.8152173913043478 0.4453860640301318 0.6642512077294686 0.4453860640301318 0.663647342995169 0.09416195856873823 0.9444444444444444 0.09322033898305085 0.9450483091787439 0.4463276836158192 0.9444444444444444 0.4472693032015066
0 0.13768115942028986 0.2947269303201507 0.10144927536231885 0.2947269303201507 0.10084541062801933 0.21468926553672316 0.13768115942028986 0.2137476459510358 0.13828502415458938 0.2937853107344633 0.13768115942028986 0.2947269303201507
0 0.6545893719806763 0.7071563088512242 0.4420289855072464 0.7071563088512242 0.4414251207729469 0.480225988700565 0.45652173913043476 0.4792843691148776 0.4571256038647343 0.3766478342749529 0.6557971014492754 0.3757062146892655 0.6551932367149759 0.7062146892655368 0.6545893719806763 0.7071563088512242
0 0.4311594202898551 0.7071563088512242 0.2995169082125604 0.7071563088512242 0.29891304347826086 0.4387947269303202 0.3417874396135266 0.4378531073446328 0.34299516908212563 0.4397363465160075 0.3635265700483092 0.4397363465160075 0.3641304347826087 0.5480225988700564 0.4311594202898551 0.5489642184557438 0.43176328502415456 0.7062146892655368 0.4311594202898551 0.7071563088512242
0 0.1859903381642512 0.5696798493408662 0.10144927536231885 0.5696798493408662 0.10084541062801933 0.4406779661016949 0.1859903381642512 0.4397363465160075 0.18659420289855072 0.568738229755179 0.1859903381642512 0.5696798493408662
0 0.2898550724637681 0.7071563088512242 0.1678743961352657 0.7071563088512242 0.16847826086956522 0.7024482109227872 0.1708937198067633 0.6986817325800376 0.17330917874396135 0.6930320150659134 0.17693236714975846 0.6854990583804144 0.18055555555555555 0.6779661016949152 0.18417874396135267 0.6704331450094162 0.18659420289855072 0.664783427495292 0.1890096618357488 0.6591337099811676 0.19142512077294685 0.6534839924670434 0.19504830917874397 0.6459510357815442 0.19504830917874397 0.4406779661016949 0.2753623188405797 0.4397363465160075 0.27596618357487923 0.4726930320150659 0.2898550724637681 0.4736346516007533 0.29045893719806765 0.7062146892655368 0.2898550724637681 0.7071563088512242
0 0.4311594202898551 0.5376647834274952 0.37318840579710144 0.5376647834274952 0.3725845410628019 0.4406779661016949 0.4311594202898551 0.4397363465160075 0.43176328502415456 0.536723163841808 0.4311594202898551 0.5376647834274952
0 0.8152173913043478 0.4604519774011299 0.6642512077294686 0.4604519774011299 0.663647342995169 0.4463276836158192 0.8152173913043478 0.4453860640301318 0.8158212560386473 0.4595103578154426 0.8152173913043478 0.4604519774011299
0 0.9444444444444444 0.8578154425612052 0.6642512077294686 0.8578154425612052 0.663647342995169 0.4613935969868173 0.9444444444444444 0.4604519774011299 0.9450483091787439 0.8568738229755178 0.9444444444444444 0.8578154425612052
0 0.15579710144927536 0.7071563088512242 0.10144927536231885 0.7071563088512242 0.10084541062801933 0.5819209039548022 0.1859903381642512 0.5809792843691148 0.18659420289855072 0.6421845574387948 0.18417874396135267 0.6440677966101694 0.1817632850241546 0.6497175141242938 0.1793478260869565 0.655367231638418 0.17693236714975846 0.6610169491525424 0.17330917874396135 0.6685499058380414 0.16968599033816426 0.6760828625235404 0.16727053140096618 0.6817325800376648 0.16666666666666666 0.684557438794727 0.16485507246376813 0.6854990583804144 0.16243961352657005 0.6911487758945386 0.16002415458937197 0.696798493408663 0.15760869565217392 0.7024482109227872 0.15579710144927536 0.7071563088512242