0 0.26171428571428573 0.33967391304347827 0.10857142857142857 0.33967391304347827 0.108 0.14492753623188406 0.26171428571428573 0.14402173913043478 0.2622857142857143 0.338768115942029 0.26171428571428573 0.33967391304347827
0 0.432 0.4773550724637681 0.27314285714285713 0.4773550724637681 0.2725714285714286 0.14492753623188406 0.432 0.14402173913043478 0.43257142857142855 0.47644927536231885 0.432 0.4773550724637681
0 0.736 0.5027173913043478 0.4377142857142857 0.5027173913043478 0.43714285714285717 0.14492753623188406 0.736 0.14402173913043478 0.7365714285714285 0.5018115942028986 0.736 0.5027173913043478
0 0.9051428571428571 0.4791666666666667 0.7988571428571428 0.4791666666666667 0.7982857142857143 0.44565217391304346 0.744 0.4447463768115942 0.7434285714285714 0.14492753623188406 0.9051428571428571 0.14402173913043478 0.9057142857142857 0.4782608695652174 0.9051428571428571 0.4791666666666667
0 0.26171428571428573 0.8396739130434783 0.11428571428571428 0.8396739130434783 0.11371428571428571 0.35507246376811596 0.26171428571428573 0.3541666666666667 0.2622857142857143 0.8387681159420289 0.26171428571428573 0.8396739130434783
0 0.9051428571428571 0.6385869565217391 0.904 0.6367753623188406 0.8434285714285714 0.6367753623188406 0.8428571428571429 0.4927536231884058 0.8685714285714285 0.49184782608695654 0.8691428571428571 0.48007246376811596 0.9051428571428571 0.4791666666666667 0.9057142857142857 0.6376811594202898 0.9051428571428571 0.6385869565217391
0 0.3577142857142857 0.5625 0.27314285714285713 0.5625 0.2725714285714286 0.4855072463768116 0.3577142857142857 0.4846014492753623 0.35828571428571426 0.5615942028985508 0.3577142857142857 0.5625
0 0.432 0.5625 0.36228571428571427 0.5625 0.3617142857142857 0.4855072463768116 0.432 0.4846014492753623 0.43257142857142855 0.5615942028985508 0.432 0.5625
0 0.8354285714285714 0.634963768115942 0.744 0.634963768115942 0.7434285714285714 0.4927536231884058 0.8354285714285714 0.49184782608695654 0.836 0.6340579710144928 0.8354285714285714 0.634963768115942
0 0.5828571428571429 0.7327898550724637 0.4377142857142857 0.7327898550724637 0.43714285714285717 0.5036231884057971 0.5828571428571429 0.5027173913043478 0.5834285714285714 0.5108695652173914 0.5822857142857143 0.5126811594202898 0.5822857142857143 0.6431159420289855 0.5834285714285714 0.644927536231884 0.5834285714285714 0.7318840579710145 0.5828571428571429 0.7327898550724637
0 0.7668571428571429 0.8414855072463768 0.5885714285714285 0.8414855072463768 0.588 0.644927536231884 0.5828571428571429 0.6440217391304348 0.5822857142857143 0.5126811594202898 0.736 0.5117753623188406 0.7365714285714285 0.6431159420289855 0.7668571428571429 0.6440217391304348 0.7674285714285715 0.8405797101449275 0.7668571428571429 0.8414855072463768
0 0.432 0.8396739130434783 0.27314285714285713 0.8396739130434783 0.2725714285714286 0.5706521739130435 0.432 0.5697463768115942 0.43257142857142855 0.8387681159420289 0.432 0.8396739130434783
0 0.9051428571428571 0.8414855072463768 0.7737142857142857 0.8414855072463768 0.7731428571428571 0.644927536231884 0.8388571428571429 0.6440217391304348 0.84 0.6458333333333334 0.9051428571428571 0.6458333333333334 0.9057142857142857 0.8405797101449275 0.9051428571428571 0.8414855072463768
0 0.512 0.7961956521739131 0.4422857142857143 0.7961956521739131 0.4417142857142857 0.7427536231884058 0.512 0.7418478260869565 0.5125714285714286 0.7952898550724637 0.512 0.7961956521739131
0 0.5828571428571429 0.8414855072463768 0.5222857142857142 0.8414855072463768 0.5217142857142857 0.7427536231884058 0.5828571428571429 0.7418478260869565 0.5834285714285714 0.8405797101449275 0.5828571428571429 0.8414855072463768