0 0.1574251115360102 0.4846813725490196 0.0331421287444232 0.4846813725490196 0.032823454429572976 0.20955882352941177 0.1574251115360102 0.20894607843137256 0.1577437858508604 0.4840686274509804 0.1574251115360102 0.4846813725490196
0 0.42319949012109626 0.6133578431372549 0.20331421287444232 0.6133578431372549 0.2029955385595921 0.49264705882352944 0.20395156150414276 0.49203431372549017 0.20427023581899298 0.5441176470588235 0.20777565328234543 0.5447303921568627 0.20809432759719568 0.4852941176470588 0.18929254302103252 0.4846813725490196 0.18897386870618227 0.4632352941176471 0.16252390057361377 0.46262254901960786 0.16220522625876355 0.20955882352941177 0.3792224346717655 0.20894607843137256 0.3795411089866157 0.4950980392156863 0.42319949012109626 0.4957107843137255 0.4235181644359465 0.6127450980392157 0.42319949012109626 0.6133578431372549
0 0.4697259400892288 0.4883578431372549 0.38368387507966856 0.4883578431372549 0.38336520076481834 0.20955882352941177 0.4697259400892288 0.20894607843137256 0.470044614404079 0.4877450980392157 0.4697259400892288 0.4883578431372549
0 0.7125557680050988 0.3400735294117647 0.5181644359464627 0.3400735294117647 0.5178457616316124 0.21446078431372548 0.7125557680050988 0.21384803921568626 0.712874442319949 0.3394607843137255 0.7125557680050988 0.3400735294117647
0 0.8151688973868706 0.7481617647058824 0.6876991714467814 0.7481617647058824 0.6873804971319312 0.6151960784313726 0.6539196940726577 0.6145833333333334 0.6536010197578075 0.4485294117647059 0.7163798597833014 0.4479166666666667 0.7166985340981517 0.21446078431372548 0.8151688973868706 0.21384803921568626 0.8154875717017208 0.7475490196078431 0.8151688973868706 0.7481617647058824
0 0.9509241555130656 0.3547794117647059 0.8209050350541747 0.3547794117647059 0.8205863607393244 0.21446078431372548 0.9509241555130656 0.21384803921568626 0.9512428298279159 0.3541666666666667 0.9509241555130656 0.3547794117647059
0 0.6494582536647546 0.4258578431372549 0.5175270873167622 0.4258578431372549 0.517208413001912 0.3480392156862745 0.6494582536647546 0.3474264705882353 0.6497769279796048 0.4252450980392157 0.6494582536647546 0.4258578431372549
0 0.7125557680050988 0.44056372549019607 0.6539196940726577 0.44056372549019607 0.6536010197578075 0.3480392156862745 0.7125557680050988 0.3474264705882353 0.712874442319949 0.43995098039215685 0.7125557680050988 0.44056372549019607
0 0.9509241555130656 0.6109068627450981 0.8209050350541747 0.6109068627450981 0.8205863607393244 0.3627450980392157 0.9509241555130656 0.36213235294117646 0.9512428298279159 0.6102941176470589 0.9509241555130656 0.6109068627450981
0 0.6488209050350542 0.6145833333333334 0.5175270873167622 0.6145833333333334 0.517208413001912 0.43504901960784315 0.6373486297004461 0.43443627450980393 0.6376673040152964 0.49264705882352944 0.6488209050350542 0.49325980392156865 0.6491395793499044 0.6139705882352942 0.6488209050350542 0.6145833333333334
0 0.1504142766093053 0.7861519607843137 0.09369024856596558 0.7861519607843137 0.08795411089866156 0.7751225490196079 0.0869980879541109 0.7745098039215687 0.08476736775015933 0.7689950980392157 0.08381134480560867 0.7683823529411765 0.07775653282345443 0.7555147058823529 0.07680050987890376 0.7549019607843137 0.0745697896749522 0.7493872549019608 0.07361376673040153 0.7487745098039216 0.07202039515615041 0.7444852941176471 0.033779477374123644 0.7444852941176471 0.033460803059273424 0.49264705882352944 0.20267686424474188 0.49203431372549017 0.2029955385595921 0.6409313725490197 0.20363288718929254 0.6421568627450981 0.20363288718929254 0.7450980392156863 0.17208413001912046 0.7457107843137255 0.16188655194391333 0.7653186274509803 0.1602931803696622 0.7671568627450981 0.1586998087954111 0.7714460784313726 0.15710643722115997 0.7732843137254902 0.15551306564690887 0.7775735294117647 0.1532823454429573 0.7806372549019608 0.1516889738687062 0.7849264705882353 0.1504142766093053 0.7861519607843137
0 0.4697259400892288 0.6133578431372549 0.42766093052899934 0.6133578431372549 0.4273422562141491 0.4963235294117647 0.4697259400892288 0.4957107843137255 0.470044614404079 0.6127450980392157 0.4697259400892288 0.6133578431372549
0 0.8706182281708095 0.7481617647058824 0.8209050350541747 0.7481617647058824 0.8205863607393244 0.6188725490196079 0.8706182281708095 0.6182598039215687 0.8709369024856597 0.7475490196078431 0.8706182281708095 0.7481617647058824
0 0.9509241555130656 0.7481617647058824 0.8750796685787126 0.7481617647058824 0.8747609942638623 0.6188725490196079 0.9509241555130656 0.6182598039215687 0.9512428298279159 0.7475490196078431 0.9509241555130656 0.7481617647058824
0 0.3301465901848311 0.7457107843137255 0.20777565328234543 0.7457107843137255 0.2074569789674952 0.6213235294117647 0.3301465901848311 0.6207107843137255 0.33046526449968133 0.7450980392156863 0.3301465901848311 0.7457107843137255
0 0.4002549394518802 0.7383578431372549 0.33460803059273425 0.7383578431372549 0.334289356277884 0.6213235294117647 0.4002549394518802 0.6207107843137255 0.4005736137667304 0.7377450980392157 0.4002549394518802 0.7383578431372549
0 0.4697259400892288 0.7457107843137255 0.4047163798597833 0.7457107843137255 0.4043977055449331 0.6213235294117647 0.4697259400892288 0.6207107843137255 0.470044614404079 0.7450980392156863 0.4697259400892288 0.7457107843137255
0 0.6819630337794774 0.7481617647058824 0.5168897386870618 0.7481617647058824 0.517208413001912 0.6237745098039216 0.6819630337794774 0.6231617647058824 0.6822817080943276 0.7475490196078431 0.6819630337794774 0.7481617647058824