0 0.21898227558604916 0.36895810955961333 0.07661520869068039 0.36895810955961333 0.07632933104631218 0.05370569280343716 0.2332761578044597 0.05316863587540279 0.2335620354488279 0.2663802363050483 0.2195540308747856 0.2669172932330827 0.21926815323041737 0.3684210526315789 0.21898227558604916 0.36895810955961333
0 0.346483704974271 0.2669172932330827 0.23842195540308747 0.2669172932330827 0.23813607775871926 0.05370569280343716 0.346483704974271 0.05316863587540279 0.3467695826186392 0.2663802363050483 0.346483704974271 0.2669172932330827
0 0.48599199542595767 0.2669172932330827 0.3516295025728988 0.2669172932330827 0.3513436249285306 0.05370569280343716 0.48599199542595767 0.05316863587540279 0.4862778730703259 0.2663802363050483 0.48599199542595767 0.2669172932330827
0 0.5546026300743282 0.2669172932330827 0.4917095483133219 0.2669172932330827 0.4914236706689537 0.05370569280343716 0.5546026300743282 0.05316863587540279 0.5548885077186964 0.2663802363050483 0.5546026300743282 0.2669172932330827
0 0.6375071469411092 0.31954887218045114 0.5603201829616924 0.31954887218045114 0.5600343053173242 0.05370569280343716 0.6375071469411092 0.05316863587540279 0.6377930245854774 0.31901181525241673 0.6375071469411092 0.31954887218045114
0 0.8387650085763293 0.31954887218045114 0.642652944539737 0.31954887218045114 0.6423670668953688 0.05370569280343716 0.8387650085763293 0.05316863587540279 0.8390508862206976 0.31901181525241673 0.8387650085763293 0.31954887218045114
0 0.31046312178387653 0.575187969924812 0.22412807318467695 0.575187969924812 0.22384219554030874 0.27604726100966703 0.37392795883361923 0.2755102040816326 0.3742138364779874 0.45005370569280345 0.3110348770726129 0.4505907626208378 0.3107489994282447 0.5746509129967776 0.31046312178387653 0.575187969924812
0 0.5025728987993139 0.7180451127819549 0.3744997141223556 0.7180451127819549 0.3742138364779874 0.27604726100966703 0.5025728987993139 0.2755102040816326 0.5028587764436822 0.7175080558539205 0.5025728987993139 0.7180451127819549
0 0.8387650085763293 0.7180451127819549 0.5031446540880503 0.7180451127819549 0.5028587764436822 0.27604726100966703 0.5546026300743282 0.2755102040816326 0.5548885077186964 0.3276047261009667 0.8387650085763293 0.3281417830290011 0.8390508862206976 0.7175080558539205 0.8387650085763293 0.7180451127819549
0 0.21898227558604916 0.575187969924812 0.07661520869068039 0.575187969924812 0.07632933104631218 0.37808807733619765 0.21898227558604916 0.37755102040816324 0.21926815323041737 0.5746509129967776 0.21898227558604916 0.575187969924812
0 0.36935391652372784 0.575187969924812 0.31503716409376786 0.575187969924812 0.31475128644939965 0.45864661654135336 0.36935391652372784 0.458109559613319 0.36963979416809606 0.5746509129967776 0.36935391652372784 0.575187969924812
0 0.35791881074899945 0.7234156820622986 0.30360205831903947 0.7234156820622986 0.30331618067467125 0.6058002148227712 0.35791881074899945 0.6052631578947368 0.35820468839336767 0.7228786251342643 0.35791881074899945 0.7234156820622986