0 0.5008992805755396 0.47764227642276424 0.4352517985611511 0.47764227642276424 0.4348021582733813 0.4078590785907859 0.3498201438848921 0.4071815718157182 0.3493705035971223 0.27235772357723576 0.5008992805755396 0.27168021680216803 0.5013489208633094 0.47696476964769646 0.5008992805755396 0.47764227642276424
0 0.5908273381294964 0.32994579945799457 0.5269784172661871 0.32994579945799457 0.5265287769784173 0.27235772357723576 0.5908273381294964 0.27168021680216803 0.5912769784172662 0.32926829268292684 0.5908273381294964 0.32994579945799457
0 0.6807553956834532 0.40447154471544716 0.6133093525179856 0.40447154471544716 0.6128597122302158 0.3685636856368564 0.5944244604316546 0.3678861788617886 0.5939748201438849 0.27235772357723576 0.6807553956834532 0.27168021680216803 0.6812050359712231 0.4037940379403794 0.6807553956834532 0.40447154471544716
0 0.5593525179856115 0.40447154471544716 0.5269784172661871 0.40447154471544716 0.5265287769784173 0.33604336043360433 0.5908273381294964 0.3353658536585366 0.5912769784172662 0.36720867208672087 0.560251798561151 0.3678861788617886 0.5598021582733813 0.4037940379403794 0.5593525179856115 0.40447154471544716
0 0.6088129496402878 0.5142276422764228 0.5629496402877698 0.5142276422764228 0.5625 0.37398373983739835 0.6088129496402878 0.37330623306233063 0.6092625899280576 0.4078590785907859 0.6807553956834532 0.40853658536585363 0.6812050359712231 0.47560975609756095 0.6097122302158273 0.47628726287262874 0.6092625899280576 0.513550135501355 0.6088129496402878 0.5142276422764228
0 0.43435251798561153 0.47764227642276424 0.38758992805755393 0.47764227642276424 0.38714028776978415 0.4078590785907859 0.43435251798561153 0.4071815718157182 0.4348021582733813 0.47696476964769646 0.43435251798561153 0.47764227642276424
0 0.3830935251798561 0.4735772357723577 0.3498201438848921 0.4735772357723577 0.3493705035971223 0.4092140921409214 0.3830935251798561 0.40853658536585363 0.3835431654676259 0.47289972899729 0.3830935251798561 0.4735772357723577
0 0.5593525179856115 0.4640921409214092 0.5269784172661871 0.4640921409214092 0.5265287769784173 0.4092140921409214 0.5593525179856115 0.40853658536585363 0.5598021582733813 0.4634146341463415 0.5593525179856115 0.4640921409214092
0 0.5593525179856115 0.5142276422764228 0.5269784172661871 0.5142276422764228 0.5265287769784173 0.46747967479674796 0.5593525179856115 0.46680216802168023 0.5598021582733813 0.513550135501355 0.5593525179856115 0.5142276422764228
0 0.4433453237410072 0.5440379403794038 0.3498201438848921 0.5440379403794038 0.3493705035971223 0.47831978319783197 0.4460431654676259 0.47764227642276424 0.4464928057553957 0.532520325203252 0.4442446043165468 0.5331978319783198 0.443794964028777 0.5433604336043361 0.4433453237410072 0.5440379403794038
0 0.5008992805755396 0.6158536585365854 0.44694244604316546 0.6158536585365854 0.4464928057553957 0.47831978319783197 0.5008992805755396 0.47764227642276424 0.5013489208633094 0.6151761517615176 0.5008992805755396 0.6158536585365854
0 0.6807553956834532 0.6144986449864499 0.5935251798561151 0.6144986449864499 0.5930755395683454 0.5365853658536586 0.612410071942446 0.5359078590785907 0.6128597122302158 0.4823848238482385 0.6807553956834532 0.4817073170731707 0.6812050359712231 0.6138211382113821 0.6807553956834532 0.6144986449864499
0 0.6088129496402878 0.5318428184281843 0.5935251798561151 0.5318428184281843 0.5930755395683454 0.518970189701897 0.6088129496402878 0.5182926829268293 0.6092625899280576 0.5311653116531165 0.6088129496402878 0.5318428184281843
0 0.3947841726618705 0.6009485094850948 0.3498201438848921 0.6009485094850948 0.3493705035971223 0.5474254742547425 0.3947841726618705 0.5467479674796748 0.3952338129496403 0.6002710027100271 0.3947841726618705 0.6009485094850948
0 0.42805755395683454 0.6158536585365854 0.3983812949640288 0.6158536585365854 0.397931654676259 0.5474254742547425 0.42805755395683454 0.5467479674796748 0.4285071942446043 0.6151761517615176 0.42805755395683454 0.6158536585365854
0 0.4433453237410072 0.6158536585365854 0.4307553956834532 0.6158536585365854 0.43030575539568344 0.5474254742547425 0.4433453237410072 0.5467479674796748 0.443794964028777 0.6151761517615176 0.4433453237410072 0.6158536585365854
0 0.3947841726618705 0.6971544715447154 0.3498201438848921 0.6971544715447154 0.3493705035971223 0.6056910569105691 0.3947841726618705 0.6050135501355014 0.3952338129496403 0.6964769647696477 0.3947841726618705 0.6971544715447154