0 0.9883843717001056 0.31109185441941073 0.9334741288278775 0.31109185441941073 0.9329461457233369 0.16291161178509533 0.856388595564942 0.16204506065857885 0.8558606124604012 0.03119584055459272 0.9883843717001056 0.030329289428076257 0.9889123548046462 0.31022530329289427 0.9883843717001056 0.31109185441941073
0 0.0791974656810982 0.40121317157712305 0.0337909186906019 0.40121317157712305 0.03326293558606125 0.09705372616984402 0.0791974656810982 0.09618717504332755 0.07972544878563886 0.4003466204506066 0.0791974656810982 0.40121317157712305
0 0.24498416050686378 0.40121317157712305 0.08447729672650475 0.40121317157712305 0.0839493136219641 0.09705372616984402 0.24498416050686378 0.09618717504332755 0.24551214361140444 0.4003466204506066 0.24498416050686378 0.40121317157712305
0 0.34635691657866946 0.23310225303292895 0.25237592397043296 0.23310225303292895 0.2518479408658923 0.09705372616984402 0.34635691657866946 0.09618717504332755 0.3468848996832101 0.2322357019064125 0.34635691657866946 0.23310225303292895
0 0.4392819429778247 0.40121317157712305 0.3526927138331573 0.40121317157712305 0.3521647307286167 0.09705372616984402 0.4392819429778247 0.09618717504332755 0.43980992608236535 0.1854419410745234 0.41288278775079196 0.18630849220103987 0.4123548046462513 0.19410745233968804 0.4392819429778247 0.1949740034662045 0.43980992608236535 0.4003466204506066 0.4392819429778247 0.40121317157712305
0 0.5522703273495249 0.4289428076256499 0.44667370644139387 0.4289428076256499 0.4461457233368532 0.09705372616984402 0.5522703273495249 0.09618717504332755 0.5527983104540655 0.42807625649913345 0.5522703273495249 0.4289428076256499
0 0.6979936642027456 0.378682842287695 0.5586061246040127 0.378682842287695 0.558078141499472 0.09705372616984402 0.6979936642027456 0.09618717504332755 0.6985216473072862 0.3778162911611785 0.6979936642027456 0.378682842287695
0 0.8458289334741288 0.378682842287695 0.7032734952481521 0.378682842287695 0.7027455121436114 0.09705372616984402 0.8458289334741288 0.09618717504332755 0.8463569165786695 0.3778162911611785 0.8458289334741288 0.378682842287695
0 0.9271383315733897 0.31109185441941073 0.856388595564942 0.31109185441941073 0.8558606124604012 0.17157712305025996 0.9271383315733897 0.1707105719237435 0.9276663146779303 0.31022530329289427 0.9271383315733897 0.31109185441941073
0 0.34635691657866946 0.39601386481802425 0.2555438225976769 0.39601386481802425 0.2550158394931362 0.24956672443674177 0.34635691657866946 0.24870017331022531 0.3468848996832101 0.3951473136915078 0.34635691657866946 0.39601386481802425
0 0.9883843717001056 0.7738301559792028 0.856388595564942 0.7738301559792028 0.8558606124604012 0.32582322357019067 0.9883843717001056 0.32495667244367415 0.9889123548046462 0.7729636048526863 0.9883843717001056 0.7738301559792028
0 0.7001055966209081 0.766897746967071 0.5839493136219641 0.766897746967071 0.5834213305174234 0.5563258232235702 0.5586061246040127 0.5554592720970537 0.558078141499472 0.3882149046793761 0.7465681098204857 0.3873483535528596 0.7470960929250264 0.4852686308492201 0.7381203801478353 0.5 0.7038014783526927 0.5545927209705372 0.7006335797254488 0.561525129982669 0.7006335797254488 0.7660311958405546 0.7001055966209081 0.766897746967071
0 0.8458289334741288 0.48440207972270366 0.7518479408658922 0.48440207972270366 0.7513199577613516 0.3882149046793761 0.8458289334741288 0.3873483535528596 0.8463569165786695 0.48353552859618715 0.8458289334741288 0.48440207972270366
0 0.3611404435058078 0.766897746967071 0.11826821541710665 0.766897746967071 0.117740232312566 0.41074523396880414 0.3611404435058078 0.4098786828422877 0.3616684266103485 0.7660311958405546 0.3611404435058078 0.766897746967071
0 0.5786694825765576 0.912478336221837 0.36219640971488914 0.912478336221837 0.3616684266103485 0.41074523396880414 0.4392819429778247 0.4098786828422877 0.43980992608236535 0.43674176776429807 0.5575501583949314 0.4376083188908146 0.558078141499472 0.5545927209705372 0.5786694825765576 0.5554592720970537 0.5791974656810982 0.9116117850953206 0.5786694825765576 0.912478336221837
0 0.8458289334741288 0.766897746967071 0.706441393875396 0.766897746967071 0.7059134107708553 0.5684575389948007 0.747624076029567 0.5 0.7502639915522703 0.49740034662045063 0.7518479408658922 0.4930675909878683 0.8458289334741288 0.4930675909878683 0.8463569165786695 0.7660311958405546 0.8458289334741288 0.766897746967071