0 0.3068702290076336 0.27169421487603307 0.03816793893129771 0.27169421487603307 0.03740458015267176 0.05165289256198347 0.3068702290076336 0.0506198347107438 0.30763358778625954 0.2706611570247934 0.3068702290076336 0.27169421487603307
0 0.3755725190839695 0.16425619834710745 0.3145038167938931 0.16425619834710745 0.3137404580152672 0.05165289256198347 0.3755725190839695 0.0506198347107438 0.3763358778625954 0.16322314049586778 0.3755725190839695 0.16425619834710745
0 0.6320610687022901 0.7365702479338843 0.383206106870229 0.7365702479338843 0.38244274809160306 0.49793388429752067 0.37709923664122136 0.496900826446281 0.3763358778625954 0.5909090909090909 0.26106870229007634 0.5919421487603306 0.2603053435114504 0.27892561983471076 0.3816793893129771 0.27789256198347106 0.38244274809160306 0.05165289256198347 0.6320610687022901 0.0506198347107438 0.632824427480916 0.7355371900826446 0.6320610687022901 0.7365702479338843
0 0.8106870229007633 0.1993801652892562 0.6381679389312978 0.1993801652892562 0.6374045801526718 0.05165289256198347 0.8106870229007633 0.0506198347107438 0.8114503816793893 0.19834710743801653 0.8106870229007633 0.1993801652892562
0 0.9129770992366413 0.1993801652892562 0.8183206106870229 0.1993801652892562 0.8175572519083969 0.05578512396694215 0.9129770992366413 0.05475206611570248 0.9137404580152672 0.19834710743801653 0.9129770992366413 0.1993801652892562
0 0.3755725190839695 0.27169421487603307 0.3145038167938931 0.27169421487603307 0.3137404580152672 0.17355371900826447 0.3755725190839695 0.1725206611570248 0.3763358778625954 0.2706611570247934 0.3755725190839695 0.27169421487603307
0 0.6717557251908397 0.34607438016528924 0.6381679389312978 0.34607438016528924 0.6374045801526718 0.2066115702479339 0.7007633587786259 0.20557851239669422 0.7015267175572519 0.29958677685950413 0.6954198473282442 0.30785123966942146 0.6877862595419847 0.3202479338842975 0.6801526717557251 0.33264462809917356 0.6717557251908397 0.34607438016528924
0 0.7725190839694657 0.4617768595041322 0.6381679389312978 0.4617768595041322 0.6374045801526718 0.3574380165289256 0.6732824427480916 0.35640495867768596 0.6748091603053435 0.3543388429752066 0.6770992366412214 0.35330578512396693 0.6816793893129771 0.3450413223140496 0.6824427480916031 0.3419421487603306 0.684732824427481 0.3409090909090909 0.6908396946564885 0.3305785123966942 0.6954198473282442 0.32231404958677684 0.7076335877862595 0.3037190082644628 0.7076335877862595 0.2066115702479339 0.7725190839694657 0.20557851239669422 0.7732824427480917 0.4607438016528926 0.7725190839694657 0.4617768595041322
0 0.916030534351145 0.5485537190082644 0.8137404580152672 0.5485537190082644 0.8129770992366412 0.4628099173553719 0.7801526717557252 0.4617768595041322 0.7793893129770992 0.2066115702479339 0.916030534351145 0.20557851239669422 0.916793893129771 0.5475206611570248 0.916030534351145 0.5485537190082644
0 0.2549618320610687 0.49483471074380164 0.03816793893129771 0.49483471074380164 0.03740458015267176 0.27892561983471076 0.2549618320610687 0.27789256198347106 0.25572519083969464 0.493801652892562 0.2549618320610687 0.49483471074380164
0 0.8076335877862595 0.7365702479338843 0.6381679389312978 0.7365702479338843 0.6374045801526718 0.47107438016528924 0.8076335877862595 0.4700413223140496 0.8083969465648855 0.7355371900826446 0.8076335877862595 0.7365702479338843
0 0.2549618320610687 0.7365702479338843 0.03816793893129771 0.7365702479338843 0.03740458015267176 0.5041322314049587 0.2549618320610687 0.503099173553719 0.25572519083969464 0.7355371900826446 0.2549618320610687 0.7365702479338843
0 0.916030534351145 0.7365702479338843 0.8137404580152672 0.7365702479338843 0.8129770992366412 0.5578512396694215 0.916030534351145 0.5568181818181818 0.916793893129771 0.7355371900826446 0.916030534351145 0.7365702479338843
0 0.3755725190839695 0.7365702479338843 0.26106870229007634 0.7365702479338843 0.2603053435114504 0.6012396694214877 0.3755725190839695 0.6002066115702479 0.3763358778625954 0.7355371900826446 0.3755725190839695 0.7365702479338843