0 0.26556991774383076 0.29310344827586204 0.1045828437132785 0.29310344827586204 0.10399529964747356 0.10344827586206896 0.2925969447708578 0.10254083484573502 0.29318448883666276 0.18874773139745918 0.26674500587544064 0.1896551724137931 0.26615746180963573 0.29219600725952816 0.26556991774383076 0.29310344827586204
0 0.41480611045828436 0.1896551724137931 0.2984723854289072 0.1896551724137931 0.2978848413631022 0.10344827586206896 0.41480611045828436 0.10254083484573502 0.41539365452408933 0.18874773139745918 0.41480611045828436 0.1896551724137931
0 0.6098707403055229 0.29310344827586204 0.44770857814336074 0.29310344827586204 0.4471210340775558 0.19056261343012704 0.4206815511163337 0.1896551724137931 0.4200940070505288 0.10344827586206896 0.6098707403055229 0.10254083484573502 0.6104582843713279 0.29219600725952816 0.6098707403055229 0.29310344827586204
0 0.7473560517038778 0.29310344827586204 0.6157461809635723 0.29310344827586204 0.6151586368977673 0.10344827586206896 0.7473560517038778 0.10254083484573502 0.7479435957696827 0.29219600725952816 0.7473560517038778 0.29310344827586204
0 0.9224441833137486 0.28765880217785844 0.8425381903642774 0.28765880217785844 0.8419506462984724 0.11070780399274047 0.9224441833137486 0.10980036297640654 0.9230317273795534 0.2867513611615245 0.9224441833137486 0.28765880217785844
0 0.836662749706228 0.29310344827586204 0.7532314923619271 0.29310344827586204 0.7526439482961222 0.11252268602540835 0.836662749706228 0.11161524500907441 0.8372502937720329 0.29219600725952816 0.836662749706228 0.29310344827586204
0 0.3419506462984724 0.29310344827586204 0.2702702702702703 0.29310344827586204 0.2696827262044653 0.19600725952813067 0.3419506462984724 0.19509981851179672 0.3425381903642773 0.29219600725952816 0.3419506462984724 0.29310344827586204
0 0.4418331374853114 0.29310344827586204 0.34665099882491185 0.29310344827586204 0.34606345475910694 0.19600725952813067 0.4418331374853114 0.19509981851179672 0.44242068155111636 0.29219600725952816 0.4418331374853114 0.29310344827586204
0 0.418331374853114 0.4437386569872958 0.21386603995299647 0.4437386569872958 0.21327849588719153 0.30127041742286753 0.6862514688601645 0.3003629764065336 0.6868390129259695 0.4010889292196007 0.42303172737955347 0.40199637023593465 0.42244418331374856 0.39201451905626133 0.4195064629847238 0.3911070780399274 0.4189189189189189 0.44283121597096187 0.418331374853114 0.4437386569872958
0 0.8284371327849589 0.4419237749546279 0.6921269095182139 0.4419237749546279 0.6915393654524089 0.30127041742286753 0.8284371327849589 0.3003629764065336 0.8290246768507638 0.44101633393829404 0.8284371327849589 0.4419237749546279
0 0.6862514688601645 0.735934664246824 0.42420681551116335 0.735934664246824 0.4236192714453584 0.5045372050816697 0.42244418331374856 0.5027223230490018 0.42244418331374856 0.4029038112522686 0.6086956521739131 0.40199637023593465 0.6092831962397179 0.4101633393829401 0.6862514688601645 0.411070780399274 0.6868390129259695 0.73502722323049 0.6862514688601645 0.735934664246824
0 0.42303172737955347 0.735934664246824 0.21386603995299647 0.735934664246824 0.21327849588719153 0.4537205081669691 0.418331374853114 0.4528130671506352 0.4189189189189189 0.5027223230490018 0.42303172737955347 0.5036297640653358 0.4236192714453584 0.73502722323049 0.42303172737955347 0.735934664246824
0 0.8284371327849589 0.735934664246824 0.6921269095182139 0.735934664246824 0.6915393654524089 0.4537205081669691 0.8284371327849589 0.4528130671506352 0.8290246768507638 0.73502722323049 0.8284371327849589 0.735934664246824