0 0.1694169416941694 0.4777015437392796 0.0627062706270627 0.4777015437392796 0.06215621562156216 0.241852487135506 0.1694169416941694 0.24099485420240138 0.16996699669966997 0.47684391080617494 0.1694169416941694 0.4777015437392796
0 0.28052805280528054 0.4777015437392796 0.17491749174917492 0.4777015437392796 0.17436743674367436 0.241852487135506 0.28052805280528054 0.24099485420240138 0.2810781078107811 0.47684391080617494 0.28052805280528054 0.4777015437392796
0 0.5731573157315731 0.5771869639794168 0.5192519251925193 0.5771869639794168 0.5187018701870187 0.5626072041166381 0.2871287128712871 0.5617495711835334 0.28657865786578657 0.241852487135506 0.43234323432343236 0.24099485420240138 0.4350935093509351 0.2469982847341338 0.4361936193619362 0.2504288164665523 0.4383938393839384 0.2555746140651801 0.4405940594059406 0.2607204116638079 0.4416941694169417 0.2641509433962264 0.4438943894389439 0.2692967409948542 0.444994499449945 0.2727272727272727 0.4471947194719472 0.27787307032590053 0.4493949394939494 0.2830188679245283 0.4504950495049505 0.2864493996569468 0.4526952695269527 0.2915951972555746 0.45489548954895487 0.2967409948542024 0.4570957095709571 0.3018867924528302 0.4581958195819582 0.3053173241852487 0.4603960396039604 0.31046312178387653 0.4614961496149615 0.313893653516295 0.4636963696369637 0.3190394511149228 0.46534653465346537 0.32332761578044594 0.5731573157315731 0.32332761578044594 0.5737073707370737 0.5763293310463122 0.5731573157315731 0.5771869639794168
0 0.7216721672167217 0.5188679245283019 0.5786578657865786 0.5188679245283019 0.5781078107810781 0.3241852487135506 0.5907590759075908 0.32332761578044594 0.5924092409240924 0.32075471698113206 0.5935093509350935 0.31732418524871353 0.5957095709570958 0.31217838765008576 0.5979097909790979 0.307032590051458 0.6012101210121013 0.30017152658662094 0.6034103410341034 0.2950257289879931 0.6056105610561056 0.28987993138936535 0.6078107810781078 0.2847341337907376 0.61001100110011 0.27958833619210977 0.6122112211221122 0.274442538593482 0.6155115511551155 0.26758147512864494 0.6177117711771177 0.2624356775300172 0.6188118811881188 0.25900514579759865 0.621012101210121 0.2538593481989708 0.6221122112211221 0.2504288164665523 0.6248624862486248 0.2444253859348199 0.7216721672167217 0.2444253859348199 0.7222222222222222 0.5180102915951973 0.7216721672167217 0.5188679245283019
0 0.9427942794279428 0.6080617495711835 0.7337733773377337 0.6080617495711835 0.7332233223322332 0.24528301886792453 0.9427942794279428 0.2444253859348199 0.9433443344334433 0.6072041166380789 0.9427942794279428 0.6080617495711835
0 0.1188118811881188 0.5600343053173242 0.0627062706270627 0.5600343053173242 0.06215621562156216 0.483704974271012 0.1188118811881188 0.48284734133790735 0.11936193619361936 0.5591766723842195 0.1188118811881188 0.5600343053173242
0 0.3047304730473047 0.6732418524871355 0.2156215621562156 0.6732418524871355 0.21507150715071507 0.5797598627787307 0.12431243124312431 0.5789022298456261 0.12376237623762376 0.483704974271012 0.28602860286028603 0.48284734133790735 0.28657865786578657 0.5608919382504288 0.3047304730473047 0.5617495711835334 0.30528052805280526 0.6723842195540308 0.3047304730473047 0.6732418524871355
0 0.6391639163916392 0.611492281303602 0.5786578657865786 0.611492281303602 0.5781078107810781 0.5265866209262435 0.6391639163916392 0.5257289879931389 0.6397139713971397 0.6106346483704974 0.6391639163916392 0.611492281303602
0 0.7216721672167217 0.6595197255574614 0.671067106710671 0.6595197255574614 0.6688668866886689 0.6543739279588336 0.6672167216721672 0.6535162950257289 0.6666666666666666 0.6509433962264151 0.665016501650165 0.6500857632933105 0.6633663366336634 0.6457975986277873 0.6617161716171617 0.6449399656946827 0.6463146314631463 0.6192109777015438 0.6457645764576457 0.6166380789022299 0.6441144114411441 0.6157804459691252 0.6441144114411441 0.5265866209262435 0.7216721672167217 0.5257289879931389 0.7222222222222222 0.6586620926243568 0.7216721672167217 0.6595197255574614
0 0.48954895489548955 0.8996569468267581 0.30583058305830585 0.8996569468267581 0.30528052805280526 0.5626072041166381 0.35533553355335534 0.5617495711835334 0.3558855885588559 0.6106346483704974 0.35973597359735976 0.611492281303602 0.3602860286028603 0.5694682675814752 0.5137513751375138 0.5686106346483705 0.5143014301430143 0.7890222984562607 0.49064906490649063 0.7898799313893653 0.4900990099009901 0.8987993138936535 0.48954895489548955 0.8996569468267581
0 0.21012101210121012 0.7572898799313894 0.0627062706270627 0.7572898799313894 0.06215621562156216 0.5677530017152659 0.1188118811881188 0.5668953687821612 0.11936193619361936 0.5849056603773585 0.21012101210121012 0.5857632933104632 0.21067106710671066 0.7564322469982847 0.21012101210121012 0.7572898799313894
0 0.5731573157315731 0.676672384219554 0.5192519251925193 0.676672384219554 0.5187018701870187 0.5849056603773585 0.5731573157315731 0.5840480274442539 0.5737073707370737 0.6758147512864494 0.5731573157315731 0.676672384219554
0 0.6347634763476347 0.7624356775300172 0.6072607260726073 0.7624356775300172 0.6067106710671067 0.6843910806174958 0.6034103410341034 0.6792452830188679 0.6028602860286029 0.676672384219554 0.5786578657865786 0.676672384219554 0.5781078107810781 0.6209262435677531 0.6402640264026402 0.6200686106346484 0.6551155115511551 0.6432246998284734 0.6567656765676567 0.6475128644939966 0.6584158415841584 0.6483704974271012 0.658965896589659 0.6509433962264151 0.6606160616061606 0.6518010291595198 0.6688668866886689 0.6663807890222985 0.7183718371837183 0.6663807890222985 0.7189218921892189 0.7564322469982847 0.6358635863586358 0.7572898799313894 0.6353135313531353 0.7615780445969125 0.6347634763476347 0.7624356775300172
0 0.30033003300330036 0.7572898799313894 0.2156215621562156 0.7572898799313894 0.21507150715071507 0.6826758147512865 0.30033003300330036 0.6818181818181818 0.3008800880088009 0.7564322469982847 0.30033003300330036 0.7572898799313894
0 0.6347634763476347 0.8996569468267581 0.49504950495049505 0.8996569468267581 0.4944994499449945 0.7975986277873071 0.5181518151815182 0.7967409948542024 0.5187018701870187 0.6843910806174958 0.5995599559955995 0.6835334476843911 0.6012101210121013 0.6861063464837049 0.6023102310231023 0.6895368782161235 0.6023102310231023 0.7684391080617495 0.6347634763476347 0.7692967409948542 0.6353135313531353 0.8987993138936535 0.6347634763476347 0.8996569468267581