0 0.4827882960413081 0.3821022727272727 0.047332185886402756 0.3821022727272727 0.04690189328743546 0.07196969696969698 0.04604130808950086 0.07102272727272728 0.5060240963855421 0.07054924242424243 0.5064543889845095 0.14678030303030304 0.46987951807228917 0.14725378787878787 0.46944922547332185 0.24621212121212122 0.5060240963855421 0.24668560606060605 0.5064543889845095 0.2585227272727273 0.4836488812392427 0.2589962121212121 0.4832185886402754 0.3816287878787879 0.4827882960413081 0.3821022727272727
0 0.6153184165232358 0.2589962121212121 0.5103270223752151 0.2589962121212121 0.5098967297762479 0.07102272727272728 0.6153184165232358 0.07054924242424243 0.6157487091222031 0.2585227272727273 0.6153184165232358 0.2589962121212121
0 0.8141135972461274 0.3821022727272727 0.7796901893287436 0.3821022727272727 0.7792598967297762 0.3333333333333333 0.7762478485370051 0.3328598484848485 0.7758175559380379 0.3816287878787879 0.6807228915662651 0.3821022727272727 0.6802925989672978 0.3020833333333333 0.544750430292599 0.3016098484848485 0.5443201376936316 0.3816287878787879 0.48709122203098104 0.3821022727272727 0.4866609294320138 0.26325757575757575 0.6187607573149742 0.2627840909090909 0.6191910499139415 0.07102272727272728 0.6790017211703959 0.07054924242424243 0.6794320137693631 0.14583333333333334 0.6660929432013769 0.14630681818181818 0.6656626506024096 0.19981060606060605 0.6746987951807228 0.2002840909090909 0.6751290877796902 0.20265151515151514 0.6858864027538726 0.203125 0.6863166953528399 0.19602272727272727 0.6807228915662651 0.19554924242424243 0.6802925989672978 0.17329545454545456 0.6833046471600689 0.1728219696969697 0.6837349397590361 0.16571969696969696 0.6807228915662651 0.16524621212121213 0.6802925989672978 0.15056818181818182 0.6824440619621343 0.15009469696969696 0.6828743545611016 0.1259469696969697 0.8141135972461274 0.12547348484848486 0.8145438898450946 0.3816287878787879 0.8141135972461274 0.3821022727272727
0 0.8141135972461274 0.12168560606060606 0.6833046471600689 0.12168560606060606 0.6828743545611016 0.07102272727272728 0.8141135972461274 0.07054924242424243 0.8145438898450946 0.12121212121212122 0.8141135972461274 0.12168560606060606
0 0.5060240963855421 0.19554924242424243 0.47332185886402756 0.19554924242424243 0.47289156626506024 0.15056818181818182 0.5060240963855421 0.15009469696969696 0.5064543889845095 0.19507575757575757 0.5060240963855421 0.19554924242424243
0 0.6764199655765921 0.3821022727272727 0.5481927710843374 0.3821022727272727 0.5477624784853701 0.3058712121212121 0.6764199655765921 0.3053977272727273 0.6768502581755593 0.3816287878787879 0.6764199655765921 0.3821022727272727
0 0.22633390705679862 0.7713068181818182 0.04475043029259897 0.7713068181818182 0.04432013769363167 0.4725378787878788 0.22719449225473323 0.4720643939393939 0.22762478485370052 0.5994318181818182 0.24010327022375216 0.599905303030303 0.24053356282271945 0.6751893939393939 0.22719449225473323 0.6756628787878788 0.2267641996557659 0.7708333333333334 0.22633390705679862 0.7713068181818182
0 0.3287435456110155 0.6368371212121212 0.2538726333907057 0.6368371212121212 0.2534423407917384 0.5965909090909091 0.2314974182444062 0.5961174242424242 0.2310671256454389 0.4725378787878788 0.3287435456110155 0.4720643939393939 0.3291738382099828 0.6363636363636364 0.3287435456110155 0.6368371212121212
0 0.4759036144578313 0.5714962121212122 0.33390705679862304 0.5714962121212122 0.3334767641996558 0.4725378787878788 0.4759036144578313 0.4720643939393939 0.4763339070567986 0.5710227272727273 0.4759036144578313 0.5714962121212122
0 0.5963855421686747 0.5932765151515151 0.5086058519793459 0.5932765151515151 0.5081755593803786 0.571969696969697 0.5025817555938038 0.5714962121212122 0.5021514629948365 0.5928030303030303 0.48967297762478484 0.5932765151515151 0.4892426850258176 0.571969696969697 0.4810671256454389 0.5714962121212122 0.4806368330464716 0.4725378787878788 0.5963855421686747 0.4720643939393939 0.596815834767642 0.5928030303030303 0.5963855421686747 0.5932765151515151
0 0.6833046471600689 0.6368371212121212 0.6015490533562823 0.6368371212121212 0.601118760757315 0.4725378787878788 0.7013769363166954 0.4720643939393939 0.7018072289156626 0.5558712121212122 0.6910499139414802 0.556344696969697 0.6906196213425129 0.5918560606060606 0.6987951807228916 0.5923295454545454 0.6992254733218589 0.6354166666666666 0.6841652323580034 0.6358901515151515 0.6833046471600689 0.6368371212121212
0 0.8192771084337349 0.5847537878787878 0.7056798623063684 0.5847537878787878 0.705249569707401 0.4725378787878788 0.8192771084337349 0.4720643939393939 0.8197074010327022 0.584280303030303 0.8192771084337349 0.5847537878787878
0 0.4759036144578313 0.6368371212121212 0.33390705679862304 0.6368371212121212 0.3334767641996558 0.5757575757575758 0.4759036144578313 0.5752840909090909 0.4763339070567986 0.6363636363636364 0.4759036144578313 0.6368371212121212
0 0.7762478485370051 0.6482007575757576 0.7056798623063684 0.6482007575757576 0.705249569707401 0.6363636363636364 0.7035283993115319 0.6354166666666666 0.7035283993115319 0.5890151515151515 0.7762478485370051 0.5885416666666666 0.7766781411359724 0.6477272727272727 0.7762478485370051 0.6482007575757576
0 0.8192771084337349 0.6358901515151515 0.7805507745266781 0.6358901515151515 0.7801204819277109 0.5899621212121212 0.8192771084337349 0.5894886363636364 0.8197074010327022 0.6354166666666666 0.8192771084337349 0.6358901515151515
0 0.5963855421686747 0.6368371212121212 0.48967297762478484 0.6368371212121212 0.4892426850258176 0.6145833333333334 0.5077452667814114 0.6141098484848485 0.5081755593803786 0.5975378787878788 0.5963855421686747 0.5970643939393939 0.596815834767642 0.6363636363636364 0.5963855421686747 0.6368371212121212
0 0.8192771084337349 0.6785037878787878 0.7805507745266781 0.6785037878787878 0.7801204819277109 0.6401515151515151 0.8192771084337349 0.6396780303030303 0.8197074010327022 0.678030303030303 0.8192771084337349 0.6785037878787878
0 0.2857142857142857 0.6747159090909091 0.2538726333907057 0.6747159090909091 0.2534423407917384 0.6420454545454546 0.2857142857142857 0.6415719696969697 0.286144578313253 0.6742424242424242 0.2857142857142857 0.6747159090909091
0 0.37349397590361444 0.7713068181818182 0.3502581755593804 0.7713068181818182 0.34982788296041306 0.740530303030303 0.31153184165232356 0.7400568181818182 0.3111015490533563 0.7708333333333334 0.2306368330464716 0.7713068181818182 0.2302065404475043 0.6799242424242424 0.29001721170395867 0.6794507575757576 0.290447504302926 0.6420454545454546 0.346815834767642 0.6415719696969697 0.3472461273666093 0.7121212121212122 0.37349397590361444 0.712594696969697 0.37392426850258176 0.7708333333333334 0.37349397590361444 0.7713068181818182
0 0.4165232358003442 0.7088068181818182 0.35197934595524955 0.7088068181818182 0.3515490533562823 0.6420454545454546 0.4165232358003442 0.6415719696969697 0.41695352839931155 0.7083333333333334 0.4165232358003442 0.7088068181818182
0 0.48623063683304646 0.7088068181818182 0.42168674698795183 0.7088068181818182 0.4212564543889845 0.6420454545454546 0.48623063683304646 0.6415719696969697 0.4866609294320138 0.7083333333333334 0.48623063683304646 0.7088068181818182
0 0.5464716006884681 0.7267992424242424 0.49139414802065406 0.7267992424242424 0.49096385542168675 0.6420454545454546 0.5464716006884681 0.6415719696969697 0.5469018932874354 0.7263257575757576 0.5464716006884681 0.7267992424242424
0 0.6790017211703959 0.7713068181818182 0.5516351118760757 0.7713068181818182 0.5512048192771084 0.6420454545454546 0.6790017211703959 0.6415719696969697 0.6794320137693631 0.7708333333333334 0.6790017211703959 0.7713068181818182
0 0.8192771084337349 0.7713068181818182 0.6833046471600689 0.7713068181818182 0.6828743545611016 0.6581439393939394 0.7013769363166954 0.6576704545454546 0.7018072289156626 0.6695075757575758 0.7125645438898451 0.6699810606060606 0.7129948364888123 0.6524621212121212 0.73407917383821 0.6519886363636364 0.7345094664371773 0.6818181818181818 0.7375215146299484 0.6822916666666666 0.7379518072289156 0.6524621212121212 0.7762478485370051 0.6519886363636364 0.7766781411359724 0.6827651515151515 0.8192771084337349 0.6832386363636364 0.8197074010327022 0.7708333333333334 0.8192771084337349 0.7713068181818182
0 0.48623063683304646 0.7713068181818182 0.37865748709122204 0.7713068181818182 0.3782271944922547 0.7130681818181818 0.48623063683304646 0.712594696969697 0.4866609294320138 0.7708333333333334 0.48623063683304646 0.7713068181818182
0 0.5154905335628227 0.7713068181818182 0.49139414802065406 0.7713068181818182 0.49096385542168675 0.7320075757575758 0.5154905335628227 0.7315340909090909 0.51592082616179 0.7708333333333334 0.5154905335628227 0.7713068181818182
0 0.5464716006884681 0.7713068181818182 0.5197934595524957 0.7713068181818182 0.5193631669535284 0.7320075757575758 0.5464716006884681 0.7315340909090909 0.5469018932874354 0.7708333333333334 0.5464716006884681 0.7713068181818182
0 0.34509466437177283 0.7713068181818182 0.3158347676419966 0.7713068181818182 0.31540447504302926 0.7452651515151515 0.34509466437177283 0.7447916666666666 0.3455249569707401 0.7708333333333334 0.34509466437177283 0.7713068181818182