0 0.24311565696302123 0.3229988726042841 0.03697875688434304 0.3229988726042841 0.036585365853658534 0.09244644870349493 0.24311565696302123 0.09188275084554678 0.24350904799370574 0.322435174746336 0.24311565696302123 0.3229988726042841
0 0.6656176239181747 0.54847801578354 0.5955940204563336 0.54847801578354 0.5952006294256491 0.5411499436302142 0.46577498033044845 0.5405862457722661 0.465381589299764 0.1826381059751973 0.6664044059795436 0.18207440811724915 0.6667977970102281 0.4701240135287486 0.6380802517702596 0.47068771138669674 0.6376868607395751 0.47801578354002255 0.6664044059795436 0.4785794813979707 0.6667977970102281 0.5129650507328072 0.6660110149488592 0.5140924464487034 0.6660110149488592 0.5479143179255919 0.6656176239181747 0.54847801578354
0 0.45948072383949645 0.415445321307779 0.25413060582218727 0.415445321307779 0.25373721479150274 0.2491544532130778 0.45948072383949645 0.24859075535512964 0.459874114870181 0.41488162344983087 0.45948072383949645 0.415445321307779
0 0.8001573564122738 0.47068771138669674 0.6711250983477577 0.47068771138669674 0.6707317073170732 0.2491544532130778 0.8001573564122738 0.24859075535512964 0.8005507474429583 0.4701240135287486 0.8001573564122738 0.47068771138669674
0 0.9653815892997639 0.5394588500563697 0.8064516129032258 0.5394588500563697 0.8060582218725413 0.2491544532130778 0.9653815892997639 0.24859075535512964 0.9657749803304485 0.5388951521984217 0.9653815892997639 0.5394588500563697
0 0.24311565696302123 0.7502818489289741 0.03697875688434304 0.7502818489289741 0.036585365853658534 0.33258173618940245 0.24311565696302123 0.3320180383314543 0.24350904799370574 0.7497181510710259 0.24311565696302123 0.7502818489289741
0 0.36506687647521635 0.5822998872604284 0.25806451612903225 0.5822998872604284 0.2576711250983478 0.4250281848928974 0.36506687647521635 0.42446448703494927 0.3654602675059009 0.5817361894024803 0.36506687647521635 0.5822998872604284
0 0.43981117230527145 0.5541149943630215 0.3682140047206924 0.5541149943630215 0.36782061369000785 0.4250281848928974 0.45948072383949645 0.42446448703494927 0.459874114870181 0.503945885005637 0.44059795436664045 0.5045095828635852 0.4402045633359559 0.5535512965050733 0.43981117230527145 0.5541149943630215
0 0.7639653815892997 0.7209695603156708 0.6711250983477577 0.7209695603156708 0.6707317073170732 0.62119503945885 0.6664044059795436 0.6206313416009019 0.6660110149488592 0.5152198421645998 0.6667977970102281 0.5140924464487034 0.6667977970102281 0.4791431792559188 0.8001573564122738 0.4785794813979707 0.8005507474429583 0.6403607666290868 0.7667191188040913 0.6888387824126269 0.7663257277734068 0.6905298759864712 0.7643587726199843 0.6922209695603156 0.7643587726199843 0.7204058624577226 0.7639653815892997 0.7209695603156708
0 0.8772619984264359 0.6375422773393461 0.8064516129032258 0.6375422773393461 0.8060582218725413 0.5479143179255919 0.8772619984264359 0.5473506200676438 0.8776553894571204 0.636978579481398 0.8772619984264359 0.6375422773393461
0 0.9653815892997639 0.6375422773393461 0.8835562549173879 0.6375422773393461 0.8831628638867034 0.5479143179255919 0.9653815892997639 0.5473506200676438 0.9657749803304485 0.636978579481398 0.9653815892997639 0.6375422773393461
0 0.6066089693154996 0.8720405862457723 0.47915027537372146 0.8720405862457723 0.4783634933123525 0.8697857948139797 0.47639653815892996 0.8680947012401353 0.4760031471282455 0.8664036076662909 0.472462627852085 0.8624577226606539 0.47206923682140045 0.8607666290868095 0.47010228166797796 0.859075535512965 0.4697088906372935 0.8573844419391207 0.466168371361133 0.8534385569334837 0.46577498033044845 0.8517474633596392 0.46380802517702596 0.8500563697857948 0.4634146341463415 0.8483652762119503 0.46144767899291894 0.846674182638106 0.46105428796223447 0.8449830890642616 0.459874114870181 0.8444193912063134 0.45948072383949645 0.842728297632469 0.45751376868607396 0.8410372040586246 0.45712037765538943 0.8393461104847801 0.45515342250196694 0.8376550169109357 0.45476003147128247 0.8359639233370914 0.45357985837922893 0.8354002254791432 0.45318646734854445 0.8337091319052987 0.45121951219512196 0.8320180383314544 0.45082612116443743 0.8303269447576099 0.42643587726199844 0.8303269447576099 0.4260424862313139 0.5907553551296505 0.4697088906372935 0.5901916572717024 0.47010228166797796 0.5490417136414881 0.6656176239181747 0.54847801578354 0.6660110149488592 0.8297632468996617 0.6349331235247836 0.8303269447576099 0.6195908733280882 0.8523111612175873 0.6191974822974036 0.8540022547914318 0.6180173092053501 0.85456595264938 0.6176239181746657 0.8562570462232244 0.6156569630212431 0.8579481397970687 0.6152635719905586 0.8596392333709132 0.6132966168371361 0.8613303269447576 0.6129032258064516 0.863021420518602 0.6117230527143981 0.8635851183765502 0.6105428796223447 0.8664036076662909 0.6093627065302911 0.8669673055242391 0.6089693154996066 0.8686583990980834 0.6070023603461842 0.8703494926719278 0.6066089693154996 0.8720405862457723
0 0.41935483870967744 0.8303269447576099 0.25413060582218727 0.8303269447576099 0.25373721479150274 0.5907553551296505 0.36742722265932337 0.5901916572717024 0.36782061369000785 0.5625704622322435 0.41935483870967744 0.5620067643742954 0.4197482297403619 0.8297632468996617 0.41935483870967744 0.8303269447576099
0 0.9653815892997639 0.8303269447576099 0.7702596380802518 0.8303269447576099 0.7698662470495673 0.6956031567080045 0.7722265932336743 0.6933483652762119 0.7726199842643587 0.6916572717023676 0.7761605035405192 0.6877113866967306 0.7765538945712038 0.6860202931228861 0.7785208497246263 0.6843291995490417 0.7789142407553108 0.6826381059751973 0.7824547600314713 0.6786922209695603 0.7828481510621558 0.6770011273957159 0.7848151062155783 0.6753100338218715 0.7852084972462627 0.673618940248027 0.7887490165224232 0.6696730552423901 0.7891424075531078 0.6679819616685456 0.7911093627065303 0.6662908680947013 0.7915027537372148 0.6645997745208568 0.7950432730133753 0.6606538895152199 0.7954366640440598 0.6589627959413754 0.7974036191974823 0.657271702367531 0.7977970102281668 0.6555806087936866 0.8013375295043274 0.6516347237880497 0.8017309205350118 0.6499436302142052 0.8036978756884343 0.6482525366403608 0.8040912667191188 0.6465614430665163 0.8056648308418568 0.64543404735062 0.9653815892997639 0.64543404735062 0.9657749803304485 0.8297632468996617 0.9653815892997639 0.8303269447576099
0 0.7639653815892997 0.8303269447576099 0.6711250983477577 0.8303269447576099 0.6707317073170732 0.7282976324689966 0.7639653815892997 0.7277339346110485 0.7643587726199843 0.8297632468996617 0.7639653815892997 0.8303269447576099