0 0.1626129256428075 0.2952329360780065 0.031966643502432245 0.2952329360780065 0.03161917998610146 0.050920910075839654 0.1626129256428075 0.05037919826652221 0.1629603891591383 0.29469122426868904 0.1626129256428075 0.2952329360780065
0 0.33217512161223073 0.1457204767063922 0.26685198054204307 0.1457204767063922 0.2665045170257123 0.050920910075839654 0.33217512161223073 0.05037919826652221 0.3325225851285615 0.14517876489707476 0.33217512161223073 0.1457204767063922
0 0.39749826268241834 0.1457204767063922 0.3328700486448923 0.1457204767063922 0.3325225851285615 0.050920910075839654 0.39749826268241834 0.05037919826652221 0.39784572619874914 0.14517876489707476 0.39749826268241834 0.1457204767063922
0 0.2876997915218902 0.19772481040086673 0.26685198054204307 0.19772481040086673 0.2665045170257123 0.15059588299024917 0.30090340514246006 0.15005417118093176 0.3012508686587908 0.17768147345612134 0.30020847810979845 0.17930660888407368 0.2991660875608061 0.17984832069339113 0.29812369701181374 0.18255687973997833 0.2970813064628214 0.18309859154929578 0.296038915913829 0.18580715059588299 0.29499652536483667 0.18634886240520043 0.2939541348158443 0.18905742145178764 0.29291174426685196 0.18959913326110509 0.28908964558721334 0.19664138678223186 0.2876997915218902 0.19772481040086673
0 0.3516330785267547 0.2963163596966414 0.26685198054204307 0.2963163596966414 0.2665045170257123 0.19826652221018418 0.2876997915218902 0.19772481040086673 0.2883947185545518 0.19664138678223186 0.29291174426685196 0.19068255687973998 0.29325920778318276 0.18905742145178764 0.29499652536483667 0.18743228602383533 0.2953439888811675 0.18580715059588299 0.2970813064628214 0.18418201516793067 0.2974287699791522 0.18255687973997833 0.2991660875608061 0.180931744312026 0.2995135510771369 0.17930660888407368 0.3012508686587908 0.17768147345612134 0.3012508686587908 0.15059588299024917 0.39749826268241834 0.15005417118093176 0.39784572619874914 0.29469122426868904 0.35232800555941624 0.2952329360780065 0.3516330785267547 0.2963163596966414
0 0.3516330785267547 0.4209100758396533 0.31202223766504517 0.4209100758396533 0.31167477414871436 0.29685807150595883 0.3516330785267547 0.2963163596966414 0.3519805420430855 0.42036836403033584 0.3516330785267547 0.4209100758396533
0 0.7220291869353718 0.5021668472372698 0.621264767199444 0.5021668472372698 0.6209173036831133 0.40520043336944744 0.7651146629603892 0.40465872156013 0.76546212647672 0.5005417118093174 0.7227241139680334 0.5010834236186349 0.7220291869353718 0.5021668472372698
0 0.8227936066712995 0.6646803900325027 0.7275886031966643 0.6646803900325027 0.7272411396803335 0.5081256771397616 0.7699791521890201 0.5075839653304443 0.770326615705351 0.40520043336944744 0.8227936066712995 0.40465872156013 0.8231410701876303 0.6641386782231853 0.8227936066712995 0.6646803900325027
0 0.325225851285615 0.5801733477789816 0.23766504517025713 0.5801733477789816 0.23731758165392633 0.42145178764897073 0.3280055594162613 0.4209100758396533 0.32835302293259205 0.5211267605633803 0.3259207783182766 0.5216684723726978 0.3255733148019458 0.5796316359696642 0.325225851285615 0.5801733477789816
0 0.43919388464211256 0.5845070422535211 0.32870048644892286 0.5845070422535211 0.32835302293259205 0.42145178764897073 0.43919388464211256 0.4209100758396533 0.43954134815844337 0.5839653304442037 0.43919388464211256 0.5845070422535211
0 0.8498957609451008 0.6646803900325027 0.8276580958999306 0.6646803900325027 0.8273106323835997 0.46045503791982667 0.9346768589298123 0.4599133261105092 0.9350243224461432 0.6522210184182016 0.906184850590688 0.652762730227519 0.9058373870743572 0.6435536294691224 0.8860319666435025 0.643011917659805 0.8856845031271716 0.6598049837486457 0.8763029881862404 0.6603466955579632 0.8756080611535789 0.661430119176598 0.8700486448922863 0.661430119176598 0.8693537178596248 0.6625135427952329 0.8603196664350243 0.6625135427952329 0.8596247394023627 0.6635969664138678 0.8505906879777624 0.6635969664138678 0.8498957609451008 0.6646803900325027
0 0.551772063933287 0.6690140845070423 0.5218902015288395 0.6690140845070423 0.5215427380125087 0.6598049837486457 0.5024322446143155 0.6592632719393283 0.5020847810979847 0.6684723726977249 0.44683808200138986 0.6690140845070423 0.44649061848505905 0.48537378114842905 0.551772063933287 0.4848320693391116 0.5521195274496178 0.6684723726977249 0.551772063933287 0.6690140845070423
0 0.7220291869353718 0.6722643553629469 0.6879777623349548 0.6722643553629469 0.687630298818624 0.6663055254604551 0.621264767199444 0.6657638136511376 0.6209173036831133 0.5102925243770314 0.6858929812369701 0.5097508125677139 0.6862404447533009 0.5027085590465872 0.7220291869353718 0.5021668472372698 0.7223766504517025 0.6717226435536294 0.7220291869353718 0.6722643553629469
0 0.30090340514246006 0.7838569880823402 0.23766504517025713 0.7838569880823402 0.23731758165392633 0.6738894907908992 0.25156358582348853 0.6733477789815818 0.25191104933981934 0.6684723726977249 0.23766504517025713 0.6679306608884074 0.23731758165392633 0.5850487540628385 0.2689367616400278 0.5845070422535211 0.2692842251563586 0.6717226435536294 0.30090340514246006 0.6722643553629469 0.3012508686587908 0.7833152762730228 0.30090340514246006 0.7838569880823402
0 0.30090340514246006 0.6668472372697725 0.2731063238359972 0.6668472372697725 0.27275886031966645 0.5850487540628385 0.30090340514246006 0.5845070422535211 0.3012508686587908 0.6663055254604551 0.30090340514246006 0.6668472372697725
0 0.43919388464211256 0.7838569880823402 0.3648366921473245 0.7838569880823402 0.36448922863099376 0.7096424702058505 0.3481584433634468 0.6841820151679306 0.30437804030576787 0.6841820151679306 0.3040305767894371 0.5850487540628385 0.43919388464211256 0.5845070422535211 0.43954134815844337 0.6738894907908992 0.49409312022237667 0.6744312026002167 0.4944405837387074 0.7703141928494042 0.43988881167477417 0.7708559046587216 0.43954134815844337 0.7833152762730228 0.43919388464211256 0.7838569880823402
0 0.9346768589298123 0.7676056338028169 0.7873523280055594 0.7676056338028169 0.7870048644892287 0.6717226435536294 0.846421125781793 0.671180931744312 0.8467685892981237 0.6652221018418202 0.8498957609451008 0.6646803900325027 0.8505906879777624 0.6635969664138678 0.8596247394023627 0.6635969664138678 0.8603196664350243 0.6625135427952329 0.8693537178596248 0.6625135427952329 0.8700486448922863 0.661430119176598 0.8756080611535789 0.661430119176598 0.8763029881862404 0.6603466955579632 0.8853370396108409 0.6603466955579632 0.8860319666435025 0.6592632719393283 0.9346768589298123 0.6592632719393283 0.9350243224461432 0.7670639219934995 0.9346768589298123 0.7676056338028169
0 0.7824878387769284 0.7676056338028169 0.621264767199444 0.7676056338028169 0.6209173036831133 0.6728060671722643 0.7824878387769284 0.6722643553629469 0.7828353022932593 0.7670639219934995 0.7824878387769284 0.7676056338028169
0 0.551772063933287 0.7708559046587216 0.4982626824183461 0.7708559046587216 0.4979152189020153 0.6749729144095341 0.551772063933287 0.6744312026002167 0.5521195274496178 0.7703141928494042 0.551772063933287 0.7708559046587216
0 0.3606671299513551 0.7838569880823402 0.30437804030576787 0.7838569880823402 0.3040305767894371 0.6890574214517876 0.3460736622654621 0.6885157096424702 0.3610145934676859 0.7118093174431203 0.3610145934676859 0.7833152762730228 0.3606671299513551 0.7838569880823402
0 0.551772063933287 0.9442036836403034 0.4475330090340514 0.9442036836403034 0.44718554551772066 0.7768147345612134 0.551772063933287 0.776273022751896 0.5521195274496178 0.9436619718309859 0.551772063933287 0.9442036836403034