0 0.6719367588932806 0.5153985507246377 0.567193675889328 0.5153985507246377 0.566699604743083 0.15942028985507245 0.6719367588932806 0.1585144927536232 0.6724308300395256 0.5144927536231884 0.6719367588932806 0.5153985507246377
0 0.9288537549407114 0.41032608695652173 0.6788537549407114 0.41032608695652173 0.6783596837944664 0.15942028985507245 0.9288537549407114 0.1585144927536232 0.9293478260869565 0.40942028985507245 0.9288537549407114 0.41032608695652173
0 0.08992094861660078 0.3197463768115942 0.041501976284584984 0.3197463768115942 0.04100790513833992 0.16666666666666666 0.0958498023715415 0.16576086956521738 0.09634387351778656 0.2536231884057971 0.09090909090909091 0.2545289855072464 0.09041501976284586 0.3188405797101449 0.08992094861660078 0.3197463768115942
0 0.16205533596837945 0.7128623188405797 0.10869565217391304 0.7128623188405797 0.10820158102766798 0.5289855072463768 0.041501976284584984 0.5280797101449275 0.04100790513833992 0.33152173913043476 0.08992094861660078 0.33061594202898553 0.09041501976284586 0.34057971014492755 0.0958498023715415 0.34148550724637683 0.09634387351778656 0.16666666666666666 0.15118577075098813 0.16576086956521738 0.15167984189723321 0.32971014492753625 0.16798418972332016 0.33061594202898553 0.16847826086956522 0.5271739130434783 0.16304347826086957 0.5280797101449275 0.1625494071146245 0.7119565217391305 0.16205533596837945 0.7128623188405797
0 0.283596837944664 0.542572463768116 0.16897233201581027 0.542572463768116 0.16847826086956522 0.33152173913043476 0.15217391304347827 0.33061594202898553 0.15167984189723321 0.16666666666666666 0.4051383399209486 0.16576086956521738 0.40563241106719367 0.532608695652174 0.2845849802371542 0.5335144927536232 0.2840909090909091 0.5416666666666666 0.283596837944664 0.542572463768116
0 0.9288537549407114 0.7817028985507246 0.7519762845849802 0.7817028985507246 0.7514822134387352 0.5833333333333334 0.6788537549407114 0.582427536231884 0.6783596837944664 0.42391304347826086 0.9288537549407114 0.4230072463768116 0.9293478260869565 0.7807971014492754 0.9288537549407114 0.7817028985507246
0 0.6719367588932806 0.7817028985507246 0.567193675889328 0.7817028985507246 0.566699604743083 0.5942028985507246 0.5790513833992095 0.5932971014492754 0.5795454545454546 0.5289855072463768 0.6719367588932806 0.5280797101449275 0.6724308300395256 0.7807971014492754 0.6719367588932806 0.7817028985507246
0 0.10177865612648221 0.7889492753623188 0.041501976284584984 0.7889492753623188 0.04100790513833992 0.6086956521739131 0.06422924901185771 0.6077898550724637 0.06472332015810277 0.5416666666666666 0.10177865612648221 0.5407608695652174 0.10227272727272728 0.7880434782608695 0.10177865612648221 0.7889492753623188
0 0.4051383399209486 0.7889492753623188 0.16897233201581027 0.7889492753623188 0.16847826086956522 0.5434782608695652 0.4051383399209486 0.542572463768116 0.40563241106719367 0.7880434782608695 0.4051383399209486 0.7889492753623188
0 0.7440711462450593 0.7817028985507246 0.6788537549407114 0.7817028985507246 0.6783596837944664 0.5960144927536232 0.7440711462450593 0.595108695652174 0.7445652173913043 0.7807971014492754 0.7440711462450593 0.7817028985507246
0 0.16205533596837945 0.7889492753623188 0.10869565217391304 0.7889492753623188 0.10820158102766798 0.7246376811594203 0.16205533596837945 0.7237318840579711 0.1625494071146245 0.7880434782608695 0.16205533596837945 0.7889492753623188