0 0.44861337683523655 0.43628318584070797 0.19902120717781402 0.43628318584070797 0.19820554649265906 0.17699115044247787 0.44861337683523655 0.17610619469026548 0.44942903752039154 0.4353982300884956 0.44861337683523655 0.43628318584070797
0 0.9461663947797716 0.4008849557522124 0.6916802610114192 0.4008849557522124 0.6908646003262643 0.18053097345132743 0.9461663947797716 0.17964601769911503 0.9469820554649266 0.4 0.9461663947797716 0.4008849557522124
0 0.1761827079934747 0.4646017699115044 0.10440456769983687 0.4646017699115044 0.10358890701468189 0.43716814159292033 0.040783034257748776 0.43628318584070797 0.0399673735725938 0.2849557522123894 0.16639477977161501 0.28407079646017697 0.16721044045676997 0.31150442477876106 0.19249592169657423 0.3123893805309734 0.1933115823817292 0.4353982300884956 0.17781402936378465 0.43628318584070797 0.1769983686786297 0.46371681415929206 0.1761827079934747 0.4646017699115044
0 0.6492659053833605 0.4486725663716814 0.5269168026101142 0.4486725663716814 0.5261011419249593 0.2884955752212389 0.6590538336052202 0.28761061946902655 0.6598694942903752 0.3185840707964602 0.6835236541598695 0.31946902654867254 0.6843393148450244 0.41238938053097346 0.6704730831973899 0.42743362831858406 0.6492659053833605 0.4486725663716814
0 0.6557911908646004 0.6256637168141593 0.5840130505709625 0.6256637168141593 0.5815660685154975 0.6230088495575221 0.5791190864600326 0.6185840707964602 0.5766721044045677 0.6176991150442478 0.5579119086460033 0.595575221238938 0.5269168026101142 0.595575221238938 0.5261011419249593 0.45486725663716815 0.6541598694942904 0.4539823008849557 0.6769983686786297 0.42920353982300885 0.6908646003262643 0.415929203539823 0.6908646003262643 0.40176991150442476 0.7128874388254486 0.4008849557522124 0.7137030995106036 0.5061946902654867 0.6851549755301795 0.5070796460176992 0.6843393148450244 0.5132743362831859 0.7128874388254486 0.5141592920353982 0.7137030995106036 0.5946902654867257 0.6835236541598695 0.595575221238938 0.6818923327895595 0.5991150442477876 0.6794453507340946 0.6 0.6786296900489397 0.6026548672566372 0.6712887438825449 0.6088495575221239 0.6704730831973899 0.6115044247787611 0.668026101141925 0.6123893805309735 0.66721044045677 0.6150442477876106 0.664763458401305 0.6159292035398231 0.6639477977161501 0.6185840707964602 0.6557911908646004 0.6256637168141593
0 0.8238172920065253 0.5070796460176992 0.7145187601957586 0.5070796460176992 0.7137030995106036 0.40176991150442476 0.9461663947797716 0.4008849557522124 0.9469820554649266 0.4424778761061947 0.8254486133768353 0.4433628318584071 0.8246329526916802 0.5061946902654867 0.8238172920065253 0.5070796460176992
0 0.09624796084828711 0.4964601769911504 0.03588907014681892 0.4964601769911504 0.03507340946166395 0.4407079646017699 0.09624796084828711 0.4398230088495575 0.09706362153344208 0.49557522123893805 0.09624796084828711 0.4964601769911504
0 0.2365415986949429 0.5106194690265486 0.18270799347471453 0.5106194690265486 0.18189233278955955 0.44424778761061945 0.2365415986949429 0.4433628318584071 0.23735725938009788 0.5097345132743363 0.2365415986949429 0.5106194690265486
0 0.2838499184339315 0.5867256637168141 0.24469820554649266 0.5867256637168141 0.24388254486133767 0.44424778761061945 0.33278955954323003 0.4433628318584071 0.333605220228385 0.5309734513274337 0.3091353996737357 0.5575221238938053 0.3083197389885807 0.5601769911504425 0.30587275693311583 0.5610619469026549 0.30505709624796085 0.5637168141592921 0.30261011419249595 0.5646017699115045 0.30179445350734097 0.5672566371681416 0.299347471451876 0.5681415929203539 0.2838499184339315 0.5867256637168141
0 0.44861337683523655 0.5247787610619469 0.3425774877650897 0.5247787610619469 0.34176182707993474 0.4495575221238938 0.44861337683523655 0.4486725663716814 0.44942903752039154 0.5238938053097345 0.44861337683523655 0.5247787610619469
0 0.8907014681892332 0.5070796460176992 0.8303425774877651 0.5070796460176992 0.8295269168026101 0.4495575221238938 0.8907014681892332 0.4486725663716814 0.8915171288743883 0.5061946902654867 0.8907014681892332 0.5070796460176992
0 0.9461663947797716 0.5070796460176992 0.8972267536704731 0.5070796460176992 0.8964110929853181 0.4495575221238938 0.9461663947797716 0.4486725663716814 0.9469820554649266 0.5061946902654867 0.9461663947797716 0.5070796460176992
0 0.2365415986949429 0.5867256637168141 0.10440456769983687 0.5867256637168141 0.10358890701468189 0.4725663716814159 0.17781402936378465 0.47168141592920354 0.17862969004893964 0.5132743362831859 0.24306688417618272 0.5141592920353982 0.24388254486133767 0.5539823008849557 0.23817292006525284 0.5548672566371682 0.23735725938009788 0.5858407079646017 0.2365415986949429 0.5867256637168141
0 0.09624796084828711 0.5867256637168141 0.03588907014681892 0.5867256637168141 0.03507340946166395 0.504424778761062 0.09624796084828711 0.5035398230088496 0.09706362153344208 0.5858407079646017 0.09624796084828711 0.5867256637168141
0 0.7781402936378466 0.595575221238938 0.7177814029363785 0.595575221238938 0.7169657422512234 0.5150442477876106 0.7781402936378466 0.5141592920353982 0.7789559543230016 0.5946902654867257 0.7781402936378466 0.595575221238938
0 0.9461663947797716 0.6522123893805309 0.835236541598695 0.6522123893805309 0.8001631321370309 0.6141592920353982 0.799347471451876 0.6115044247787611 0.7969004893964111 0.6106194690265486 0.7960848287112561 0.6079646017699115 0.7936378466557912 0.6070796460176991 0.7928221859706363 0.6044247787610619 0.7887438825448614 0.6017699115044248 0.7879282218597063 0.5991150442477876 0.7854812398042414 0.5982300884955752 0.7854812398042414 0.5168141592920354 0.9461663947797716 0.515929203539823 0.9469820554649266 0.6513274336283186 0.9461663947797716 0.6522123893805309
0 0.44861337683523655 0.6451327433628319 0.34094616639477976 0.6451327433628319 0.30179445350734097 0.6026548672566372 0.2895595432300163 0.5911504424778761 0.31566068515497553 0.5628318584070796 0.32137030995106036 0.5548672566371682 0.32381729200652526 0.5539823008849557 0.32463295269168024 0.5513274336283186 0.3270799347471452 0.5504424778761062 0.34094616639477976 0.5336283185840708 0.44861337683523655 0.5336283185840708 0.44942903752039154 0.6442477876106195 0.44861337683523655 0.6451327433628319
0 0.9510603588907015 0.7424778761061946 0.833605220228385 0.7424778761061946 0.83278955954323 0.6672566371681415 0.9510603588907015 0.6663716814159292 0.9518760195758564 0.7415929203539823 0.9510603588907015 0.7424778761061946
0 0.9510603588907015 0.9902654867256637 0.8140293637846656 0.9902654867256637 0.8132137030995106 0.7486725663716814 0.9510603588907015 0.7477876106194691 0.9518760195758564 0.9893805309734514 0.9510603588907015 0.9902654867256637