0 0.37089871611982883 0.30326460481099654 0.24821683309557774 0.30326460481099654 0.24750356633380885 0.06701030927835051 0.37089871611982883 0.0661512027491409 0.3716119828815977 0.3024054982817869 0.37089871611982883 0.30326460481099654
0 0.4693295292439372 0.16580756013745704 0.3780313837375178 0.16580756013745704 0.3773181169757489 0.06701030927835051 0.4693295292439372 0.0661512027491409 0.47004279600570614 0.16494845360824742 0.4693295292439372 0.16580756013745704
0 0.4693295292439372 0.30326460481099654 0.3780313837375178 0.30326460481099654 0.3773181169757489 0.17353951890034364 0.4693295292439372 0.17268041237113402 0.47004279600570614 0.3024054982817869 0.4693295292439372 0.30326460481099654
0 0.6733238231098431 0.6245704467353952 0.572039942938659 0.6245704467353952 0.5713266761768901 0.30927835051546393 0.7289586305278174 0.3084192439862543 0.7296718972895863 0.47594501718213056 0.6747503566333809 0.47680412371134023 0.6740370898716119 0.6237113402061856 0.6733238231098431 0.6245704467353952
0 0.891583452211127 0.47680412371134023 0.7360912981455064 0.47680412371134023 0.7353780313837375 0.30927835051546393 0.891583452211127 0.3084192439862543 0.8922967189728959 0.47594501718213056 0.891583452211127 0.47680412371134023
0 0.4693295292439372 0.6280068728522337 0.3908701854493581 0.6280068728522337 0.38944365192582026 0.6262886597938144 0.31383737517831667 0.6262886597938144 0.3131241084165478 0.5051546391752577 0.14693295292439373 0.5042955326460481 0.14621968616262482 0.31099656357388317 0.4693295292439372 0.31013745704467355 0.47004279600570614 0.627147766323024 0.4693295292439372 0.6280068728522337
0 0.891583452211127 0.6245704467353952 0.6804564907275321 0.6245704467353952 0.6797432239657631 0.4845360824742268 0.7817403708987162 0.4836769759450172 0.782453637660485 0.5859106529209622 0.8416547788873039 0.5867697594501718 0.8423680456490727 0.5395189003436426 0.891583452211127 0.538659793814433 0.8922967189728959 0.6237113402061856 0.891583452211127 0.6245704467353952
0 0.8359486447931527 0.5798969072164949 0.7888730385164051 0.5798969072164949 0.7881597717546363 0.4845360824742268 0.891583452211127 0.4836769759450172 0.8922967189728959 0.5309278350515464 0.8373751783166904 0.531786941580756 0.8366619115549215 0.5790378006872853 0.8359486447931527 0.5798969072164949
0 0.3067047075606277 0.6572164948453608 0.14693295292439373 0.6572164948453608 0.14621968616262482 0.5051546391752577 0.3124108416547789 0.5042955326460481 0.3131241084165478 0.5652920962199313 0.30813124108416545 0.5661512027491409 0.3074179743223966 0.6563573883161512 0.3067047075606277 0.6572164948453608
0 0.38944365192582026 0.7895189003436426 0.31383737517831667 0.7895189003436426 0.3131241084165478 0.627147766323024 0.38944365192582026 0.6262886597938144 0.39015691868758917 0.788659793814433 0.38944365192582026 0.7895189003436426
0 0.7289586305278174 0.7860824742268041 0.572039942938659 0.7860824742268041 0.5713266761768901 0.6323024054982818 0.7289586305278174 0.6314432989690721 0.7296718972895863 0.7852233676975945 0.7289586305278174 0.7860824742268041
0 0.891583452211127 0.7860824742268041 0.7360912981455064 0.7860824742268041 0.7353780313837375 0.6323024054982818 0.891583452211127 0.6314432989690721 0.8922967189728959 0.7852233676975945 0.891583452211127 0.7860824742268041
0 0.4693295292439372 0.6932989690721649 0.3980028530670471 0.6932989690721649 0.39728958630527816 0.6357388316151202 0.4693295292439372 0.6348797250859106 0.47004279600570614 0.6924398625429553 0.4693295292439372 0.6932989690721649
0 0.19686162624821682 0.7895189003436426 0.14693295292439373 0.7895189003436426 0.14621968616262482 0.6649484536082474 0.19686162624821682 0.6640893470790378 0.19757489300998574 0.788659793814433 0.19686162624821682 0.7895189003436426
0 0.3067047075606277 0.7895189003436426 0.20399429386590584 0.7895189003436426 0.20328102710413695 0.6649484536082474 0.3067047075606277 0.6640893470790378 0.3074179743223966 0.788659793814433 0.3067047075606277 0.7895189003436426
0 0.4693295292439372 0.7895189003436426 0.3980028530670471 0.7895189003436426 0.39728958630527816 0.7010309278350515 0.4693295292439372 0.7001718213058419 0.47004279600570614 0.788659793814433 0.4693295292439372 0.7895189003436426