0 0.3179355574565155 0.1816532258064516 0.210151126318791 0.1816532258064516 0.21000855431993157 0.046370967741935484 0.3179355574565155 0.04616935483870968 0.31807812945537495 0.1814516129032258 0.3179355574565155 0.1816532258064516
0 0.3073852295409182 0.32399193548387095 0.27573424579412603 0.32399193548387095 0.2755916737952666 0.2745967741935484 0.210151126318791 0.2743951612903226 0.21000855431993157 0.19153225806451613 0.3307670373538637 0.19133064516129034 0.3309096093527231 0.26653225806451614 0.307670373538637 0.2667338709677419 0.3075278015397776 0.32379032258064516 0.3073852295409182 0.32399193548387095
0 0.3330481893356145 0.3284274193548387 0.31137724550898205 0.3284274193548387 0.31123467351012263 0.2721774193548387 0.33447390932420873 0.2719758064516129 0.33461648132306815 0.19153225806451613 0.43313373253493015 0.19133064516129034 0.43327630453378957 0.32217741935483873 0.3333333333333333 0.3223790322580645 0.3331907613344739 0.3282258064516129 0.3330481893356145 0.3284274193548387
0 0.27174222982606216 0.3598790322580645 0.210151126318791 0.3598790322580645 0.21000855431993157 0.27983870967741936 0.27174222982606216 0.27963709677419357 0.2718848018249216 0.3596774193548387 0.27174222982606216 0.3598790322580645
0 0.43313373253493015 0.4433467741935484 0.31137724550898205 0.4433467741935484 0.31123467351012263 0.3286290322580645 0.3330481893356145 0.3284274193548387 0.3333333333333333 0.3276209677419355 0.4328485885372113 0.3276209677419355 0.43327630453378957 0.3286290322580645 0.43327630453378957 0.44314516129032255 0.43313373253493015 0.4433467741935484
0 0.43313373253493015 0.3284274193548387 0.43299116053607073 0.3278225806451613 0.43327630453378957 0.3278225806451613 0.43313373253493015 0.3284274193548387
0 0.3073852295409182 0.5219758064516129 0.25919589392643283 0.5219758064516129 0.2590533219275734 0.36532258064516127 0.2754491017964072 0.3651209677419355 0.2755916737952666 0.3528225806451613 0.3073852295409182 0.35262096774193546 0.3075278015397776 0.521774193548387 0.3073852295409182 0.5219758064516129
0 0.25520387795836896 0.5219758064516129 0.210151126318791 0.5219758064516129 0.21000855431993157 0.36532258064516127 0.25520387795836896 0.3651209677419355 0.2553464499572284 0.521774193548387 0.25520387795836896 0.5219758064516129
0 0.5129740518962076 0.688508064516129 0.49672084402623323 0.688508064516129 0.4965782720273738 0.6544354838709677 0.48417450812660395 0.6542338709677419 0.48403193612774453 0.6883064516129033 0.4351297405189621 0.688508064516129 0.43498716852010266 0.6794354838709677 0.4322783005417736 0.6792338709677419 0.43213572854291415 0.6423387096774194 0.4327060165383519 0.6419354838709678 0.4327060165383519 0.605241935483871 0.43313373253493015 0.6046370967741935 0.43570002851439976 0.6046370967741935 0.4358426005132592 0.5431451612903225 0.4299971485600228 0.5429435483870968 0.4298545765611634 0.569758064516129 0.3333333333333333 0.5699596774193548 0.3331907613344739 0.5221774193548387 0.31137724550898205 0.5219758064516129 0.31123467351012263 0.4435483870967742 0.43313373253493015 0.4433467741935484 0.43327630453378957 0.4830645161290323 0.5911035072711719 0.4832661290322581 0.5912460792700314 0.6870967741935484 0.5909609352723125 0.6875 0.590818363273453 0.6881048387096774 0.5389221556886228 0.6881048387096774 0.5387795836897633 0.6544354838709677 0.5260906757912746 0.6542338709677419 0.5259481037924152 0.6879032258064516 0.5132591958939264 0.6881048387096774 0.5129740518962076 0.688508064516129
0 0.7094382663244939 0.5655241935483871 0.5973766752209866 0.5655241935483871 0.5972341032221272 0.48346774193548386 0.7094382663244939 0.4832661290322581 0.7095808383233533 0.5653225806451613 0.7094382663244939 0.5655241935483871
0 0.3290561733675506 0.6756048387096775 0.272027373823781 0.6756048387096775 0.2718848018249216 0.6455645161290322 0.210151126318791 0.6453629032258065 0.21000855431993157 0.5274193548387097 0.3290561733675506 0.5272177419354839 0.32919874536641003 0.6754032258064516 0.3290561733675506 0.6756048387096775
0 0.7094382663244939 0.8252016129032258 0.5973766752209866 0.8252016129032258 0.5972341032221272 0.5741935483870968 0.7094382663244939 0.573991935483871 0.7095808383233533 0.825 0.7094382663244939 0.8252016129032258
0 0.42971200456230396 0.7211693548387097 0.3333333333333333 0.7211693548387097 0.3331907613344739 0.5786290322580645 0.42971200456230396 0.5784274193548387 0.4298545765611634 0.6044354838709678 0.4328485885372113 0.6046370967741935 0.4327060165383519 0.6419354838709678 0.43213572854291415 0.6423387096774194 0.43213572854291415 0.6790322580645162 0.4299971485600228 0.6792338709677419 0.4298545765611634 0.7209677419354839 0.42971200456230396 0.7211693548387097
0 0.3290561733675506 0.8252016129032258 0.210151126318791 0.8252016129032258 0.21000855431993157 0.65 0.2686056458511548 0.6497983870967742 0.26874821785001424 0.6798387096774193 0.3290561733675506 0.6800403225806452 0.32919874536641003 0.825 0.3290561733675506 0.8252016129032258
0 0.5911035072711719 0.8252016129032258 0.4351297405189621 0.8252016129032258 0.43498716852010266 0.6887096774193548 0.4838893641288851 0.688508064516129 0.48403193612774453 0.6544354838709677 0.4964357000285144 0.6542338709677419 0.4965782720273738 0.6883064516129033 0.5129740518962076 0.688508064516129 0.5132591958939264 0.6881048387096774 0.5258055317935557 0.6881048387096774 0.5259481037924152 0.6544354838709677 0.5386370116909039 0.6542338709677419 0.5387795836897633 0.6879032258064516 0.590818363273453 0.6881048387096774 0.5911035072711719 0.6872983870967742 0.5912460792700314 0.825 0.5911035072711719 0.8252016129032258
0 0.37325349301397204 0.7949596774193548 0.3333333333333333 0.7949596774193548 0.3331907613344739 0.7266129032258064 0.37325349301397204 0.7264112903225807 0.37339606501283146 0.7947580645161291 0.37325349301397204 0.7949596774193548
0 0.42971200456230396 0.7949596774193548 0.3772455089820359 0.7949596774193548 0.3771029369831765 0.7266129032258064 0.42971200456230396 0.7264112903225807 0.4298545765611634 0.7947580645161291 0.42971200456230396 0.7949596774193548