0 0.21615837346174424 0.5364349775784754 0.17174959871589085 0.5364349775784754 0.171482075976458 0.3811659192825112 0.12894596040663456 0.3806053811659193 0.12867843766720172 0.37668161434977576 0.09951845906902086 0.37612107623318386 0.09925093632958802 0.24775784753363228 0.17067950775815943 0.24719730941704035 0.1709470304975923 0.1860986547085202 0.17228464419475656 0.1844170403587444 0.17335473515248795 0.18329596412556054 0.17442482611021937 0.18329596412556054 0.17495987158908508 0.18217488789237668 0.1760299625468165 0.18105381165919282 0.17710005350454788 0.17993273542600896 0.1781701444622793 0.1788116591928251 0.1792402354200107 0.17769058295964127 0.1803103263777421 0.1765695067264574 0.18138041733547353 0.1765695067264574 0.1819154628143392 0.17544843049327355 0.18298555377207062 0.1743273542600897 0.18405564472980204 0.17320627802690583 0.18512573568753343 0.17208520179372197 0.18619582664526485 0.1709641255605381 0.18726591760299627 0.16984304932735425 0.18887105403959337 0.16984304932735425 0.18940609951845908 0.1687219730941704 0.19047619047619047 0.1687219730941704 0.19101123595505617 0.16760089686098656 0.1920813269127876 0.16760089686098656 0.1926163723916533 0.1664798206278027 0.1936864633493847 0.1664798206278027 0.1942215088282504 0.16535874439461884 0.19529159978598182 0.16535874439461884 0.1958266452648475 0.16423766816143498 0.19689673622257892 0.16423766816143498 0.19743178170144463 0.16311659192825112 0.19957196361690743 0.16311659192825112 0.20010700909577314 0.16199551569506726 0.20117710005350456 0.16199551569506726 0.20171214553237024 0.1608744394618834 0.20331728196896737 0.1608744394618834 0.20385232744783308 0.15975336322869954 0.20706260032102727 0.15975336322869954 0.20759764579989298 0.1586322869955157 0.21294810058855002 0.1586322869955157 0.21348314606741572 0.15751121076233185 0.21829855537720708 0.15751121076233185 0.21883360085607276 0.156390134529148 0.23381487426431247 0.156390134529148 0.23434991974317818 0.15751121076233185 0.2375601926163724 0.15751121076233185 0.23809523809523808 0.1586322869955157 0.2413055109684323 0.1586322869955157 0.24184055644729802 0.15975336322869954 0.24505082932049224 0.15975336322869954 0.24558587479935795 0.1608744394618834 0.24879614767255218 0.1608744394618834 0.24933119315141786 0.16199551569506726 0.2504012841091493 0.16199551569506726 0.250936329588015 0.16311659192825112 0.2536115569823435 0.16311659192825112 0.2541466024612092 0.16423766816143498 0.2552166934189406 0.16423766816143498 0.25575173889780634 0.16535874439461884 0.25735687533440343 0.16535874439461884 0.2578919208132691 0.1664798206278027 0.25896201177100053 0.1664798206278027 0.2594970572498662 0.16760089686098656 0.26110219368646337 0.16760089686098656 0.26163723916532905 0.1687219730941704 0.26324237560192615 0.1687219730941704 0.2637774210807919 0.16984304932735425 0.26484751203852325 0.16984304932735425 0.265382557517389 0.1709641255605381 0.2664526484751204 0.1709641255605381 0.2669876939539861 0.17208520179372197 0.2680577849117175 0.17320627802690583 0.2691278758694489 0.1743273542600897 0.27019796682718034 0.17544843049327355 0.2712680577849117 0.17544843049327355 0.27180310326377743 0.1765695067264574 0.27287319422150885 0.1765695067264574 0.27340823970037453 0.17769058295964127 0.27447833065810595 0.1788116591928251 0.27554842161583737 0.17993273542600896 0.27661851257356873 0.18105381165919282 0.27768860353130015 0.18105381165919282 0.27875869448903157 0.18329596412556054 0.279828785446763 0.18329596412556054 0.28036383092562867 0.1844170403587444 0.28170144462279295 0.1860986547085202 0.28170144462279295 0.4484304932735426 0.21669341894060995 0.4489910313901345 0.2164258962011771 0.5358744394618834 0.21615837346174424 0.5364349775784754
0 0.7907972177635099 0.7303811659192825 0.7586944890315677 0.7303811659192825 0.7584269662921348 0.3744394618834081 0.6875334403424291 0.37387892376681614 0.6872659176029963 0.24663677130044842 0.7581594435527019 0.2460762331838565 0.7584269662921348 0.1860986547085202 0.7597645799892991 0.18553811659192826 0.7608346709470305 0.18329596412556054 0.7619047619047619 0.18329596412556054 0.7624398073836276 0.18217488789237668 0.763509898341359 0.18105381165919282 0.7645799892990904 0.17993273542600896 0.7656500802568218 0.1788116591928251 0.7667201712145533 0.17769058295964127 0.7677902621722846 0.1765695067264574 0.7688603531300161 0.1765695067264574 0.7693953986088817 0.17544843049327355 0.7710005350454788 0.17320627802690583 0.7720706260032103 0.17208520179372197 0.7731407169609417 0.1709641255605381 0.7742108079186731 0.16984304932735425 0.7752808988764045 0.16984304932735425 0.7758159443552702 0.1687219730941704 0.7774210807918673 0.1687219730941704 0.777956126270733 0.16760089686098656 0.7795612627073302 0.16760089686098656 0.7800963081861958 0.1664798206278027 0.7817014446227929 0.1664798206278027 0.7822364901016586 0.16535874439461884 0.78330658105939 0.16535874439461884 0.7838416265382557 0.16423766816143498 0.7854467629748528 0.16423766816143498 0.7859818084537186 0.16311659192825112 0.7886570358480471 0.16311659192825112 0.7891920813269128 0.16199551569506726 0.7907972177635099 0.16199551569506726 0.7913322632423756 0.1608744394618834 0.7940074906367042 0.1608744394618834 0.7945425361155698 0.15975336322869954 0.7982878544676297 0.15975336322869954 0.7988228999464955 0.1586322869955157 0.8025682182985554 0.1586322869955157 0.803103263777421 0.15751121076233185 0.8255751738897806 0.15751121076233185 0.8261102193686464 0.1586322869955157 0.8293204922418406 0.1586322869955157 0.8298555377207063 0.15975336322869954 0.8336008560727662 0.15975336322869954 0.8341359015516319 0.1608744394618834 0.8373461744248261 0.1608744394618834 0.8378812199036918 0.16199551569506726 0.8400214018191546 0.16199551569506726 0.8405564472980204 0.16311659192825112 0.8421615837346175 0.16311659192825112 0.8426966292134831 0.16423766816143498 0.8437667201712146 0.16423766816143498 0.8443017656500803 0.16535874439461884 0.8453718566078117 0.16535874439461884 0.8459069020866774 0.1664798206278027 0.8469769930444088 0.1664798206278027 0.8475120385232745 0.16760089686098656 0.8485821294810059 0.1687219730941704 0.8496522204387373 0.1687219730941704 0.850187265917603 0.16984304932735425 0.8517924023542001 0.16984304932735425 0.8523274478330658 0.1709641255605381 0.8533975387907973 0.1709641255605381 0.8539325842696629 0.17208520179372197 0.8550026752273944 0.17208520179372197 0.85553772070626 0.17320627802690583 0.8566078116639915 0.17320627802690583 0.8571428571428571 0.1743273542600897 0.8582129481005886 0.17544843049327355 0.8592830390583199 0.1765695067264574 0.860888175494917 0.1765695067264574 0.8614232209737828 0.17769058295964127 0.8624933119315141 0.1788116591928251 0.8635634028892456 0.1788116591928251 0.8640984483681113 0.17993273542600896 0.8651685393258427 0.18105381165919282 0.8662386302835741 0.18217488789237668 0.8673087212413055 0.18329596412556054 0.8689138576779026 0.18553811659192826 0.8702514713750669 0.18721973094170405 0.8702514713750669 0.5369955156950673 0.8127340823970037 0.5375560538116592 0.8100588550026753 0.5442825112107623 0.8092562867843767 0.5448430493273543 0.806848582129481 0.5510089686098655 0.8060460139111825 0.5515695067264574 0.8039058319957196 0.5571748878923767 0.8039058319957196 0.702914798206278 0.8028357410379883 0.7051569506726457 0.8020331728196897 0.7079596412556054 0.7990904226859283 0.7130044843049327 0.7988228999464955 0.7146860986547086 0.7907972177635099 0.7303811659192825
0 0.3750668806848582 0.37612107623318386 0.28731942215088285 0.37612107623318386 0.28705189941145 0.24663677130044842 0.3750668806848582 0.2460762331838565 0.3753344034242911 0.3755605381165919 0.3750668806848582 0.37612107623318386
0 0.9625468164794008 0.45908071748878926 0.8747993579454254 0.45908071748878926 0.8745318352059925 0.24887892376681614 0.9625468164794008 0.2483183856502242 0.9628143392188336 0.4585201793721973 0.9625468164794008 0.45908071748878926
0 0.17121455323702514 0.5375560538116592 0.13001605136436598 0.5375560538116592 0.1297485286249331 0.4562780269058296 0.12734082397003746 0.4557174887892377 0.1270733012306046 0.5369955156950673 0.056179775280898875 0.5375560538116592 0.05591225254146603 0.3811659192825112 0.17121455323702514 0.3806053811659193 0.171482075976458 0.5369955156950673 0.17121455323702514 0.5375560538116592
0 0.3750668806848582 0.4915919282511211 0.3263777421080792 0.4915919282511211 0.3261102193686463 0.3811659192825112 0.3493846976993044 0.3806053811659193 0.3496522204387373 0.4069506726457399 0.35152487961476725 0.4075112107623318 0.3517924023542001 0.3811659192825112 0.3750668806848582 0.3806053811659193 0.3753344034242911 0.4910313901345291 0.3750668806848582 0.4915919282511211
0 0.7538790797217764 0.5364349775784754 0.6436597110754414 0.5364349775784754 0.6433921883360085 0.3811659192825112 0.7538790797217764 0.3806053811659193 0.7541466024612092 0.5358744394618834 0.7538790797217764 0.5364349775784754
0 0.32370251471375067 0.44114349775784756 0.28731942215088285 0.44114349775784756 0.28705189941145 0.38228699551569506 0.32370251471375067 0.38172645739910316 0.32397003745318353 0.4405829596412556 0.32370251471375067 0.44114349775784756
0 0.32370251471375067 0.5498878923766816 0.28731942215088285 0.5498878923766816 0.28705189941145 0.44730941704035876 0.32370251471375067 0.4467488789237668 0.32397003745318353 0.5493273542600897 0.32370251471375067 0.5498878923766816
0 0.20331728196896737 0.7303811659192825 0.17174959871589085 0.7303811659192825 0.171482075976458 0.5369955156950673 0.21615837346174424 0.5364349775784754 0.2164258962011771 0.48318385650224216 0.21829855537720708 0.4826233183856502 0.21856607811663992 0.45403587443946186 0.2814339218833601 0.45347533632286996 0.28170144462279295 0.5986547085201793 0.22204387372926698 0.5992152466367713 0.22177635098983414 0.5863228699551569 0.21722846441947566 0.5857623318385651 0.2169609416800428 0.7017937219730942 0.20331728196896737 0.7303811659192825
0 0.9625468164794008 0.6732062780269058 0.8747993579454254 0.6732062780269058 0.8745318352059925 0.4641255605381166 0.9625468164794008 0.46356502242152464 0.9628143392188336 0.672645739910314 0.9625468164794008 0.6732062780269058
0 0.3739967897271268 0.5846412556053812 0.32691278758694486 0.5846412556053812 0.32664526484751205 0.5 0.3739967897271268 0.4994394618834081 0.37426431246655967 0.5840807174887892 0.3739967897271268 0.5846412556053812
0 0.5917602996254682 0.7819506726457399 0.5136436597110754 0.7819506726457399 0.5133761369716426 0.5145739910313901 0.5917602996254682 0.5140134529147982 0.592027822364901 0.781390134529148 0.5917602996254682 0.7819506726457399
0 0.1658640984483681 0.6698430493273543 0.10005350454788657 0.6698430493273543 0.09978598180845372 0.5414798206278026 0.1658640984483681 0.5409192825112108 0.16613162118780098 0.6692825112107623 0.1658640984483681 0.6698430493273543
0 0.7191011235955056 0.6709641255605381 0.6869983948635634 0.6709641255605381 0.6867308721241305 0.5437219730941704 0.7191011235955056 0.5431614349775785 0.7193686463349385 0.6704035874439462 0.7191011235955056 0.6709641255605381
0 0.7538790797217764 0.6709641255605381 0.7223113964686998 0.6709641255605381 0.722043873729267 0.5437219730941704 0.7538790797217764 0.5431614349775785 0.7541466024612092 0.6704035874439462 0.7538790797217764 0.6709641255605381
0 0.8309256286784377 0.6732062780269058 0.806848582129481 0.6732062780269058 0.8065810593900482 0.5594170403587444 0.8143392188336008 0.5431614349775785 0.8309256286784377 0.5431614349775785 0.8311931514178705 0.672645739910314 0.8309256286784377 0.6732062780269058
0 0.869983948635634 0.6732062780269058 0.8341359015516319 0.6732062780269058 0.833868378812199 0.5437219730941704 0.869983948635634 0.5431614349775785 0.8702514713750669 0.672645739910314 0.869983948635634 0.6732062780269058
0 0.323167469234885 0.6687219730941704 0.28731942215088285 0.6687219730941704 0.28705189941145 0.554932735426009 0.323167469234885 0.554372197309417 0.3234349919743178 0.6681614349775785 0.323167469234885 0.6687219730941704
0 0.32370251471375067 0.6687219730941704 0.3234349919743178 0.554932735426009 0.32397003745318353 0.554932735426009 0.32397003745318353 0.6681614349775785 0.32370251471375067 0.6687219730941704
0 0.3756019261637239 0.6687219730941704 0.32691278758694486 0.6687219730941704 0.32664526484751205 0.5930493273542601 0.3756019261637239 0.5924887892376681 0.37586944890315677 0.6681614349775785 0.3756019261637239 0.6687219730941704
0 0.2814339218833601 0.6687219730941704 0.22204387372926698 0.6687219730941704 0.22177635098983414 0.6042600896860987 0.2814339218833601 0.6036995515695067 0.28170144462279295 0.6681614349775785 0.2814339218833601 0.6687219730941704
0 0.5917602996254682 0.8929372197309418 0.5136436597110754 0.8929372197309418 0.5133761369716426 0.7892376681614349 0.5917602996254682 0.7886771300448431 0.592027822364901 0.8923766816143498 0.5917602996254682 0.8929372197309418