0 0.6053149606299213 0.45156081808396126 0.3464566929133858 0.45156081808396126 0.34596456692913385 0.061356297093649086 0.6053149606299213 0.06081808396124865 0.6058070866141733 0.4510226049515608 0.6053149606299213 0.45156081808396126
0 0.8572834645669292 0.3665231431646932 0.6240157480314961 0.3665231431646932 0.6235236220472441 0.061356297093649086 0.8641732283464567 0.06081808396124865 0.8646653543307087 0.3143164693218515 0.8582677165354331 0.3148546824542519 0.8577755905511811 0.36598493003229277 0.8572834645669292 0.3665231431646932
0 0.32086614173228345 0.45156081808396126 0.13877952755905512 0.45156081808396126 0.13533464566929135 0.44671689989235736 0.1343503937007874 0.4445640473627557 0.13385826771653545 0.4429494079655544 0.13238188976377951 0.44241119483315394 0.13041338582677164 0.43918191603875134 0.1264763779527559 0.43379978471474706 0.12450787401574803 0.43057050592034446 0.12155511811023623 0.426264800861141 0.1186023622047244 0.4219590958019376 0.1156496062992126 0.4176533907427341 0.11368110236220473 0.41442411194833156 0.11318897637795275 0.41280947255113026 0.11171259842519685 0.41227125941872983 0.11072834645669291 0.4101184068891281 0.1077755905511811 0.4058127018299246 0.10728346456692914 0.4041980624327234 0.10580708661417323 0.40365984930032295 0.10482283464566929 0.4015069967707212 0.10285433070866142 0.3982777179763186 0.10236220472440945 0.3966630785791173 0.10088582677165354 0.3961248654467169 0.09793307086614174 0.39181916038751347 0.09694881889763779 0.38966630785791173 0.09645669291338582 0.38805166846071043 0.09498031496062992 0.38751345532831 0.09301181102362205 0.38428417653390745 0.09005905511811024 0.379978471474704 0.08710629921259842 0.3756727664155005 0.08612204724409449 0.37351991388589884 0.08562992125984252 0.37190527448869753 0.08415354330708662 0.3713670613562971 0.08218503937007875 0.3681377825618945 0.07824803149606299 0.3627556512378902 0.07627952755905512 0.3595263724434876 0.07578740157480315 0.3579117330462863 0.07431102362204725 0.3573735199138859 0.0733267716535433 0.35522066738428415 0.0703740157480315 0.35091496232508074 0.06742125984251969 0.34660925726587727 0.0654527559055118 0.3433799784714747 0.06496062992125984 0.3417653390742734 0.06348425196850394 0.341227125941873 0.0625 0.33907427341227125 0.05954724409448819 0.33476856835306784 0.05954724409448819 0.0721205597416577 0.32086614173228345 0.07158234660925726 0.3213582677165354 0.4510226049515608 0.32086614173228345 0.45156081808396126
0 0.7047244094488189 0.45156081808396126 0.6240157480314961 0.45156081808396126 0.6235236220472441 0.37244348762109797 0.7047244094488189 0.37190527448869753 0.7052165354330708 0.4510226049515608 0.7047244094488189 0.45156081808396126
0 0.7854330708661418 0.45156081808396126 0.7116141732283464 0.45156081808396126 0.7111220472440944 0.37244348762109797 0.7854330708661418 0.37190527448869753 0.7859251968503937 0.4510226049515608 0.7854330708661418 0.45156081808396126
0 0.8572834645669292 0.45156081808396126 0.7903543307086615 0.45156081808396126 0.7898622047244095 0.37244348762109797 0.8572834645669292 0.37190527448869753 0.8577755905511811 0.4510226049515608 0.8572834645669292 0.45156081808396126
0 0.8326771653543307 0.6302475780409041 0.7677165354330708 0.6302475780409041 0.7672244094488189 0.6221743810548978 0.7116141732283464 0.6216361679224973 0.7111220472440944 0.48116254036598494 0.8572834645669292 0.4806243272335845 0.8577755905511811 0.4736275565123789 0.8587598425196851 0.4736275565123789 0.859251968503937 0.47524219590958017 0.8622047244094488 0.4773950484391819 0.8646653543307087 0.4790096878363832 0.8636811023622047 0.48116254036598494 0.8636811023622047 0.5134553283100107 0.8336614173228346 0.5139935414424112 0.8331692913385826 0.6297093649085038 0.8326771653543307 0.6302475780409041
0 0.8228346456692913 0.7475780409041981 0.656496062992126 0.7475780409041981 0.656003937007874 0.5920344456404736 0.6496062992125984 0.5914962325080731 0.6491141732283464 0.628632938643703 0.5206692913385826 0.6291711517761034 0.5201771653543307 0.589881593110872 0.4498031496062992 0.5893433799784715 0.4493110236220472 0.48116254036598494 0.7037401574803149 0.4806243272335845 0.7042322834645669 0.6501614639397201 0.8228346456692913 0.6506996770721205 0.8233267716535433 0.7470398277717977 0.8228346456692913 0.7475780409041981
0 0.9025590551181102 0.5139935414424112 0.8710629921259843 0.5139935414424112 0.8705708661417323 0.48546824542518835 0.8740157480314961 0.4881593110871905 0.8769685039370079 0.49031216361679225 0.8784448818897638 0.4908503767491927 0.8789370078740157 0.492465016146394 0.8818897637795275 0.4946178686759957 0.8843503937007874 0.49623250807319697 0.8848425196850394 0.49784714747039827 0.8877952755905512 0.5 0.8927165354330708 0.5043057050592035 0.8986220472440944 0.5096878363832078 0.9030511811023622 0.5134553283100107 0.9025590551181102 0.5139935414424112
0 0.9271653543307087 0.623789020452099 0.843503937007874 0.623789020452099 0.843011811023622 0.5231431646932185 0.9133858267716536 0.5226049515608181 0.9143700787401575 0.523681377825619 0.9192913385826772 0.5279870828848224 0.9242125984251969 0.5322927879440258 0.9276574803149606 0.534983853606028 0.9276574803149606 0.6232508073196986 0.9271653543307087 0.623789020452099
0 0.90748031496063 0.7475780409041981 0.8287401574803149 0.7475780409041981 0.828248031496063 0.6835306781485468 0.8454724409448819 0.6829924650161464 0.8459645669291339 0.6512378902045209 0.90748031496063 0.6506996770721205 0.9079724409448819 0.7470398277717977 0.90748031496063 0.7475780409041981
0 0.7559055118110236 0.957481162540366 0.5393700787401575 0.957481162540366 0.5388779527559056 0.7685683530678149 0.6604330708661418 0.7680301399354145 0.6609251968503937 0.7524219590958019 0.7116141732283464 0.7518837459634015 0.7121062992125984 0.7664155005382132 0.7559055118110236 0.7669537136706136 0.7563976377952756 0.9569429494079655 0.7559055118110236 0.957481162540366
0 0.9281496062992126 0.957481162540366 0.764763779527559 0.957481162540366 0.7642716535433071 0.7524219590958019 0.9281496062992126 0.7518837459634015 0.9286417322834646 0.9569429494079655 0.9281496062992126 0.957481162540366