0 0.8952618453865336 0.1886094674556213 0.7581047381546134 0.1886094674556213 0.756857855361596 0.10650887573964497 0.8952618453865336 0.10576923076923077 0.8965087281795511 0.1878698224852071 0.8952618453865336 0.1886094674556213
0 0.486284289276808 0.5835798816568047 0.39650872817955113 0.5835798816568047 0.39526184538653364 0.5576923076923077 0.38902743142144636 0.5569526627218935 0.3877805486284289 0.5828402366863905 0.29925187032418954 0.5835798816568047 0.29800498753117205 0.5562130177514792 0.29177057356608477 0.5554733727810651 0.29052369077306733 0.5828402366863905 0.1371571072319202 0.5835798816568047 0.13591022443890274 0.3816568047337278 0.486284289276808 0.3809171597633136 0.48753117206982544 0.5828402366863905 0.486284289276808 0.5835798816568047
0 0.7406483790523691 0.5791420118343196 0.49625935162094764 0.5791420118343196 0.49501246882793015 0.4363905325443787 0.7406483790523691 0.4356508875739645 0.7418952618453866 0.5784023668639053 0.7406483790523691 0.5791420118343196
0 0.8778054862842892 0.5066568047337278 0.7506234413965087 0.5066568047337278 0.7493765586034913 0.4393491124260355 0.8778054862842892 0.4386094674556213 0.8790523690773068 0.5059171597633136 0.8778054862842892 0.5066568047337278
0 0.8877805486284289 0.6161242603550295 0.7506234413965087 0.6161242603550295 0.7493765586034913 0.5133136094674556 0.8877805486284289 0.5125739644970414 0.8890274314214464 0.6153846153846154 0.8877805486284289 0.6161242603550295
0 0.2967581047381546 0.610207100591716 0.29177057356608477 0.610207100591716 0.29052369077306733 0.5562130177514792 0.2967581047381546 0.5554733727810651 0.29800498753117205 0.6094674556213018 0.2967581047381546 0.610207100591716
0 0.3865336658354115 0.6871301775147929 0.1371571072319202 0.6871301775147929 0.13591022443890274 0.584319526627219 0.2892768079800499 0.5835798816568047 0.29052369077306733 0.6094674556213018 0.2967581047381546 0.610207100591716 0.29800498753117205 0.584319526627219 0.3865336658354115 0.5835798816568047 0.3877805486284289 0.6863905325443787 0.3865336658354115 0.6871301775147929
0 0.486284289276808 0.7344674556213018 0.39650872817955113 0.7344674556213018 0.39526184538653364 0.584319526627219 0.7406483790523691 0.5835798816568047 0.7418952618453866 0.6686390532544378 0.48877805486284287 0.6693786982248521 0.48753117206982544 0.7337278106508875 0.486284289276808 0.7344674556213018
0 0.8877805486284289 0.6693786982248521 0.7506234413965087 0.6693786982248521 0.7493765586034913 0.621301775147929 0.8877805486284289 0.6205621301775148 0.8890274314214464 0.6686390532544378 0.8877805486284289 0.6693786982248521
0 0.6608478802992519 0.8409763313609467 0.49625935162094764 0.8409763313609467 0.49501246882793015 0.6745562130177515 0.6608478802992519 0.6738165680473372 0.6620947630922693 0.8402366863905325 0.6608478802992519 0.8409763313609467
0 0.8877805486284289 0.8409763313609467 0.6708229426433915 0.8409763313609467 0.669576059850374 0.6745562130177515 0.8877805486284289 0.6738165680473372 0.8890274314214464 0.8402366863905325 0.8877805486284289 0.8409763313609467
0 0.3865336658354115 0.7877218934911243 0.1371571072319202 0.7877218934911243 0.13591022443890274 0.6923076923076923 0.3865336658354115 0.6915680473372781 0.3877805486284289 0.7869822485207101 0.3865336658354115 0.7877218934911243
0 0.486284289276808 0.7877218934911243 0.39650872817955113 0.7877218934911243 0.39526184538653364 0.7396449704142012 0.486284289276808 0.738905325443787 0.48753117206982544 0.7869822485207101 0.486284289276808 0.7877218934911243