0 0.8018575851393189 0.524364406779661 0.544891640866873 0.524364406779661 0.5433436532507739 0.2860169491525424 0.6006191950464397 0.2849576271186441 0.6021671826625387 0.13347457627118645 0.8018575851393189 0.13241525423728814 0.8034055727554179 0.5233050847457628 0.8018575851393189 0.524364406779661
0 0.24148606811145512 0.4502118644067797 0.12074303405572756 0.4502118644067797 0.11919504643962849 0.2860169491525424 0.24148606811145512 0.2849576271186441 0.24303405572755418 0.4491525423728814 0.24148606811145512 0.4502118644067797
0 0.541795665634675 0.524364406779661 0.4241486068111455 0.524364406779661 0.42260061919504643 0.5 0.25386996904024767 0.4989406779661017 0.25232198142414863 0.2860169491525424 0.541795665634675 0.2849576271186441 0.5433436532507739 0.5233050847457628 0.541795665634675 0.524364406779661
0 0.17647058823529413 0.621822033898305 0.12074303405572756 0.621822033898305 0.11919504643962849 0.4576271186440678 0.24148606811145512 0.4565677966101695 0.24303405572755418 0.5042372881355932 0.3065015479876161 0.5052966101694916 0.3080495356037152 0.5423728813559322 0.22910216718266255 0.5434322033898306 0.22445820433436534 0.5466101694915254 0.22291021671826625 0.5497881355932204 0.21517027863777088 0.5529661016949152 0.21052631578947367 0.5582627118644068 0.20278637770897834 0.5614406779661016 0.20123839009287925 0.5646186440677966 0.19349845201238391 0.5677966101694916 0.19195046439628483 0.5709745762711864 0.18421052631578946 0.5741525423728814 0.1826625386996904 0.5773305084745762 0.1780185758513932 0.5783898305084746 0.1780185758513932 0.6207627118644068 0.17647058823529413 0.621822033898305
0 0.4117647058823529 0.5858050847457628 0.3188854489164087 0.5858050847457628 0.3173374613003096 0.5063559322033898 0.4117647058823529 0.5052966101694916 0.413312693498452 0.5847457627118644 0.4117647058823529 0.5858050847457628
0 0.544891640866873 0.7828389830508474 0.4241486068111455 0.7828389830508474 0.42260061919504643 0.5254237288135594 0.544891640866873 0.524364406779661 0.5464396284829721 0.7817796610169492 0.544891640866873 0.7828389830508474
0 0.8018575851393189 0.6536016949152542 0.5541795665634675 0.6536016949152542 0.5526315789473685 0.5317796610169492 0.8018575851393189 0.5307203389830508 0.8034055727554179 0.652542372881356 0.8018575851393189 0.6536016949152542
0 0.3065015479876161 0.621822033898305 0.18885448916408668 0.621822033898305 0.1873065015479876 0.5805084745762712 0.19659442724458204 0.576271186440678 0.19814241486068113 0.573093220338983 0.20588235294117646 0.5699152542372882 0.20743034055727555 0.5667372881355932 0.21517027863777088 0.5635593220338984 0.21981424148606812 0.5582627118644068 0.22755417956656346 0.5550847457627118 0.22910216718266255 0.551906779661017 0.23529411764705882 0.5497881355932204 0.3065015479876161 0.5497881355932204 0.3080495356037152 0.6207627118644068 0.3065015479876161 0.621822033898305
0 0.4117647058823529 0.6514830508474576 0.3560371517027864 0.6514830508474576 0.3173374613003096 0.625 0.3173374613003096 0.5932203389830508 0.4117647058823529 0.5921610169491526 0.413312693498452 0.6504237288135594 0.4117647058823529 0.6514830508474576
0 0.4117647058823529 0.7828389830508474 0.12074303405572756 0.7828389830508474 0.11919504643962849 0.6271186440677966 0.3065015479876161 0.6260593220338984 0.35294117647058826 0.6578389830508474 0.4117647058823529 0.6578389830508474 0.413312693498452 0.7817796610169492 0.4117647058823529 0.7828389830508474
0 0.8018575851393189 0.7828389830508474 0.5541795665634675 0.7828389830508474 0.5526315789473685 0.6588983050847458 0.8018575851393189 0.6578389830508474 0.8034055727554179 0.7817796610169492 0.8018575851393189 0.7828389830508474
0 0.28173374613003094 0.888771186440678 0.12074303405572756 0.888771186440678 0.11919504643962849 0.798728813559322 0.28173374613003094 0.7976694915254238 0.28328173374613 0.8877118644067796 0.28173374613003094 0.888771186440678