0 0.5006369426751592 0.5188857412653447 0.467515923566879 0.5188857412653447 0.46687898089171975 0.5146364494806421 0.3961783439490446 0.5141643059490085 0.3955414012738854 0.42965061378659114 0.14904458598726114 0.42917847025495753 0.1484076433121019 0.1501416430594901 0.7337579617834394 0.14966949952785646 0.7343949044585987 0.3031161473087819 0.5019108280254777 0.3035882908404155 0.5012738853503185 0.5184135977337111 0.5006369426751592 0.5188857412653447
0 0.8840764331210191 0.2497639282341832 0.7439490445859872 0.2497639282341832 0.743312101910828 0.1501416430594901 0.8840764331210191 0.14966949952785646 0.8847133757961784 0.24929178470254956 0.8840764331210191 0.2497639282341832
0 0.8840764331210191 0.516052880075543 0.7439490445859872 0.516052880075543 0.743312101910828 0.25684608120868746 0.8840764331210191 0.2563739376770538 0.8847133757961784 0.5155807365439093 0.8840764331210191 0.516052880075543
0 0.6050955414012739 0.5188857412653447 0.5019108280254777 0.5188857412653447 0.5012738853503185 0.3040604343720491 0.7337579617834394 0.3035882908404155 0.7343949044585987 0.5155807365439093 0.6063694267515923 0.516052880075543 0.6057324840764331 0.5184135977337111 0.6050955414012739 0.5188857412653447
0 0.2713375796178344 0.5141643059490085 0.14904458598726114 0.5141643059490085 0.1484076433121019 0.43626062322946174 0.2713375796178344 0.43578847969782813 0.2719745222929936 0.5136921624173749 0.2713375796178344 0.5141643059490085
0 0.38598726114649684 0.5141643059490085 0.28152866242038216 0.5141643059490085 0.2808917197452229 0.43626062322946174 0.38598726114649684 0.43578847969782813 0.3866242038216561 0.5136921624173749 0.38598726114649684 0.5141643059490085
0 0.6050955414012739 0.6746931067044382 0.467515923566879 0.6746931067044382 0.46687898089171975 0.5193578847969783 0.6050955414012739 0.5188857412653447 0.6057324840764331 0.6742209631728046 0.6050955414012739 0.6746931067044382
0 0.4573248407643312 0.7549575070821529 0.14904458598726114 0.7549575070821529 0.1484076433121019 0.5212464589235127 0.4573248407643312 0.5207743153918791 0.45796178343949046 0.7544853635505193 0.4573248407643312 0.7549575070821529
0 0.8840764331210191 0.7549575070821529 0.6152866242038216 0.7549575070821529 0.6146496815286624 0.5231350330500472 0.8840764331210191 0.5226628895184136 0.8847133757961784 0.7544853635505193 0.8840764331210191 0.7549575070821529
0 0.6050955414012739 0.7549575070821529 0.467515923566879 0.7549575070821529 0.46687898089171975 0.6817752596789424 0.6050955414012739 0.6813031161473088 0.6057324840764331 0.7544853635505193 0.6050955414012739 0.7549575070821529
0 0.8840764331210191 0.9353163361661945 0.7477707006369426 0.9353163361661945 0.7471337579617834 0.7695939565627951 0.8840764331210191 0.7691218130311614 0.8847133757961784 0.9348441926345609 0.8840764331210191 0.9353163361661945