0 0.18092691622103388 0.4132047477744807 0.025846702317290554 0.4132047477744807 0.02540106951871658 0.11869436201780416 0.18092691622103388 0.11795252225519288 0.18137254901960784 0.4124629080118694 0.18092691622103388 0.4132047477744807
0 0.410873440285205 0.4132047477744807 0.18716577540106952 0.4132047477744807 0.18672014260249553 0.11869436201780416 0.410873440285205 0.11795252225519288 0.41131907308377896 0.4124629080118694 0.410873440285205 0.4132047477744807
0 0.9278074866310161 0.31973293768545996 0.7557932263814616 0.31973293768545996 0.7553475935828877 0.23738872403560832 0.5311942959001783 0.23664688427299704 0.5307486631016043 0.1201780415430267 0.9278074866310161 0.11943620178041543 0.92825311942959 0.3189910979228487 0.9278074866310161 0.31973293768545996
0 0.7085561497326203 0.577893175074184 0.5383244206773619 0.577893175074184 0.5378787878787878 0.24925816023738873 0.7477718360071302 0.24851632047477745 0.7482174688057041 0.3991097922848665 0.6827094474153298 0.39985163204747776 0.6822638146167558 0.4688427299703264 0.7085561497326203 0.46958456973293766 0.7090017825311943 0.5771513353115727 0.7085561497326203 0.577893175074184
0 0.9224598930481284 0.5927299703264095 0.8877005347593583 0.5927299703264095 0.8872549019607843 0.4406528189910979 0.7557932263814616 0.43991097922848665 0.7553475935828877 0.3323442136498516 0.9224598930481284 0.33160237388724034 0.9229055258467023 0.5919881305637982 0.9224598930481284 0.5927299703264095
0 0.7442067736185384 0.5600890207715133 0.7156862745098039 0.5600890207715133 0.7152406417112299 0.4094955489614243 0.7477718360071302 0.40875370919881304 0.7482174688057041 0.4495548961424332 0.8333333333333334 0.4502967359050445 0.8337789661319073 0.5489614243323442 0.7450980392156863 0.5497032640949555 0.7446524064171123 0.5593471810089021 0.7442067736185384 0.5600890207715133
0 0.25935828877005346 0.6832344213649851 0.025846702317290554 0.6832344213649851 0.02540106951871658 0.4258160237388724 0.1657754010695187 0.4250741839762611 0.1662210338680927 0.4421364985163205 0.20588235294117646 0.44287833827893175 0.20632798573975045 0.5207715133531158 0.25935828877005346 0.521513353115727 0.25980392156862747 0.6824925816023739 0.25935828877005346 0.6832344213649851
0 0.2825311942959002 0.5170623145400594 0.22370766488413546 0.5170623145400594 0.2232620320855615 0.4258160237388724 0.2825311942959002 0.4250741839762611 0.28297682709447414 0.516320474777448 0.2825311942959002 0.5170623145400594
0 0.3680926916221034 0.6832344213649851 0.2647058823529412 0.6832344213649851 0.2642602495543672 0.5222551928783383 0.28609625668449196 0.521513353115727 0.28654188948306597 0.4258160237388724 0.3680926916221034 0.4250741839762611 0.36853832442067735 0.6824925816023739 0.3680926916221034 0.6832344213649851
0 0.410873440285205 0.6832344213649851 0.3716577540106952 0.6832344213649851 0.3712121212121212 0.4258160237388724 0.410873440285205 0.4250741839762611 0.41131907308377896 0.6824925816023739 0.410873440285205 0.6832344213649851
0 0.9278074866310161 0.706973293768546 0.5311942959001783 0.706973293768546 0.5307486631016043 0.5905044510385756 0.714795008912656 0.5897626112759644 0.7152406417112299 0.5727002967359051 0.7620320855614974 0.5719584569732937 0.7624777183600713 0.5608308605341247 0.839572192513369 0.5600890207715133 0.8400178253119429 0.45103857566765576 0.8796791443850267 0.4502967359050445 0.8801247771836007 0.6023738872403561 0.9278074866310161 0.6031157270029673 0.92825311942959 0.7062314540059347 0.9278074866310161 0.706973293768546
0 0.3502673796791444 0.7989614243323442 0.24420677361853832 0.7989614243323442 0.24376114081996436 0.7047477744807121 0.3502673796791444 0.7040059347181009 0.35071301247771836 0.798219584569733 0.3502673796791444 0.7989614243323442
0 0.8221925133689839 0.9985163204747775 0.8221925133689839 0.8234421364985163 0.8868092691622104 0.8227002967359051 0.8872549019607843 0.9985163204747775
0 0.4362745098039216 0.9985163204747775 0.4362745098039216 0.8323442136498517 0.5819964349376114 0.8316023738872403 0.5824420677361853 0.9985163204747775
0 0.5940285204991087 0.9985163204747775 0.5940285204991087 0.8323442136498517 0.8012477718360071 0.8316023738872403 0.801693404634581 0.9985163204747775