0 0.36154478225143794 0.46678321678321677 0.19063270336894 0.46678321678321677 0.19022185702547248 0.3613053613053613 0.18940016433853737 0.36013986013986016 0.18940016433853737 0.12703962703962704 0.36154478225143794 0.12645687645687645 0.3619556285949055 0.4662004662004662 0.36154478225143794 0.46678321678321677
0 0.8923582580115037 0.6905594405594405 0.847986852917009 0.6905594405594405 0.8475760065735415 0.45454545454545453 0.6770747740345111 0.45396270396270394 0.6766639276910436 0.3752913752913753 0.5653245686113394 0.3747086247086247 0.5649137222678718 0.1282051282051282 0.7559572719802794 0.12762237762237763 0.756368118323747 0.37995337995337997 0.8923582580115037 0.38053613053613056 0.8927691043549713 0.6899766899766899 0.8923582580115037 0.6905594405594405
0 0.8923582580115037 0.3735431235431235 0.7880032867707477 0.3735431235431235 0.7875924404272802 0.3356643356643357 0.761709120788825 0.3350815850815851 0.7612982744453575 0.1282051282051282 0.8923582580115037 0.12762237762237763 0.8927691043549713 0.372960372960373 0.8923582580115037 0.3735431235431235
0 0.4815119145439606 0.21153846153846154 0.3705834018077239 0.21153846153846154 0.37017255546425637 0.13053613053613053 0.4815119145439606 0.12995337995337997 0.4819227608874281 0.21095571095571095 0.4815119145439606 0.21153846153846154
0 0.4815119145439606 0.3152680652680653 0.37140509449465897 0.3152680652680653 0.3709942481511915 0.21794871794871795 0.4815119145439606 0.21736596736596736 0.4819227608874281 0.3146853146853147 0.4815119145439606 0.3152680652680653
0 0.485620377978636 0.46794871794871795 0.456861133935908 0.46794871794871795 0.45645028759244044 0.46386946386946387 0.37140509449465897 0.4632867132867133 0.3709942481511915 0.32284382284382285 0.485620377978636 0.32226107226107226 0.48603122432210355 0.46736596736596736 0.485620377978636 0.46794871794871795
0 0.6721446179129006 0.460955710955711 0.5653245686113394 0.460955710955711 0.5649137222678718 0.37995337995337997 0.6721446179129006 0.3793706293706294 0.6725554642563681 0.4603729603729604 0.6721446179129006 0.460955710955711
0 0.7198027937551356 0.6905594405594405 0.5653245686113394 0.6905594405594405 0.5649137222678718 0.4662004662004662 0.676253081347576 0.46561771561771564 0.6766639276910436 0.4592074592074592 0.7198027937551356 0.4586247086247086 0.7202136400986031 0.6899766899766899 0.7198027937551356 0.6905594405594405
0 0.8438783894823336 0.6905594405594405 0.7255546425636812 0.6905594405594405 0.7251437962202136 0.4592074592074592 0.8438783894823336 0.4586247086247086 0.8442892358258012 0.6899766899766899 0.8438783894823336 0.6905594405594405
0 0.3073130649137223 0.6928904428904429 0.19063270336894 0.6928904428904429 0.19022185702547248 0.46736596736596736 0.3114215283483977 0.46678321678321677 0.31183237469186526 0.6048951048951049 0.2818405916187346 0.6054778554778555 0.28142974527526704 0.6107226107226107 0.3073130649137223 0.6113053613053613 0.3077239112571898 0.6923076923076923 0.3073130649137223 0.6928904428904429
0 0.44042728019720623 0.6928904428904429 0.3122432210353328 0.6928904428904429 0.31183237469186526 0.46736596736596736 0.36154478225143794 0.46678321678321677 0.36236647493837304 0.46794871794871795 0.3705834018077239 0.46794871794871795 0.3709942481511915 0.5652680652680653 0.44042728019720623 0.5658508158508159 0.4408381265406738 0.6923076923076923 0.44042728019720623 0.6928904428904429
0 0.44042728019720623 0.5611888111888111 0.37469186524239934 0.5611888111888111 0.3742810188989318 0.46853146853146854 0.44042728019720623 0.46794871794871795 0.4408381265406738 0.5606060606060606 0.44042728019720623 0.5611888111888111
0 0.485620377978636 0.6928904428904429 0.44617912900575185 0.6928904428904429 0.4457682826622843 0.46853146853146854 0.485620377978636 0.46794871794871795 0.48603122432210355 0.6923076923076923 0.485620377978636 0.6928904428904429
0 0.4938373048479869 0.8152680652680653 0.40427280197206245 0.8152680652680653 0.4038619556285949 0.7167832167832168 0.4938373048479869 0.7162004662004662 0.4942481511914544 0.8146853146853147 0.4938373048479869 0.8152680652680653