0 0.28368794326241137 0.10311572700296735 0.1536643026004728 0.10311572700296735 0.1524822695035461 0.040059347181008904 0.28368794326241137 0.039317507418397624 0.2848699763593381 0.10237388724035608 0.28368794326241137 0.10311572700296735
0 0.408983451536643 0.10311572700296735 0.29314420803782504 0.10311572700296735 0.2919621749408983 0.040059347181008904 0.408983451536643 0.039317507418397624 0.4101654846335697 0.10237388724035608 0.408983451536643 0.10311572700296735
0 0.31678486997635935 0.3167655786350148 0.17257683215130024 0.3167655786350148 0.17139479905437352 0.1083086053412463 0.408983451536643 0.10756676557863501 0.4101654846335697 0.23590504451038577 0.4078014184397163 0.23738872403560832 0.4066193853427896 0.23961424332344214 0.40070921985815605 0.24183976261127596 0.39952718676122934 0.24406528189910978 0.3959810874704492 0.24480712166172106 0.39243498817966904 0.24851632047477745 0.3404255319148936 0.27967359050445106 0.31796690307328607 0.2922848664688427 0.31796690307328607 0.31602373887240354 0.31678486997635935 0.3167655786350148
0 0.9030732860520094 0.3375370919881306 0.6973995271867612 0.3375370919881306 0.6962174940898345 0.18991097922848665 0.9030732860520094 0.18916913946587538 0.9042553191489362 0.3367952522255193 0.9030732860520094 0.3375370919881306
0 0.6879432624113475 0.46364985163204747 0.5862884160756501 0.46364985163204747 0.5839243498817966 0.4621661721068249 0.3191489361702128 0.4621661721068249 0.31678486997635935 0.46364985163204747 0.17257683215130024 0.46364985163204747 0.17139479905437352 0.3219584569732938 0.32387706855791965 0.3212166172106825 0.32505910165484636 0.2952522255192878 0.3664302600472813 0.2692878338278932 0.3747044917257683 0.2655786350148368 0.375886524822695 0.263353115727003 0.408983451536643 0.24406528189910978 0.6879432624113475 0.24406528189910978 0.6891252955082743 0.4629080118694362 0.6879432624113475 0.46364985163204747
0 0.9030732860520094 0.5363501483679525 0.6973995271867612 0.5363501483679525 0.6962174940898345 0.33827893175074186 0.9030732860520094 0.3375370919881306 0.9042553191489362 0.5356083086053413 0.9030732860520094 0.5363501483679525
0 0.48699763593380613 0.6045994065281899 0.17257683215130024 0.6045994065281899 0.17139479905437352 0.46439169139465875 0.31678486997635935 0.46364985163204747 0.3191489361702128 0.46661721068249257 0.48699763593380613 0.46661721068249257 0.48817966903073284 0.6038575667655787 0.48699763593380613 0.6045994065281899
0 0.6879432624113475 0.7188427299703264 0.5437352245862884 0.7188427299703264 0.5425531914893617 0.658753709198813 0.49527186761229314 0.629080118694362 0.49527186761229314 0.543026706231454 0.5531914893617021 0.5422848664688428 0.599290780141844 0.5133531157270029 0.599290780141844 0.47032640949554894 0.5898345153664303 0.46439169139465875 0.6879432624113475 0.46364985163204747 0.6891252955082743 0.5400593471810089 0.735224586288416 0.5408011869436202 0.7364066193853428 0.6468842729970327 0.6903073286052009 0.6476261127596439 0.6891252955082743 0.7181008902077152 0.6879432624113475 0.7188427299703264
0 0.5508274231678487 0.537833827893175 0.49645390070921985 0.537833827893175 0.49527186761229314 0.46735905044510384 0.5815602836879432 0.46661721068249257 0.5921985815602837 0.4732937685459941 0.5921985815602837 0.5118694362017804 0.5508274231678487 0.537833827893175
0 0.9030732860520094 0.6476261127596439 0.7446808510638298 0.6476261127596439 0.7434988179669031 0.5415430267062314 0.9030732860520094 0.5408011869436202 0.9042553191489362 0.6468842729970327 0.9030732860520094 0.6476261127596439
0 0.3120567375886525 0.7188427299703264 0.17257683215130024 0.7188427299703264 0.17139479905437352 0.6617210682492581 0.2293144208037825 0.6609792284866469 0.23049645390070922 0.6528189910979229 0.17257683215130024 0.6520771513353115 0.17139479905437352 0.6097922848664689 0.3120567375886525 0.6090504451038575 0.3132387706855792 0.7181008902077152 0.3120567375886525 0.7188427299703264
0 0.5342789598108747 0.7900593471810089 0.3191489361702128 0.7900593471810089 0.31796690307328607 0.6097922848664689 0.48699763593380613 0.6090504451038575 0.48817966903073284 0.6305637982195845 0.4905437352245863 0.6320474777448071 0.4940898345153664 0.6357566765578635 0.49763593380614657 0.6364985163204748 0.5130023640661938 0.6476261127596439 0.516548463356974 0.6483679525222552 0.5319148936170213 0.6594955489614244 0.5354609929078015 0.6602373887240356 0.5354609929078015 0.7893175074183977 0.5342789598108747 0.7900593471810089
0 0.9030732860520094 0.8286350148367952 0.6973995271867612 0.8286350148367952 0.6962174940898345 0.6528189910979229 0.9030732860520094 0.6520771513353115 0.9042553191489362 0.827893175074184 0.9030732860520094 0.8286350148367952
0 0.3120567375886525 0.7900593471810089 0.18439716312056736 0.7900593471810089 0.18321513002364065 0.7240356083086054 0.3120567375886525 0.723293768545994 0.3132387706855792 0.7893175074183977 0.3120567375886525 0.7900593471810089
0 0.6879432624113475 0.7900593471810089 0.5437352245862884 0.7900593471810089 0.5425531914893617 0.7240356083086054 0.6879432624113475 0.723293768545994 0.6891252955082743 0.7893175074183977 0.6879432624113475 0.7900593471810089
0 0.2576832151300236 0.836053412462908 0.18439716312056736 0.836053412462908 0.18321513002364065 0.8011869436201781 0.2576832151300236 0.8004451038575667 0.25886524822695034 0.8353115727002968 0.2576832151300236 0.836053412462908
0 0.2576832151300236 0.9755192878338279 0.0591016548463357 0.9755192878338279 0.057919621749408984 0.841246290801187 0.2576832151300236 0.8405044510385756 0.25886524822695034 0.9747774480712166 0.2576832151300236 0.9755192878338279