0 0.923469387755102 0.3375831485587583 0.5841836734693877 0.3375831485587583 0.5829081632653061 0.3093126385809313 0.125 0.30875831485587585 0.12372448979591837 0.15521064301552107 0.923469387755102 0.15465631929046564 0.9247448979591837 0.3370288248337029 0.923469387755102 0.3375831485587583
0 0.3826530612244898 0.4284922394678492 0.11989795918367346 0.4284922394678492 0.11862244897959184 0.3082039911308204 0.12244897959183673 0.307649667405765 0.125 0.30875831485587585 0.5816326530612245 0.30875831485587585 0.5829081632653061 0.33813747228381374 0.5854591836734694 0.3392461197339246 0.5854591836734694 0.3425720620842572 0.5880102040816326 0.3436807095343681 0.5880102040816326 0.39800443458980045 0.5841836734693877 0.3985587583148559 0.5816326530612245 0.397450110864745 0.45408163265306123 0.397450110864745 0.45153061224489793 0.3985587583148559 0.3852040816326531 0.3985587583148559 0.38392857142857145 0.4279379157427938 0.3826530612244898 0.4284922394678492
0 0.923469387755102 0.421840354767184 0.5969387755102041 0.421840354767184 0.5956632653061225 0.3436807095343681 0.923469387755102 0.34312638580931265 0.9247448979591837 0.4212860310421286 0.923469387755102 0.421840354767184
0 0.5816326530612245 0.6302660753880266 0.45408163265306123 0.6302660753880266 0.4528061224489796 0.5753880266075388 0.461734693877551 0.5748337028824834 0.4630102040816326 0.5698447893569845 0.45408163265306123 0.5692904656319291 0.4528061224489796 0.47339246119733924 0.39285714285714285 0.4728381374722838 0.39158163265306123 0.4035476718403548 0.45153061224489793 0.40299334811529935 0.4528061224489796 0.39800443458980045 0.5816326530612245 0.397450110864745 0.5829081632653061 0.5687361419068736 0.5586734693877551 0.5692904656319291 0.5573979591836735 0.5742793791574279 0.5816326530612245 0.5748337028824834 0.5829081632653061 0.6297117516629712 0.5816326530612245 0.6302660753880266
0 0.7295918367346939 0.49611973392461195 0.5969387755102041 0.49611973392461195 0.5956632653061225 0.4268292682926829 0.7295918367346939 0.4262749445676275 0.7308673469387755 0.4955654101995565 0.7295918367346939 0.49611973392461195
0 0.923469387755102 0.4950110864745011 0.7474489795918368 0.4950110864745011 0.7461734693877551 0.4279379157427938 0.923469387755102 0.42738359201773835 0.9247448979591837 0.49445676274944567 0.923469387755102 0.4950110864745011
0 0.37755102040816324 0.4728381374722838 0.125 0.4728381374722838 0.12372448979591837 0.43237250554323725 0.37755102040816324 0.4318181818181818 0.3788265306122449 0.4722838137472284 0.37755102040816324 0.4728381374722838
0 0.4387755102040816 0.6302660753880266 0.125 0.6302660753880266 0.12372448979591837 0.4778270509977827 0.4387755102040816 0.4772727272727273 0.44005102040816324 0.6297117516629712 0.4387755102040816 0.6302660753880266
0 0.923469387755102 0.6302660753880266 0.5969387755102041 0.6302660753880266 0.5956632653061225 0.5011086474501109 0.923469387755102 0.5005543237250555 0.9247448979591837 0.6297117516629712 0.923469387755102 0.6302660753880266
0 0.7244897959183674 0.7245011086474501 0.5867346938775511 0.7245011086474501 0.5854591836734694 0.647450110864745 0.7244897959183674 0.6468957871396895 0.7257653061224489 0.7239467849223947 0.7244897959183674 0.7245011086474501
0 0.7295918367346939 0.9861419068736141 0.3979591836734694 0.9861419068736141 0.39668367346938777 0.729490022172949 0.7295918367346939 0.7289356984478935 0.7308673469387755 0.9855875831485588 0.7295918367346939 0.9861419068736141