0 0.2435483870967742 0.3012170385395537 0.14677419354838708 0.3012170385395537 0.14596774193548387 0.1947261663286004 0.2403225806451613 0.19371196754563894 0.2411290322580645 0.2616632860040568 0.24435483870967742 0.26369168356997974 0.24435483870967742 0.3002028397565923 0.2435483870967742 0.3012170385395537
0 0.4274193548387097 0.43711967545638947 0.24838709677419354 0.43711967545638947 0.24758064516129033 0.1947261663286004 0.4274193548387097 0.19371196754563894 0.4282258064516129 0.43610547667342797 0.4274193548387097 0.43711967545638947
0 0.5032258064516129 0.31135902636916835 0.4338709677419355 0.31135902636916835 0.43306451612903224 0.1947261663286004 0.5032258064516129 0.19371196754563894 0.5040322580645161 0.3103448275862069 0.5032258064516129 0.31135902636916835
0 0.714516129032258 0.44726166328600403 0.5080645161290323 0.44726166328600403 0.507258064516129 0.44421906693711966 0.5145161290322581 0.4432048681541582 0.5153225806451613 0.3711967545638945 0.5096774193548387 0.37018255578093306 0.5088709677419355 0.1947261663286004 0.714516129032258 0.19371196754563894 0.7153225806451613 0.4462474645030426 0.714516129032258 0.44726166328600403
0 0.9096774193548387 0.47565922920892495 0.7209677419354839 0.47565922920892495 0.7201612903225807 0.1947261663286004 0.9096774193548387 0.19371196754563894 0.910483870967742 0.4746450304259635 0.9096774193548387 0.47565922920892495
0 0.2435483870967742 0.43711967545638947 0.14677419354838708 0.43711967545638947 0.14596774193548387 0.30831643002028397 0.2435483870967742 0.30730223123732253 0.24435483870967742 0.43610547667342797 0.2435483870967742 0.43711967545638947
0 0.5032258064516129 0.43711967545638947 0.4338709677419355 0.43711967545638947 0.43306451612903224 0.3225152129817444 0.5032258064516129 0.32150101419878296 0.5040322580645161 0.43610547667342797 0.5032258064516129 0.43711967545638947
0 0.34516129032258064 0.5750507099391481 0.14677419354838708 0.5750507099391481 0.14596774193548387 0.44421906693711966 0.34516129032258064 0.4432048681541582 0.34596774193548385 0.5740365111561866 0.34516129032258064 0.5750507099391481
0 0.5048387096774194 0.6602434077079108 0.35 0.6602434077079108 0.34919354838709676 0.44421906693711966 0.5064516129032258 0.4432048681541582 0.507258064516129 0.5294117647058824 0.5056451612903226 0.5314401622718052 0.5056451612903226 0.6592292089249493 0.5048387096774194 0.6602434077079108
0 0.714516129032258 0.7616632860040567 0.5096774193548387 0.7616632860040567 0.5088709677419355 0.5314401622718052 0.507258064516129 0.5294117647058824 0.507258064516129 0.4482758620689655 0.714516129032258 0.44726166328600403 0.7153225806451613 0.7606490872210954 0.714516129032258 0.7616632860040567
0 0.34516129032258064 0.7616632860040567 0.14677419354838708 0.7616632860040567 0.14596774193548387 0.5821501014198783 0.34516129032258064 0.5811359026369168 0.34596774193548385 0.7606490872210954 0.34516129032258064 0.7616632860040567
0 0.5048387096774194 0.7616632860040567 0.35 0.7616632860040567 0.34919354838709676 0.665314401622718 0.5048387096774194 0.6643002028397565 0.5056451612903226 0.7606490872210954 0.5048387096774194 0.7616632860040567
0 0.375 0.9979716024340771 0.375 0.7870182555780934 0.6274193548387097 0.7860040567951319 0.6282258064516129 0.8782961460446247 0.4645161290322581 0.8793103448275862 0.4637096774193548 0.9979716024340771