0 0.33515625 0.2798611111111111 0.1921875 0.2798611111111111 0.191796875 0.059722222222222225 0.33515625 0.059027777777777776 0.335546875 0.2791666666666667 0.33515625 0.2798611111111111
0 0.45 0.2798611111111111 0.3359375 0.2798611111111111 0.335546875 0.059722222222222225 0.45 0.059027777777777776 0.450390625 0.2791666666666667 0.45 0.2798611111111111
0 0.58203125 0.2798611111111111 0.45078125 0.2798611111111111 0.450390625 0.059722222222222225 0.58203125 0.059027777777777776 0.582421875 0.2791666666666667 0.58203125 0.2798611111111111
0 0.64453125 0.3159722222222222 0.5875 0.3159722222222222 0.587109375 0.059722222222222225 0.64453125 0.059027777777777776 0.644921875 0.31527777777777777 0.64453125 0.3159722222222222
0 0.81171875 0.2520833333333333 0.65 0.2520833333333333 0.649609375 0.059722222222222225 0.81171875 0.059027777777777776 0.812109375 0.2513888888888889 0.81171875 0.2520833333333333
0 0.684375 0.7173611111111111 0.51484375 0.7173611111111111 0.514453125 0.6152777777777778 0.4859375 0.6145833333333334 0.485546875 0.5111111111111111 0.62421875 0.5104166666666666 0.624609375 0.6236111111111111 0.64921875 0.6243055555555556 0.649609375 0.2625 0.65078125 0.2604166666666667 0.6890625 0.2604166666666667 0.689453125 0.4736111111111111 0.68515625 0.47430555555555554 0.684765625 0.7166666666666667 0.684375 0.7173611111111111
0 0.81171875 0.6145833333333334 0.68984375 0.6145833333333334 0.689453125 0.2611111111111111 0.81171875 0.2604166666666667 0.812109375 0.6138888888888889 0.81171875 0.6145833333333334
0 0.4796875 0.6145833333333334 0.2578125 0.6145833333333334 0.257421875 0.28888888888888886 0.334375 0.2881944444444444 0.334765625 0.28055555555555556 0.39921875 0.2798611111111111 0.399609375 0.2875 0.478125 0.2881944444444444 0.478515625 0.31666666666666665 0.49609375 0.3173611111111111 0.496484375 0.3458333333333333 0.47890625 0.34652777777777777 0.478515625 0.43194444444444446 0.4953125 0.4326388888888889 0.495703125 0.5 0.47578125 0.5006944444444444 0.475390625 0.5097222222222222 0.4796875 0.5104166666666666 0.480078125 0.6138888888888889 0.4796875 0.6145833333333334
0 0.56171875 0.5006944444444444 0.5015625 0.5006944444444444 0.501171875 0.28888888888888886 0.56171875 0.2881944444444444 0.562109375 0.35555555555555557 0.58203125 0.35625 0.582421875 0.46944444444444444 0.5625 0.4701388888888889 0.562109375 0.5 0.56171875 0.5006944444444444
0 0.64453125 0.43680555555555556 0.5875 0.43680555555555556 0.587109375 0.325 0.64453125 0.32430555555555557 0.644921875 0.4361111111111111 0.64453125 0.43680555555555556
0 0.64453125 0.5006944444444444 0.5875 0.5006944444444444 0.587109375 0.44583333333333336 0.64453125 0.44513888888888886 0.644921875 0.5 0.64453125 0.5006944444444444
0 0.64921875 0.6145833333333334 0.63046875 0.6145833333333334 0.630078125 0.5111111111111111 0.64921875 0.5104166666666666 0.649609375 0.6138888888888889 0.64921875 0.6145833333333334
0 0.81171875 0.8548611111111111 0.69375 0.8548611111111111 0.693359375 0.7180555555555556 0.68984375 0.7173611111111111 0.689453125 0.625 0.81171875 0.6243055555555556 0.812109375 0.8541666666666666 0.81171875 0.8548611111111111