0 0.410580793559517 0.412707182320442 0.3041978148361127 0.412707182320442 0.3039102932719954 0.20662983425414364 0.410580793559517 0.20607734806629835 0.41086831512363425 0.4121546961325967 0.410580793559517 0.412707182320442
0 0.9062679700977573 0.41049723756906076 0.6589994249568718 0.41049723756906076 0.6587119033927544 0.24972375690607734 0.7993099482461185 0.24917127071823206 0.7995974698102357 0.20662983425414364 0.9062679700977573 0.20607734806629835 0.9065554916618747 0.40994475138121544 0.9062679700977573 0.41049723756906076
0 0.2995974698102358 0.5276243093922652 0.05060379528464635 0.5276243093922652 0.05031627372052904 0.3469613259668508 0.1633122484186314 0.34640883977900555 0.1635997699827487 0.25082872928176797 0.2995974698102358 0.25027624309392266 0.2998849913743531 0.5270718232044199 0.2995974698102358 0.5276243093922652
0 0.6549741230592294 0.5243093922651934 0.5462909718228867 0.5243093922651934 0.5460034502587694 0.34585635359116024 0.6549741230592294 0.3453038674033149 0.6552616446233468 0.523756906077348 0.6549741230592294 0.5243093922651934
0 0.7699827487061529 0.7883977900552486 0.6589994249568718 0.7883977900552486 0.6587119033927544 0.41104972375690607 0.7699827487061529 0.41049723756906076 0.7702702702702703 0.7878453038674034 0.7699827487061529 0.7883977900552486
0 0.8832662449683726 0.6591160220994475 0.7740080506037953 0.6591160220994475 0.773720529039678 0.4198895027624309 0.8832662449683726 0.4193370165745856 0.88355376653249 0.6585635359116022 0.8832662449683726 0.6591160220994475
0 0.3881541115583669 0.5276243093922652 0.3041978148361127 0.5276243093922652 0.3039102932719954 0.42099447513812155 0.3881541115583669 0.42044198895027624 0.3884416331224842 0.5270718232044199 0.3881541115583669 0.5276243093922652
0 0.27602070155261643 0.7895027624309392 0.1633122484186314 0.7895027624309392 0.16302472685451408 0.5359116022099447 0.1799884991374353 0.5353591160220994 0.1802760207015526 0.5281767955801105 0.2190914318573893 0.5276243093922652 0.21937895342150662 0.6088397790055249 0.27602070155261643 0.6093922651933702 0.27630822311673375 0.7889502762430939 0.27602070155261643 0.7895027624309392
0 0.5991949396204715 0.6049723756906077 0.5462909718228867 0.6049723756906077 0.5460034502587694 0.5303867403314917 0.6037952846463485 0.5298342541436464 0.6040828062104658 0.5955801104972376 0.5997699827487062 0.5961325966850829 0.5994824611845888 0.6044198895027625 0.5991949396204715 0.6049723756906077
0 0.6549741230592294 0.6049723756906077 0.6078205865439908 0.6049723756906077 0.6075330649798735 0.5303867403314917 0.6549741230592294 0.5298342541436464 0.6552616446233468 0.6044198895027625 0.6549741230592294 0.6049723756906077
0 0.15871190339275446 0.7895027624309392 0.05060379528464635 0.7895027624309392 0.05031627372052904 0.5359116022099447 0.15871190339275446 0.5353591160220994 0.15899942495687178 0.7889502762430939 0.15871190339275446 0.7895027624309392
0 0.27602070155261643 0.6027624309392265 0.22254169062679702 0.6027624309392265 0.2222541690626797 0.5359116022099447 0.27602070155261643 0.5353591160220994 0.27630822311673375 0.6022099447513812 0.27602070155261643 0.6027624309392265
0 0.3881541115583669 0.6767955801104972 0.2806210465784934 0.6767955801104972 0.2803335250143761 0.5359116022099447 0.3881541115583669 0.5353591160220994 0.3884416331224842 0.6762430939226519 0.3881541115583669 0.6767955801104972
0 0.6549741230592294 0.7883977900552486 0.5462909718228867 0.7883977900552486 0.5460034502587694 0.6121546961325967 0.6549741230592294 0.6116022099447513 0.6552616446233468 0.7878453038674034 0.6549741230592294 0.7883977900552486
0 0.8297872340425532 0.7883977900552486 0.7740080506037953 0.7883977900552486 0.773720529039678 0.6651933701657459 0.8297872340425532 0.6646408839779006 0.8300747556066705 0.7878453038674034 0.8297872340425532 0.7883977900552486
0 0.8832662449683726 0.7883977900552486 0.8332374928119609 0.7883977900552486 0.8329499712478435 0.6651933701657459 0.8832662449683726 0.6646408839779006 0.88355376653249 0.7878453038674034 0.8832662449683726 0.7883977900552486
0 0.33467510063254746 0.7895027624309392 0.2806210465784934 0.7895027624309392 0.2803335250143761 0.6828729281767956 0.33467510063254746 0.6823204419889503 0.3349626221966647 0.7889502762430939 0.33467510063254746 0.7895027624309392
0 0.3858539390454284 0.7850828729281768 0.3404255319148936 0.7850828729281768 0.3401380103507763 0.687292817679558 0.3858539390454284 0.6867403314917127 0.38614146060954574 0.7845303867403315 0.3858539390454284 0.7850828729281768