0 0.2425339366515837 0.36862885857860733 0.17375565610859728 0.36862885857860733 0.17330316742081447 0.3388370423546303 0.0760180995475113 0.3384781048097631 0.0755656108597285 0.18377602297200288 0.25882352941176473 0.18341708542713567 0.25927601809954753 0.28212491026561376 0.24343891402714932 0.28248384781048097 0.2429864253393665 0.3682699210337401 0.2425339366515837 0.36862885857860733
0 0.7285067873303167 0.5524048815506102 0.681447963800905 0.5524048815506102 0.6809954751131222 0.548456568557071 0.5140271493212669 0.5480976310122039 0.5135746606334841 0.18808327351040918 0.7085972850678733 0.187724335965542 0.7090497737556561 0.2907394113424264 0.865158371040724 0.29109834888729363 0.8656108597285068 0.40847092605886576 0.7330316742081447 0.40882986360373297 0.7325791855203619 0.5211773151471644 0.7294117647058823 0.5215362526920316 0.7289592760180995 0.552045944005743 0.7285067873303167 0.5524048815506102
0 0.42262443438914027 0.44544149318018667 0.248868778280543 0.44544149318018667 0.2484162895927602 0.2871500358937545 0.42262443438914027 0.2867910983488873 0.4230769230769231 0.44508255563531945 0.42262443438914027 0.44544149318018667
0 0.1665158371040724 0.3973438621679828 0.0760180995475113 0.3973438621679828 0.0755656108597285 0.34242641780330224 0.1665158371040724 0.34206748025843503 0.1669683257918552 0.3969849246231156 0.1665158371040724 0.3973438621679828
0 0.12398190045248869 0.5028715003589376 0.0760180995475113 0.5028715003589376 0.0755656108597285 0.46159368269921036 0.17285067873303167 0.46123474515434315 0.17330316742081447 0.37185929648241206 0.2425339366515837 0.37150035893754485 0.2429864253393665 0.5010768126346016 0.1248868778280543 0.5014357501794687 0.12398190045248869 0.5028715003589376
0 0.1665158371040724 0.4583632447954056 0.0760180995475113 0.4583632447954056 0.0755656108597285 0.4012921751615219 0.1665158371040724 0.4009332376166547 0.1669683257918552 0.4580043072505384 0.1665158371040724 0.4583632447954056
0 0.832579185520362 0.5488155061019383 0.7330316742081447 0.5488155061019383 0.7325791855203619 0.4091888011486001 0.865158371040724 0.40882986360373297 0.8656108597285068 0.5226130653266332 0.8334841628959276 0.5229720028715004 0.8330316742081448 0.548456568557071 0.832579185520362 0.5488155061019383
0 0.42262443438914027 0.5294328786791098 0.27782805429864255 0.5294328786791098 0.2737556561085973 0.5262024407753051 0.2701357466063348 0.5226130653266332 0.269683257918552 0.5215362526920316 0.267420814479638 0.5204594400574301 0.2647058823529412 0.5175879396984925 0.2642533936651584 0.5165111270638909 0.26199095022624436 0.5154343144292893 0.25746606334841626 0.511127063890883 0.25610859728506785 0.509332376166547 0.25475113122171944 0.5089734386216799 0.251131221719457 0.5053840631730079 0.24751131221719458 0.501794687724336 0.24751131221719458 0.44938980617372576 0.42262443438914027 0.4490308686288586 0.4230769230769231 0.5290739411342427 0.42262443438914027 0.5294328786791098
0 0.2751131221719457 0.6966977745872218 0.0760180995475113 0.6966977745872218 0.0755656108597285 0.5032304379038047 0.12398190045248869 0.5028715003589376 0.1244343891402715 0.5053840631730079 0.18552036199095023 0.505743000717875 0.18642533936651584 0.5050251256281407 0.24434389140271492 0.5050251256281407 0.2484162895927602 0.5082555635319455 0.2497737556561086 0.5100502512562815 0.251131221719457 0.5104091888011486 0.25656108597285066 0.5154343144292893 0.2579185520361991 0.5172290021536252 0.25927601809954753 0.5175879396984925 0.26380090497737557 0.5218951902368988 0.2683257918552036 0.5262024407753051 0.2687782805429864 0.5272792534099067 0.27104072398190043 0.5283560660445082 0.2755656108597285 0.5326633165829145 0.2755656108597285 0.6963388370423547 0.2751131221719457 0.6966977745872218
0 0.42262443438914027 0.6105527638190955 0.28054298642533937 0.6105527638190955 0.28009049773755657 0.5340990667623834 0.3737556561085973 0.5337401292175161 0.3742081447963801 0.5463029432878679 0.42262443438914027 0.5466618808327351 0.4230769230769231 0.6101938262742282 0.42262443438914027 0.6105527638190955
0 0.6760180995475114 0.7031586503948313 0.5140271493212669 0.7031586503948313 0.5135746606334841 0.5527638190954773 0.6760180995475114 0.5524048815506102 0.6764705882352942 0.7027997128499641 0.6760180995475114 0.7031586503948313
0 0.865158371040724 0.6292175161521896 0.681447963800905 0.6292175161521896 0.6809954751131222 0.5527638190954773 0.865158371040724 0.5524048815506102 0.8656108597285068 0.6288585786073223 0.865158371040724 0.6292175161521896
0 0.4171945701357466 0.6916726489590811 0.285972850678733 0.6916726489590811 0.2855203619909502 0.618808327351041 0.4171945701357466 0.6184493898061737 0.4176470588235294 0.6913137114142139 0.4171945701357466 0.6916726489590811
0 0.755656108597285 0.7031586503948313 0.681447963800905 0.7031586503948313 0.6809954751131222 0.6331658291457286 0.755656108597285 0.6328068916008615 0.7561085972850679 0.7027997128499641 0.755656108597285 0.7031586503948313
0 0.8615384615384616 0.7031586503948313 0.7610859728506787 0.7031586503948313 0.7606334841628959 0.6331658291457286 0.8615384615384616 0.6328068916008615 0.8619909502262444 0.7027997128499641 0.8615384615384616 0.7031586503948313
0 0.8615384615384616 0.8941134242641781 0.7764705882352941 0.8941134242641781 0.7760180995475113 0.7896625987078248 0.8615384615384616 0.7893036611629577 0.8619909502262444 0.8937544867193108 0.8615384615384616 0.8941134242641781