0 0.1833616298811545 0.4186197916666667 0.08149405772495756 0.4186197916666667 0.08106960950764007 0.23697916666666666 0.1833616298811545 0.236328125 0.183786078098472 0.41796875 0.1833616298811545 0.4186197916666667
0 0.3599320882852292 0.4186197916666667 0.2894736842105263 0.4186197916666667 0.28862478777589134 0.4173177083333333 0.23684210526315788 0.4173177083333333 0.23599320882852293 0.4186197916666667 0.18421052631578946 0.4186197916666667 0.183786078098472 0.23697916666666666 0.3599320882852292 0.236328125 0.3603565365025467 0.41796875 0.3599320882852292 0.4186197916666667
0 0.46519524617996605 0.4186197916666667 0.36502546689303905 0.4186197916666667 0.3646010186757216 0.23697916666666666 0.46519524617996605 0.236328125 0.4656196943972835 0.41796875 0.46519524617996605 0.4186197916666667
0 0.634125636672326 0.5709635416666666 0.5101867572156197 0.5709635416666666 0.5097623089983022 0.2877604166666667 0.634125636672326 0.287109375 0.6345500848896435 0.5703125 0.634125636672326 0.5709635416666666
0 0.7487266553480475 0.5709635416666666 0.7173174872665535 0.5709635416666666 0.716893039049236 0.4309895833333333 0.6392190152801358 0.4303385416666667 0.6387945670628183 0.2877604166666667 0.7487266553480475 0.287109375 0.7491511035653651 0.5703125 0.7487266553480475 0.5709635416666666
0 0.8947368421052632 0.5709635416666666 0.7538200339558574 0.5709635416666666 0.7533955857385399 0.2877604166666667 0.8947368421052632 0.287109375 0.8951612903225806 0.5703125 0.8947368421052632 0.5709635416666666
0 0.3200339558573854 0.607421875 0.23089983022071306 0.607421875 0.2304753820033956 0.42578125 0.23599320882852293 0.4251302083333333 0.23641765704584042 0.41796875 0.28862478777589134 0.4173177083333333 0.2890492359932088 0.4244791666666667 0.3200339558573854 0.4251302083333333 0.3204584040747029 0.6067708333333334 0.3200339558573854 0.607421875
0 0.13752122241086587 0.5110677083333334 0.08149405772495756 0.5110677083333334 0.08106960950764007 0.42578125 0.14770797962648557 0.4251302083333333 0.14813242784380307 0.49609375 0.1434634974533107 0.5032552083333334 0.13752122241086587 0.5110677083333334
0 0.22580645161290322 0.607421875 0.14261460101867574 0.607421875 0.14219015280135824 0.515625 0.14388794567062818 0.5130208333333334 0.14431239388794567 0.5110677083333334 0.1532258064516129 0.4986979166666667 0.1532258064516129 0.42578125 0.22580645161290322 0.4251302083333333 0.2262308998302207 0.6067708333333334 0.22580645161290322 0.607421875
0 0.46519524617996605 0.607421875 0.32512733446519526 0.607421875 0.32470288624787774 0.42578125 0.46519524617996605 0.4251302083333333 0.4656196943972835 0.6067708333333334 0.46519524617996605 0.607421875
0 0.7130730050933786 0.537109375 0.6392190152801358 0.537109375 0.6387945670628183 0.4361979166666667 0.7130730050933786 0.435546875 0.7134974533106961 0.5364583333333334 0.7130730050933786 0.537109375
0 0.1366723259762309 0.607421875 0.08149405772495756 0.607421875 0.08106960950764007 0.5182291666666666 0.1400679117147708 0.517578125 0.14176570458404075 0.5149739583333334 0.14219015280135824 0.5625 0.13752122241086587 0.5631510416666666 0.13709677419354838 0.6067708333333334 0.1366723259762309 0.607421875
0 0.7130730050933786 0.5709635416666666 0.6392190152801358 0.5709635416666666 0.6387945670628183 0.54296875 0.7130730050933786 0.5423177083333334 0.7134974533106961 0.5703125 0.7130730050933786 0.5709635416666666