0 0.5730533683289589 0.4291736930860034 0.44706911636045493 0.4291736930860034 0.44663167104111984 0.15008431703204048 0.7935258092738408 0.14924114671163574 0.7939632545931758 0.3220910623946037 0.6832895888013998 0.32293423271500843 0.6828521434820647 0.28330522765598654 0.678915135608049 0.2824620573355818 0.678477690288714 0.40809443507588533 0.573928258967629 0.40893760539629004 0.573490813648294 0.42833052276559863 0.5730533683289589 0.4291736930860034
0 0.17672790901137359 0.4274873524451939 0.051618547681539804 0.4274873524451939 0.051181102362204724 0.2917369308600337 0.050306211723534555 0.2900505902192243 0.050306211723534555 0.15345699831365936 0.1347331583552056 0.15261382799325462 0.13517060367454067 0.19392917369308602 0.17672790901137359 0.19477234401349072 0.17716535433070865 0.4266441821247892 0.17672790901137359 0.4274873524451939
0 0.17672790901137359 0.18634064080944351 0.14085739282589677 0.18634064080944351 0.14041994750656167 0.15345699831365936 0.17672790901137359 0.15261382799325462 0.17716535433070865 0.18549747048903878 0.17672790901137359 0.18634064080944351
0 0.23709536307961504 0.2774030354131535 0.1837270341207349 0.2774030354131535 0.18328958880139984 0.15345699831365936 0.23709536307961504 0.15261382799325462 0.23753280839895013 0.2765598650927487 0.23709536307961504 0.2774030354131535
0 0.28171478565179353 0.31956155143338955 0.2432195975503062 0.31956155143338955 0.24278215223097113 0.15345699831365936 0.28258967629046366 0.15261382799325462 0.28302712160979876 0.2782462057335582 0.2821522309711286 0.2799325463743676 0.2821522309711286 0.31871838111298484 0.28171478565179353 0.31956155143338955
0 0.321084864391951 0.19139966273187184 0.2869641294838145 0.19139966273187184 0.28652668416447946 0.15345699831365936 0.321084864391951 0.15261382799325462 0.3215223097112861 0.1905564924114671 0.321084864391951 0.19139966273187184
0 0.39720034995625547 0.5286677908937606 0.2869641294838145 0.5286677908937606 0.28652668416447946 0.1973018549747049 0.321084864391951 0.19645868465430016 0.3215223097112861 0.30016863406408095 0.342082239720035 0.30101180438448566 0.3425196850393701 0.2951096121416526 0.3237095363079615 0.2942664418212479 0.3232720909886264 0.15345699831365936 0.39720034995625547 0.15261382799325462 0.39763779527559057 0.5278246205733558 0.39720034995625547 0.5286677908937606
0 0.22572178477690288 0.45615514333895446 0.19860017497812774 0.45615514333895446 0.19816272965879264 0.4114671163575042 0.1837270341207349 0.4106239460370995 0.18328958880139984 0.2900505902192243 0.23709536307961504 0.28920741989881954 0.23753280839895013 0.327150084317032 0.23665791776027997 0.3288364249578415 0.23490813648293962 0.33389544688026984 0.23403324584426946 0.3372681281618887 0.23140857392825898 0.3440134907251265 0.23053368328958881 0.3473861720067454 0.22965879265091863 0.35075885328836426 0.22703412073490814 0.357504215851602 0.22615923009623798 0.3608768971332209 0.22615923009623798 0.45531197301854975 0.22572178477690288 0.45615514333895446
0 0.7935258092738408 0.5050590219224284 0.6832895888013998 0.5050590219224284 0.6828521434820647 0.32377740303541314 0.7935258092738408 0.32293423271500843 0.7939632545931758 0.5042158516020236 0.7935258092738408 0.5050590219224284
0 0.2799650043744532 0.45615514333895446 0.23097112860892388 0.45615514333895446 0.23053368328958881 0.36593591905564926 0.23140857392825898 0.3642495784148398 0.2331583552055993 0.3591905564924115 0.23403324584426946 0.35581787521079256 0.23490813648293962 0.3524451939291737 0.23753280839895013 0.3456998313659359 0.2384076990376203 0.342327150084317 0.24015748031496062 0.3372681281618887 0.24234470691163604 0.33136593591905567 0.2799650043744532 0.33136593591905567 0.2804024496937883 0.45531197301854975 0.2799650043744532 0.45615514333895446
0 0.6780402449693789 0.8086003372681282 0.6220472440944882 0.8086003372681282 0.6216097987751531 0.7133220910623946 0.5975503062117236 0.7124789207419899 0.5971128608923885 0.5767284991568297 0.621172353455818 0.575885328836425 0.6216097987751531 0.5682967959527825 0.5958005249343832 0.5674536256323778 0.5953630796150481 0.40978077571669475 0.6780402449693789 0.40893760539629004 0.678477690288714 0.8077571669477235 0.6780402449693789 0.8086003372681282
0 0.11811023622047244 0.5472175379426644 0.051618547681539804 0.5472175379426644 0.051181102362204724 0.43844856661045534 0.06824146981627296 0.4376053962900506 0.06867891513560805 0.42833052276559863 0.11811023622047244 0.4274873524451939 0.11854768153980752 0.5463743676222597 0.11811023622047244 0.5472175379426644
0 0.17672790901137359 0.5472175379426644 0.1189851268591426 0.5472175379426644 0.11854768153980752 0.42833052276559863 0.17672790901137359 0.4274873524451939 0.17716535433070865 0.5463743676222597 0.17672790901137359 0.5472175379426644
0 0.5240594925634295 0.6096121416526138 0.44706911636045493 0.6096121416526138 0.44663167104111984 0.4300168634064081 0.5240594925634295 0.4291736930860034 0.5244969378827646 0.6087689713322091 0.5240594925634295 0.6096121416526138
0 0.5905511811023622 0.5674536256323778 0.5293088363954506 0.5674536256323778 0.5288713910761155 0.43676222596964587 0.5730533683289589 0.43591905564924116 0.573490813648294 0.4654300168634064 0.5905511811023622 0.4662731871838111 0.5909886264216972 0.5666104553119731 0.5905511811023622 0.5674536256323778
0 0.2799650043744532 0.5910623946037099 0.1837270341207349 0.5910623946037099 0.18328958880139984 0.47048903878583476 0.2799650043744532 0.46964586846543 0.2804024496937883 0.5902192242833052 0.2799650043744532 0.5910623946037099
0 0.7935258092738408 0.7225969645868465 0.6832895888013998 0.7225969645868465 0.6828521434820647 0.5126475548060708 0.7935258092738408 0.5118043844856661 0.7939632545931758 0.7217537942664418 0.7935258092738408 0.7225969645868465
0 0.39720034995625547 0.6703204047217538 0.2869641294838145 0.6703204047217538 0.28652668416447946 0.5295109612141653 0.39720034995625547 0.5286677908937606 0.39763779527559057 0.6694772344013491 0.39720034995625547 0.6703204047217538
0 0.2799650043744532 0.6703204047217538 0.051618547681539804 0.6703204047217538 0.051181102362204724 0.5598650927487352 0.17672790901137359 0.5590219224283305 0.17716535433070865 0.6020236087689713 0.2799650043744532 0.602866779089376 0.2804024496937883 0.6694772344013491 0.2799650043744532 0.6703204047217538
0 0.5923009623797025 0.7124789207419899 0.5293088363954506 0.7124789207419899 0.5288713910761155 0.5784148397976391 0.5923009623797025 0.5775716694772344 0.5927384076990376 0.7116357504215851 0.5923009623797025 0.7124789207419899
0 0.5240594925634295 0.8844856661045531 0.44706911636045493 0.8844856661045531 0.44663167104111984 0.6188870151770658 0.5240594925634295 0.6180438448566611 0.5244969378827646 0.8836424957841484 0.5240594925634295 0.8844856661045531
0 0.21872265966754156 0.8844856661045531 0.05074365704286964 0.8844856661045531 0.050306211723534555 0.684654300168634 0.21872265966754156 0.6838111298482293 0.21916010498687663 0.8836424957841484 0.21872265966754156 0.8844856661045531
0 0.28258967629046366 0.8844856661045531 0.22484689413823272 0.8844856661045531 0.22440944881889763 0.684654300168634 0.28258967629046366 0.6838111298482293 0.28302712160979876 0.8836424957841484 0.28258967629046366 0.8844856661045531
0 0.39720034995625547 0.8844856661045531 0.2878390201224847 0.8844856661045531 0.2874015748031496 0.684654300168634 0.39720034995625547 0.6838111298482293 0.39763779527559057 0.8836424957841484 0.39720034995625547 0.8844856661045531
0 0.6167979002624672 0.8844856661045531 0.57917760279965 0.8844856661045531 0.5787401574803149 0.8145025295109612 0.5756780402449694 0.8136593591905565 0.5752405949256343 0.8836424957841484 0.5293088363954506 0.8844856661045531 0.5288713910761155 0.7217537942664418 0.5748031496062992 0.7209106239460371 0.5752405949256343 0.7639123102866779 0.5783027121609798 0.7647554806070826 0.5787401574803149 0.7217537942664418 0.6167979002624672 0.7209106239460371 0.6172353455818023 0.8836424957841484 0.6167979002624672 0.8844856661045531
0 0.7935258092738408 0.8844856661045531 0.6832895888013998 0.8844856661045531 0.6828521434820647 0.7318718381112985 0.7935258092738408 0.7310286677908938 0.7939632545931758 0.8836424957841484 0.7935258092738408 0.8844856661045531
0 0.6780402449693789 0.8844856661045531 0.6220472440944882 0.8844856661045531 0.6216097987751531 0.8161888701517707 0.6780402449693789 0.815345699831366 0.678477690288714 0.8836424957841484 0.6780402449693789 0.8844856661045531