0 0.3651452282157676 0.1232741617357002 0.06016597510373444 0.1232741617357002 0.05912863070539419 0.021696252465483234 0.34854771784232363 0.020710059171597635 0.3495850622406639 0.027613412228796843 0.3651452282157676 0.028599605522682446 0.36618257261410786 0.1222879684418146 0.3651452282157676 0.1232741617357002
0 0.4730290456431535 0.3796844181459566 0.3775933609958506 0.3796844181459566 0.3755186721991701 0.3777120315581854 0.3008298755186722 0.3777120315581854 0.29979253112033194 0.22287968441814596 0.37136929460580914 0.22189349112426035 0.3724066390041494 0.029585798816568046 0.5518672199170125 0.028599605522682446 0.5529045643153527 0.13609467455621302 0.6597510373443983 0.13708086785009863 0.6607883817427386 0.1873767258382643 0.5560165975103735 0.1883629191321499 0.5549792531120332 0.1952662721893491 0.533195020746888 0.19625246548323472 0.5321576763485477 0.24260355029585798 0.5643153526970954 0.24358974358974358 0.5653526970954357 0.20315581854043394 0.6597510373443983 0.20216962524654833 0.6607883817427386 0.2702169625246548 0.5995850622406639 0.27120315581854043 0.5985477178423236 0.3747534516765286 0.47925311203319504 0.3757396449704142 0.47717842323651455 0.3777120315581854 0.4730290456431535 0.3796844181459566
0 0.6597510373443983 0.131163708086785 0.5601659751037344 0.131163708086785 0.5591286307053942 0.029585798816568046 0.6597510373443983 0.028599605522682446 0.6607883817427386 0.1301775147928994 0.6597510373443983 0.131163708086785
0 0.9128630705394191 0.1883629191321499 0.6680497925311203 0.1883629191321499 0.66701244813278 0.029585798816568046 0.9128630705394191 0.028599605522682446 0.9139004149377593 0.1873767258382643 0.9128630705394191 0.1883629191321499
0 0.23236514522821577 0.2613412228796844 0.06016597510373444 0.2613412228796844 0.05912863070539419 0.13214990138067062 0.3651452282157676 0.131163708086785 0.36618257261410786 0.21499013806706113 0.34439834024896265 0.21597633136094674 0.3433609958506224 0.1755424063116371 0.34024896265560167 0.17455621301775148 0.3392116182572614 0.21499013806706113 0.2966804979253112 0.21597633136094674 0.2946058091286307 0.21794871794871795 0.2842323651452282 0.22583826429980275 0.27593360995850624 0.23175542406311636 0.2697095435684647 0.2357001972386588 0.26141078838174275 0.2416173570019724 0.25311203319502074 0.24753451676528598 0.24688796680497926 0.2514792899408284 0.23858921161825727 0.257396449704142 0.23236514522821577 0.2613412228796844
0 0.9128630705394191 0.3757396449704142 0.6680497925311203 0.3757396449704142 0.66701244813278 0.20315581854043394 0.9128630705394191 0.20216962524654833 0.9139004149377593 0.3747534516765286 0.9128630705394191 0.3757396449704142
0 0.12863070539419086 0.3875739644970414 0.06016597510373444 0.3875739644970414 0.05912863070539419 0.2702169625246548 0.23236514522821577 0.2692307692307692 0.23443983402489627 0.267258382642998 0.24273858921161826 0.2613412228796844 0.25103734439834025 0.25542406311637084 0.25933609958506226 0.2495069033530572 0.2676348547717842 0.24358974358974358 0.27385892116182575 0.23964497041420119 0.2800829875518672 0.2357001972386588 0.29045643153526973 0.22781065088757396 0.29356846473029047 0.22879684418145957 0.29356846473029047 0.3431952662721893 0.13070539419087138 0.34418145956607493 0.12966804979253113 0.3865877712031558 0.12863070539419086 0.3875739644970414
0 0.6597510373443983 0.3757396449704142 0.6078838174273858 0.3757396449704142 0.6068464730290456 0.28007889546351084 0.6597510373443983 0.27909270216962523 0.6607883817427386 0.3747534516765286 0.6597510373443983 0.3757396449704142
0 0.2925311203319502 0.3875739644970414 0.13692946058091288 0.3875739644970414 0.1358921161825726 0.34911242603550297 0.2925311203319502 0.34812623274161736 0.29356846473029047 0.3865877712031558 0.2925311203319502 0.3875739644970414
0 0.34854771784232363 0.7169625246548323 0.07261410788381743 0.7169625246548323 0.07157676348547717 0.4339250493096647 0.24688796680497926 0.4329388560157791 0.2479253112033195 0.5088757396449705 0.33402489626556015 0.5098619329388561 0.3350622406639004 0.5818540433925049 0.34854771784232363 0.5828402366863905 0.3495850622406639 0.7159763313609467 0.34854771784232363 0.7169625246548323
0 0.34854771784232363 0.5019723865877712 0.2572614107883817 0.5019723865877712 0.25622406639004147 0.4339250493096647 0.34854771784232363 0.4329388560157791 0.3495850622406639 0.5009861932938856 0.34854771784232363 0.5019723865877712
0 0.558091286307054 0.6341222879684418 0.36099585062240663 0.6341222879684418 0.3599585062240664 0.4339250493096647 0.558091286307054 0.4329388560157791 0.5591286307053942 0.6331360946745562 0.558091286307054 0.6341222879684418
0 0.9273858921161826 0.7130177514792899 0.5705394190871369 0.7130177514792899 0.5695020746887967 0.4339250493096647 0.9273858921161826 0.4329388560157791 0.9284232365145229 0.7120315581854043 0.9273858921161826 0.7130177514792899
0 0.558091286307054 0.8037475345167653 0.36099585062240663 0.8037475345167653 0.3599585062240664 0.6449704142011834 0.558091286307054 0.6439842209072978 0.5591286307053942 0.8027613412228797 0.558091286307054 0.8037475345167653
0 0.7697095435684648 0.8037475345167653 0.58298755186722 0.8037475345167653 0.5819502074688797 0.7218934911242604 0.7697095435684648 0.7209072978303748 0.770746887966805 0.8027613412228797 0.7697095435684648 0.8037475345167653
0 0.9273858921161826 0.8017751479289941 0.7821576763485477 0.8017751479289941 0.7811203319502075 0.7218934911242604 0.9273858921161826 0.7209072978303748 0.9284232365145229 0.8007889546351085 0.9273858921161826 0.8017751479289941
0 0.23651452282157676 0.8037475345167653 0.07261410788381743 0.8037475345167653 0.07157676348547717 0.727810650887574 0.12240663900414937 0.7268244575936884 0.12344398340248963 0.7554240631163708 0.12863070539419086 0.7564102564102564 0.12966804979253113 0.727810650887574 0.23651452282157676 0.7268244575936884 0.237551867219917 0.8027613412228797 0.23651452282157676 0.8037475345167653
0 0.34854771784232363 0.8037475345167653 0.24896265560165975 0.8037475345167653 0.2479253112033195 0.727810650887574 0.34854771784232363 0.7268244575936884 0.3495850622406639 0.8027613412228797 0.34854771784232363 0.8037475345167653
0 0.24688796680497926 0.9201183431952663 0.16804979253112035 0.9201183431952663 0.16701244813278007 0.8126232741617357 0.24688796680497926 0.8116370808678501 0.2479253112033195 0.9191321499013807 0.24688796680497926 0.9201183431952663
0 0.3132780082987552 0.9201183431952663 0.2572614107883817 0.9201183431952663 0.25622406639004147 0.8126232741617357 0.3132780082987552 0.8116370808678501 0.31431535269709543 0.9191321499013807 0.3132780082987552 0.9201183431952663
0 0.4066390041493776 0.9201183431952663 0.3257261410788382 0.9201183431952663 0.32468879668049794 0.8126232741617357 0.4066390041493776 0.8116370808678501 0.40767634854771784 0.9191321499013807 0.4066390041493776 0.9201183431952663