0 0.526438569206843 0.40691489361702127 0.4307931570762053 0.40691489361702127 0.43040435458786935 0.09042553191489362 0.526438569206843 0.08953900709219859 0.5268273716951789 0.40602836879432624 0.526438569206843 0.40691489361702127
0 0.6298600311041991 0.40691489361702127 0.531104199066874 0.40691489361702127 0.5307153965785381 0.09042553191489362 0.6298600311041991 0.08953900709219859 0.630248833592535 0.40602836879432624 0.6298600311041991 0.40691489361702127
0 0.14385692068429237 0.4015957446808511 0.08009331259720062 0.4015957446808511 0.0797045101088647 0.09219858156028368 0.17729393468118196 0.09131205673758866 0.17768273716951788 0.3475177304964539 0.16951788491446346 0.3484042553191489 0.16912908242612754 0.3723404255319149 0.14463452566096424 0.37322695035460995 0.1442457231726283 0.40070921985815605 0.14385692068429237 0.4015957446808511
0 0.35303265940902023 0.4122340425531915 0.2192846034214619 0.4122340425531915 0.21889580093312597 0.4024822695035461 0.20373250388802489 0.4015957446808511 0.20334370139968896 0.3776595744680851 0.1796267496111975 0.37677304964539005 0.1792379471228616 0.34929078014184395 0.17768273716951788 0.3475177304964539 0.17768273716951788 0.09219858156028368 0.35303265940902023 0.09131205673758866 0.3534214618973561 0.41134751773049644 0.35303265940902023 0.4122340425531915
0 0.15396578538102643 0.5328014184397163 0.08009331259720062 0.5328014184397163 0.0797045101088647 0.41312056737588654 0.15396578538102643 0.4122340425531915 0.15435458786936238 0.5319148936170213 0.15396578538102643 0.5328014184397163
0 0.21461897356143078 0.4920212765957447 0.1656298600311042 0.4920212765957447 0.16524105754276827 0.41312056737588654 0.21461897356143078 0.4122340425531915 0.21500777604976673 0.49113475177304966 0.21461897356143078 0.4920212765957447
0 0.2682737169517885 0.7969858156028369 0.2678849144634526 0.7340425531914894 0.2651632970451011 0.7331560283687943 0.26477449455676516 0.7960992907801419 0.2192846034214619 0.7969858156028369 0.21889580093312597 0.41312056737588654 0.2682737169517885 0.4122340425531915 0.2686625194401244 0.5460992907801419 0.2651632970451011 0.5469858156028369 0.26477449455676516 0.6170212765957447 0.2682737169517885 0.6179078014184397 0.2686625194401244 0.7960992907801419 0.2682737169517885 0.7969858156028369
0 0.45334370139968894 0.5523049645390071 0.4307931570762053 0.5523049645390071 0.43040435458786935 0.41312056737588654 0.45334370139968894 0.4122340425531915 0.4537325038880249 0.5514184397163121 0.45334370139968894 0.5523049645390071
0 0.484447900466563 0.5523049645390071 0.4572317262830482 0.5523049645390071 0.4568429237947123 0.41312056737588654 0.4953343701399689 0.4122340425531915 0.49494556765163294 0.5212765957446809 0.48522550544323484 0.5221631205673759 0.4848367029548989 0.5514184397163121 0.484447900466563 0.5523049645390071
0 0.6298600311041991 0.5523049645390071 0.49922239502332816 0.5523049645390071 0.4988335925349922 0.41312056737588654 0.6298600311041991 0.4122340425531915 0.630248833592535 0.5514184397163121 0.6298600311041991 0.5523049645390071
0 0.21461897356143078 0.6569148936170213 0.15863141524105753 0.6569148936170213 0.1582426127527216 0.50177304964539 0.21461897356143078 0.500886524822695 0.21500777604976673 0.6560283687943262 0.21461897356143078 0.6569148936170213
0 0.15396578538102643 0.6569148936170213 0.08009331259720062 0.6569148936170213 0.0797045101088647 0.5407801418439716 0.15396578538102643 0.5398936170212766 0.15435458786936238 0.6560283687943262 0.15396578538102643 0.6569148936170213
0 0.35303265940902023 0.7969858156028369 0.2690513219284603 0.7969858156028369 0.2686625194401244 0.5549645390070922 0.35303265940902023 0.5540780141843972 0.3534214618973561 0.7960992907801419 0.35303265940902023 0.7969858156028369
0 0.526438569206843 0.8023049645390071 0.4307931570762053 0.8023049645390071 0.43040435458786935 0.5620567375886525 0.526438569206843 0.5611702127659575 0.5268273716951789 0.8014184397163121 0.526438569206843 0.8023049645390071
0 0.6298600311041991 0.8023049645390071 0.531104199066874 0.8023049645390071 0.5307153965785381 0.5620567375886525 0.6298600311041991 0.5611702127659575 0.630248833592535 0.8014184397163121 0.6298600311041991 0.8023049645390071
0 0.21461897356143078 0.7969858156028369 0.08009331259720062 0.7969858156028369 0.0797045101088647 0.6684397163120568 0.21461897356143078 0.6675531914893617 0.21500777604976673 0.7960992907801419 0.21461897356143078 0.7969858156028369