0 0.2815884476534296 0.5031565656565656 0.07581227436823104 0.5031565656565656 0.07641395908543923 0.35353535353535354 0.0776173285198556 0.3522727272727273 0.0776173285198556 0.20454545454545456 0.2815884476534296 0.2039141414141414 0.2821901323706378 0.5025252525252525 0.2815884476534296 0.5031565656565656
0 0.4897713598074609 0.5031565656565656 0.2888086642599278 0.5031565656565656 0.2882069795427196 0.20454545454545456 0.4897713598074609 0.2039141414141414 0.49037304452466907 0.5025252525252525 0.4897713598074609 0.5031565656565656
0 0.9602888086642599 0.49558080808080807 0.542719614921781 0.49558080808080807 0.5421179302045728 0.21212121212121213 0.9602888086642599 0.21148989898989898 0.9608904933814681 0.494949494949495 0.9602888086642599 0.49558080808080807
0 0.7545126353790613 0.735479797979798 0.6558363417569194 0.735479797979798 0.6552346570397112 0.6666666666666666 0.542719614921781 0.6660353535353535 0.5421179302045728 0.4962121212121212 0.7545126353790613 0.49558080808080807 0.7551143200962696 0.7348484848484849 0.7545126353790613 0.735479797979798
0 0.9602888086642599 0.7948232323232324 0.7557160048134778 0.7948232323232324 0.7551143200962696 0.4962121212121212 0.9602888086642599 0.49558080808080807 0.9608904933814681 0.7941919191919192 0.9602888086642599 0.7948232323232324
0 0.3561973525872443 0.5928030303030303 0.07581227436823104 0.5928030303030303 0.07521058965102287 0.5113636363636364 0.3561973525872443 0.5107323232323232 0.35679903730445245 0.5921717171717171 0.3561973525872443 0.5928030303030303
0 0.4897713598074609 0.6483585858585859 0.4043321299638989 0.6483585858585859 0.40312876052948254 0.6470959595959596 0.401323706377858 0.6464646464646465 0.39951865222623345 0.6433080808080808 0.39771359807460893 0.6426767676767676 0.39590854392298436 0.639520202020202 0.3941034897713598 0.6388888888888888 0.3832731648616125 0.6262626262626263 0.36401925391095064 0.6047979797979798 0.36401925391095064 0.5113636363636364 0.4897713598074609 0.5107323232323232 0.49037304452466907 0.6477272727272727 0.4897713598074609 0.6483585858585859
0 0.28038507821901326 0.788510101010101 0.07460890493381468 0.788510101010101 0.07521058965102287 0.601010101010101 0.28038507821901326 0.6003787878787878 0.28098676293622143 0.7878787878787878 0.28038507821901326 0.788510101010101
0 0.4897713598074609 0.788510101010101 0.2888086642599278 0.788510101010101 0.2882069795427196 0.601010101010101 0.3561973525872443 0.6003787878787878 0.35679903730445245 0.6098484848484849 0.36040914560770154 0.6123737373737373 0.36101083032490977 0.6142676767676768 0.3676293622141998 0.6199494949494949 0.37845968712394706 0.6325757575757576 0.37906137184115524 0.634469696969697 0.38206979542719616 0.6363636363636364 0.3838748495788207 0.639520202020202 0.3868832731648616 0.6414141414141414 0.38748495788206977 0.6433080808080808 0.38929001203369434 0.6439393939393939 0.39951865222623345 0.6559343434343434 0.4897713598074609 0.6559343434343434 0.49037304452466907 0.7878787878787878 0.4897713598074609 0.788510101010101
0 0.6474127557160048 0.7948232323232324 0.542719614921781 0.7948232323232324 0.5421179302045728 0.672979797979798 0.6474127557160048 0.6723484848484849 0.648014440433213 0.7941919191919192 0.6474127557160048 0.7948232323232324
0 0.7472924187725631 0.7948232323232324 0.6558363417569194 0.7948232323232324 0.6552346570397112 0.7436868686868687 0.7472924187725631 0.7430555555555556 0.7478941034897714 0.7941919191919192 0.7472924187725631 0.7948232323232324