0 0.7339449541284404 0.6027462121212122 0.6055045871559633 0.6027462121212122 0.576605504587156 0.5729166666666666 0.576605504587156 0.3191287878787879 0.43486238532110094 0.31865530303030304 0.4344036697247706 0.22253787878787878 0.4353211009174312 0.2215909090909091 0.4353211009174312 0.06439393939393939 0.5201834862385321 0.06392045454545454 0.5211009174311927 0.06202651515151515 0.5252293577981652 0.058712121212121215 0.5256880733944954 0.057291666666666664 0.5270642201834862 0.056818181818181816 0.5275229357798165 0.05539772727272727 0.5298165137614679 0.05397727272727273 0.5302752293577981 0.052556818181818184 0.531651376146789 0.052083333333333336 0.5321100917431193 0.050662878787878785 0.5339449541284403 0.04971590909090909 0.5353211009174312 0.04924242424242424 0.5403669724770642 0.043087121212121215 0.541743119266055 0.04261363636363636 0.5467889908256881 0.036458333333333336 0.6825688073394496 0.036458333333333336 0.6876146788990826 0.041666666666666664 0.6880733944954128 0.043087121212121215 0.6940366972477064 0.048295454545454544 0.6944954128440367 0.04971590909090909 0.6986238532110092 0.05303030303030303 0.6990825688073394 0.054450757575757576 0.705045871559633 0.05965909090909091 0.7055045871559633 0.061079545454545456 0.7110091743119266 0.06581439393939394 0.7339449541284404 0.06581439393939394 0.7344036697247707 0.6022727272727273 0.7339449541284404 0.6027462121212122
0 0.22935779816513763 0.2779356060606061 0.03302752293577982 0.2779356060606061 0.03256880733944954 0.06439393939393939 0.22935779816513763 0.06392045454545454 0.2298165137614679 0.2774621212121212 0.22935779816513763 0.2779356060606061
0 0.3697247706422018 0.2779356060606061 0.23577981651376148 0.2779356060606061 0.2353211009174312 0.06439393939393939 0.42935779816513764 0.06392045454545454 0.4298165137614679 0.2178030303030303 0.4270642201834862 0.2206439393939394 0.42660550458715596 0.22206439393939395 0.4206422018348624 0.22727272727272727 0.42018348623853213 0.22869318181818182 0.41834862385321103 0.22964015151515152 0.4169724770642202 0.23011363636363635 0.41376146788990825 0.234375 0.4123853211009174 0.23484848484848486 0.41192660550458715 0.2362689393939394 0.4105504587155963 0.23674242424242425 0.4073394495412844 0.24100378787878787 0.39357798165137614 0.25426136363636365 0.3903669724770642 0.2566287878787879 0.38990825688073394 0.25804924242424243 0.3857798165137615 0.26136363636363635 0.3853211009174312 0.2627840909090909 0.3839449541284404 0.26325757575757575 0.3834862385321101 0.2646780303030303 0.381651376146789 0.265625 0.3802752293577982 0.26609848484848486 0.37522935779816513 0.2722537878787879 0.3738532110091743 0.2727272727272727 0.3697247706422018 0.2779356060606061
0 0.9678899082568807 0.2571022727272727 0.7394495412844037 0.2571022727272727 0.7389908256880734 0.06628787878787878 0.9678899082568807 0.06581439393939394 0.968348623853211 0.2566287878787879 0.9678899082568807 0.2571022727272727
0 0.5706422018348624 0.5733901515151515 0.4614678899082569 0.5733901515151515 0.4573394495412844 0.5691287878787878 0.45688073394495415 0.5677083333333334 0.4399082568807339 0.5511363636363636 0.43944954128440367 0.5497159090909091 0.4334862385321101 0.5445075757575758 0.43302752293577984 0.5430871212121212 0.4160550458715596 0.5265151515151515 0.41559633027522935 0.525094696969697 0.4096330275229358 0.5198863636363636 0.4091743119266055 0.5184659090909091 0.39908256880733944 0.5089962121212122 0.3977064220183486 0.5085227272727273 0.3977064220183486 0.42045454545454547 0.43302752293577984 0.4199810606060606 0.4334862385321101 0.22348484848484848 0.4344036697247706 0.22348484848484848 0.4344036697247706 0.3181818181818182 0.5761467889908257 0.31865530303030304 0.576605504587156 0.41950757575757575 0.5715596330275229 0.4199810606060606 0.5711009174311926 0.5729166666666666 0.5706422018348624 0.5733901515151515
0 0.39724770642201834 0.4209280303030303 0.23394495412844038 0.4209280303030303 0.2334862385321101 0.3740530303030303 0.22844036697247708 0.37357954545454547 0.2279816513761468 0.3977272727272727 0.1724770642201835 0.39820075757575757 0.1720183486238532 0.2840909090909091 0.22935779816513763 0.28361742424242425 0.2298165137614679 0.3077651515151515 0.23486238532110093 0.30823863636363635 0.2353211009174312 0.2840909090909091 0.3724770642201835 0.28361742424242425 0.3738532110091743 0.2821969696969697 0.3743119266055046 0.28077651515151514 0.3756880733944954 0.2803030303030303 0.3761467889908257 0.27888257575757575 0.3802752293577982 0.2755681818181818 0.38073394495412843 0.2741477272727273 0.38440366972477064 0.2713068181818182 0.3857798165137615 0.2708333333333333 0.39174311926605504 0.2637310606060606 0.40275229357798165 0.2533143939393939 0.4041284403669725 0.2528409090909091 0.40458715596330275 0.25142045454545453 0.4059633027522936 0.2509469696969697 0.40642201834862385 0.24952651515151514 0.4077981651376147 0.2490530303030303 0.40825688073394495 0.24763257575757575 0.4105504587155963 0.24621212121212122 0.41100917431192663 0.24479166666666666 0.4123853211009174 0.24431818181818182 0.41284403669724773 0.24289772727272727 0.42293577981651376 0.2334280303030303 0.43302752293577984 0.22395833333333334 0.4334862385321101 0.41950757575757575 0.3981651376146789 0.4199810606060606 0.39724770642201834 0.4209280303030303
0 0.9678899082568807 0.40861742424242425 0.8596330275229358 0.40861742424242425 0.8591743119266055 0.26325757575757575 0.9678899082568807 0.2627840909090909 0.968348623853211 0.4081439393939394 0.9678899082568807 0.40861742424242425
0 0.8495412844036697 0.40767045454545453 0.7440366972477064 0.40767045454545453 0.7435779816513761 0.26799242424242425 0.8495412844036697 0.2675189393939394 0.85 0.4071969696969697 0.8495412844036697 0.40767045454545453
0 0.0963302752293578 0.39820075757575757 0.03302752293577982 0.39820075757575757 0.03256880733944954 0.2840909090909091 0.0963302752293578 0.28361742424242425 0.09678899082568808 0.3977272727272727 0.0963302752293578 0.39820075757575757
0 0.1669724770642202 0.39820075757575757 0.10275229357798166 0.39820075757575757 0.10229357798165138 0.2840909090909091 0.1669724770642202 0.28361742424242425 0.16743119266055045 0.3977272727272727 0.1669724770642202 0.39820075757575757
0 0.22752293577981653 0.5743371212121212 0.03302752293577982 0.5743371212121212 0.03256880733944954 0.4043560606060606 0.22752293577981653 0.40388257575757575 0.2279816513761468 0.5738636363636364 0.22752293577981653 0.5743371212121212
0 0.9678899082568807 0.6027462121212122 0.7394495412844037 0.6027462121212122 0.7389908256880734 0.4147727272727273 0.9678899082568807 0.41429924242424243 0.968348623853211 0.6022727272727273 0.9678899082568807 0.6027462121212122
0 0.3055045871559633 0.5080492424242424 0.23394495412844038 0.5080492424242424 0.2334862385321101 0.4270833333333333 0.3055045871559633 0.4266098484848485 0.30596330275229355 0.5075757575757576 0.3055045871559633 0.5080492424242424
0 0.3926605504587156 0.5080492424242424 0.30642201834862387 0.5080492424242424 0.30596330275229355 0.4270833333333333 0.3926605504587156 0.4266098484848485 0.3931192660550459 0.5075757575757576 0.3926605504587156 0.5080492424242424
0 0.9678899082568807 0.9199810606060606 0.7394495412844037 0.9199810606060606 0.7389908256880734 0.6079545454545454 0.9678899082568807 0.6074810606060606 0.968348623853211 0.9195075757575758 0.9678899082568807 0.9199810606060606