0 0.5708762886597938 0.3810641627543036 0.5103092783505154 0.3810641627543036 0.5096649484536082 0.20344287949921752 0.7951030927835051 0.202660406885759 0.7957474226804123 0.3442879499217527 0.5721649484536082 0.34507042253521125 0.571520618556701 0.38028169014084506 0.5708762886597938 0.3810641627543036
0 0.20618556701030927 0.34194053208137715 0.16237113402061856 0.34194053208137715 0.16172680412371135 0.20657276995305165 0.20618556701030927 0.20579029733959311 0.20682989690721648 0.3411580594679186 0.20618556701030927 0.34194053208137715
0 0.3556701030927835 0.34194053208137715 0.211340206185567 0.34194053208137715 0.2106958762886598 0.20657276995305165 0.3556701030927835 0.20579029733959311 0.35631443298969073 0.3411580594679186 0.3556701030927835 0.34194053208137715
0 0.4484536082474227 0.34194053208137715 0.35695876288659795 0.34194053208137715 0.35631443298969073 0.20657276995305165 0.4484536082474227 0.20579029733959311 0.4490979381443299 0.3411580594679186 0.4484536082474227 0.34194053208137715
0 0.6739690721649485 0.4874804381846635 0.5773195876288659 0.4874804381846635 0.5766752577319587 0.3458528951486698 0.654639175257732 0.34507042253521125 0.6552835051546392 0.350547730829421 0.7951030927835051 0.3513302034428795 0.7957474226804123 0.48043818466353677 0.6752577319587629 0.4812206572769953 0.6746134020618557 0.486697965571205 0.6739690721649485 0.4874804381846635
0 0.28350515463917525 0.6126760563380281 0.16237113402061856 0.6126760563380281 0.16172680412371135 0.4835680751173709 0.19201030927835053 0.48278560250391234 0.19265463917525774 0.47730829420970267 0.16237113402061856 0.4765258215962441 0.16172680412371135 0.3474178403755869 0.4484536082474227 0.34663536776212833 0.4490979381443299 0.4757433489827856 0.33118556701030927 0.4765258215962441 0.32989690721649484 0.47965571205007823 0.3279639175257732 0.48043818466353677 0.3247422680412371 0.4859154929577465 0.30670103092783507 0.5062597809076682 0.30476804123711343 0.5070422535211268 0.30412371134020616 0.5093896713615024 0.28737113402061853 0.528169014084507 0.2854381443298969 0.5289514866979655 0.28414948453608246 0.5320813771517997 0.28414948453608246 0.6118935837245696 0.28350515463917525 0.6126760563380281
0 0.5708762886597938 0.4812206572769953 0.5103092783505154 0.4812206572769953 0.5096649484536082 0.38810641627543035 0.5708762886597938 0.3873239436619718 0.571520618556701 0.48043818466353677 0.5708762886597938 0.4812206572769953
0 0.4484536082474227 0.7034428794992176 0.28994845360824745 0.7034428794992176 0.28930412371134023 0.5352112676056338 0.29059278350515466 0.5336463223787168 0.2912371134020619 0.5312989045383412 0.2931701030927835 0.5305164319248826 0.29381443298969073 0.528169014084507 0.2970360824742268 0.5258215962441315 0.297680412371134 0.5234741784037559 0.31056701030927836 0.5093896713615024 0.3125 0.5086071987480438 0.31572164948453607 0.5031298904538342 0.3337628865979381 0.48278560250391234 0.4484536082474227 0.48278560250391234 0.4490979381443299 0.702660406885759 0.4484536082474227 0.7034428794992176
0 0.6739690721649485 0.7128325508607198 0.5103092783505154 0.7128325508607198 0.5096649484536082 0.48826291079812206 0.6739690721649485 0.4874804381846635 0.6746134020618557 0.7120500782472613 0.6739690721649485 0.7128325508607198
0 0.7951030927835051 0.7128325508607198 0.6804123711340206 0.7128325508607198 0.6797680412371134 0.48826291079812206 0.7951030927835051 0.4874804381846635 0.7957474226804123 0.7120500782472613 0.7951030927835051 0.7128325508607198
0 0.28350515463917525 0.7034428794992176 0.16237113402061856 0.7034428794992176 0.16172680412371135 0.6197183098591549 0.28350515463917525 0.6189358372456965 0.28414948453608246 0.702660406885759 0.28350515463917525 0.7034428794992176