0 0.7245949926362297 0.4455535390199637 0.5007363770250368 0.4455535390199637 0.5 0.17422867513611615 0.7245949926362297 0.1733212341197822 0.7253313696612665 0.44464609800362975 0.7245949926362297 0.4455535390199637
0 0.8895434462444771 0.5816696914700544 0.7319587628865979 0.5816696914700544 0.7312223858615611 0.17422867513611615 0.8895434462444771 0.1733212341197822 0.8902798232695139 0.5807622504537205 0.8895434462444771 0.5816696914700544
0 0.27835051546391754 0.5834845735027223 0.21354933726067746 0.5834845735027223 0.21281296023564064 0.3629764065335753 0.054491899852724596 0.3620689655172414 0.05375552282768778 0.17785843920145192 0.4418262150220913 0.17695099818511797 0.4425625920471281 0.5807622504537205 0.27982326951399117 0.5816696914700544 0.27835051546391754 0.5834845735027223
0 0.20765832106038293 0.5834845735027223 0.054491899852724596 0.5834845735027223 0.05375552282768778 0.3629764065335753 0.20765832106038293 0.3620689655172414 0.20839469808541974 0.5825771324863884 0.20765832106038293 0.5834845735027223
0 0.6406480117820325 0.5725952813067151 0.5007363770250368 0.5725952813067151 0.5 0.4537205081669691 0.6406480117820325 0.4528130671506352 0.6413843888070693 0.5716878402903811 0.6406480117820325 0.5725952813067151
0 0.8895434462444771 0.7395644283121597 0.6480117820324006 0.7395644283121597 0.6472754050073638 0.4537205081669691 0.7245949926362297 0.4528130671506352 0.7253313696612665 0.588021778584392 0.8895434462444771 0.588929219600726 0.8902798232695139 0.7386569872958257 0.8895434462444771 0.7395644283121597
0 0.6406480117820325 0.7395644283121597 0.5007363770250368 0.7395644283121597 0.5 0.6279491833030852 0.5110456553755522 0.6270417422867514 0.5117820324005891 0.5807622504537205 0.6406480117820325 0.5798548094373865 0.6413843888070693 0.7386569872958257 0.6406480117820325 0.7395644283121597
0 0.2974963181148748 0.7377495462794919 0.12665684830633284 0.7377495462794919 0.12592047128129602 0.5916515426497277 0.21207658321060383 0.5907441016333939 0.21281296023564064 0.5843920145190563 0.27835051546391754 0.5834845735027223 0.27908689248895435 0.588021778584392 0.4418262150220913 0.588929219600726 0.4425625920471281 0.6588021778584392 0.29896907216494845 0.6597096188747731 0.29823269513991163 0.7368421052631579 0.2974963181148748 0.7377495462794919
0 0.11929307805596466 0.7377495462794919 0.054491899852724596 0.7377495462794919 0.05375552282768778 0.6061705989110708 0.11929307805596466 0.6052631578947368 0.12002945508100148 0.7368421052631579 0.11929307805596466 0.7377495462794919
0 0.4418262150220913 0.7377495462794919 0.30338733431516934 0.7377495462794919 0.3026509572901325 0.6678765880217786 0.38291605301914583 0.6669691470054446 0.38365243004418265 0.6606170598911071 0.4418262150220913 0.6597096188747731 0.4425625920471281 0.7368421052631579 0.4418262150220913 0.7377495462794919
0 0.4418262150220913 0.8593466424682396 0.36229749631811486 0.8593466424682396 0.36156111929307805 0.7459165154264973 0.4418262150220913 0.7450090744101633 0.4425625920471281 0.8584392014519057 0.4418262150220913 0.8593466424682396
0 0.3475699558173785 0.9736842105263158 0.22974963181148747 0.9736842105263158 0.22901325478645065 0.7549909255898367 0.3475699558173785 0.7540834845735027 0.3483063328424153 0.9727767695099818 0.3475699558173785 0.9736842105263158